Sample	Conc(uM)	APD90(ms)	APD50(ms)	CaMax(mM)	CaMin(mM)
0	0.673	332.215	252.99	0.000377532	8.66182e-05
1	0.673	319.425	244.319	0.000385894	8.6783e-05
2	0.673	323.031	247.174	0.000397802	8.70853e-05
3	0.673	315.518	241.7	0.000386729	8.67217e-05
4	0.673	316.945	243.023	0.000393933	8.68486e-05
5	0.673	311.198	238.711	0.000389354	8.67648e-05
6	0.673	307.092	235.769	0.000387377	8.65954e-05
7	0.673	304.164	233.858	0.000388725	8.6555e-05
8	0.673	327.073	249.99	0.000399676	8.69806e-05
9	0.673	308.247	236.752	0.000388311	8.65614e-05
10	0.673	314.596	241.079	0.000392599	8.69098e-05
11	0.673	302.284	232.338	0.000381483	8.64148e-05
12	0.673	324.463	247.898	0.00039085	8.69632e-05
13	0.673	329.476	251.319	0.000392603	8.71095e-05
14	0.673	345.265	262.29	0.000397332	8.73001e-05
15	0.673	315.282	241.1	0.000371453	8.63274e-05
16	0.673	317.41	243.032	0.000390857	8.69195e-05
17	0.673	314.302	240.93	0.000391524	8.68737e-05
18	0.673	322.637	246.446	0.000383882	8.67477e-05
19	0.673	314.508	241.009	0.000391454	8.68861e-05
20	0.673	326.182	249.504	0.000400948	8.7152e-05
21	0.673	319.145	244.333	0.000392453	8.69079e-05
22	0.673	312.943	239.772	0.000386078	8.67205e-05
23	0.673	293.259	225.862	0.000382438	8.63913e-05
24	0.673	333.896	254.605	0.000396357	8.71878e-05
25	0.673	305.709	234.788	0.000386572	8.66414e-05
26	0.673	318.394	243.742	0.000392363	8.69297e-05
27	0.673	325.053	247.974	0.000385421	8.68292e-05
28	0.673	317.403	243.57	0.00040017	8.69229e-05
29	0.673	311.29	238.047	0.000362861	8.59836e-05
30	0.673	310.539	238.289	0.000389829	8.67439e-05
31	0.673	319.631	244.44	0.000386247	8.68155e-05
32	0.673	284.508	219.377	0.000372354	8.60163e-05
33	0.673	315.848	242.059	0.000394174	8.6873e-05
34	0.673	319.843	244.761	0.000391626	8.69406e-05
35	0.673	317.292	242.961	0.000390496	8.68371e-05
36	0.673	321.521	245.769	0.000387076	8.68385e-05
37	0.673	306.023	234.879	0.000384361	8.65922e-05
38	0.673	297.227	228.748	0.000385907	8.65467e-05
39	0.673	321.608	245.836	0.000388838	8.68034e-05
40	0.673	301.588	231.299	0.000366237	8.6008e-05
41	0.673	309.694	237.704	0.000389642	8.67188e-05
42	0.673	300.98	231.071	0.000372998	8.62255e-05
43	0.673	308.638	236.656	0.00037619	8.63225e-05
44	0.673	305.548	234.899	0.000389194	8.65798e-05
45	0.673	325.403	248.89	0.00039936	8.70325e-05
46	0.673	311.038	238.466	0.000387564	8.67899e-05
47	0.673	299.033	229.788	0.000380163	8.64432e-05
48	0.673	325.254	248.618	0.000397841	8.7172e-05
49	0.673	331.677	253.101	0.000399104	8.72152e-05
50	0.673	319.007	244.046	0.000387347	8.68129e-05
51	0.673	316.227	242.153	0.00038874	8.6826e-05
52	0.673	336.817	256.566	0.000396885	8.72284e-05
53	0.673	324.944	248.352	0.000395434	8.71109e-05
54	0.673	299.99	230.619	0.000382932	8.65103e-05
55	0.673	322.765	246.655	0.000387039	8.68593e-05
56	0.673	333.294	255.048	0.000409171	8.71867e-05
57	0.673	290.421	223.375	0.000370861	8.59643e-05
58	0.673	324.743	248.164	0.000392404	8.70149e-05
59	0.673	323.738	247.672	0.000398381	8.70884e-05
60	0.673	290.491	224.127	0.00038579	8.6238e-05
61	0.673	316.43	242.355	0.000390057	8.6826e-05
62	0.673	307.321	235.929	0.000387247	8.66607e-05
63	0.673	300.671	231.092	0.000382053	8.64926e-05
64	0.673	304.938	234.25	0.000388096	8.66892e-05
65	0.673	314.641	240.881	0.000378038	8.64157e-05
66	0.673	297.411	228.923	0.00038596	8.65112e-05
67	0.673	306.703	235.534	0.000388205	8.66968e-05
68	0.673	296.479	228.413	0.000380265	8.61361e-05
69	0.673	320.346	245.015	0.000389853	8.68988e-05
70	0.673	313.102	240.807	0.000400589	8.67398e-05
71	0.673	316.791	242.446	0.000385165	8.67707e-05
72	0.673	314.131	240.981	0.000393426	8.68034e-05
73	0.673	317.003	242.775	0.000394344	8.70071e-05
74	0.673	318.46	243.736	0.000392853	8.69922e-05
75	0.673	292.342	225.255	0.000383372	8.6308e-05
76	0.673	308.736	236.835	0.000384253	8.66187e-05
77	0.673	320.02	244.89	0.000390085	8.68654e-05
78	0.673	328.705	251.066	0.000394286	8.69956e-05
79	0.673	319.746	244.819	0.000394904	8.69854e-05
80	0.673	323.791	247.397	0.000392707	8.70185e-05
81	0.673	307.508	235.987	0.000386	8.66374e-05
82	0.673	327.637	250.39	0.000398492	8.71687e-05
83	0.673	337.742	257.036	0.000393034	8.71854e-05
84	0.673	295.571	227.261	0.00037228	8.61435e-05
85	0.673	313.176	240.177	0.000389032	8.67247e-05
86	0.673	320.176	244.756	0.000388251	8.68688e-05
87	0.673	333.993	254.472	0.000390112	8.70424e-05
88	0.673	330.938	252.88	0.000403227	8.72575e-05
89	0.673	316.982	242.587	0.000389148	8.68432e-05
90	0.673	322.891	246.775	0.000391511	8.68893e-05
91	0.673	337.03	256.871	0.000399445	8.72735e-05
92	0.673	332.685	253.56	0.000389194	8.69528e-05
93	0.673	333.12	254.051	0.00039823	8.72284e-05
94	0.673	307.797	236.175	0.000384757	8.66479e-05
95	0.673	312.917	240.141	0.000394635	8.68635e-05
96	0.673	316.78	242.558	0.00038333	8.66183e-05
97	0.673	326.898	249.769	0.000393945	8.7043e-05
98	0.673	330.424	252.168	0.000391387	8.69627e-05
99	0.673	320.204	244.983	0.000389818	8.68691e-05
100	0.673	325.733	248.543	0.000393922	8.70796e-05
101	0.673	316.031	242.19	0.000394885	8.69553e-05
102	0.673	312.546	239.496	0.000386765	8.67443e-05
103	0.673	308.079	236.163	0.000382954	8.65891e-05
104	0.673	329.677	251.696	0.000394243	8.70521e-05
105	0.673	307.439	236.76	0.00039094	8.63343e-05
106	0.673	321.292	245.758	0.000391561	8.69646e-05
107	0.673	325.392	248.779	0.000387811	8.67444e-05
108	0.673	322.167	246.532	0.000392634	8.69075e-05
109	0.673	300.676	230.81	0.000379123	8.64227e-05
110	0.673	304.977	234.054	0.000385878	8.66651e-05
111	0.673	317.557	242.964	0.000384643	8.67344e-05
112	0.673	322.512	246.498	0.000383863	8.67037e-05
113	0.673	318.935	243.868	0.000380972	8.66482e-05
114	0.673	310.043	237.665	0.000377735	8.64192e-05
115	0.673	335.215	255.531	0.00039862	8.72668e-05
116	0.673	304.7	234.097	0.000389338	8.67378e-05
117	0.673	321.653	246.165	0.000396329	8.70655e-05
118	0.673	311.699	238.884	0.000388311	8.67899e-05
119	0.673	308.342	236.712	0.00038699	8.66408e-05
120	0.673	312.851	239.504	0.000377509	8.64797e-05
121	0.673	307.098	235.907	0.000391472	8.67371e-05
122	0.673	326.45	249.19	0.000388127	8.69146e-05
123	0.673	319.788	244.769	0.000392965	8.69651e-05
124	0.673	322.555	246.788	0.000394491	8.69983e-05
125	0.673	331.871	253.484	0.000403293	8.72741e-05
126	0.673	311.772	238.815	0.000380237	8.65221e-05
127	0.673	341.236	259.557	0.000403435	8.7412e-05
128	0.673	319.585	244.731	0.000397098	8.70541e-05
129	0.673	324.923	248.371	0.000397155	8.71435e-05
130	0.673	332.893	253.703	0.000376707	8.6484e-05
131	0.673	304.951	234.078	0.000382842	8.65877e-05
132	0.673	304.243	233.423	0.000375549	8.63499e-05
133	0.673	317.431	243.069	0.000393084	8.6969e-05
134	0.673	328.675	250.934	0.000391357	8.69812e-05
135	0.673	308.065	236.499	0.000390643	8.67984e-05
136	0.673	302.332	232.233	0.00037695	8.62412e-05
137	0.673	313.743	240.055	0.000378095	8.65028e-05
138	0.673	335.634	255.884	0.000400542	8.73161e-05
139	0.673	319.584	244.431	0.000386992	8.68316e-05
140	0.673	318.931	244.173	0.000394652	8.70341e-05
141	0.673	349.299	265.113	0.000403727	8.75319e-05
142	0.673	318.147	243.358	0.000384337	8.6765e-05
143	0.673	326.547	249.131	0.00038988	8.69989e-05
144	0.673	329.193	251.508	0.00039478	8.69888e-05
145	0.673	309.385	237.197	0.000381394	8.65762e-05
146	0.673	323.147	246.508	0.000371262	8.64159e-05
147	0.673	328.158	250.616	0.000399549	8.72119e-05
148	0.673	338.885	257.507	0.000391316	8.71249e-05
149	0.673	292.646	225.348	0.000381016	8.63696e-05
150	0.673	320.679	244.992	0.000379922	8.66654e-05
151	0.673	313.599	240.746	0.0003971	8.68629e-05
152	0.673	314.58	240.706	0.000385288	8.67413e-05
153	0.673	309.773	237.554	0.000387391	8.6744e-05
154	0.673	314.051	240.571	0.000380537	8.64346e-05
155	0.673	323.954	247.587	0.00039459	8.70348e-05
156	0.673	323.385	247.165	0.000390981	8.69605e-05
157	0.673	317.79	243.29	0.000393097	8.69901e-05
158	0.673	308.744	237.171	0.000393567	8.68e-05
159	0.673	310.164	238.022	0.000392297	8.68641e-05
160	0.673	315.727	241.994	0.000395362	8.69325e-05
161	0.673	315.332	241.804	0.000392731	8.68355e-05
162	0.673	334.392	255.14	0.000402688	8.72842e-05
163	0.673	325.423	248.82	0.000398195	8.71297e-05
164	0.673	326.329	249.36	0.000393432	8.7012e-05
165	0.673	325.267	248.43	0.000383093	8.66979e-05
166	0.673	317.997	243.283	0.000386276	8.6824e-05
167	0.673	301.076	231.694	0.000389691	8.65482e-05
168	0.673	302.64	232.722	0.000389689	8.66689e-05
169	0.673	294.118	226.493	0.000381303	8.63432e-05
170	0.673	320.231	244.766	0.000380355	8.66089e-05
171	0.673	323.744	247.48	0.000393055	8.70254e-05
172	0.673	326.567	249.232	0.000388062	8.6945e-05
173	0.673	303.782	233.555	0.000389862	8.6667e-05
174	0.673	315.966	241.764	0.000390024	8.68722e-05
175	0.673	306.675	234.566	0.000356385	8.57588e-05
176	0.673	311.593	238.614	0.000380587	8.65264e-05
177	0.673	293.092	225.027	0.000362178	8.57762e-05
178	0.673	316.555	242.246	0.000386488	8.68089e-05
179	0.673	308.185	236.39	0.000383671	8.66227e-05
180	0.673	325.898	249.102	0.000395691	8.70994e-05
181	0.673	324.302	247.934	0.000391529	8.6925e-05
182	0.673	305.24	234.4	0.000384768	8.66074e-05
183	0.673	320.166	245.054	0.000396083	8.70858e-05
184	0.673	316.052	242.329	0.000395817	8.69522e-05
185	0.673	310.84	238.517	0.000394401	8.68391e-05
186	0.673	353.409	268.02	0.000403755	8.74868e-05
187	0.673	301.495	231.634	0.000382125	8.64591e-05
188	0.673	344.003	261.578	0.000399469	8.73071e-05
189	0.673	315.206	241.511	0.000391146	8.68456e-05
190	0.673	322.567	246.703	0.000397559	8.70972e-05
191	0.673	324.329	247.694	0.000386664	8.68775e-05
192	0.673	319.652	244.619	0.000389501	8.68083e-05
193	0.673	323.578	247.426	0.0003938	8.69933e-05
194	0.673	304.267	233.737	0.000387224	8.66837e-05
195	0.673	338.36	257.938	0.000393639	8.69873e-05
196	0.673	303.67	232.842	0.000364132	8.5951e-05
197	0.673	320.057	244.944	0.000385931	8.67103e-05
198	0.673	312.236	239.386	0.000380207	8.64305e-05
199	0.673	349.517	265.27	0.000401855	8.74992e-05
200	0.673	331.739	253.089	0.000396594	8.71886e-05
201	0.673	348.314	264.513	0.000399257	8.73716e-05
202	0.673	337.363	256.707	0.000388251	8.70283e-05
203	0.673	324.711	248.176	0.000395556	8.71266e-05
204	0.673	313.976	240.622	0.000388098	8.67815e-05
205	0.673	317.104	242.681	0.000391083	8.69412e-05
206	0.673	316.133	242.067	0.000388589	8.68429e-05
207	0.673	324.936	247.978	0.000382969	8.6789e-05
208	0.673	310.815	238.241	0.000383101	8.66447e-05
209	0.673	301.479	231.664	0.000387354	8.66199e-05
210	0.673	328.366	250.833	0.00039782	8.71636e-05
211	0.673	301.916	232.066	0.000387237	8.66534e-05
212	0.673	326.399	249.688	0.000400436	8.71427e-05
213	0.673	317.891	242.997	0.00038139	8.66686e-05
214	0.673	336.084	256.016	0.000394282	8.71333e-05
215	0.673	329.719	251.634	0.000395125	8.71403e-05
216	0.673	305.741	234.804	0.000388391	8.67192e-05
217	0.673	332.431	253.657	0.000399498	8.72552e-05
218	0.673	324.654	248.089	0.00039293	8.70507e-05
219	0.673	328.363	250.727	0.000399107	8.72241e-05
220	0.673	325.441	248.57	0.00039334	8.70601e-05
221	0.673	325.099	248.435	0.000394131	8.70589e-05
222	0.673	314.708	240.61	0.000371445	8.62929e-05
223	0.673	328.747	250.967	0.000392039	8.69718e-05
224	0.673	340.094	259.086	0.000402064	8.73397e-05
225	0.673	284.656	219.577	0.000377247	8.6118e-05
226	0.673	327.457	250.212	0.000396187	8.70555e-05
227	0.673	295.056	226.873	0.000370522	8.60689e-05
228	0.673	332.904	253.813	0.000396027	8.72015e-05
229	0.673	297.918	229.603	0.000391803	8.64534e-05
230	0.673	318.148	243.474	0.000389174	8.68959e-05
231	0.673	325.266	248.193	0.000382059	8.677e-05
232	0.673	302.025	231.905	0.000380872	8.64621e-05
233	0.673	338.907	258.283	0.00040134	8.73005e-05
234	0.673	317.742	243.293	0.000393214	8.69947e-05
235	0.673	297.351	229.216	0.000389281	8.6415e-05
236	0.673	310.351	238.066	0.000388207	8.67217e-05
237	0.673	314.783	241.443	0.000394471	8.68485e-05
238	0.673	293.171	225.725	0.000376279	8.61744e-05
239	0.673	341.368	259.6	0.000398491	8.73315e-05
240	0.673	315.625	242.857	0.000407892	8.68117e-05
241	0.673	320.924	245.648	0.000396055	8.70619e-05
242	0.673	309.341	237.215	0.000386655	8.67496e-05
243	0.673	314.65	240.7	0.000372601	8.63462e-05
244	0.673	315.297	241.475	0.000387399	8.67705e-05
245	0.673	306.685	234.974	0.000362751	8.58885e-05
246	0.673	325.838	248.632	0.000376859	8.65409e-05
247	0.673	330.767	252.63	0.000401163	8.72322e-05
248	0.673	337.349	257.128	0.000400232	8.72509e-05
249	0.673	292.936	225.617	0.000380921	8.63428e-05
250	0.673	303.252	233.12	0.000389423	8.66705e-05
251	0.673	310.87	238.477	0.000387031	8.66835e-05
252	0.673	304.133	233.888	0.000391206	8.66762e-05
253	0.673	299.654	230.336	0.000382593	8.6475e-05
254	0.673	308.714	237.726	0.000401191	8.66768e-05
255	0.673	323.791	247.478	0.000391551	8.69962e-05
256	0.673	303.984	233.549	0.000388579	8.67189e-05
257	0.673	315.416	242.721	0.000407391	8.67837e-05
258	0.673	307.718	236.175	0.000385362	8.66256e-05
259	0.673	317.12	242.906	0.000393619	8.69493e-05
260	0.673	319.901	244.979	0.000395586	8.69843e-05
261	0.673	315.716	242.09	0.000396466	8.69688e-05
262	0.673	339.1	257.718	0.000383275	8.68868e-05
263	0.673	309.6	237.746	0.00039369	8.6828e-05
264	0.673	320.732	245.201	0.000393337	8.70257e-05
265	0.673	320.064	244.769	0.000385292	8.67735e-05
266	0.673	304.401	233.853	0.000387236	8.66232e-05
267	0.673	301.091	231.29	0.000376428	8.63205e-05
268	0.673	323.62	247.712	0.000401899	8.70719e-05
269	0.673	313.03	240.315	0.0003943	8.67937e-05
270	0.673	320.805	245.708	0.000398081	8.70543e-05
271	0.673	315.637	241.785	0.000389907	8.68643e-05
272	0.673	294.379	226.97	0.000386535	8.63531e-05
273	0.673	318.757	244.09	0.00039515	8.701e-05
274	0.673	312.09	239.229	0.000386737	8.67289e-05
275	0.673	321.573	245.99	0.000396029	8.70939e-05
276	0.673	308.277	236.294	0.000377449	8.64604e-05
277	0.673	307.474	236.249	0.000392552	8.67658e-05
278	0.673	319.087	244.3	0.000395277	8.70129e-05
279	0.673	330.529	252.424	0.000398823	8.71808e-05
280	0.673	293.887	226.422	0.000383861	8.63889e-05
281	0.673	313.765	240.656	0.000393939	8.6864e-05
282	0.673	310.206	238.04	0.000391494	8.68315e-05
283	0.673	317.274	242.821	0.000386013	8.67782e-05
284	0.673	327.312	249.898	0.00039349	8.71145e-05
285	0.673	334.774	255.124	0.000393586	8.71323e-05
286	0.673	311.611	238.911	0.000389378	8.68052e-05
287	0.673	305.702	234.372	0.00037318	8.63124e-05
288	0.673	315.388	241.602	0.000391142	8.68939e-05
289	0.673	319.393	244.321	0.000394299	8.70168e-05
290	0.673	325	248.449	0.000396626	8.70997e-05
291	0.673	324.05	247.73	0.000394778	8.70771e-05
292	0.673	314.375	241.379	0.000396195	8.67975e-05
293	0.673	322.557	246.637	0.000392428	8.7014e-05
294	0.673	338.578	257.502	0.0003903	8.70884e-05
295	0.673	310.417	238.058	0.00038896	8.68235e-05
296	0.673	312.346	239.313	0.000384149	8.66993e-05
297	0.673	325.179	248.603	0.000397222	8.71467e-05
298	0.673	307.827	236.341	0.000391123	8.68172e-05
299	0.673	307.551	236.091	0.000384081	8.65396e-05
300	0.673	333.195	253.925	0.00039528	8.71878e-05
301	0.673	299.961	230.207	0.000366518	8.60387e-05
302	0.673	309.657	237.538	0.000386003	8.66309e-05
303	0.673	311.285	238.711	0.00038602	8.66038e-05
304	0.673	323.563	247.465	0.000391579	8.6887e-05
305	0.673	303.722	233.148	0.000376866	8.63587e-05
306	0.673	298.933	229.766	0.000381857	8.64882e-05
307	0.673	346.131	263.113	0.000404797	8.75215e-05
308	0.673	312.603	239.771	0.00039058	8.67211e-05
309	0.673	293.862	226.312	0.000384194	8.64708e-05
310	0.673	323.968	247.649	0.000392375	8.69822e-05
311	0.673	318.136	243.494	0.000388134	8.68384e-05
312	0.673	326.099	249.033	0.000391382	8.70177e-05
313	0.673	319.422	244.523	0.000389948	8.68476e-05
314	0.673	307.756	236.096	0.000387423	8.67132e-05
315	0.673	313.541	240.248	0.000390346	8.68756e-05
316	0.673	316.684	242.487	0.000391049	8.69422e-05
317	0.673	298.251	229.403	0.0003847	8.65201e-05
318	0.673	303.377	232.993	0.000383841	8.6572e-05
319	0.673	311.325	238.623	0.00038978	8.68075e-05
320	0.673	331.078	252.678	0.0003992	8.72279e-05
321	0.673	325.359	248.429	0.000387872	8.6923e-05
322	0.673	329.137	250.843	0.000390197	8.70165e-05
323	0.673	316.356	242.203	0.00039083	8.69121e-05
324	0.673	303.454	233.011	0.000381776	8.65181e-05
325	0.673	295.147	227.235	0.000380941	8.63016e-05
326	0.673	313.504	240.438	0.000382683	8.64635e-05
327	0.673	287.774	221.69	0.00037939	8.6188e-05
328	0.673	310.844	238.435	0.00038782	8.67089e-05
329	0.673	307.971	236.503	0.000391628	8.67806e-05
330	0.673	331.519	252.811	0.000398227	8.71937e-05
331	0.673	311.888	239.341	0.000394247	8.6888e-05
332	0.673	311.667	238.987	0.000389883	8.6852e-05
333	0.673	314.768	241.051	0.00038526	8.67222e-05
334	0.673	304.771	234.103	0.000382667	8.6488e-05
335	0.673	301.234	231.576	0.000386792	8.65673e-05
336	0.673	310.848	238.295	0.000386267	8.67229e-05
337	0.673	303.149	233.103	0.000380983	8.62563e-05
338	0.673	306.264	235.169	0.000388659	8.67387e-05
339	0.673	334.425	255.679	0.000408769	8.7195e-05
340	0.673	310.447	238.203	0.000393202	8.68479e-05
341	0.673	317.562	243.125	0.000391754	8.69662e-05
342	0.673	307.867	236.445	0.000391688	8.677e-05
343	0.673	319.158	244.221	0.000388823	8.68583e-05
344	0.673	339.686	258.592	0.000399973	8.73482e-05
345	0.673	307.549	236.168	0.000389949	8.67515e-05
346	0.673	303.048	232.79	0.000384101	8.65462e-05
347	0.673	329.809	252.009	0.000394198	8.69494e-05
348	0.673	321.528	245.626	0.00038498	8.67894e-05
349	0.673	307.832	236.345	0.000391686	8.67729e-05
350	0.673	302.969	232.469	0.000378011	8.63946e-05
351	0.673	288.2	222.11	0.000376279	8.6179e-05
352	0.673	313.756	240.483	0.000387612	8.67169e-05
353	0.673	327.468	249.859	0.00038466	8.68179e-05
354	0.673	314.19	240.919	0.00039267	8.68489e-05
355	0.673	300.866	231.318	0.000385105	8.65542e-05
356	0.673	301.703	231.844	0.000384869	8.6581e-05
357	0.673	320.924	246.624	0.000405654	8.68126e-05
358	0.673	298.055	229.067	0.000376856	8.63212e-05
359	0.673	321.164	245.699	0.000391453	8.69214e-05
360	0.673	297.314	228.851	0.000384686	8.6468e-05
361	0.673	352.786	267.853	0.000408704	8.75758e-05
362	0.673	317.362	243.072	0.000394308	8.69871e-05
363	0.673	292.261	225.01	0.000375853	8.62022e-05
364	0.673	308.043	236.46	0.000387421	8.66854e-05
365	0.673	307.039	236.088	0.000393076	8.66898e-05
366	0.673	326.086	248.574	0.000381556	8.67215e-05
367	0.673	328.958	251.481	0.000401643	8.71685e-05
368	0.673	319.71	244.28	0.000380973	8.65969e-05
369	0.673	327.926	250.415	0.00039513	8.71308e-05
370	0.673	337.593	257.213	0.00039956	8.72616e-05
371	0.673	340.527	259.616	0.00040239	8.72325e-05
372	0.673	323.196	247.184	0.000395586	8.70902e-05
373	0.673	323.287	247.108	0.000393198	8.70417e-05
374	0.673	333.989	255.05	0.000404724	8.72373e-05
375	0.673	307.21	235.595	0.000378106	8.64205e-05
376	0.673	309.751	237.729	0.000388442	8.67072e-05
377	0.673	329.916	251.901	0.000397908	8.71806e-05
378	0.673	298.578	229.707	0.000384601	8.64986e-05
379	0.673	339.139	257.698	0.000381426	8.68451e-05
380	0.673	322.068	246.306	0.00039444	8.707e-05
381	0.673	313.857	240.613	0.000392554	8.69132e-05
382	0.673	300.033	230.8	0.000385769	8.65414e-05
383	0.673	311.668	239.025	0.000390115	8.68167e-05
384	0.673	312.442	239.55	0.000388696	8.67241e-05
385	0.673	318.216	243.559	0.000390267	8.68925e-05
386	0.673	317.181	242.711	0.000380688	8.6572e-05
387	0.673	297.753	229.012	0.000381382	8.63809e-05
388	0.673	332.351	253.385	0.000395596	8.71465e-05
389	0.673	311.468	238.85	0.000391484	8.68846e-05
390	0.673	310.004	237.8	0.000390346	8.67895e-05
391	0.673	288.551	222.487	0.000377651	8.61405e-05
392	0.673	321.785	245.979	0.000390967	8.69633e-05
393	0.673	316.032	241.86	0.000384163	8.67022e-05
394	0.673	318.467	243.524	0.000383754	8.67512e-05
395	0.673	312.959	239.696	0.000388791	8.68191e-05
396	0.673	311.969	239.449	0.000394803	8.68172e-05
397	0.673	298.073	229.037	0.000375605	8.62661e-05
398	0.673	288.997	222.865	0.000381935	8.62527e-05
399	0.673	324.624	248.061	0.00039438	8.70324e-05
400	0.673	323.941	247.552	0.000391977	8.70042e-05
401	0.673	329.61	251.589	0.00039747	8.71463e-05
402	0.673	314.657	241.518	0.00039858	8.69079e-05
403	0.673	298.358	229.801	0.000390257	8.6539e-05
404	0.673	319.128	244.287	0.000392929	8.69528e-05
405	0.673	311.444	238.926	0.000391928	8.68601e-05
406	0.673	325.233	248.951	0.000401303	8.7083e-05
407	0.673	313.549	240.716	0.00039756	8.68742e-05
408	0.673	283.641	218.79	0.000373176	8.60241e-05
409	0.673	304.226	233.388	0.000375919	8.63698e-05
410	0.673	323.574	247.58	0.000395908	8.70022e-05
411	0.673	308.956	237.151	0.000391601	8.68329e-05
412	0.673	324.18	247.877	0.000394601	8.70518e-05
413	0.673	315.275	241.61	0.000391268	8.68631e-05
414	0.673	320.005	244.885	0.000388784	8.68366e-05
415	0.673	299.37	230.22	0.000382157	8.64507e-05
416	0.673	350.041	265.738	0.000400448	8.73871e-05
417	0.673	314.499	240.598	0.000377393	8.64562e-05
418	0.673	300.043	230.658	0.000384136	8.65482e-05
419	0.673	303.18	233.208	0.000392723	8.66153e-05
420	0.673	308.354	236.414	0.000380304	8.65643e-05
421	0.673	311.73	238.926	0.000386392	8.67528e-05
422	0.673	334.581	255.334	0.000395927	8.7026e-05
423	0.673	317.834	243.256	0.000393125	8.69809e-05
424	0.673	312.715	239.741	0.000389909	8.68313e-05
425	0.673	304.63	234.033	0.000389424	8.67335e-05
426	0.673	311.717	239.185	0.000393058	8.68703e-05
427	0.673	298.283	229.553	0.000387217	8.65837e-05
428	0.673	325.868	249.342	0.000399777	8.70938e-05
429	0.673	324.23	247.767	0.000389028	8.69142e-05
430	0.673	293.685	225.91	0.000379093	8.62896e-05
431	0.673	307.234	235.91	0.000389725	8.66668e-05
432	0.673	338.652	257.448	0.000386654	8.69617e-05
433	0.673	299.671	230.299	0.000381839	8.64935e-05
434	0.673	312.508	239.631	0.000387746	8.67099e-05
435	0.673	317.323	242.75	0.000386619	8.68278e-05
436	0.673	329.492	251.418	0.000396398	8.72115e-05
437	0.673	322.509	246.58	0.00039158	8.69779e-05
438	0.673	305.937	234.748	0.00037955	8.64636e-05
439	0.673	321.3	245.38	0.000375325	8.64794e-05
440	0.673	321.695	246.229	0.000397225	8.71051e-05
441	0.673	334.337	254.823	0.000396083	8.72259e-05
442	0.673	300.605	231.006	0.000378906	8.63607e-05
443	0.673	333.529	254.321	0.000398272	8.72741e-05
444	0.673	323.961	247.529	0.000388765	8.69079e-05
445	0.673	306.435	235.486	0.000390286	8.66717e-05
446	0.673	316.068	242.43	0.000397031	8.69331e-05
447	0.673	301.557	231.968	0.000388261	8.65489e-05
448	0.673	318.811	244.254	0.000396717	8.70167e-05
449	0.673	316.524	242.295	0.000385206	8.67257e-05
450	0.673	318.703	243.733	0.000387813	8.68342e-05
451	0.673	330.694	252.017	0.000388379	8.69677e-05
452	0.673	311.726	238.986	0.000388717	8.68092e-05
453	0.673	337.003	256.883	0.000400821	8.72533e-05
454	0.673	319.887	244.69	0.000387838	8.68064e-05
455	0.673	330.087	251.845	0.000391754	8.70506e-05
456	0.673	310.507	238.087	0.000385767	8.67072e-05
457	0.673	336.372	256.46	0.000403375	8.72772e-05
458	0.673	324.025	247.942	0.000398479	8.70573e-05
459	0.673	304.703	233.841	0.000379255	8.6476e-05
460	0.673	317.753	242.965	0.000377818	8.65437e-05
461	0.673	317.637	243.132	0.000389625	8.68846e-05
462	0.673	314.144	241.031	0.000395081	8.68702e-05
463	0.673	309.679	237.507	0.000388837	8.67261e-05
464	0.673	287.454	221.669	0.000381743	8.62711e-05
465	0.673	317.827	242.983	0.000377803	8.6566e-05
466	0.673	308.845	236.68	0.000387397	8.67025e-05
467	0.673	315.312	241.713	0.000394045	8.69313e-05
468	0.673	307.626	236.129	0.000387791	8.6716e-05
469	0.673	328.986	250.866	0.000376738	8.65424e-05
470	0.673	325.602	248.978	0.000398851	8.71668e-05
471	0.673	300.002	230.617	0.000385871	8.65899e-05
472	0.673	320.802	245.435	0.000391571	8.69346e-05
473	0.673	300.304	230.783	0.000378344	8.63591e-05
474	0.673	324.976	248.41	0.000397064	8.7167e-05
475	0.673	315.701	242.116	0.000395373	8.68956e-05
476	0.673	320.872	245.588	0.0003959	8.70374e-05
477	0.673	325.581	249.242	0.000400937	8.70736e-05
478	0.673	309.949	238.668	0.000403102	8.66964e-05
479	0.673	289.847	223.399	0.000380808	8.62887e-05
480	0.673	316.398	242.488	0.000394451	8.69593e-05
481	0.673	317.571	243.236	0.000392563	8.6931e-05
482	0.673	315.171	241.908	0.000392445	8.66688e-05
483	0.673	320.965	245.573	0.000390035	8.68654e-05
484	0.673	309.228	237.071	0.000385679	8.66863e-05
485	0.673	297.89	228.633	0.000360721	8.5818e-05
486	0.673	336.407	256.343	0.000400517	8.73596e-05
487	0.673	301.431	231.179	0.00036549	8.60247e-05
488	0.673	317.453	243.127	0.000394599	8.70198e-05
489	0.673	321.552	245.753	0.000385048	8.67957e-05
490	0.673	296.441	228.054	0.000378418	8.62909e-05
491	0.673	320.725	245.374	0.00039203	8.6921e-05
492	0.673	322.78	246.781	0.000395918	8.71359e-05
493	0.673	322.408	246.52	0.000391821	8.69968e-05
494	0.673	324.864	248.157	0.00039185	8.70062e-05
495	0.673	295.119	227.226	0.000384526	8.64762e-05
496	0.673	319.169	244.173	0.000388062	8.6796e-05
497	0.673	324.837	248.236	0.000397118	8.71666e-05
498	0.673	315.034	241.375	0.000393664	8.69667e-05
499	0.673	302.656	232.523	0.000384924	8.65894e-05
