Sample	Conc(uM)	APD90(ms)	APD50(ms)	CaMax(mM)	CaMin(mM)
0	0.0604	402.284	300.006	0.000411162	8.80074e-05
1	0.0604	376.554	283.367	0.000408946	8.78594e-05
2	0.0604	311.069	238.557	0.00039142	8.69022e-05
3	0.0604	341.105	259.524	0.00040199	8.7465e-05
4	0.0604	314.773	241.185	0.000392969	8.69839e-05
5	0.0604	352.651	267.41	0.00040511	8.76284e-05
6	0.0604	339.914	258.716	0.000401681	8.74463e-05
7	0.0604	342.974	260.798	0.000402259	8.74851e-05
8	0.0604	338.255	257.567	0.000401221	8.74205e-05
9	0.0604	346.415	263.166	0.000403494	8.75429e-05
10	0.0604	377.432	283.954	0.000409578	8.78813e-05
11	0.0604	413.81	307.259	0.00041166	8.80466e-05
12	0.0604	324.826	248.218	0.000395649	8.71563e-05
13	0.0604	344.74	262.023	0.00040309	8.75195e-05
14	0.0604	377.562	284.045	0.000409726	8.78851e-05
15	0.0604	395.554	295.713	0.000411322	8.79933e-05
16	0.0604	361.545	273.407	0.000407055	8.77346e-05
17	0.0604	322.947	246.934	0.000396117	8.71502e-05
18	0.0604	362.083	273.769	0.000406704	8.77261e-05
19	0.0604	341.368	259.706	0.00040208	8.74696e-05
20	0.0604	333.668	254.399	0.0003998	8.73453e-05
21	0.0604	402.778	300.326	0.000411689	8.80237e-05
22	0.0604	353.048	267.746	0.00040597	8.763e-05
23	0.0604	362.233	273.843	0.000406016	8.77116e-05
24	0.0604	352.285	267.14	0.000404899	8.76187e-05
25	0.0604	373.225	281.177	0.000409043	8.78477e-05
26	0.0604	351.993	266.966	0.000404872	8.76178e-05
27	0.0604	358.947	271.655	0.00040632	8.76992e-05
28	0.0604	359.423	271.981	0.000406608	8.77102e-05
29	0.0604	325.37	248.651	0.000397236	8.71944e-05
30	0.0604	402.715	300.294	0.000411568	8.80188e-05
31	0.0604	400.843	299.094	0.000411437	8.80122e-05
32	0.0604	357.069	270.377	0.000405276	8.76604e-05
33	0.0604	355.737	269.49	0.000405817	8.76671e-05
34	0.0604	339.688	258.551	0.000401644	8.74434e-05
35	0.0604	373.869	281.61	0.000409197	8.78552e-05
36	0.0604	374.283	281.89	0.000409241	8.78557e-05
37	0.0604	317.843	243.341	0.000394121	8.70465e-05
38	0.0604	356.438	269.969	0.000405954	8.76747e-05
39	0.0604	357.971	270.998	0.000406125	8.76887e-05
40	0.0604	333.18	254.056	0.000399636	8.7337e-05
41	0.0604	365.948	276.361	0.000407961	8.77806e-05
42	0.0604	361.776	273.554	0.000407065	8.7736e-05
43	0.0604	341.404	259.727	0.000401971	8.74663e-05
44	0.0604	319.682	244.625	0.000394868	8.70828e-05
45	0.0604	335.223	255.473	0.00040028	8.73718e-05
46	0.0604	346.551	263.254	0.000403328	8.75393e-05
47	0.0604	334.418	254.902	0.000400004	8.73564e-05
48	0.0604	348.705	264.728	0.00040405	8.7574e-05
49	0.0604	385.668	289.338	0.000410582	8.7941e-05
50	0.0604	344.035	261.541	0.00040287	8.75097e-05
51	0.0604	340.488	259.094	0.000401591	8.74486e-05
52	0.0604	341.901	260.079	0.000402282	8.74779e-05
53	0.0604	380.031	285.661	0.000409996	8.79039e-05
54	0.0604	361.553	273.411	0.000407048	8.77346e-05
55	0.0604	335.676	255.782	0.000400401	8.73782e-05
56	0.0604	338.266	257.582	0.000401201	8.74209e-05
57	0.0604	370.38	279.301	0.000408602	8.78218e-05
58	0.0604	342.327	260.358	0.000402341	8.74832e-05
59	0.0604	389.341	291.721	0.000410963	8.79648e-05
60	0.0604	346.881	263.473	0.000403626	8.75486e-05
61	0.0604	350.279	265.799	0.000404511	8.75971e-05
62	0.0604	318.922	244.102	0.000394576	8.70701e-05
63	0.0604	359.153	271.806	0.000406597	8.77081e-05
64	0.0604	328.799	251.018	0.000398207	8.72604e-05
65	0.0604	353.981	268.31	0.000405378	8.76451e-05
66	0.0604	314.677	241.106	0.000392918	8.69797e-05
67	0.0604	373.489	281.349	0.000408682	8.78405e-05
68	0.0604	337.348	256.947	0.000400961	8.74073e-05
69	0.0604	390.753	292.617	0.000410771	8.79646e-05
70	0.0604	336.426	256.304	0.000400629	8.7389e-05
71	0.0604	350.361	265.857	0.000404528	8.75984e-05
72	0.0604	352.715	267.451	0.000405094	8.76288e-05
73	0.0604	388.207	290.986	0.00041085	8.79577e-05
74	0.0604	355.399	269.277	0.000405807	8.76625e-05
75	0.0604	324.438	247.977	0.00039665	8.71792e-05
76	0.0604	353.946	268.287	0.000405401	8.76451e-05
77	0.0604	330.273	252.042	0.000398693	8.7287e-05
78	0.0604	307.945	236.353	0.000390237	8.683e-05
79	0.0604	348.586	264.648	0.000404109	8.75746e-05
80	0.0604	323.244	247.144	0.000396286	8.71559e-05
81	0.0604	346.425	263.174	0.000403479	8.75429e-05
82	0.0604	350.673	266.06	0.000404629	8.76032e-05
83	0.0604	361.263	273.155	0.000406796	8.77225e-05
84	0.0604	363.864	274.954	0.000407271	8.77538e-05
85	0.0604	351.415	266.583	0.000404899	8.76117e-05
86	0.0604	375.794	282.879	0.000409453	8.78713e-05
87	0.0604	373.73	281.52	0.00040919	8.78539e-05
88	0.0604	356.239	269.833	0.000405914	8.76728e-05
89	0.0604	378.335	284.549	0.000409803	8.78916e-05
90	0.0604	318.779	244.003	0.000394537	8.70677e-05
91	0.0604	362.336	273.938	0.000407182	8.77425e-05
92	0.0604	351.84	266.86	0.000404913	8.7618e-05
93	0.0604	358.315	271.226	0.0004064	8.76963e-05
94	0.0604	364.721	275.529	0.000407659	8.77686e-05
95	0.0604	487.043	350.251	0.000400746	8.78009e-05
96	0.0604	382.462	287.252	0.000410288	8.79214e-05
97	0.0604	327.987	250.452	0.000397805	8.72433e-05
98	0.0604	315.628	241.794	0.000393324	8.69992e-05
99	0.0604	303.353	233.071	0.000388009	8.67221e-05
100	0.0604	413.251	306.937	0.000411765	8.80492e-05
101	0.0604	355.496	269.35	0.000405911	8.76622e-05
102	0.0604	371.481	280.031	0.000408828	8.78345e-05
103	0.0604	332.491	253.572	0.000399242	8.73206e-05
104	0.0604	352.635	267.396	0.000405008	8.76263e-05
105	0.0604	338.329	257.617	0.000401249	8.74227e-05
106	0.0604	312.487	239.579	0.000392209	8.69329e-05
107	0.0604	369.688	278.846	0.000408507	8.78171e-05
108	0.0604	389.483	291.81	0.000410933	8.79636e-05
109	0.0604	351.461	266.622	0.000404835	8.7614e-05
110	0.0604	394.304	294.92	0.000411243	8.79887e-05
111	0.0604	314.011	240.523	0.000387301	8.6823e-05
112	0.0604	362.503	274.045	0.000407186	8.77436e-05
113	0.0604	362.41	273.986	0.000407221	8.77444e-05
114	0.0604	360.306	272.579	0.00040683	8.77208e-05
115	0.0604	373.308	281.231	0.000409136	8.78488e-05
116	0.0604	299.558	230.355	0.00038628	8.66305e-05
117	0.0604	301.181	231.518	0.000387	8.66701e-05
118	0.0604	317.297	242.965	0.00039398	8.70376e-05
119	0.0604	312.38	239.493	0.000392007	8.69326e-05
120	0.0604	378.664	284.767	0.00040987	8.78939e-05
121	0.0604	377.714	284.131	0.000409346	8.78771e-05
122	0.0604	351.641	266.722	0.000404866	8.76152e-05
123	0.0604	349.169	265.034	0.00040401	8.75783e-05
124	0.0604	393.646	294.494	0.000411271	8.79871e-05
125	0.0604	372.428	280.654	0.000408846	8.78399e-05
126	0.0604	351.469	266.614	0.000404888	8.76134e-05
127	0.0604	322.146	246.376	0.000395966	8.71345e-05
128	0.0604	397.831	297.169	0.000411429	8.80064e-05
129	0.0604	389.05	291.532	0.000410944	8.79633e-05
130	0.0604	348.557	264.626	0.000404067	8.75745e-05
131	0.0604	359.258	271.868	0.000406533	8.77094e-05
132	0.0604	355.951	269.641	0.000405926	8.76698e-05
133	0.0604	340.807	259.329	0.000402067	8.74614e-05
134	0.0604	387.394	290.453	0.000410769	8.79526e-05
135	0.0604	378.423	284.604	0.000409797	8.78914e-05
136	0.0604	326.816	249.626	0.000397453	8.72227e-05
137	0.0604	354.232	268.492	0.000405565	8.76476e-05
138	0.0604	327.006	249.766	0.000397551	8.72273e-05
139	0.0604	425.435	314.458	0.000411296	8.80563e-05
140	0.0604	375.425	282.623	0.000409374	8.78664e-05
141	0.0604	376.368	283.242	0.000409181	8.78664e-05
142	0.0604	349.351	265.16	0.00040422	8.75848e-05
143	0.0604	349.712	265.384	0.000403253	8.75623e-05
144	0.0604	411.777	305.991	0.000411585	8.80418e-05
145	0.0604	328.981	251.142	0.00039822	8.72633e-05
146	0.0604	360.215	272.512	0.000406805	8.77194e-05
147	0.0604	371.306	279.927	0.00040886	8.78299e-05
148	0.0604	378.547	284.683	0.00040965	8.78886e-05
149	0.0604	338.161	257.496	0.000401176	8.74192e-05
150	0.0604	353.402	267.918	0.000405279	8.76385e-05
151	0.0604	338.572	257.776	0.000401186	8.74225e-05
152	0.0604	370.244	279.206	0.000408626	8.78232e-05
153	0.0604	357.204	270.488	0.000406144	8.76847e-05
154	0.0604	373.282	281.222	0.000409091	8.78497e-05
155	0.0604	361.119	273.103	0.000406214	8.77113e-05
156	0.0604	374.72	282.148	0.000409227	8.78593e-05
157	0.0604	351.154	266.402	0.000404866	8.76073e-05
158	0.0604	357.414	270.63	0.000406168	8.76873e-05
159	0.0604	343.276	261.015	0.000402679	8.74994e-05
160	0.0604	322.608	246.704	0.000396113	8.71427e-05
161	0.0604	395.891	295.925	0.000410737	8.79807e-05
162	0.0604	354.464	268.641	0.000405587	8.7652e-05
163	0.0604	364.113	275.124	0.000407591	8.77618e-05
164	0.0604	371.243	279.873	0.000408802	8.78327e-05
165	0.0604	349.46	265.217	0.000404002	8.75789e-05
166	0.0604	363.351	274.621	0.000407458	8.77505e-05
167	0.0604	327.326	249.995	0.000397709	8.7233e-05
168	0.0604	354.803	268.905	0.000406109	8.76557e-05
169	0.0604	302.873	232.731	0.000387849	8.67136e-05
170	0.0604	370.57	279.423	0.000408678	8.78264e-05
171	0.0604	373.775	281.565	0.000409076	8.78453e-05
172	0.0604	380.852	286.206	0.000410178	8.79109e-05
173	0.0604	372.47	280.681	0.000408838	8.784e-05
174	0.0604	320.813	245.439	0.000395344	8.71095e-05
175	0.0604	302.37	232.371	0.000387632	8.67017e-05
176	0.0604	322.073	246.303	0.000395756	8.71325e-05
177	0.0604	303.314	233.041	0.00038801	8.67234e-05
178	0.0604	350.867	266.188	0.000404456	8.76018e-05
179	0.0604	351.485	266.644	0.000405092	8.76129e-05
180	0.0604	357.81	270.877	0.000406135	8.7689e-05
181	0.0604	340.85	259.357	0.00040208	8.74619e-05
182	0.0604	337.431	257.022	0.000401064	8.74093e-05
183	0.0604	354.972	268.999	0.000405849	8.76573e-05
184	0.0604	400.836	299.128	0.000411913	8.80183e-05
185	0.0604	348.913	264.864	0.000404051	8.75755e-05
186	0.0604	445.127	326.325	0.000409287	8.80206e-05
187	0.0604	371.433	279.999	0.000408797	8.78334e-05
188	0.0604	434.748	320.121	0.000410554	8.80468e-05
189	0.0604	321.573	245.979	0.000395702	8.71202e-05
190	0.0604	332.598	253.688	0.000399822	8.7326e-05
191	0.0604	324.825	248.246	0.000396712	8.71828e-05
192	0.0604	316.039	242.087	0.000393544	8.70118e-05
193	0.0604	383.543	287.952	0.000410266	8.79235e-05
194	0.0604	363.189	274.508	0.00040733	8.77527e-05
195	0.0604	336.411	256.29	0.00040052	8.73879e-05
196	0.0604	345.372	262.448	0.000403075	8.75254e-05
197	0.0604	331.939	253.198	0.000399179	8.73147e-05
198	0.0604	371.527	280.059	0.000408838	8.78355e-05
199	0.0604	345.309	262.403	0.000403203	8.75282e-05
200	0.0604	339.39	258.356	0.000401666	8.74404e-05
201	0.0604	474.751	343.441	0.000403912	8.7883e-05
202	0.0604	368.17	277.818	0.000407954	8.77948e-05
203	0.0604	339.778	258.642	0.000401777	8.74472e-05
204	0.0604	338.626	257.814	0.000401348	8.74265e-05
205	0.0604	366.975	277.036	0.000408062	8.77919e-05
206	0.0604	365.656	276.138	0.000407585	8.77704e-05
207	0.0604	348.129	264.321	0.000403551	8.75577e-05
208	0.0604	365.891	276.305	0.000407535	8.77723e-05
209	0.0604	385.263	289.064	0.00041006	8.79265e-05
210	0.0604	304.38	233.799	0.000388398	8.67468e-05
211	0.0604	337.511	257.04	0.00040047	8.7396e-05
212	0.0604	374.678	282.139	0.000409326	8.7862e-05
213	0.0604	474.961	343.598	0.000403789	8.78817e-05
214	0.0604	375.949	282.981	0.000409497	8.78734e-05
215	0.0604	372.211	280.515	0.000408959	8.7842e-05
216	0.0604	337.588	257.135	0.000401363	8.74088e-05
217	0.0604	354.392	268.568	0.000405316	8.76465e-05
218	0.0604	355.867	269.58	0.000405713	8.76675e-05
219	0.0604	363.985	275.041	0.000407553	8.77619e-05
220	0.0604	418.93	310.452	0.000411625	8.80554e-05
221	0.0604	335.092	255.366	0.000400042	8.7364e-05
222	0.0604	339.32	258.31	0.000401535	8.74383e-05
223	0.0604	319.74	244.681	0.0003949	8.70872e-05
224	0.0604	354.424	268.605	0.000405463	8.76522e-05
225	0.0604	401.079	299.241	0.000411603	8.80166e-05
226	0.0604	342.532	260.484	0.000401402	8.74602e-05
227	0.0604	343.221	260.979	0.000402668	8.74991e-05
228	0.0604	363.815	274.922	0.0004072	8.77524e-05
229	0.0604	333.597	254.349	0.000399717	8.73432e-05
230	0.0604	396.092	296.066	0.000411445	8.8e-05
231	0.0604	305.293	234.459	0.00038903	8.67716e-05
232	0.0604	344.707	262.014	0.000403239	8.75203e-05
233	0.0604	356.575	270.055	0.000405763	8.7674e-05
234	0.0604	311.216	238.66	0.000391337	8.69031e-05
235	0.0604	361.195	273.17	0.000406893	8.77296e-05
236	0.0604	352.849	267.579	0.000405512	8.76285e-05
237	0.0604	368.46	278.032	0.0004084	8.78072e-05
238	0.0604	322.037	246.288	0.000395612	8.71294e-05
239	0.0604	336.952	256.663	0.000400767	8.73994e-05
240	0.0604	335.424	255.614	0.000400337	8.73757e-05
241	0.0604	345.962	262.848	0.000403424	8.7538e-05
242	0.0604	321.174	245.684	0.000395216	8.71106e-05
243	0.0604	346.656	263.323	0.000403394	8.75428e-05
244	0.0604	376.631	283.431	0.000409581	8.78783e-05
245	0.0604	414.34	307.601	0.000411761	8.80518e-05
246	0.0604	371.023	279.764	0.000408814	8.78326e-05
247	0.0604	375.599	282.747	0.000409342	8.78685e-05
248	0.0604	318.5	243.815	0.000394514	8.70618e-05
249	0.0604	383.498	287.919	0.000410403	8.79289e-05
250	0.0604	320.34	245.099	0.00039498	8.70958e-05
251	0.0604	407.538	303.35	0.000411891	8.80393e-05
252	0.0604	355.205	269.133	0.000405646	8.7662e-05
253	0.0604	337.037	256.732	0.000400839	8.74025e-05
254	0.0604	318.176	243.581	0.000394231	8.70543e-05
255	0.0604	317.823	243.328	0.00039388	8.70412e-05
256	0.0604	363.468	274.697	0.000407423	8.77563e-05
257	0.0604	374.983	282.358	0.000409262	8.78625e-05
258	0.0604	370.753	279.527	0.000407928	8.78082e-05
259	0.0604	386.163	289.666	0.000410672	8.79452e-05
260	0.0604	373.133	281.1	0.000409027	8.78472e-05
261	0.0604	343.783	261.364	0.000402762	8.75055e-05
262	0.0604	385.86	289.452	0.000410637	8.79443e-05
263	0.0604	369.023	278.389	0.00040798	8.78011e-05
264	0.0604	354.6	268.724	0.00040553	8.76536e-05
265	0.0604	387.372	290.459	0.000410914	8.79546e-05
266	0.0604	392.299	293.643	0.000411313	8.79818e-05
267	0.0604	340.887	259.378	0.000402092	8.74627e-05
268	0.0604	360.44	272.659	0.000406853	8.77242e-05
269	0.0604	426.088	314.856	0.00041123	8.80559e-05
270	0.0604	348.805	264.791	0.000404156	8.75788e-05
271	0.0604	302.79	232.651	0.000387718	8.67084e-05
272	0.0604	336.835	256.589	0.000400806	8.73994e-05
273	0.0604	377.016	283.684	0.000409658	8.78829e-05
274	0.0604	313.306	240.144	0.000392402	8.6954e-05
275	0.0604	318.798	244.066	0.000395067	8.70658e-05
276	0.0604	441.024	323.881	0.000409809	8.80326e-05
277	0.0604	357.914	271.035	0.000406992	8.76935e-05
278	0.0604	337.421	256.994	0.000400883	8.74067e-05
279	0.0604	376.239	283.168	0.000409585	8.78729e-05
280	0.0604	329.499	251.508	0.000398443	8.72746e-05
281	0.0604	325.463	248.691	0.000396992	8.72002e-05
282	0.0604	401.162	299.299	0.00041157	8.80179e-05
283	0.0604	343.991	261.508	0.000402914	8.75114e-05
284	0.0604	330.507	252.212	0.000398814	8.72879e-05
285	0.0604	384.78	288.76	0.00041054	8.79381e-05
286	0.0604	325.384	248.629	0.000396848	8.71944e-05
287	0.0604	358.888	271.639	0.000406328	8.76961e-05
288	0.0604	354.055	268.357	0.000405454	8.76483e-05
289	0.0604	352.241	267.129	0.000404759	8.76182e-05
290	0.0604	384.037	288.273	0.000410502	8.79344e-05
291	0.0604	365.976	276.321	0.000407712	8.77739e-05
292	0.0604	351.823	266.802	0.000403396	8.75795e-05
293	0.0604	357.621	270.76	0.00040602	8.76872e-05
294	0.0604	329.936	251.801	0.000398466	8.72789e-05
295	0.0604	300.588	231.098	0.000386838	8.6658e-05
296	0.0604	370.224	279.193	0.000408593	8.78211e-05
297	0.0604	387.461	290.508	0.000410758	8.79533e-05
298	0.0604	377.624	284.108	0.000409679	8.78841e-05
299	0.0604	351.592	266.679	0.000404852	8.76152e-05
300	0.0604	360.468	272.603	0.00040438	8.76599e-05
301	0.0604	353.02	267.647	0.000405184	8.76339e-05
302	0.0604	344.662	261.95	0.000402376	8.75022e-05
303	0.0604	344.149	261.621	0.000402951	8.75127e-05
304	0.0604	388.276	291.033	0.000410903	8.79609e-05
305	0.0604	365.986	276.392	0.000408068	8.77833e-05
306	0.0604	330.967	252.527	0.000398857	8.7299e-05
307	0.0604	394.288	294.91	0.000411379	8.79921e-05
308	0.0604	347.512	263.913	0.000403847	8.75613e-05
309	0.0604	394.139	294.846	0.000411355	8.79922e-05
310	0.0604	373.379	281.269	0.000409032	8.78516e-05
311	0.0604	359.527	272.043	0.000406582	8.77131e-05
312	0.0604	342.502	260.487	0.000402477	8.7489e-05
313	0.0604	341.431	259.743	0.000402107	8.74688e-05
314	0.0604	347.078	263.608	0.000403155	8.75383e-05
315	0.0604	327.665	250.235	0.000397815	8.72391e-05
316	0.0604	373.713	281.506	0.000409144	8.78552e-05
317	0.0604	329.776	251.698	0.000398499	8.7279e-05
318	0.0604	385.407	289.189	0.000410631	8.79431e-05
319	0.0604	306.183	235.053	0.000387705	8.67495e-05
320	0.0604	356.319	269.896	0.000406006	8.76742e-05
321	0.0604	335.695	255.812	0.000400541	8.7381e-05
322	0.0604	371.77	280.221	0.000408801	8.78358e-05
323	0.0604	360.493	272.71	0.000406947	8.77248e-05
324	0.0604	397.605	297.04	0.000411487	8.80039e-05
325	0.0604	286.037	220.607	0.000379543	8.62701e-05
326	0.0604	335.268	255.51	0.000400331	8.73733e-05
327	0.0604	316.319	242.276	0.00039361	8.70183e-05
328	0.0604	334.451	254.945	0.000400038	8.73586e-05
329	0.0604	341.639	259.904	0.00040231	8.74754e-05
330	0.0604	388.809	291.375	0.000410917	8.79629e-05
331	0.0604	340.575	259.162	0.000401919	8.74596e-05
332	0.0604	333.943	254.588	0.000399879	8.73511e-05
333	0.0604	389.42	291.776	0.000411017	8.79671e-05
334	0.0604	349.974	265.593	0.000404476	8.75956e-05
335	0.0604	317.12	242.837	0.000393883	8.70344e-05
336	0.0604	372.529	280.734	0.000409075	8.78444e-05
337	0.0604	364.553	275.414	0.000407503	8.77672e-05
338	0.0604	387.21	290.341	0.000410782	8.79538e-05
339	0.0604	341.315	259.665	0.000402079	8.74691e-05
340	0.0604	351.808	266.832	0.000404915	8.76195e-05
341	0.0604	307.946	236.334	0.000389758	8.6825e-05
342	0.0604	367.877	277.639	0.000408206	8.78013e-05
343	0.0604	362.423	273.99	0.000407166	8.77458e-05
344	0.0604	375.522	282.69	0.000409059	8.78607e-05
345	0.0604	384.058	288.3	0.000410605	8.79343e-05
346	0.0604	357.327	270.586	0.000406406	8.7687e-05
347	0.0604	351.206	266.421	0.000404688	8.76094e-05
348	0.0604	351.728	266.8	0.000404931	8.76158e-05
349	0.0604	342.565	260.525	0.000402381	8.7487e-05
350	0.0604	295.733	227.635	0.000384188	8.65274e-05
351	0.0604	329.928	251.805	0.000398567	8.72816e-05
352	0.0604	363.377	274.636	0.000407439	8.77563e-05
353	0.0604	356.511	270.006	0.000405985	8.7677e-05
354	0.0604	327.615	250.186	0.000397775	8.72399e-05
355	0.0604	342.392	260.411	0.000402498	8.74877e-05
356	0.0604	377.031	283.693	0.000409584	8.78812e-05
357	0.0604	386.436	289.835	0.00041047	8.79424e-05
358	0.0604	399.072	297.973	0.000411599	8.80126e-05
359	0.0604	341.758	259.979	0.000402306	8.74765e-05
360	0.0604	295.434	227.397	0.000384347	8.65277e-05
361	0.0604	347.954	264.214	0.000403871	8.75656e-05
362	0.0604	358.286	271.213	0.0004064	8.76997e-05
363	0.0604	342.766	260.646	0.000401673	8.74689e-05
364	0.0604	315.72	241.851	0.000393318	8.70052e-05
365	0.0604	353.88	268.239	0.000405442	8.76459e-05
366	0.0604	381.419	286.571	0.000410187	8.79162e-05
367	0.0604	277.967	214.721	0.00037509	8.60288e-05
368	0.0604	336.406	256.287	0.000400688	8.73939e-05
369	0.0604	354.673	268.778	0.000405583	8.76557e-05
370	0.0604	416.844	309.17	0.000411788	8.80557e-05
371	0.0604	347.116	263.645	0.000403778	8.75566e-05
372	0.0604	372.026	280.394	0.000408935	8.78417e-05
373	0.0604	358.475	271.34	0.000406422	8.77016e-05
374	0.0604	349.884	265.534	0.000404409	8.75941e-05
375	0.0604	350.137	265.707	0.000404562	8.75972e-05
376	0.0604	326.138	249.161	0.000397283	8.72137e-05
377	0.0604	378.504	284.662	0.000409871	8.78941e-05
378	0.0604	316.313	242.272	0.000393617	8.70185e-05
379	0.0604	348.665	264.7	0.000404147	8.75782e-05
380	0.0604	322.779	246.809	0.000396061	8.71496e-05
381	0.0604	281.303	217.166	0.000377034	8.61307e-05
382	0.0604	355.273	269.167	0.000405131	8.7648e-05
383	0.0604	358.269	271.201	0.000406398	8.77003e-05
384	0.0604	378.715	284.925	0.000410846	8.78883e-05
385	0.0604	366.858	276.952	0.000407949	8.77913e-05
386	0.0604	366.318	276.597	0.000407939	8.77856e-05
387	0.0604	367.962	277.687	0.000408191	8.78028e-05
388	0.0604	372.697	280.851	0.000408981	8.7845e-05
389	0.0604	354.457	268.637	0.000405491	8.76526e-05
390	0.0604	346.115	262.933	0.000402453	8.75149e-05
391	0.0604	366.039	276.41	0.000407902	8.77846e-05
392	0.0604	363.7	274.846	0.000407511	8.77607e-05
393	0.0604	369.703	278.848	0.000408146	8.7809e-05
394	0.0604	416.097	308.698	0.000411755	8.80549e-05
395	0.0604	308.068	236.432	0.000390178	8.68374e-05
396	0.0604	376.249	283.178	0.000409489	8.78756e-05
397	0.0604	365.488	276.029	0.000407527	8.77711e-05
398	0.0604	333.067	253.98	0.00039964	8.73381e-05
399	0.0604	322.563	246.662	0.00039585	8.71395e-05
400	0.0604	368.84	278.314	0.000408726	8.78095e-05
401	0.0604	345.283	262.391	0.000403254	8.75307e-05
402	0.0604	360.753	272.867	0.000406673	8.77199e-05
403	0.0604	352.866	267.541	0.000405127	8.76319e-05
404	0.0604	348.821	264.798	0.000403918	8.75735e-05
405	0.0604	362.785	274.23	0.0004073	8.77502e-05
406	0.0604	426.131	314.872	0.000410749	8.80441e-05
407	0.0604	346.572	263.272	0.000403604	8.75491e-05
408	0.0604	292.286	225.132	0.000382773	8.64396e-05
409	0.0604	332.574	253.642	0.000399434	8.73284e-05
410	0.0604	374.268	281.865	0.000409297	8.78615e-05
411	0.0604	327.537	250.134	0.000397674	8.72365e-05
412	0.0604	351.27	266.471	0.000404766	8.76127e-05
413	0.0604	348.984	264.917	0.000404219	8.75827e-05
414	0.0604	373.293	281.223	0.000409153	8.78532e-05
415	0.0604	327.591	250.176	0.000397769	8.72403e-05
416	0.0604	372.489	280.702	0.000409115	8.78459e-05
417	0.0604	344.559	261.886	0.000402251	8.7496e-05
418	0.0604	321.056	245.629	0.000395528	8.71157e-05
419	0.0604	362.972	274.357	0.000407326	8.77521e-05
420	0.0604	371.9	280.302	0.000408933	8.78409e-05
421	0.0604	409.045	304.287	0.000411798	8.80432e-05
422	0.0604	327.684	250.24	0.000397828	8.72419e-05
423	0.0604	334.297	254.831	0.000399771	8.73525e-05
424	0.0604	339.635	258.52	0.000401648	8.74456e-05
425	0.0604	345.233	262.279	0.000399847	8.74401e-05
426	0.0604	345.681	262.561	0.000398766	8.74124e-05
427	0.0604	338.332	257.623	0.000401269	8.7425e-05
428	0.0604	317.288	242.957	0.000393968	8.70388e-05
429	0.0604	355.065	269.032	0.000405364	8.76531e-05
430	0.0604	357.288	270.542	0.000406186	8.76887e-05
431	0.0604	376.824	283.568	0.000409646	8.78821e-05
432	0.0604	333.41	254.223	0.000399748	8.73442e-05
433	0.0604	398.001	297.295	0.000411551	8.8009e-05
434	0.0604	327.014	249.771	0.000397545	8.72293e-05
435	0.0604	359.396	271.975	0.000406689	8.77142e-05
436	0.0604	413.486	307.056	0.000411338	8.80403e-05
437	0.0604	436.096	320.934	0.0004104	8.80449e-05
438	0.0604	349.185	265.048	0.000404244	8.75837e-05
439	0.0604	351.773	266.799	0.000404348	8.76046e-05
440	0.0604	392.344	293.658	0.00041116	8.79812e-05
441	0.0604	370.458	279.346	0.000408615	8.78273e-05
442	0.0604	360.282	272.552	0.000406728	8.77212e-05
443	0.0604	364.231	275.2	0.000407603	8.77661e-05
444	0.0604	318.384	243.7	0.000393663	8.70415e-05
445	0.0604	364.431	275.177	0.000401169	8.75972e-05
446	0.0604	336.363	256.236	0.000399396	8.73596e-05
447	0.0604	357.367	270.595	0.000406211	8.76899e-05
448	0.0604	402.797	300.342	0.000411734	8.8027e-05
449	0.0604	328.746	250.961	0.000397693	8.72484e-05
450	0.0604	344.109	261.593	0.000402943	8.75137e-05
451	0.0604	355.927	269.618	0.000405624	8.76654e-05
452	0.0604	386.993	290.19	0.000410787	8.79537e-05
453	0.0604	331.988	253.238	0.000399304	8.73195e-05
454	0.0604	353.582	268.043	0.000405353	8.76437e-05
455	0.0604	363.223	274.526	0.000407381	8.77553e-05
456	0.0604	360.75	272.874	0.000406947	8.77286e-05
457	0.0604	421.316	311.913	0.000411178	8.80491e-05
458	0.0604	369.226	278.495	0.000407117	8.77801e-05
459	0.0604	396.031	296.04	0.000411445	8.80013e-05
460	0.0604	353.412	267.925	0.000405314	8.76389e-05
461	0.0604	351.747	266.795	0.000404907	8.76195e-05
462	0.0604	375.158	282.453	0.000409342	8.78672e-05
463	0.0604	369.149	278.527	0.000408692	8.78165e-05
464	0.0604	356.654	270.117	0.000406066	8.76802e-05
465	0.0604	412.62	306.527	0.000411811	8.8051e-05
466	0.0604	378.563	284.695	0.000409861	8.7895e-05
467	0.0604	343.453	261.124	0.000402715	8.7501e-05
468	0.0604	375.197	282.474	0.000409333	8.78672e-05
469	0.0604	391.873	293.357	0.000411186	8.79813e-05
470	0.0604	329.081	251.214	0.000398299	8.72677e-05
471	0.0604	397.19	296.766	0.000411477	8.80036e-05
472	0.0604	348.048	264.275	0.00040397	8.75689e-05
473	0.0604	313.933	240.589	0.00039263	8.69683e-05
474	0.0604	308.547	236.774	0.000390368	8.68481e-05
475	0.0604	322.246	246.455	0.000396017	8.71374e-05
476	0.0604	335.452	255.632	0.000400422	8.73787e-05
477	0.0604	358.97	271.678	0.00040654	8.77083e-05
478	0.0604	326.164	249.186	0.000397309	8.72142e-05
479	0.0604	326.831	249.648	0.000397598	8.72271e-05
480	0.0604	404.8	301.683	0.000412383	8.8034e-05
481	0.0604	435.364	320.496	0.000410541	8.80473e-05
482	0.0604	319.562	244.559	0.000394732	8.7081e-05
483	0.0604	341.059	259.495	0.000402091	8.74686e-05
484	0.0604	403.09	300.448	0.000411464	8.8016e-05
485	0.0604	350.662	266.057	0.000404407	8.75995e-05
486	0.0604	389.971	292.133	0.000411042	8.79709e-05
487	0.0604	357.628	270.773	0.0004062	8.76911e-05
488	0.0604	319.225	244.316	0.000394731	8.70794e-05
489	0.0604	370.091	279.074	0.000408549	8.78203e-05
490	0.0604	324.877	248.279	0.000396858	8.71911e-05
491	0.0604	354.454	268.625	0.000405245	8.7646e-05
492	0.0604	390.645	292.555	0.000411115	8.7975e-05
493	0.0604	378.093	284.383	0.000409742	8.78913e-05
494	0.0604	362.187	273.828	0.00040716	8.7743e-05
495	0.0604	387.652	290.626	0.00041082	8.79575e-05
496	0.0604	503.415	359.097	0.000396104	8.76823e-05
497	0.0604	361.781	273.559	0.000407027	8.77378e-05
498	0.0604	353.603	268.053	0.000405253	8.76413e-05
499	0.0604	321.317	245.793	0.000395567	8.71215e-05
