Sample	Conc(uM)	APD90(ms)	APD50(ms)	CaMax(mM)	CaMin(mM)
0	3.9567	349.667	264.698	0.000347586	8.52255e-05
1	3.9567	344.008	260.922	0.000357367	8.51366e-05
2	3.9567	349.392	264.537	0.000342303	8.48657e-05
3	3.9567	359.338	269.45	0.000327858	8.47037e-05
4	3.9567	362.108	273.672	0.000383709	8.61512e-05
5	3.9567	348.037	264.406	0.000372714	8.57419e-05
6	3.9567	337.208	257.344	0.000392016	8.59016e-05
7	3.9567	348.406	263.709	0.000367071	8.57674e-05
8	3.9567	339.936	257.847	0.000360161	8.53709e-05
9	3.9567	362.717	272.827	0.000340631	8.49288e-05
10	3.9567	333.536	253.058	0.000352977	8.51352e-05
11	3.9567	315.311	240.445	0.000357144	8.50947e-05
12	3.9567	368.236	278.268	0.000387055	8.64562e-05
13	3.9567	359.088	270.663	0.00035583	8.54859e-05
14	3.9567	365.695	275.719	0.000371303	8.60139e-05
15	3.9567	359.674	271.751	0.000373378	8.59164e-05
16	3.9567	374.469	282.2	0.00037589	8.59891e-05
17	3.9567	349.801	266.093	0.000381394	8.57467e-05
18	3.9567	342.431	260.026	0.000363019	8.52913e-05
19	3.9567	365.309	273.902	0.000345549	8.52661e-05
20	3.9567	354.122	267.704	0.000345464	8.50914e-05
21	3.9567	353.361	269.447	0.000372798	8.52122e-05
22	3.9567	353.498	265.28	0.000337716	8.51112e-05
23	3.9567	349.719	264.445	0.000362498	8.56118e-05
24	3.9567	350.685	265.085	0.000376071	8.62115e-05
25	3.9567	343.918	259.363	0.000344005	8.52226e-05
26	3.9567	354.96	269.878	0.000399161	8.60444e-05
27	3.9567	342.457	258.215	0.000346305	8.53731e-05
28	3.9567	347.676	263.065	0.000358353	8.54772e-05
29	3.9567	351.311	267.615	0.000389354	8.58225e-05
30	3.9567	347.635	261.346	0.000349605	8.56349e-05
31	3.9567	338.646	256.614	0.00035384	8.52526e-05
32	3.9567	349.345	264.036	0.000354771	8.51617e-05
33	3.9567	355.505	268.569	0.000365118	8.55828e-05
34	3.9567	369.122	276.451	0.000351022	8.56497e-05
35	3.9567	326.151	250.061	0.000399823	8.5952e-05
36	3.9567	338.72	257.085	0.000370877	8.58907e-05
37	3.9567	347.182	262.528	0.000348498	8.51241e-05
38	3.9567	344.495	261.252	0.000353142	8.507e-05
39	3.9567	342.236	260.11	0.000362807	8.52548e-05
40	3.9567	344.094	259.206	0.000320355	8.40868e-05
41	3.9567	338.855	257.733	0.000358544	8.50201e-05
42	3.9567	346.821	263.666	0.000376831	8.58432e-05
43	3.9567	349.633	263.146	0.00033973	8.4926e-05
44	3.9567	350.553	265.309	0.000366022	8.56673e-05
45	3.9567	343.903	259.847	0.000343763	8.50001e-05
46	3.9567	349.706	265.091	0.000353172	8.49541e-05
47	3.9567	342.839	260.272	0.000344237	8.46921e-05
48	3.9567	344.446	260.58	0.000349716	8.5157e-05
49	3.9567	337.449	256.916	0.000369817	8.54674e-05
50	3.9567	354.731	266.621	0.000327645	8.44127e-05
51	3.9567	363.311	273.514	0.00036108	8.57625e-05
52	3.9567	362.675	275.412	0.000397943	8.58508e-05
53	3.9567	352.307	265.286	0.000342031	8.50415e-05
54	3.9567	340.065	256.545	0.000342104	8.50622e-05
55	3.9567	331.791	253.699	0.000380767	8.54475e-05
56	3.9567	352.096	266.268	0.000342714	8.47143e-05
57	3.9567	349.522	264.516	0.000357886	8.53162e-05
58	3.9567	353.871	267.799	0.000367149	8.55385e-05
59	3.9567	341.508	258.799	0.000345689	8.49497e-05
60	3.9567	359.169	271.484	0.000352655	8.51178e-05
61	3.9567	343.504	259.894	0.00034733	8.50762e-05
62	3.9567	360.738	271.83	0.000364823	8.57992e-05
63	3.9567	379.414	284.572	0.000367483	8.5976e-05
64	3.9567	356.548	268.561	0.000361333	8.56514e-05
65	3.9567	357.654	269.577	0.00036185	8.56343e-05
66	3.9567	350.523	266.105	0.000381767	8.59915e-05
67	3.9567	347.263	263.303	0.000375819	8.58065e-05
68	3.9567	365.394	275.711	0.000356097	8.51825e-05
69	3.9567	402.434	301.962	0.000394895	8.63217e-05
70	3.9567	359.64	271.6	0.000398051	8.65327e-05
71	3.9567	338.736	256.395	0.000334143	8.4428e-05
72	3.9567	358.867	272.014	0.00036621	8.55466e-05
73	3.9567	343.383	261.289	0.000384785	8.59584e-05
74	3.9567	354.029	267.043	0.000341492	8.48902e-05
75	3.9567	352.933	268.272	0.000377332	8.55606e-05
76	3.9567	360.499	271.848	0.000368455	8.58272e-05
77	3.9567	344.352	260.833	0.000364313	8.56904e-05
78	3.9567	353.799	268.593	0.000382287	8.57772e-05
79	3.9567	356.691	267.834	0.000354892	8.57471e-05
80	3.9567	354.012	267.399	0.000352301	8.51795e-05
81	3.9567	341.284	257.363	0.00033569	8.47648e-05
82	3.9567	362.517	275.014	0.000377709	8.56867e-05
83	3.9567	339.77	256.968	0.000343555	8.49768e-05
84	3.9567	357.001	269.98	0.00035715	8.52871e-05
85	3.9567	307.318	234.222	0.000337392	8.44461e-05
86	3.9567	346.708	262.176	0.000340202	8.46423e-05
87	3.9567	332.659	250.942	0.000306308	8.3369e-05
88	3.9567	356.733	269.621	0.00036407	8.55145e-05
89	3.9567	336.193	256.602	0.000376966	8.54086e-05
90	3.9567	342.005	258.837	0.000354277	8.53687e-05
91	3.9567	349.446	264.572	0.000373082	8.5957e-05
92	3.9567	356.82	270.766	0.000388364	8.60979e-05
93	3.9567	354.85	269.333	0.000387584	8.60036e-05
94	3.9567	349.714	265.093	0.000370319	8.55851e-05
95	3.9567	359.102	270.868	0.000377965	8.62299e-05
96	3.9567	356.471	268.433	0.000357741	8.56806e-05
97	3.9567	362.101	273.469	0.000380754	8.60538e-05
98	3.9567	358.256	269.404	0.000359895	8.58481e-05
99	3.9567	352.96	265.87	0.000348957	8.52288e-05
100	3.9567	339.737	257.053	0.000347758	8.49676e-05
101	3.9567	371.281	279.774	0.000373097	8.58235e-05
102	3.9567	351.105	266.472	0.000367143	8.54914e-05
103	3.9567	360.248	271.859	0.000361943	8.56496e-05
104	3.9567	357.812	271.977	0.000394911	8.61404e-05
105	3.9567	344.544	260.82	0.000362184	8.56356e-05
106	3.9567	349.694	264.357	0.000354278	8.52752e-05
107	3.9567	334.885	253.253	0.000352182	8.54982e-05
108	3.9567	357.422	271.612	0.000386511	8.56303e-05
109	3.9567	346.09	262.169	0.000359123	8.51573e-05
110	3.9567	363.857	273.853	0.000368977	8.60298e-05
111	3.9567	357.965	269.585	0.000355308	8.55445e-05
112	3.9567	349.355	263.289	0.000362492	8.58778e-05
113	3.9567	344.809	260.39	0.000356454	8.57317e-05
114	3.9567	320.893	245.344	0.000360741	8.49625e-05
115	3.9567	355.07	269.197	0.000373683	8.58583e-05
116	3.9567	356.975	270.524	0.000389011	8.62781e-05
117	3.9567	340.491	257.248	0.000347726	8.52321e-05
118	3.9567	356.026	267.818	0.000344745	8.52112e-05
119	3.9567	353.006	266.529	0.000373962	8.61156e-05
120	3.9567	356.807	269.649	0.000353398	8.51561e-05
121	3.9567	352.81	266.542	0.000371714	8.60191e-05
122	3.9567	352.951	265.715	0.000322475	8.40432e-05
123	3.9567	338.785	257.152	0.000366524	8.55684e-05
124	3.9567	339.46	258.485	0.000371381	8.55074e-05
125	3.9567	343.659	261.192	0.000395242	8.62954e-05
126	3.9567	363.223	272.427	0.000348495	8.54402e-05
127	3.9567	354.291	267.458	0.000349963	8.51204e-05
128	3.9567	345.944	261.816	0.000352494	8.51859e-05
129	3.9567	360.212	270.155	0.000342828	8.53641e-05
130	3.9567	352.68	267.626	0.000382444	8.59194e-05
131	3.9567	343.363	260.342	0.000352997	8.51627e-05
132	3.9567	345.977	263.924	0.000378773	8.55018e-05
133	3.9567	357.982	269.941	0.000354693	8.52903e-05
134	3.9567	373.975	281.575	0.000365726	8.57539e-05
135	3.9567	340.814	259.513	0.000363791	8.51512e-05
136	3.9567	345.674	262.457	0.000372256	8.57802e-05
137	3.9567	369.951	277.586	0.000351753	8.5567e-05
138	3.9567	332.4	254.32	0.000386854	8.54011e-05
139	3.9567	346.297	261.056	0.000336125	8.47905e-05
140	3.9567	358.609	270.448	0.000356946	8.5269e-05
141	3.9567	367.59	274.204	0.000306933	8.40245e-05
142	3.9567	388.399	291.089	0.000385161	8.64295e-05
143	3.9567	355.099	267.895	0.000356436	8.5578e-05
144	3.9567	348.351	264.678	0.000373716	8.56665e-05
145	3.9567	340.104	257.653	0.000352366	8.51053e-05
146	3.9567	345.809	261.504	0.000352534	8.54058e-05
147	3.9567	357.587	270.263	0.000342413	8.49097e-05
148	3.9567	332.811	250.358	0.00033052	8.48447e-05
149	3.9567	355.357	269.284	0.0003534	8.50957e-05
150	3.9567	337.811	255.275	0.00032872	8.43015e-05
151	3.9567	348.792	263.341	0.000354438	8.54205e-05
152	3.9567	370.991	277.809	0.000353045	8.55536e-05
153	3.9567	353.243	267.798	0.000366517	8.55337e-05
154	3.9567	358.595	270.433	0.000372554	8.59922e-05
155	3.9567	338.743	256.603	0.00035244	8.51032e-05
156	3.9567	355.58	267.288	0.000341581	8.51018e-05
157	3.9567	352.648	266.132	0.000369225	8.59228e-05
158	3.9567	344.094	260.95	0.000356302	8.52216e-05
159	3.9567	352.535	267.716	0.000385776	8.60812e-05
160	3.9567	353.259	266.601	0.000348429	8.50602e-05
161	3.9567	359.979	270.464	0.000372591	8.64173e-05
162	3.9567	333.253	252.973	0.000359205	8.55339e-05
163	3.9567	338.282	256.198	0.000352123	8.5081e-05
164	3.9567	349.757	264.816	0.000375419	8.59941e-05
165	3.9567	351.616	265.915	0.000359886	8.53611e-05
166	3.9567	359.188	270.5	0.000365224	8.58879e-05
167	3.9567	368.255	277.572	0.000374951	8.61008e-05
168	3.9567	347.144	261.813	0.000337407	8.48533e-05
169	3.9567	379.539	285.403	0.00038181	8.62158e-05
170	3.9567	330.329	250.307	0.000333188	8.44717e-05
171	3.9567	347.876	263.453	0.000363918	8.56213e-05
172	3.9567	356.233	270.294	0.000371214	8.5702e-05
173	3.9567	345.119	261.441	0.00036569	8.57743e-05
174	3.9567	357.862	270.139	0.000357133	8.5461e-05
175	3.9567	340.504	259.036	0.000380684	8.59884e-05
176	3.9567	340.529	259.16	0.000372448	8.55594e-05
177	3.9567	350.214	264.759	0.000351147	8.5183e-05
178	3.9567	355.905	269.352	0.0003732	8.58169e-05
179	3.9567	350.438	266.354	0.00038786	8.63831e-05
180	3.9567	394.341	295.61	0.000372247	8.58102e-05
181	3.9567	367.617	276.964	0.000368897	8.57794e-05
182	3.9567	357.203	269.122	0.000339602	8.47993e-05
183	3.9567	338.516	256.628	0.000363009	8.56996e-05
184	3.9567	349.004	263.007	0.000345904	8.53454e-05
185	3.9567	338.098	256.432	0.000367173	8.58859e-05
186	3.9567	356.305	269.586	0.000369751	8.581e-05
187	3.9567	355.519	267.747	0.000338798	8.48167e-05
188	3.9567	346.129	263.484	0.000373563	8.56571e-05
189	3.9567	348.407	264.504	0.000368126	8.56314e-05
190	3.9567	347.134	263.758	0.000372332	8.55555e-05
191	3.9567	335.323	252.517	0.000332565	8.48693e-05
192	3.9567	364.836	274.036	0.000335289	8.47034e-05
193	3.9567	357.127	269.516	0.0003613	8.56355e-05
194	3.9567	341.234	257.999	0.000346734	8.49709e-05
195	3.9567	351.622	265.907	0.000352029	8.51472e-05
196	3.9567	342.964	259.826	0.000359107	8.53855e-05
197	3.9567	365.371	273.593	0.000350397	8.55755e-05
198	3.9567	353.997	268.294	0.000388394	8.62641e-05
199	3.9567	339.893	257.1	0.000352143	8.54194e-05
200	3.9567	345.877	261.692	0.000352808	8.51196e-05
201	3.9567	345.206	261.135	0.000353656	8.52152e-05
202	3.9567	350.917	265.814	0.000370152	8.58359e-05
203	3.9567	338.989	258.002	0.000358494	8.51097e-05
204	3.9567	338.329	255.624	0.000345744	8.50895e-05
205	3.9567	350.278	266.846	0.000396637	8.5956e-05
206	3.9567	360.211	272.013	0.000364795	8.56059e-05
207	3.9567	329.138	250.148	0.000355587	8.52642e-05
208	3.9567	331.878	250.291	0.000342605	8.53748e-05
209	3.9567	360.846	271.778	0.000351365	8.53085e-05
210	3.9567	342.698	259.686	0.000359325	8.52761e-05
211	3.9567	348.918	262.935	0.0003437	8.51152e-05
212	3.9567	346.614	264.049	0.000395921	8.62762e-05
213	3.9567	363.477	273.316	0.000345202	8.51699e-05
214	3.9567	343.183	259.92	0.000356516	8.54079e-05
215	3.9567	354.113	267.308	0.000352766	8.52339e-05
216	3.9567	373.596	281.158	0.000380988	8.6314e-05
217	3.9567	328.034	249.249	0.000354648	8.5243e-05
218	3.9567	325.714	247.632	0.000345296	8.48062e-05
219	3.9567	348.734	263.447	0.000353025	8.54249e-05
220	3.9567	339.577	255.794	0.000326408	8.4458e-05
221	3.9567	351.832	263.706	0.000338864	8.53263e-05
222	3.9567	350.283	264.717	0.000351591	8.54231e-05
223	3.9567	309.118	235.442	0.000336848	8.44519e-05
224	3.9567	327.774	250.56	0.000368943	8.51105e-05
225	3.9567	350.468	265.6	0.000370151	8.5728e-05
226	3.9567	336.968	255.986	0.000365972	8.56459e-05
227	3.9567	362.924	272.254	0.000346188	8.51931e-05
228	3.9567	322.332	245.359	0.000330212	8.41779e-05
229	3.9567	357.128	270.507	0.00037025	8.55956e-05
230	3.9567	369.765	278.773	0.000356313	8.5188e-05
231	3.9567	352.124	266.481	0.000365753	8.56168e-05
232	3.9567	360.659	271.921	0.000365802	8.5837e-05
233	3.9567	349.495	265.692	0.000362901	8.51098e-05
234	3.9567	364.623	274.189	0.000365811	8.60049e-05
235	3.9567	342.792	259.171	0.000358084	8.55483e-05
236	3.9567	342.825	259.325	0.000349276	8.50681e-05
237	3.9567	351.301	266.26	0.000369177	8.55057e-05
238	3.9567	354.602	266.673	0.000353533	8.56364e-05
239	3.9567	350.123	264.886	0.000363555	8.55802e-05
240	3.9567	344.178	260.771	0.000359786	8.55565e-05
241	3.9567	349.191	264.672	0.000380514	8.61511e-05
242	3.9567	350.757	265.37	0.000370001	8.58491e-05
243	3.9567	347.18	263.914	0.000371196	8.56123e-05
244	3.9567	337.038	255.466	0.000359867	8.55461e-05
245	3.9567	352.417	266.322	0.000349315	8.51495e-05
246	3.9567	347.297	263.39	0.00036356	8.52208e-05
247	3.9567	367.255	275.816	0.000365035	8.58323e-05
248	3.9567	357.62	271.295	0.000378817	8.5738e-05
249	3.9567	372.551	281.512	0.000375212	8.5724e-05
250	3.9567	347.689	260.118	0.000317872	8.44362e-05
251	3.9567	347.042	263.486	0.000373194	8.58214e-05
252	3.9567	348.913	263.975	0.000350017	8.52051e-05
253	3.9567	351.978	266.375	0.000376547	8.62362e-05
254	3.9567	351.443	265.589	0.000368827	8.5923e-05
255	3.9567	340.386	255.86	0.000325813	8.45302e-05
256	3.9567	362.329	274.661	0.000373442	8.56067e-05
257	3.9567	361.203	273.873	0.000387517	8.6106e-05
258	3.9567	341.628	259.431	0.000368948	8.55645e-05
259	3.9567	337.543	255.914	0.000341033	8.47539e-05
260	3.9567	335.716	254.976	0.000355086	8.5087e-05
261	3.9567	328.041	250.217	0.000369597	8.53403e-05
262	3.9567	346.103	262.643	0.000357059	8.50207e-05
263	3.9567	346.241	261.046	0.000347308	8.5211e-05
264	3.9567	330.376	250.107	0.000344198	8.49271e-05
265	3.9567	340.925	258.509	0.000355949	8.5434e-05
266	3.9567	342.773	259.403	0.000352835	8.5374e-05
267	3.9567	344.043	260.351	0.000354083	8.52799e-05
268	3.9567	347.298	263.464	0.000374184	8.57481e-05
269	3.9567	351.745	265.109	0.000348975	8.53149e-05
270	3.9567	364.213	276.552	0.000397574	8.62258e-05
271	3.9567	384.551	289.442	0.000385055	8.60714e-05
272	3.9567	350.695	266.122	0.000370813	8.56636e-05
273	3.9567	350.193	267.142	0.000417886	8.62034e-05
274	3.9567	355.09	269.42	0.000395087	8.62999e-05
275	3.9567	366.735	277.49	0.000372583	8.57329e-05
276	3.9567	367.412	277.54	0.000376204	8.56657e-05
277	3.9567	342.914	260.76	0.000374847	8.55821e-05
278	3.9567	343.042	260.109	0.000346331	8.48385e-05
279	3.9567	343.359	260.929	0.000371401	8.55588e-05
280	3.9567	350.938	268.055	0.000403506	8.57127e-05
281	3.9567	351.216	265.426	0.000365916	8.58039e-05
282	3.9567	357.042	267.819	0.000353212	8.56507e-05
283	3.9567	346.239	261.075	0.000333404	8.46449e-05
284	3.9567	352.973	266.076	0.000357102	8.56021e-05
285	3.9567	336.141	255.436	0.00035716	8.51867e-05
286	3.9567	354.701	267.711	0.000369662	8.60549e-05
287	3.9567	357.294	269.446	0.000362392	8.56335e-05
288	3.9567	339.629	255.934	0.000332375	8.47631e-05
289	3.9567	339.612	258.845	0.000376561	8.5809e-05
290	3.9567	356.86	268.577	0.000342236	8.50633e-05
291	3.9567	361.498	272.075	0.000355812	8.55422e-05
292	3.9567	329.804	251.732	0.000368604	8.53486e-05
293	3.9567	343.693	259.186	0.000338247	8.49281e-05
294	3.9567	352.546	268.059	0.000379748	8.56668e-05
295	3.9567	342.374	258.407	0.000329329	8.44878e-05
296	3.9567	344.837	259.254	0.000339059	8.51583e-05
297	3.9567	324.321	249.031	0.000395214	8.57572e-05
298	3.9567	365.411	274.951	0.000348254	8.51732e-05
299	3.9567	371.465	280.593	0.000376238	8.58317e-05
300	3.9567	353.763	268.955	0.000371704	8.53322e-05
301	3.9567	341.818	258.594	0.00035608	8.55455e-05
302	3.9567	356.499	270.648	0.000385631	8.57211e-05
303	3.9567	396.442	295.782	0.000359675	8.56142e-05
304	3.9567	354.005	266.951	0.000369406	8.59832e-05
305	3.9567	351.942	265.832	0.000365057	8.55853e-05
306	3.9567	354.499	268.596	0.000375768	8.58312e-05
307	3.9567	354.858	267.873	0.00035664	8.54214e-05
308	3.9567	371.085	279.52	0.000363945	8.56132e-05
309	3.9567	343.139	259.957	0.000363095	8.55651e-05
310	3.9567	341.696	259.241	0.000351665	8.50422e-05
311	3.9567	360.052	270.843	0.000347156	8.52874e-05
312	3.9567	342.271	258.899	0.0003528	8.53996e-05
313	3.9567	340.507	257.632	0.00034099	8.47763e-05
314	3.9567	341.059	257.208	0.000334441	8.46637e-05
315	3.9567	365.17	274.933	0.000347442	8.52591e-05
316	3.9567	340.53	255.288	0.000306686	8.37156e-05
317	3.9567	332.131	252.852	0.000361533	8.50123e-05
318	3.9567	336.309	255.168	0.000359753	8.54083e-05
319	3.9567	351.59	266.303	0.000385712	8.62521e-05
320	3.9567	351.949	263.904	0.000327286	8.45966e-05
321	3.9567	361.498	272.201	0.00035973	8.56524e-05
322	3.9567	360.948	273.204	0.000396257	8.6411e-05
323	3.9567	326.944	249.436	0.000357371	8.51161e-05
324	3.9567	331.566	251.868	0.000356733	8.52453e-05
325	3.9567	352.193	264.139	0.000328966	8.4635e-05
326	3.9567	360.059	270.791	0.000328324	8.44972e-05
327	3.9567	383.266	284.483	0.00034797	8.56836e-05
328	3.9567	357.818	269.103	0.00034778	8.52577e-05
329	3.9567	337.447	255.341	0.000344538	8.49711e-05
330	3.9567	338.776	257.122	0.00036061	8.53525e-05
331	3.9567	352.042	266.334	0.000358	8.53514e-05
332	3.9567	382.003	286.268	0.000376564	8.62561e-05
333	3.9567	338.482	256.233	0.000355993	8.54442e-05
334	3.9567	349.661	264.15	0.000358131	8.53962e-05
335	3.9567	360.074	273.03	0.000374353	8.57126e-05
336	3.9567	358.181	271.143	0.000365222	8.53217e-05
337	3.9567	354.981	268.025	0.000354749	8.55316e-05
338	3.9567	357.972	272.023	0.000392586	8.61641e-05
339	3.9567	329.865	251.577	0.000366272	8.54299e-05
340	3.9567	357.069	270.127	0.000363438	8.53363e-05
341	3.9567	347.214	263.413	0.000366139	8.55506e-05
342	3.9567	343.904	261.441	0.000373215	8.56453e-05
343	3.9567	343.541	259.581	0.000351087	8.51641e-05
344	3.9567	358.748	270.553	0.000359456	8.55376e-05
345	3.9567	342.288	260.237	0.000368526	8.55894e-05
346	3.9567	335.024	254.896	0.000354998	8.49047e-05
347	3.9567	379.103	286.721	0.000383064	8.53785e-05
348	3.9567	352.816	266.298	0.000362342	8.55724e-05
349	3.9567	360.348	271.68	0.00035878	8.5642e-05
350	3.9567	350.868	265.222	0.000347382	8.50967e-05
351	3.9567	348.467	263.706	0.000353692	8.52181e-05
352	3.9567	359.778	271.355	0.000354511	8.56308e-05
353	3.9567	339.939	258.781	0.000376134	8.56783e-05
354	3.9567	368.65	279.642	0.000394726	8.5893e-05
355	3.9567	366.434	276.027	0.000362934	8.56088e-05
356	3.9567	354.917	267.588	0.000351644	8.52272e-05
357	3.9567	334.442	252.606	0.000346603	8.54178e-05
358	3.9567	359.823	270.194	0.000353524	8.55925e-05
359	3.9567	350.31	266.333	0.000380724	8.57931e-05
360	3.9567	374.337	283.336	0.000387944	8.59929e-05
361	3.9567	374.938	280.174	0.000359297	8.60919e-05
362	3.9567	368.755	276.723	0.000330062	8.46343e-05
363	3.9567	360.139	271.13	0.000363032	8.57887e-05
364	3.9567	341.006	258.323	0.000343807	8.48097e-05
365	3.9567	368.771	277.564	0.000366246	8.57173e-05
366	3.9567	337.658	255.182	0.000340061	8.49059e-05
367	3.9567	351.096	265.388	0.000362614	8.58185e-05
368	3.9567	352.651	266.661	0.000351981	8.512e-05
369	3.9567	334.648	253.703	0.000345028	8.50166e-05
370	3.9567	342.652	259.291	0.000354098	8.54409e-05
371	3.9567	360.383	272.84	0.000382589	8.60356e-05
372	3.9567	349.055	264.396	0.00038229	8.62496e-05
373	3.9567	340.297	257.934	0.000352799	8.54184e-05
374	3.9567	333.063	253.478	0.000382015	8.58731e-05
375	3.9567	345.071	259.729	0.000339525	8.51569e-05
376	3.9567	348.806	265.223	0.000372335	8.51504e-05
377	3.9567	343.118	261.021	0.00037182	8.54606e-05
378	3.9567	344.94	259.58	0.000343893	8.53241e-05
379	3.9567	351.064	264.656	0.000357293	8.57259e-05
380	3.9567	348.603	263.874	0.000353855	8.53601e-05
381	3.9567	353.334	268.155	0.000385836	8.59562e-05
382	3.9567	353.455	267.222	0.000346049	8.4868e-05
383	3.9567	357.331	270.942	0.000371293	8.52942e-05
384	3.9567	336.896	254.743	0.000350436	8.52846e-05
385	3.9567	346.488	260.875	0.000326752	8.45235e-05
386	3.9567	341.005	258.804	0.000362124	8.55796e-05
387	3.9567	352.492	265.867	0.000347359	8.51531e-05
388	3.9567	359.658	271.195	0.000343194	8.49619e-05
389	3.9567	339.632	257.881	0.000352511	8.48362e-05
390	3.9567	333.88	251.897	0.000335885	8.47636e-05
391	3.9567	353.988	268.397	0.000372506	8.56739e-05
392	3.9567	336.034	255.473	0.000351706	8.49208e-05
393	3.9567	348.276	264.294	0.000369182	8.57736e-05
394	3.9567	350.472	265.456	0.000368679	8.56761e-05
395	3.9567	383.179	288.062	0.000378456	8.60729e-05
396	3.9567	348.155	264.188	0.000367881	8.58007e-05
397	3.9567	347.681	262.746	0.000352381	8.53605e-05
398	3.9567	351.917	266.111	0.000360565	8.55381e-05
399	3.9567	347.026	261.603	0.000342781	8.51041e-05
400	3.9567	357.599	270.081	0.000348032	8.49325e-05
401	3.9567	359.281	269.869	0.000340087	8.51345e-05
402	3.9567	343.403	256.887	0.000309413	8.40034e-05
403	3.9567	345.976	261.645	0.000346153	8.49622e-05
404	3.9567	368.674	277.324	0.000371137	8.60349e-05
405	3.9567	356.66	268.759	0.00035769	8.56419e-05
406	3.9567	347.36	262.283	0.000363826	8.59701e-05
407	3.9567	370.834	281.328	0.000418054	8.66783e-05
408	3.9567	347.911	263.076	0.000344656	8.50678e-05
409	3.9567	349.942	264.629	0.000369366	8.59379e-05
410	3.9567	332.076	252.584	0.000364704	8.54559e-05
411	3.9567	357.385	271.052	0.000366945	8.57267e-05
412	3.9567	357.115	268.405	0.000347902	8.53906e-05
413	3.9567	359.964	269.686	0.0003299	8.47847e-05
414	3.9567	318.738	242.434	0.000343192	8.47217e-05
415	3.9567	352.904	266.287	0.00034776	8.50752e-05
416	3.9567	351.747	267.712	0.000373234	8.53888e-05
417	3.9567	347.408	264.864	0.000389555	8.57351e-05
418	3.9567	354.689	269.086	0.000389347	8.6057e-05
419	3.9567	349.519	263.578	0.000348682	8.53017e-05
420	3.9567	355.78	268.179	0.000334988	8.44876e-05
421	3.9567	353.778	266.278	0.000328869	8.43877e-05
422	3.9567	343.287	260.341	0.000372081	8.5816e-05
423	3.9567	349.999	266.382	0.000388057	8.59261e-05
424	3.9567	332.943	250.887	0.000335358	8.49068e-05
425	3.9567	366.406	276.474	0.000374719	8.59166e-05
426	3.9567	350.876	265.939	0.000382787	8.60932e-05
427	3.9567	349.688	266.38	0.000390349	8.60075e-05
428	3.9567	373.234	280.339	0.000362027	8.57114e-05
429	3.9567	346.222	262.618	0.000368278	8.56401e-05
430	3.9567	370.366	278.923	0.000364401	8.56937e-05
431	3.9567	338.723	257.646	0.000364255	8.52913e-05
432	3.9567	332.519	250.766	0.00032802	8.46467e-05
433	3.9567	359.57	270.394	0.000344991	8.51021e-05
434	3.9567	341.559	257.121	0.000335254	8.49647e-05
435	3.9567	337.05	254.546	0.000334824	8.47908e-05
436	3.9567	349.124	263.65	0.000341984	8.48388e-05
437	3.9567	338.787	255.832	0.000350641	8.56035e-05
438	3.9567	338.899	257.127	0.000378428	8.60167e-05
439	3.9567	353.09	267.309	0.000362315	8.54756e-05
440	3.9567	349.366	264.228	0.000376746	8.61926e-05
441	3.9567	347.49	261.811	0.000347001	8.53068e-05
442	3.9567	349.37	264.879	0.000361489	8.5253e-05
443	3.9567	353.576	267.906	0.000367613	8.54067e-05
444	3.9567	345.548	261.942	0.000362035	8.56332e-05
445	3.9567	323.196	245.15	0.000333803	8.45933e-05
446	3.9567	333.004	252.449	0.000342443	8.47963e-05
447	3.9567	377.514	284.656	0.000376671	8.58825e-05
448	3.9567	380.145	286.615	0.00038766	8.61334e-05
449	3.9567	364.037	274.811	0.000377931	8.61381e-05
450	3.9567	348.896	263.891	0.000373034	8.59542e-05
451	3.9567	368.421	276.696	0.000358375	8.55233e-05
452	3.9567	349.118	265.27	0.000383445	8.61311e-05
453	3.9567	354.49	267.785	0.000354407	8.5277e-05
454	3.9567	361.078	274.37	0.000387083	8.58738e-05
455	3.9567	345.962	263.092	0.000353111	8.47673e-05
456	3.9567	370.582	279.839	0.000380602	8.60157e-05
457	3.9567	380.489	285.48	0.000363035	8.56966e-05
458	3.9567	354.505	267.485	0.000350195	8.52335e-05
459	3.9567	362.565	273.318	0.000371206	8.60626e-05
460	3.9567	357.472	268.845	0.000336499	8.48102e-05
461	3.9567	344.433	261.878	0.00037847	8.60166e-05
462	3.9567	356.676	269.806	0.000371836	8.58629e-05
463	3.9567	345.679	262.041	0.000364631	8.55174e-05
464	3.9567	365.586	273.292	0.000343201	8.53309e-05
465	3.9567	346.476	260.67	0.000329061	8.45143e-05
466	3.9567	351.876	267.386	0.000380067	8.58446e-05
467	3.9567	374.134	281.543	0.000369392	8.58752e-05
468	3.9567	359.46	272.991	0.00040746	8.64371e-05
469	3.9567	342.106	260.526	0.000372118	8.49511e-05
470	3.9567	344.934	261.376	0.000354361	8.51652e-05
471	3.9567	342.256	258.43	0.00035074	8.53043e-05
472	3.9567	333.581	253.837	0.000365451	8.53323e-05
473	3.9567	340.736	257.635	0.000344582	8.5005e-05
474	3.9567	366.557	278.304	0.000386511	8.54995e-05
475	3.9567	370.25	278.822	0.000387151	8.65394e-05
476	3.9567	357.754	272.606	0.000404454	8.59712e-05
477	3.9567	351.687	266.688	0.000373873	8.58471e-05
478	3.9567	371.678	281.036	0.000382164	8.59957e-05
479	3.9567	343.017	260.323	0.000353511	8.50906e-05
480	3.9567	353.227	266.674	0.000361294	8.54603e-05
481	3.9567	344.411	261.39	0.000374624	8.56953e-05
482	3.9567	353.474	267.503	0.000375485	8.57502e-05
483	3.9567	359.242	271.607	0.000366564	8.57339e-05
484	3.9567	348.758	264.549	0.000368569	8.55954e-05
485	3.9567	354.481	267.24	0.000360182	8.5653e-05
486	3.9567	352.439	266.728	0.000363453	8.55605e-05
487	3.9567	331.252	251.461	0.000345979	8.4843e-05
488	3.9567	350.434	266.372	0.000368416	8.53199e-05
489	3.9567	352.249	266.69	0.000374825	8.62073e-05
490	3.9567	324.27	246.177	0.000342697	8.50003e-05
491	3.9567	351.841	266.498	0.000361477	8.5431e-05
492	3.9567	350.491	264.54	0.000347013	8.51443e-05
493	3.9567	363.572	274.683	0.000366471	8.5651e-05
494	3.9567	338.262	257.241	0.000353721	8.50152e-05
495	3.9567	357.559	270.402	0.000366797	8.57027e-05
496	3.9567	343.16	259.325	0.000351993	8.53925e-05
497	3.9567	347.071	262.35	0.000357671	8.5514e-05
498	3.9567	375.431	280.554	0.000345222	8.54409e-05
499	3.9567	332.541	252.902	0.000363461	8.54088e-05
