Sample	Conc(uM)	APD90(ms)	APD50(ms)	CaMax(mM)	CaMin(mM)
0	1.9482	322.123	245.716	0.000395019	8.7005e-05
1	1.9482	329.424	251.436	0.000405404	8.70532e-05
2	1.9482	314.912	240.67	0.000391408	8.68516e-05
3	1.9482	324.424	247.181	0.00039407	8.7023e-05
4	1.9482	308.254	235.779	0.000387544	8.67027e-05
5	1.9482	308.487	236.123	0.000391894	8.66329e-05
6	1.9482	307.377	235.283	0.00038756	8.67022e-05
7	1.9482	301.445	230.946	0.000385207	8.65529e-05
8	1.9482	298.368	228.934	0.000383793	8.64835e-05
9	1.9482	312.753	239.331	0.000391606	8.68234e-05
10	1.9482	318.409	242.946	0.000392646	8.69049e-05
11	1.9482	309.261	236.488	0.000387764	8.67213e-05
12	1.9482	302.016	231.349	0.000384214	8.6535e-05
13	1.9482	319.906	244.4	0.000393704	8.70151e-05
14	1.9482	308.942	236.079	0.000389082	8.66285e-05
15	1.9482	306.659	234.52	0.000386012	8.66333e-05
16	1.9482	301.666	231.656	0.000386797	8.66337e-05
17	1.9482	317.39	242.19	0.000391419	8.69023e-05
18	1.9482	316.976	241.799	0.000391141	8.68801e-05
19	1.9482	323.553	246.799	0.000396169	8.70182e-05
20	1.9482	323.343	246.637	0.000395516	8.70345e-05
21	1.9482	320.017	244.033	0.000392592	8.69583e-05
22	1.9482	327.687	249.833	0.000396891	8.71629e-05
23	1.9482	327.141	249.153	0.000394857	8.71029e-05
24	1.9482	295.055	226.368	0.000381359	8.63285e-05
25	1.9482	290.664	223.563	0.000380556	8.63092e-05
26	1.9482	321.891	245.287	0.000393357	8.69835e-05
27	1.9482	307.194	234.84	0.000386383	8.66453e-05
28	1.9482	303.541	232.383	0.000385366	8.65884e-05
29	1.9482	315.81	241.145	0.000391744	8.68669e-05
30	1.9482	300.628	231.428	0.000400366	8.62365e-05
31	1.9482	320.273	244.663	0.000394277	8.6953e-05
32	1.9482	333.494	253.286	0.000396694	8.71471e-05
33	1.9482	319.008	243.48	0.000393	8.69231e-05
34	1.9482	322.361	245.772	0.00039342	8.69862e-05
35	1.9482	342.758	259.711	0.000399684	8.73341e-05
36	1.9482	321.511	245.841	0.000396432	8.70742e-05
37	1.9482	314.022	240.021	0.00039091	8.68645e-05
38	1.9482	322.506	246.148	0.000395167	8.7011e-05
39	1.9482	307.245	234.926	0.000387171	8.66538e-05
40	1.9482	334.903	254.545	0.000396955	8.72e-05
41	1.9482	333.61	253.429	0.000396896	8.71989e-05
42	1.9482	310.245	237.693	0.000390986	8.67983e-05
43	1.9482	300.233	230.443	0.000385444	8.65645e-05
44	1.9482	301.916	231.541	0.000386125	8.65915e-05
45	1.9482	320.674	245.233	0.000395169	8.70521e-05
46	1.9482	325.889	248.729	0.000397741	8.71006e-05
47	1.9482	311.696	238.67	0.000390518	8.68518e-05
48	1.9482	309.458	236.85	0.000389493	8.67425e-05
49	1.9482	290.908	223.537	0.000379497	8.62699e-05
50	1.9482	325.503	248.171	0.000395594	8.70863e-05
51	1.9482	311.265	238.291	0.00039185	8.67877e-05
52	1.9482	305.975	234.459	0.000387353	8.66932e-05
53	1.9482	290.024	222.964	0.000380088	8.62839e-05
54	1.9482	301.141	230.736	0.000384566	8.65237e-05
55	1.9482	333.924	253.951	0.000396539	8.7189e-05
56	1.9482	326.913	249.014	0.000395515	8.7106e-05
57	1.9482	324.922	247.556	0.000395402	8.70389e-05
58	1.9482	304.754	233.439	0.000386787	8.66331e-05
59	1.9482	308.556	236.362	0.000389212	8.67558e-05
60	1.9482	314.089	240.252	0.000391053	8.68778e-05
61	1.9482	310.567	237.695	0.000389853	8.68017e-05
62	1.9482	323.831	247.19	0.000395671	8.70788e-05
63	1.9482	281.963	217.384	0.000376772	8.60766e-05
64	1.9482	329.019	250.577	0.000396745	8.71601e-05
65	1.9482	332.862	253.035	0.000396689	8.71578e-05
66	1.9482	309.992	236.825	0.000388233	8.67003e-05
67	1.9482	314.975	240.527	0.00039029	8.68353e-05
68	1.9482	326.865	248.891	0.00039559	8.70924e-05
69	1.9482	304.073	232.913	0.0003853	8.65959e-05
70	1.9482	309.52	236.825	0.000388919	8.67474e-05
71	1.9482	307.422	235.487	0.000389716	8.67081e-05
72	1.9482	308.8	236.497	0.000393839	8.66346e-05
73	1.9482	345.337	261.688	0.00040174	8.74e-05
74	1.9482	312.394	238.729	0.000390602	8.67205e-05
75	1.9482	312.216	238.3	0.000388543	8.67317e-05
76	1.9482	305.413	233.933	0.000386703	8.66409e-05
77	1.9482	323.085	246.216	0.000393503	8.70054e-05
78	1.9482	298.62	229.199	0.00038684	8.64593e-05
79	1.9482	310.288	237.525	0.000389485	8.67269e-05
80	1.9482	307.909	235.554	0.000389124	8.66542e-05
81	1.9482	306.126	234.836	0.000388627	8.67539e-05
82	1.9482	308.093	235.751	0.000388049	8.67234e-05
83	1.9482	343.313	260.401	0.000401495	8.73763e-05
84	1.9482	312.016	238.625	0.000389452	8.68084e-05
85	1.9482	285.583	219.387	0.000376633	8.60976e-05
86	1.9482	315.474	241.405	0.000393128	8.68856e-05
87	1.9482	305.05	233.818	0.000387713	8.66737e-05
88	1.9482	293.418	226.15	0.000390101	8.63061e-05
89	1.9482	311.856	238.177	0.000388751	8.67594e-05
90	1.9482	314.39	240.702	0.000392876	8.69208e-05
91	1.9482	313.206	239.039	0.000389378	8.675e-05
92	1.9482	336.432	255.983	0.000400879	8.73045e-05
93	1.9482	316.804	241.884	0.000391186	8.68826e-05
94	1.9482	318.663	243.413	0.000393407	8.69705e-05
95	1.9482	298.772	229.426	0.000385359	8.65369e-05
96	1.9482	283.284	218.257	0.000377133	8.61125e-05
97	1.9482	302.665	231.975	0.000385753	8.66047e-05
98	1.9482	278.656	214.759	0.000375145	8.59273e-05
99	1.9482	324.657	247.68	0.000394815	8.70944e-05
100	1.9482	319.262	243.835	0.000393422	8.69691e-05
101	1.9482	309.512	236.803	0.000389246	8.67232e-05
102	1.9482	336.856	255.991	0.000398931	8.73008e-05
103	1.9482	314.338	240.264	0.000390402	8.68387e-05
104	1.9482	316.291	241.629	0.000391676	8.69005e-05
105	1.9482	303.746	233.754	0.000399659	8.64579e-05
106	1.9482	306.816	235.17	0.000388395	8.67234e-05
107	1.9482	385.831	287.875	0.000406118	8.77261e-05
108	1.9482	333.529	253.797	0.00039852	8.72471e-05
109	1.9482	310.166	237.072	0.000387943	8.67017e-05
110	1.9482	340.307	257.528	0.000397996	8.72342e-05
111	1.9482	318.409	242.49	0.000392648	8.67938e-05
112	1.9482	325.887	248.024	0.00039552	8.70389e-05
113	1.9482	306.18	234.516	0.000387747	8.66976e-05
114	1.9482	314.886	240.985	0.000393194	8.68964e-05
115	1.9482	305.827	234.474	0.000389357	8.66858e-05
116	1.9482	331.581	252.288	0.000396899	8.71824e-05
117	1.9482	313.933	239.925	0.000390143	8.68487e-05
118	1.9482	350.607	265.359	0.00040307	8.74566e-05
119	1.9482	336.867	255.973	0.000399245	8.72908e-05
120	1.9482	310.209	237.457	0.000390305	8.67304e-05
121	1.9482	300.617	230.32	0.000382838	8.64763e-05
122	1.9482	284.345	218.72	0.000376829	8.60963e-05
123	1.9482	275.782	211.688	0.00036981	8.56896e-05
124	1.9482	310.208	236.435	0.00038689	8.6643e-05
125	1.9482	330.707	251.864	0.000398165	8.71584e-05
126	1.9482	317.192	242.245	0.000392097	8.69304e-05
127	1.9482	298.547	228.842	0.000383451	8.64745e-05
128	1.9482	296.791	228.02	0.000384504	8.6484e-05
129	1.9482	280.626	216.414	0.000376871	8.601e-05
130	1.9482	317.329	242.387	0.000392366	8.69308e-05
131	1.9482	311.971	238.667	0.00039069	8.68245e-05
132	1.9482	326.895	249.08	0.000395324	8.71205e-05
133	1.9482	309.912	236.916	0.000388717	8.67179e-05
134	1.9482	298.234	228.971	0.000384517	8.65212e-05
135	1.9482	314.211	239.967	0.000390506	8.68281e-05
136	1.9482	307.363	235.536	0.000389498	8.6731e-05
137	1.9482	290.013	223.169	0.000380678	8.62965e-05
138	1.9482	318.745	243.478	0.000392791	8.69824e-05
139	1.9482	298.081	228.905	0.000385165	8.64514e-05
140	1.9482	312.097	238.619	0.000389829	8.68077e-05
141	1.9482	311.438	237.819	0.000389125	8.67376e-05
142	1.9482	321.382	245.489	0.000393967	8.70117e-05
143	1.9482	325.937	248.262	0.0003952	8.70604e-05
144	1.9482	298.628	229.341	0.000385084	8.65435e-05
145	1.9482	304.228	232.753	0.000385818	8.65872e-05
146	1.9482	321.69	245.334	0.000393518	8.70129e-05
147	1.9482	309.35	236.696	0.000387885	8.67306e-05
148	1.9482	309.003	236.699	0.000389251	8.67677e-05
149	1.9482	303.34	232.758	0.00038732	8.66101e-05
150	1.9482	320.144	244.158	0.000392462	8.69639e-05
151	1.9482	337.192	256.173	0.000399231	8.72858e-05
152	1.9482	325.773	248.298	0.00039642	8.70414e-05
153	1.9482	301.124	231.179	0.000385886	8.66081e-05
154	1.9482	309.455	236.801	0.000389543	8.67533e-05
155	1.9482	304.704	233.508	0.00038794	8.66448e-05
156	1.9482	315.856	240.58	0.000388503	8.67608e-05
157	1.9482	319.125	242.649	0.000389987	8.68134e-05
158	1.9482	323.82	246.887	0.000393648	8.70065e-05
159	1.9482	326.008	248.56	0.000396131	8.71128e-05
160	1.9482	316.171	241.381	0.000391159	8.68658e-05
161	1.9482	322.104	245.713	0.000393655	8.69837e-05
162	1.9482	312.459	238.096	0.000388088	8.66855e-05
163	1.9482	310.133	237.401	0.000389586	8.67991e-05
164	1.9482	317.001	242.578	0.00039353	8.69689e-05
165	1.9482	306.662	234.712	0.000387825	8.66383e-05
166	1.9482	297.977	228.494	0.000383522	8.64617e-05
167	1.9482	319.796	243.969	0.000392982	8.69659e-05
168	1.9482	320.176	244.366	0.000392711	8.6944e-05
169	1.9482	325.778	248.631	0.000396337	8.71353e-05
170	1.9482	322.229	245.913	0.000395216	8.70164e-05
171	1.9482	338.536	256.973	0.000398838	8.72984e-05
172	1.9482	299.878	229.904	0.000385594	8.64846e-05
173	1.9482	327.274	249.409	0.00039632	8.71396e-05
174	1.9482	321.844	245.571	0.000393289	8.70033e-05
175	1.9482	308.004	235.814	0.000388751	8.67248e-05
176	1.9482	319.909	244.035	0.000391469	8.69068e-05
177	1.9482	301.693	231.105	0.0003858	8.65366e-05
178	1.9482	327.059	249.279	0.000395293	8.71263e-05
179	1.9482	285.487	219.706	0.000377265	8.61403e-05
180	1.9482	289.977	222.678	0.000379819	8.62367e-05
181	1.9482	290.303	223.109	0.00037903	8.62543e-05
182	1.9482	326.356	248.613	0.000396757	8.70659e-05
183	1.9482	323.209	246.133	0.000393192	8.69775e-05
184	1.9482	323.987	247.204	0.000395202	8.70987e-05
185	1.9482	305.847	233.941	0.000386599	8.66304e-05
186	1.9482	318	242.741	0.000392569	8.69233e-05
187	1.9482	311.381	238.473	0.000391285	8.68365e-05
188	1.9482	288.827	221.71	0.000377361	8.61712e-05
189	1.9482	329.942	251.457	0.000398773	8.71523e-05
190	1.9482	306.193	234.448	0.000386601	8.66522e-05
191	1.9482	289.759	222.804	0.000379982	8.6281e-05
192	1.9482	323.982	247.197	0.000394688	8.70708e-05
193	1.9482	343.777	260.209	0.00039908	8.73192e-05
194	1.9482	302.795	231.787	0.000385242	8.65681e-05
195	1.9482	318.771	243.167	0.000390683	8.68603e-05
196	1.9482	310.281	237.436	0.000389012	8.67712e-05
197	1.9482	311.514	237.859	0.000388801	8.67473e-05
198	1.9482	337.153	255.834	0.000397742	8.72451e-05
199	1.9482	309.908	237.214	0.000389013	8.67717e-05
200	1.9482	301.842	231.783	0.000390053	8.65469e-05
201	1.9482	307.793	235.461	0.00038788	8.66995e-05
202	1.9482	299.35	229.814	0.000385202	8.65362e-05
203	1.9482	289.716	222.748	0.000380129	8.62772e-05
204	1.9482	307.549	235.453	0.000387784	8.67146e-05
205	1.9482	330.211	251.586	0.000397509	8.71818e-05
206	1.9482	318.87	243.541	0.000393484	8.69696e-05
207	1.9482	334.541	254.394	0.000397643	8.7225e-05
208	1.9482	309.991	237.133	0.000389047	8.67708e-05
209	1.9482	289.552	222.54	0.000379123	8.62477e-05
210	1.9482	307.307	235.16	0.00038724	8.6681e-05
211	1.9482	317.982	242.513	0.0003901	8.68657e-05
212	1.9482	322.905	246.125	0.000393795	8.7028e-05
213	1.9482	318.676	243.378	0.000393394	8.69691e-05
214	1.9482	308.49	236.336	0.000389077	8.67787e-05
215	1.9482	302.578	231.894	0.000385609	8.65044e-05
216	1.9482	320.746	244.707	0.000394409	8.69143e-05
217	1.9482	319.093	243.912	0.000394464	8.69262e-05
218	1.9482	317.28	242.546	0.000391908	8.69444e-05
219	1.9482	312.092	238.465	0.000388539	8.6756e-05
220	1.9482	322.047	245.599	0.00039335	8.70092e-05
221	1.9482	307.96	236.001	0.000389664	8.67544e-05
222	1.9482	332.401	252.935	0.00039748	8.72292e-05
223	1.9482	289.088	222.394	0.000380084	8.62633e-05
224	1.9482	298.808	229.156	0.000383482	8.64901e-05
225	1.9482	309.018	236.336	0.000388115	8.67218e-05
226	1.9482	317.217	242.673	0.000392104	8.69545e-05
227	1.9482	316.915	242.339	0.000392498	8.69677e-05
228	1.9482	296.23	227.385	0.000383127	8.64484e-05
229	1.9482	302.512	231.996	0.000386026	8.66e-05
230	1.9482	313.353	239.507	0.000389942	8.68302e-05
231	1.9482	313.499	239.751	0.000390291	8.68541e-05
232	1.9482	290.006	222.723	0.000378521	8.62163e-05
233	1.9482	302.127	231.046	0.000384853	8.64936e-05
234	1.9482	329.681	250.855	0.000395841	8.71258e-05
235	1.9482	303.486	232.959	0.000390287	8.66166e-05
236	1.9482	292.514	224.733	0.000380734	8.63385e-05
237	1.9482	303.633	232.907	0.000387136	8.66585e-05
238	1.9482	303.111	232.405	0.000386209	8.66086e-05
239	1.9482	318.462	242.795	0.00039173	8.69025e-05
240	1.9482	309.32	236.7	0.00038897	8.67559e-05
241	1.9482	309.049	236.494	0.000390235	8.66694e-05
242	1.9482	312.049	238.682	0.000390113	8.68167e-05
243	1.9482	340.527	258.559	0.000401506	8.73313e-05
244	1.9482	305.316	234.093	0.000388848	8.66549e-05
245	1.9482	322.721	246.072	0.000394306	8.70257e-05
246	1.9482	323.256	246.338	0.000393908	8.70024e-05
247	1.9482	319.669	244.489	0.000396841	8.70008e-05
248	1.9482	324.208	247.203	0.000395128	8.70555e-05
249	1.9482	308.963	236.236	0.000387084	8.66876e-05
250	1.9482	304.788	233.27	0.000386143	8.66238e-05
251	1.9482	299.343	229.473	0.000383634	8.64768e-05
252	1.9482	293.936	225.684	0.000380795	8.633e-05
253	1.9482	323.032	246.084	0.000393126	8.70029e-05
254	1.9482	310.943	237.688	0.000388624	8.6748e-05
255	1.9482	289.562	222.455	0.000379172	8.62426e-05
256	1.9482	311.861	238.367	0.000387963	8.67402e-05
257	1.9482	304.608	233.839	0.000390141	8.66734e-05
258	1.9482	312.553	238.997	0.000390523	8.68194e-05
259	1.9482	313.752	240.036	0.000390811	8.67984e-05
260	1.9482	309.153	236.659	0.000389064	8.67641e-05
261	1.9482	313.826	240.205	0.000391629	8.6901e-05
262	1.9482	331.22	252.161	0.000397688	8.72152e-05
263	1.9482	328.957	249.863	0.000394578	8.70565e-05
264	1.9482	314.357	240.223	0.00038992	8.68372e-05
265	1.9482	322.78	245.932	0.000395174	8.69677e-05
266	1.9482	307.589	235.909	0.000390276	8.67726e-05
267	1.9482	328.646	250.371	0.000397202	8.71533e-05
268	1.9482	330.556	251.762	0.00039899	8.71759e-05
269	1.9482	282.811	217.495	0.000376046	8.60261e-05
270	1.9482	302.216	232.014	0.000387403	8.65929e-05
271	1.9482	288.61	221.963	0.000379168	8.62526e-05
272	1.9482	298.432	228.951	0.000383916	8.64721e-05
273	1.9482	304.71	233.374	0.000385967	8.66292e-05
274	1.9482	317.465	242.748	0.000393409	8.6957e-05
275	1.9482	307.626	235.589	0.000388469	8.67101e-05
276	1.9482	298.288	228.73	0.000383601	8.64685e-05
277	1.9482	313.73	239.697	0.00038967	8.68274e-05
278	1.9482	312.239	238.811	0.000390164	8.68313e-05
279	1.9482	306.792	235.096	0.000387967	8.67226e-05
280	1.9482	291.877	224.018	0.000380506	8.62812e-05
281	1.9482	329.429	251.017	0.000398426	8.71552e-05
282	1.9482	291.821	224.31	0.000380735	8.63369e-05
283	1.9482	333.994	254.144	0.000398026	8.72303e-05
284	1.9482	344.048	261.314	0.00040633	8.73749e-05
285	1.9482	299.634	229.995	0.000384879	8.65614e-05
286	1.9482	301.933	231.409	0.000385204	8.65596e-05
287	1.9482	313.546	239.802	0.000391113	8.68575e-05
288	1.9482	307.462	235.545	0.00038772	8.67269e-05
289	1.9482	326.421	248.752	0.000396043	8.71108e-05
290	1.9482	321.895	245.448	0.00039421	8.69783e-05
291	1.9482	293.412	225.294	0.000381407	8.6366e-05
292	1.9482	292.026	224.313	0.000379035	8.62851e-05
293	1.9482	329.369	250.805	0.000396433	8.71614e-05
294	1.9482	302.534	231.946	0.000386464	8.66027e-05
295	1.9482	312.089	238.714	0.000390827	8.68134e-05
296	1.9482	292.73	224.637	0.00038059	8.63044e-05
297	1.9482	306.216	234.238	0.000386657	8.66479e-05
298	1.9482	304.032	231.373	0.000381789	8.63945e-05
299	1.9482	336.987	256.279	0.000399481	8.73349e-05
300	1.9482	319.736	243.883	0.000392295	8.69351e-05
301	1.9482	300.692	230.613	0.000387101	8.65143e-05
302	1.9482	313.513	239.591	0.000390187	8.68415e-05
303	1.9482	316.425	241.767	0.000393127	8.68744e-05
304	1.9482	292.023	224.608	0.000382607	8.62721e-05
305	1.9482	292.945	225.105	0.000381827	8.63725e-05
306	1.9482	291.937	224.571	0.000381657	8.63831e-05
307	1.9482	301.919	231.299	0.000384431	8.65418e-05
308	1.9482	308.8	236.337	0.000388566	8.67527e-05
309	1.9482	314.785	240.565	0.000391091	8.6878e-05
310	1.9482	306.636	234.782	0.000387975	8.66674e-05
311	1.9482	307.54	235.105	0.000387048	8.66694e-05
312	1.9482	301.108	230.86	0.000386235	8.65144e-05
313	1.9482	290.695	223.281	0.000380388	8.61996e-05
314	1.9482	305.834	233.831	0.000386648	8.66135e-05
315	1.9482	305.547	233.932	0.000386049	8.66396e-05
316	1.9482	320.744	244.703	0.000393566	8.69942e-05
317	1.9482	338.009	256.904	0.000399711	8.73385e-05
318	1.9482	309.242	236.715	0.000389798	8.67494e-05
319	1.9482	320.566	245.105	0.000394824	8.7069e-05
320	1.9482	327.667	249.738	0.000396217	8.7141e-05
321	1.9482	291.186	222.956	0.000378125	8.61684e-05
322	1.9482	308.514	236.106	0.000387873	8.67167e-05
323	1.9482	318.051	243.013	0.000392039	8.69394e-05
324	1.9482	318.312	242.718	0.000390573	8.68765e-05
325	1.9482	341.105	259.033	0.000401268	8.73715e-05
326	1.9482	330.535	251.458	0.000396743	8.71726e-05
327	1.9482	313.885	239.916	0.000390682	8.68642e-05
328	1.9482	312.668	239.056	0.000390648	8.682e-05
329	1.9482	290.951	223.645	0.000380317	8.6308e-05
330	1.9482	308.092	235.994	0.000390925	8.66823e-05
331	1.9482	300.038	229.96	0.000384107	8.65118e-05
332	1.9482	298.324	229.134	0.000385294	8.64767e-05
333	1.9482	317.244	242.165	0.000390541	8.68542e-05
334	1.9482	308.919	236.317	0.000389856	8.67014e-05
335	1.9482	317.108	242.277	0.000392252	8.6941e-05
336	1.9482	304.529	233.378	0.000386512	8.66445e-05
337	1.9482	319.156	243.834	0.000392068	8.6955e-05
338	1.9482	371.177	279.098	0.000406365	8.77144e-05
339	1.9482	316.952	241.99	0.000392651	8.68772e-05
340	1.9482	295.456	227.07	0.000383622	8.64636e-05
341	1.9482	329.616	251.197	0.000398425	8.71831e-05
342	1.9482	316.759	242.41	0.000393595	8.69711e-05
343	1.9482	299.768	229.741	0.000384756	8.64939e-05
344	1.9482	321.414	244.965	0.000393436	8.69652e-05
345	1.9482	311.273	238.18	0.000388557	8.67777e-05
346	1.9482	306.523	234.599	0.000386907	8.66651e-05
347	1.9482	325.324	248.007	0.000395474	8.70773e-05
348	1.9482	325.771	248.442	0.000396917	8.71042e-05
349	1.9482	315.665	241.157	0.0003915	8.68672e-05
350	1.9482	299.325	229.839	0.000385113	8.65388e-05
351	1.9482	341.494	258.91	0.000400111	8.73304e-05
352	1.9482	288.896	222.08	0.000378363	8.61633e-05
353	1.9482	324.338	246.878	0.000393276	8.70106e-05
354	1.9482	317.646	242.746	0.00039661	8.68636e-05
355	1.9482	323.105	246.692	0.00039622	8.70702e-05
356	1.9482	312.744	239.354	0.000391417	8.68671e-05
357	1.9482	306.562	234.833	0.000388224	8.6698e-05
358	1.9482	286.75	220.567	0.00038001	8.61109e-05
359	1.9482	309.264	237.083	0.000390966	8.67905e-05
360	1.9482	314.847	240.186	0.000389128	8.67931e-05
361	1.9482	297.874	228.134	0.000382792	8.64045e-05
362	1.9482	322.672	245.734	0.000392925	8.69899e-05
363	1.9482	327.067	249.443	0.000396007	8.71291e-05
364	1.9482	320.664	244.52	0.000393008	8.69704e-05
365	1.9482	310.907	237.946	0.000390225	8.6815e-05
366	1.9482	312.441	238.967	0.000390415	8.68309e-05
367	1.9482	307.948	235.742	0.000388548	8.67277e-05
368	1.9482	320.022	244.205	0.000393038	8.69692e-05
369	1.9482	287.848	221.607	0.000378756	8.62312e-05
370	1.9482	314.594	240.459	0.000390963	8.68576e-05
371	1.9482	316.53	241.69	0.000391765	8.69019e-05
372	1.9482	312.234	239.209	0.000390913	8.68637e-05
373	1.9482	336.807	256.077	0.000398671	8.72859e-05
374	1.9482	301.705	231.298	0.000386672	8.65188e-05
375	1.9482	354.031	267.445	0.0004035	8.75076e-05
376	1.9482	310.375	236.886	0.000387382	8.66942e-05
377	1.9482	324.424	247.435	0.000395543	8.70622e-05
378	1.9482	301.669	231.257	0.000385701	8.65699e-05
379	1.9482	287.676	221.054	0.000378182	8.61951e-05
380	1.9482	304.758	233.695	0.000387325	8.66834e-05
381	1.9482	341.785	259.416	0.000400186	8.73563e-05
382	1.9482	317.547	242.403	0.000390866	8.68698e-05
383	1.9482	328.762	250.128	0.000395793	8.71272e-05
384	1.9482	299.375	230.153	0.000386194	8.66091e-05
385	1.9482	320.365	243.941	0.000391452	8.69117e-05
386	1.9482	312.255	238.358	0.000388523	8.6742e-05
387	1.9482	330.233	251.622	0.000397667	8.71834e-05
388	1.9482	316.421	241.56	0.000391079	8.68617e-05
389	1.9482	303.498	232.955	0.000387617	8.66837e-05
390	1.9482	299.497	230.19	0.000390066	8.64783e-05
391	1.9482	312.788	239.304	0.000390589	8.68582e-05
392	1.9482	316.887	242.364	0.0003931	8.69656e-05
393	1.9482	308.208	236.014	0.000391951	8.66673e-05
394	1.9482	322.918	246.149	0.00039415	8.70208e-05
395	1.9482	296.167	227.346	0.000383399	8.63589e-05
396	1.9482	314.457	240.208	0.000391387	8.68233e-05
397	1.9482	299.928	229.941	0.000384286	8.65096e-05
398	1.9482	301.957	231.357	0.00038518	8.65704e-05
399	1.9482	310.707	237.557	0.000389202	8.67591e-05
400	1.9482	337.655	256.845	0.000402984	8.72822e-05
401	1.9482	290.481	223.408	0.000380927	8.63184e-05
402	1.9482	307.347	235.378	0.000389189	8.67092e-05
403	1.9482	303.046	232.249	0.000384772	8.65665e-05
404	1.9482	303.655	231.914	0.000384201	8.65197e-05
405	1.9482	319.256	243.701	0.000393803	8.69264e-05
406	1.9482	322.018	245.497	0.000393339	8.70116e-05
407	1.9482	336.228	255.372	0.000397859	8.72523e-05
408	1.9482	316.996	241.946	0.000391435	8.68946e-05
409	1.9482	308.493	236.084	0.000388165	8.67145e-05
410	1.9482	296.331	227.306	0.000382483	8.64287e-05
411	1.9482	323.208	246.721	0.000395074	8.70578e-05
412	1.9482	302.26	231.918	0.000387742	8.65876e-05
413	1.9482	300.667	230.244	0.000383399	8.64774e-05
414	1.9482	311.245	238.024	0.000389713	8.67972e-05
415	1.9482	312.321	238.776	0.000391794	8.67716e-05
416	1.9482	308.816	236.448	0.000389289	8.6719e-05
417	1.9482	315.718	240.653	0.000388878	8.67929e-05
418	1.9482	316.795	242.048	0.000391742	8.69273e-05
419	1.9482	298.941	229.397	0.000384302	8.65286e-05
420	1.9482	288.819	221.5	0.000376663	8.61367e-05
421	1.9482	324.346	246.92	0.000393307	8.70144e-05
422	1.9482	296.858	227.812	0.000383489	8.6454e-05
423	1.9482	335.656	255.438	0.000399497	8.73005e-05
424	1.9482	328.937	250.138	0.00039611	8.70777e-05
425	1.9482	305.672	234.544	0.000388353	8.67371e-05
426	1.9482	309.432	237.023	0.000388553	8.6771e-05
427	1.9482	303.915	232.897	0.000386501	8.65752e-05
428	1.9482	294.441	226.411	0.000382948	8.64435e-05
429	1.9482	299.884	229.266	0.000383241	8.64009e-05
430	1.9482	306.351	234.709	0.000387584	8.66872e-05
431	1.9482	303.551	232.227	0.000385527	8.65478e-05
432	1.9482	299.455	229.366	0.000383702	8.64614e-05
433	1.9482	306.081	234.123	0.000386576	8.66471e-05
434	1.9482	302.323	231.286	0.00038398	8.648e-05
435	1.9482	293.008	225.526	0.000386144	8.63184e-05
436	1.9482	348.073	263.689	0.000401571	8.74514e-05
437	1.9482	316.767	241.93	0.000391739	8.6918e-05
438	1.9482	302.76	232.044	0.00038594	8.66087e-05
439	1.9482	316.42	241.886	0.000392801	8.69255e-05
440	1.9482	354.628	268.159	0.000404603	8.75398e-05
441	1.9482	308.267	236.148	0.000388633	8.67544e-05
442	1.9482	308.415	236.238	0.000388929	8.67716e-05
443	1.9482	320.317	244.406	0.00039459	8.69394e-05
444	1.9482	319.212	244.163	0.00039825	8.69409e-05
445	1.9482	309.488	236.374	0.000388037	8.66883e-05
446	1.9482	308.861	236.478	0.000388959	8.6756e-05
447	1.9482	306.371	234.519	0.000387567	8.66716e-05
448	1.9482	309.37	237.128	0.00039137	8.67933e-05
449	1.9482	296.72	227.091	0.000381265	8.63551e-05
450	1.9482	304.905	234.223	0.00039663	8.65234e-05
451	1.9482	310.681	237.307	0.00038789	8.67268e-05
452	1.9482	302.727	232.092	0.000385902	8.66149e-05
453	1.9482	310.539	238.048	0.000390953	8.68647e-05
454	1.9482	313.698	239.885	0.000390055	8.6838e-05
455	1.9482	296.409	227.377	0.000382099	8.63967e-05
456	1.9482	301.745	231.61	0.000386691	8.66252e-05
457	1.9482	327.921	249.603	0.000395236	8.71076e-05
458	1.9482	287.378	220.944	0.000377436	8.61667e-05
459	1.9482	301.635	231.523	0.000385341	8.66039e-05
460	1.9482	320.369	244.459	0.000392966	8.69572e-05
461	1.9482	319.897	243.562	0.000390946	8.68766e-05
462	1.9482	314.829	240.76	0.00039135	8.69025e-05
463	1.9482	324.718	247.67	0.000395891	8.7079e-05
464	1.9482	317.589	242.151	0.000389846	8.68348e-05
465	1.9482	312.715	239.654	0.000393335	8.68793e-05
466	1.9482	303.139	231.276	0.000382451	8.6437e-05
467	1.9482	313.724	238.886	0.000388267	8.67039e-05
468	1.9482	277.74	214.094	0.000373769	8.592e-05
469	1.9482	305.86	233.913	0.000387493	8.66002e-05
470	1.9482	314.513	240.121	0.000390533	8.68353e-05
471	1.9482	347.665	263.458	0.000402376	8.74167e-05
472	1.9482	305.18	233.819	0.000387156	8.66514e-05
473	1.9482	319.906	244.15	0.000392693	8.69754e-05
474	1.9482	281.898	217.513	0.000379259	8.60635e-05
475	1.9482	316.855	241.963	0.000392462	8.68938e-05
476	1.9482	317.167	242.364	0.000393014	8.6923e-05
477	1.9482	324.906	247.574	0.000394505	8.70758e-05
478	1.9482	304.235	233.225	0.000388221	8.66234e-05
479	1.9482	338.236	256.74	0.000398189	8.72757e-05
480	1.9482	308.166	235.826	0.000387952	8.66797e-05
481	1.9482	307.615	235.682	0.000390307	8.66882e-05
482	1.9482	318.011	242.641	0.000392023	8.69019e-05
483	1.9482	309.071	236.533	0.00038846	8.67399e-05
484	1.9482	329.503	250.729	0.000395948	8.7151e-05
485	1.9482	305.127	232.684	0.000384463	8.6493e-05
486	1.9482	300.279	230.25	0.000384281	8.65367e-05
487	1.9482	297.049	227.579	0.000382264	8.64045e-05
488	1.9482	303.856	232.581	0.000384569	8.65615e-05
489	1.9482	316.458	241.425	0.000390131	8.68032e-05
490	1.9482	307.986	235.958	0.000391201	8.66893e-05
491	1.9482	308.814	236.371	0.000388855	8.67579e-05
492	1.9482	310.96	238.12	0.00039012	8.68095e-05
493	1.9482	302.887	232.283	0.000385858	8.66165e-05
494	1.9482	319.13	243.483	0.000394942	8.68674e-05
495	1.9482	297.19	227.933	0.000382572	8.64245e-05
496	1.9482	317.949	242.622	0.000391743	8.69095e-05
497	1.9482	315.04	240.353	0.000389662	8.68229e-05
498	1.9482	312.079	239.248	0.000392744	8.68945e-05
499	1.9482	322.543	246.241	0.000395445	8.70404e-05
