Sample	Conc(uM)	APD90(ms)	APD50(ms)	CaMax(mM)	CaMin(mM)
0	0.045	262.171	200.978	0.000291908	8.27293e-05
1	0.045	269.109	207.043	0.000324813	8.424e-05
2	0.045	260.756	198.679	0.000258819	8.09359e-05
3	0.045	271.848	208.816	0.000318795	8.40372e-05
4	0.045	276.438	212.754	0.000340026	8.49001e-05
5	0.045	269.296	207.204	0.000325187	8.42576e-05
6	0.045	267.589	205.248	0.00030298	8.33118e-05
7	0.045	271.252	209.021	0.000339486	8.48123e-05
8	0.045	265.908	204.174	0.000306076	8.34253e-05
9	0.045	264.458	200.868	0.000247384	8.02678e-05
10	0.045	267.921	206.111	0.000321997	8.41142e-05
11	0.045	266.684	204.302	0.000293962	8.28824e-05
12	0.045	267.688	205.889	0.000320006	8.40323e-05
13	0.045	269.303	207.356	0.000330111	8.44455e-05
14	0.045	275.508	210.565	0.000292317	8.29087e-05
15	0.045	267.567	203.319	0.000252459	8.0626e-05
16	0.045	278.867	214.597	0.000343923	8.50703e-05
17	0.045	264.863	202.611	0.00028357	8.23509e-05
18	0.045	268.648	206.271	0.00031032	8.36436e-05
19	0.045	270.153	207.254	0.000307389	8.35365e-05
20	0.045	269.197	206.548	0.000306852	8.35016e-05
21	0.045	269.018	206.575	0.000311612	8.37036e-05
22	0.045	276.929	212.81	0.00032962	8.45267e-05
23	0.045	285.32	219.243	0.000345251	8.51981e-05
24	0.045	274.926	210.539	0.000303543	8.34238e-05
25	0.045	266.37	204.568	0.000309027	8.3559e-05
26	0.045	271.056	207.571	0.000297897	8.31206e-05
27	0.045	264.976	202.935	0.00029003	8.26732e-05
28	0.045	265.679	204.519	0.000322557	8.41057e-05
29	0.045	278.431	213.782	0.000326399	8.44209e-05
30	0.045	262.033	200.124	0.000271711	8.16886e-05
31	0.045	271.083	207.198	0.000286883	8.25907e-05
32	0.045	277.011	212.712	0.000324452	8.43285e-05
33	0.045	265.53	201.819	0.000251736	8.05569e-05
34	0.045	285.695	219.166	0.000333185	8.47674e-05
35	0.045	279.524	214.977	0.000340461	8.49571e-05
36	0.045	266.895	204.211	0.000287706	8.25814e-05
37	0.045	278.72	213.302	0.000305223	8.35446e-05
38	0.045	274.072	209.153	0.00028197	8.23762e-05
39	0.045	262.092	200.021	0.000267996	8.14831e-05
40	0.045	272.931	210.021	0.000333338	8.46141e-05
41	0.045	276.599	213.098	0.000348548	8.51981e-05
42	0.045	272.222	208.435	0.000298618	8.3168e-05
43	0.045	275.457	211.733	0.000329089	8.44881e-05
44	0.045	279.274	214.178	0.000319813	8.41715e-05
45	0.045	273.494	210.11	0.000321727	8.41765e-05
46	0.045	276.871	212.312	0.000314978	8.39438e-05
47	0.045	269.343	206.431	0.000300456	8.32165e-05
48	0.045	252.481	191.042	0.000222159	7.8307e-05
49	0.045	277.325	212.861	0.00032199	8.42347e-05
50	0.045	272.405	209.646	0.000332231	8.45666e-05
51	0.045	268.072	204.983	0.000285229	8.24725e-05
52	0.045	265.955	203.588	0.000288947	8.26303e-05
53	0.045	266.008	203.66	0.000288954	8.26327e-05
54	0.045	265.491	202.676	0.000273485	8.18275e-05
55	0.045	263.911	201.885	0.000282794	8.22967e-05
56	0.045	276.488	212.347	0.000324762	8.43364e-05
57	0.045	267.371	205.103	0.000302971	8.33063e-05
58	0.045	269.656	205.8	0.000276705	8.2048e-05
59	0.045	270.272	208.361	0.000341296	8.48617e-05
60	0.045	255.835	194.755	0.000249863	8.03193e-05
61	0.045	271.192	207.819	0.00030205	8.33125e-05
62	0.045	266.138	204.25	0.000304042	8.33379e-05
63	0.045	262.745	202.058	0.000311802	8.36289e-05
64	0.045	313.868	239.605	0.000356444	8.58796e-05
65	0.045	283.214	217.199	0.000326545	8.44845e-05
66	0.045	263.147	200.594	0.000263366	8.12326e-05
67	0.045	268.928	205.568	0.000284499	8.2448e-05
68	0.045	261.94	199.315	0.00025354	8.06275e-05
69	0.045	268.046	206.288	0.000324914	8.42287e-05
70	0.045	271.828	208.633	0.000312962	8.37967e-05
71	0.045	252.346	190.925	0.000221853	7.82808e-05
72	0.045	273.716	210.722	0.000336969	8.47569e-05
73	0.045	271.173	208.997	0.000340843	8.48613e-05
74	0.045	286.561	220.107	0.000344583	8.51899e-05
75	0.045	274.628	211.117	0.000328044	8.44379e-05
76	0.045	286.408	218.553	0.000299212	8.33537e-05
77	0.045	269.968	207.364	0.000314894	8.3854e-05
78	0.045	264.135	203.224	0.00031764	8.38888e-05
79	0.045	271.687	207.317	0.000278482	8.21695e-05
80	0.045	272.135	208.766	0.000310222	8.3683e-05
81	0.045	259.37	197.982	0.000266159	8.13466e-05
82	0.045	267.935	206.561	0.000336963	8.46788e-05
83	0.045	271.416	208.124	0.000306255	8.35028e-05
84	0.045	271.403	208.625	0.000322318	8.41735e-05
85	0.045	265.89	201.991	0.000249658	8.04302e-05
86	0.045	266.911	204.566	0.00029674	8.3016e-05
87	0.045	280.475	214.859	0.000314864	8.39804e-05
88	0.045	274.5	210.569	0.000313672	8.38596e-05
89	0.045	275.077	211.841	0.000342207	8.49623e-05
90	0.045	266.958	205.756	0.000333029	8.45218e-05
91	0.045	273.686	210.323	0.000324558	8.42923e-05
92	0.045	264.687	202.603	0.000286684	8.25036e-05
93	0.045	270.703	206.682	0.000280175	8.22452e-05
94	0.045	259.468	198.706	0.000283015	8.22533e-05
95	0.045	262.951	202.319	0.000315071	8.37669e-05
96	0.045	275.564	211.064	0.000305445	8.3517e-05
97	0.045	256.512	195.514	0.000256571	8.07459e-05
98	0.045	251.088	189.424	0.00021072	7.73301e-05
99	0.045	279.663	215.277	0.000347848	8.52155e-05
100	0.045	262.97	201.636	0.00029418	8.28455e-05
101	0.045	265.965	202.37	0.000257091	8.08931e-05
102	0.045	271.868	208.591	0.000311113	8.37181e-05
103	0.045	278.42	213.758	0.00032583	8.44002e-05
104	0.045	273.576	209.452	0.000300091	8.32512e-05
105	0.045	271.234	208.324	0.000315403	8.38925e-05
106	0.045	268.366	204.713	0.000272884	8.18308e-05
107	0.045	272.259	209.122	0.00031897	8.40506e-05
108	0.045	273.094	208.21	0.000275471	8.20249e-05
109	0.045	270.992	208.952	0.000343588	8.49516e-05
110	0.045	259.347	197.98	0.000266717	8.13761e-05
111	0.045	269.849	207.923	0.000335641	8.46577e-05
112	0.045	267.942	205.063	0.000289854	8.27007e-05
113	0.045	283.363	216.856	0.000312752	8.39232e-05
114	0.045	269.805	206.695	0.000300033	8.32006e-05
115	0.045	274.317	211.641	0.000355165	8.53801e-05
116	0.045	278.218	213.099	0.000311676	8.38186e-05
117	0.045	261.515	199.865	0.000274638	8.18414e-05
118	0.045	272.602	209.253	0.000314847	8.38854e-05
119	0.045	281.379	215.385	0.000310838	8.38201e-05
120	0.045	266.859	204.192	0.000287753	8.25826e-05
121	0.045	265.842	203.785	0.000296262	8.29807e-05
122	0.045	274.56	209.432	0.000280082	8.22844e-05
123	0.045	277.474	212.27	0.000301039	8.33411e-05
124	0.045	266.176	203.397	0.000279437	8.21533e-05
125	0.045	271.911	209.272	0.000331519	8.4534e-05
126	0.045	266.444	200.013	0.000200853	7.6623e-05
127	0.045	271.868	209.029	0.000324459	8.42635e-05
128	0.045	279.353	214.999	0.000346312	8.51597e-05
129	0.045	277.884	213.566	0.000332017	8.46294e-05
130	0.045	265.895	203.968	0.000301165	8.32051e-05
131	0.045	275.511	210.122	0.000280447	8.23141e-05
132	0.045	267.061	205.516	0.000324289	8.41929e-05
133	0.045	268.49	206.048	0.000307259	8.35107e-05
134	0.045	266.867	204.931	0.000308565	8.3547e-05
135	0.045	269.918	207.148	0.000309409	8.36214e-05
136	0.045	272.729	208.419	0.000288102	8.26703e-05
137	0.045	262.442	201.421	0.00029906	8.30659e-05
138	0.045	262.77	201.253	0.000288234	8.25568e-05
139	0.045	279.619	214.799	0.000332402	8.46636e-05
140	0.045	279.095	213.117	0.000292809	8.29728e-05
141	0.045	268.246	205.991	0.000310346	8.36408e-05
142	0.045	263.22	201.93	0.000297903	8.30219e-05
143	0.045	273.563	209.816	0.000311059	8.37376e-05
144	0.045	271.575	208.216	0.000305809	8.34858e-05
145	0.045	271.912	209.128	0.000326972	8.43608e-05
146	0.045	276.095	212.091	0.000325531	8.43596e-05
147	0.045	265.131	202.924	0.000286816	8.25182e-05
148	0.045	259.815	198.269	0.00026551	8.13156e-05
149	0.045	271.558	208.121	0.000303252	8.33711e-05
150	0.045	265.716	203.958	0.000304123	8.33374e-05
151	0.045	268.08	205.813	0.000308844	8.35738e-05
152	0.045	281.146	215.874	0.000331384	8.46466e-05
153	0.045	292.465	223.76	0.000326937	8.46024e-05
154	0.045	271.334	207.539	0.000291332	8.28125e-05
155	0.045	270.098	206.42	0.000285483	8.25098e-05
156	0.045	277.165	212.828	0.000324778	8.43456e-05
157	0.045	261.642	200.427	0.000287341	8.24991e-05
158	0.045	280.647	215.713	0.000337719	8.48747e-05
159	0.045	265.614	203.927	0.00030562	8.34015e-05
160	0.045	269.915	207.466	0.000319353	8.40356e-05
161	0.045	284.953	216.96	0.000283652	8.25801e-05
162	0.045	288.783	220.875	0.000321148	8.43321e-05
163	0.045	261.461	200.752	0.000300071	8.30988e-05
164	0.045	267.087	204.526	0.000291794	8.27845e-05
165	0.045	265.835	204.157	0.000307838	8.35013e-05
166	0.045	257.679	195.896	0.000245473	8.00586e-05
167	0.045	273.573	210.092	0.000319957	8.41058e-05
168	0.045	270.797	207.861	0.0003119	8.37409e-05
169	0.045	252.922	192.555	0.000247996	8.01622e-05
170	0.045	278.926	213.595	0.00030958	8.374e-05
171	0.045	280.593	215.297	0.000325353	8.44084e-05
172	0.045	271.037	207.688	0.000301495	8.32867e-05
173	0.045	257.554	196.235	0.000255708	8.07068e-05
174	0.045	277.761	213.235	0.000324888	8.43553e-05
175	0.045	263.855	202.323	0.000295734	8.29306e-05
176	0.045	269.032	207.013	0.000325534	8.42676e-05
177	0.045	263.937	201.579	0.000273984	8.18384e-05
178	0.045	278.779	213.44	0.000308484	8.36896e-05
179	0.045	268.183	206.051	0.000313853	8.37885e-05
180	0.045	280.574	216.278	0.0003612	8.56597e-05
181	0.045	276.383	212.542	0.000333875	8.46796e-05
182	0.045	274.295	210.228	0.000307675	8.35998e-05
183	0.045	276.148	210.741	0.000284682	8.25391e-05
184	0.045	275.559	212.164	0.000341839	8.49528e-05
185	0.045	258.055	195.986	0.000241496	7.97976e-05
186	0.045	264.156	201.453	0.000266815	8.14417e-05
187	0.045	263.736	201.962	0.000288203	8.25677e-05
188	0.045	274.005	210.409	0.000319592	8.40984e-05
189	0.045	276.536	212.539	0.000330031	8.4539e-05
190	0.045	265.542	203.803	0.000303558	8.33116e-05
191	0.045	268.314	205.931	0.000307338	8.3512e-05
192	0.045	270.72	207.064	0.000290265	8.27545e-05
193	0.045	265.449	203.591	0.000299039	8.31044e-05
194	0.045	264.647	203.558	0.000315235	8.37986e-05
195	0.045	271.887	209.627	0.00034477	8.50058e-05
196	0.045	271.648	208.572	0.000315712	8.39095e-05
197	0.045	265.574	204.505	0.000324317	8.41746e-05
198	0.045	272.527	208.061	0.000282412	8.2382e-05
199	0.045	278.743	213.617	0.000311084	8.38048e-05
200	0.045	272.112	208.535	0.000303921	8.34086e-05
201	0.045	259.284	198.857	0.00029103	8.26474e-05
202	0.045	277.674	213.174	0.000324296	8.43316e-05
203	0.045	277.182	213.583	0.000350737	8.52798e-05
204	0.045	276.81	213.041	0.000340596	8.49303e-05
205	0.045	267.424	205.1	0.000301624	8.32474e-05
206	0.045	267.559	205.639	0.000315398	8.38428e-05
207	0.045	283.934	218.596	0.000358083	8.56069e-05
208	0.045	272.803	209.759	0.000326861	8.43683e-05
209	0.045	271.836	208.703	0.000315125	8.38865e-05
210	0.045	265.716	204.382	0.000317174	8.38927e-05
211	0.045	269.384	205.747	0.000285314	8.24913e-05
212	0.045	282.382	216.01	0.0003084	8.37271e-05
213	0.045	265.367	203.893	0.000309801	8.35803e-05
214	0.045	262.124	199.782	0.000261702	8.11225e-05
215	0.045	279.284	215.103	0.00035133	8.53277e-05
216	0.045	275.76	212.119	0.000334659	8.47012e-05
217	0.045	274.898	211.549	0.000336339	8.47508e-05
218	0.045	277.042	211.692	0.000296314	8.31169e-05
219	0.045	257.849	196.973	0.000268403	8.14533e-05
220	0.045	264.73	202.212	0.000275371	8.19212e-05
221	0.045	257.275	196.831	0.000275286	8.1823e-05
222	0.045	265.82	204.555	0.000320789	8.40389e-05
223	0.045	270.201	207.115	0.000302289	8.3314e-05
224	0.045	260.663	198.962	0.000266945	8.14072e-05
225	0.045	263.619	202.388	0.000302373	8.32319e-05
226	0.045	268.197	204.442	0.000268937	8.16096e-05
227	0.045	278.765	213.762	0.000318013	8.40935e-05
228	0.045	288.637	220.547	0.000311463	8.39259e-05
229	0.045	268.132	205.902	0.00031037	8.3641e-05
230	0.045	266.779	204.616	0.000301077	8.32146e-05
231	0.045	277.648	213.59	0.000338802	8.48758e-05
232	0.045	271.794	208.148	0.000299308	8.31952e-05
233	0.045	285.972	219.499	0.000337995	8.49471e-05
234	0.045	280.236	214.777	0.000317085	8.40712e-05
235	0.045	256.949	196.445	0.000271435	8.16105e-05
236	0.045	269.813	207.754	0.000331645	8.45102e-05
237	0.045	269.024	206.057	0.000296031	8.30101e-05
238	0.045	273.132	209.619	0.000314335	8.3872e-05
239	0.045	275.514	210.31	0.000285387	8.25675e-05
240	0.045	277.811	212.88	0.000311872	8.38235e-05
241	0.045	270.133	208.168	0.000338287	8.4754e-05
242	0.045	269.675	207.182	0.000311345	8.37058e-05
243	0.045	249.17	188.816	0.000225605	7.85325e-05
244	0.045	287.398	219.342	0.000301526	8.34716e-05
245	0.045	268.333	205.951	0.000307549	8.3524e-05
246	0.045	275.361	211.279	0.000316477	8.3987e-05
247	0.045	269.089	207.425	0.000338201	8.47391e-05
248	0.045	270.095	206.822	0.000295833	8.30141e-05
249	0.045	266.277	204.163	0.000298164	8.30773e-05
250	0.045	274.079	210.678	0.000326628	8.43778e-05
251	0.045	275.48	211.145	0.000309602	8.36992e-05
252	0.045	268.109	206.368	0.000325656	8.42604e-05
253	0.045	268.899	205.65	0.000287363	8.25886e-05
254	0.045	271.482	207.767	0.000294675	8.29755e-05
255	0.045	271.191	208.019	0.000308002	8.35773e-05
256	0.045	269.229	206.028	0.000291155	8.27801e-05
257	0.045	273.396	209.808	0.000314459	8.38805e-05
258	0.045	272.987	209.334	0.000309426	8.36622e-05
259	0.045	274.29	211.053	0.00033416	8.46643e-05
260	0.045	262.915	202.055	0.000307777	8.34601e-05
261	0.045	269.653	206.664	0.000300558	8.3227e-05
262	0.045	272.871	210.261	0.000342985	8.49568e-05
263	0.045	265.159	203.269	0.000295943	8.29574e-05
264	0.045	276.851	211.43	0.00028986	8.28056e-05
265	0.045	266.646	204.199	0.000291913	8.27851e-05
266	0.045	282.622	216.335	0.000312794	8.39183e-05
267	0.045	290.163	221.734	0.000314532	8.4075e-05
268	0.045	275.111	211.522	0.000330033	8.45212e-05
269	0.045	261.764	200.718	0.000292802	8.27661e-05
270	0.045	272.127	209.058	0.000319537	8.40731e-05
271	0.045	263.346	200.437	0.000255981	8.07928e-05
272	0.045	269.56	207.004	0.000312703	8.37583e-05
273	0.045	269.493	206.426	0.000296987	8.30604e-05
274	0.045	270.07	208.026	0.000334338	8.46143e-05
275	0.045	267.6	205.783	0.000318669	8.39789e-05
276	0.045	267.99	206.321	0.000326971	8.43118e-05
277	0.045	264.387	203.289	0.000312962	8.37008e-05
278	0.045	274.595	210.686	0.000315126	8.39225e-05
279	0.045	270.178	206.893	0.000296306	8.30371e-05
280	0.045	276.942	213.316	0.000347243	8.516e-05
281	0.045	272.424	209.17	0.000316271	8.39427e-05
282	0.045	265.562	204.51	0.000325929	8.42367e-05
283	0.045	271.098	208.283	0.000318291	8.40094e-05
284	0.045	271.27	208.792	0.000331537	8.4527e-05
285	0.045	269.126	206.577	0.000309174	8.36028e-05
286	0.045	265.639	203.698	0.000298314	8.30744e-05
287	0.045	263.493	201.747	0.00028686	8.2499e-05
288	0.045	269.409	206.094	0.000289509	8.27018e-05
289	0.045	264.498	203.147	0.000306584	8.34312e-05
290	0.045	266.179	203.708	0.000287634	8.25714e-05
291	0.045	267.304	204	0.00027384	8.18702e-05
292	0.045	274.175	210.549	0.000320221	8.41266e-05
293	0.045	269.39	207.912	0.000348115	8.50835e-05
294	0.045	268.111	205.796	0.000307637	8.3523e-05
295	0.045	259.683	198.618	0.000276912	8.19393e-05
296	0.045	268.907	207.14	0.000332453	8.45288e-05
297	0.045	274.297	210.795	0.000325411	8.43356e-05
298	0.045	257.067	195.746	0.000252223	8.04853e-05
299	0.045	266.626	204.768	0.000308794	8.35541e-05
300	0.045	270.481	207.86	0.000319724	8.40575e-05
301	0.045	268.363	205.961	0.000307203	8.35074e-05
302	0.045	276.337	211.757	0.000309964	8.37243e-05
303	0.045	282.078	216.475	0.000329303	8.45796e-05
304	0.045	265.313	202.845	0.000281191	8.22363e-05
305	0.045	263.844	201.852	0.000282726	8.22956e-05
306	0.045	270.639	207.624	0.00030807	8.35738e-05
307	0.045	258.819	196.26	0.000235507	7.93915e-05
308	0.045	274.465	210.47	0.000311276	8.3761e-05
309	0.045	269.747	206.981	0.000307902	8.35558e-05
310	0.045	272.232	209.279	0.000324157	8.42584e-05
311	0.045	269.287	207.24	0.000326721	8.4318e-05
312	0.045	281.172	214.828	0.000298613	8.32739e-05
313	0.045	278.545	213.908	0.000327937	8.44836e-05
314	0.045	269.864	206.913	0.000303405	8.33545e-05
315	0.045	272.968	209.925	0.000328014	8.44167e-05
316	0.045	275.318	211.726	0.000331973	8.45968e-05
317	0.045	277.396	212.295	0.000303288	8.34431e-05
318	0.045	265.588	204.547	0.00032562	8.42257e-05
319	0.045	267.705	205.004	0.000293086	8.28552e-05
320	0.045	265.886	204.611	0.000320486	8.4029e-05
321	0.045	265.502	204.836	0.000337935	8.46785e-05
322	0.045	265.924	203.904	0.000299618	8.31378e-05
323	0.045	280.835	215.309	0.000320814	8.4231e-05
324	0.045	271.592	208.112	0.000302248	8.3328e-05
325	0.045	264.583	202.963	0.000298905	8.30881e-05
326	0.045	267.327	204.756	0.000294666	8.29216e-05
327	0.045	270.934	208.332	0.000323923	8.42308e-05
328	0.045	268.893	206.869	0.000323662	8.41954e-05
329	0.045	267.989	206.019	0.000317263	8.39265e-05
330	0.045	274.481	211.234	0.000335777	8.47266e-05
331	0.045	273.195	210.222	0.000333345	8.46191e-05
332	0.045	266.73	204.506	0.000298985	8.31196e-05
333	0.045	272.807	209.828	0.000328943	8.44503e-05
334	0.045	270.161	206.736	0.000292256	8.28456e-05
335	0.045	275.354	211.332	0.000318173	8.40582e-05
336	0.045	274.528	209.834	0.000291626	8.28662e-05
337	0.045	265.309	203.862	0.000310097	8.35943e-05
338	0.045	273.432	209.843	0.00031461	8.38878e-05
339	0.045	270.752	208.75	0.000342925	8.49266e-05
340	0.045	265.451	203.363	0.000292628	8.2805e-05
341	0.045	271.681	207.784	0.000291186	8.28112e-05
342	0.045	268.073	204.844	0.000281586	8.22884e-05
343	0.045	264.779	203.672	0.000315712	8.38213e-05
344	0.045	278.645	214.083	0.000331221	8.46113e-05
345	0.045	267.847	206.062	0.000321419	8.40936e-05
346	0.045	261.979	200.401	0.000280398	8.21535e-05
347	0.045	273.011	209.745	0.00032126	8.41527e-05
348	0.045	267.322	205.335	0.00031169	8.36855e-05
349	0.045	274.622	209.926	0.000294245	8.29871e-05
350	0.045	272.891	210.283	0.000341984	8.49266e-05
351	0.045	271.624	208.913	0.000327017	8.43601e-05
352	0.045	277.58	212.33	0.000300541	8.33224e-05
353	0.045	273.203	209.566	0.000311206	8.37408e-05
354	0.045	264.768	202.405	0.000280089	8.21711e-05
355	0.045	276.024	211.753	0.000316366	8.39921e-05
356	0.045	264.345	202.979	0.000304439	8.33351e-05
357	0.045	275.671	211.157	0.000306793	8.35779e-05
358	0.045	268.037	205.047	0.000287802	8.26019e-05
359	0.045	269.709	207.514	0.000325766	8.42878e-05
360	0.045	268.563	205.274	0.000283731	8.24046e-05
361	0.045	270.412	206.539	0.000282055	8.23403e-05
362	0.045	266.243	203.968	0.000293445	8.28541e-05
363	0.045	274.326	209.775	0.000294145	8.29844e-05
364	0.045	258.021	196.628	0.000257109	8.07986e-05
365	0.045	273.784	210.024	0.000312011	8.37827e-05
366	0.045	269.963	206.563	0.00029151	8.28069e-05
367	0.045	267.027	204.684	0.000298064	8.30795e-05
368	0.045	276.087	212.661	0.000345467	8.50897e-05
369	0.045	262.003	200.855	0.000291965	8.27306e-05
370	0.045	266.582	204.013	0.00028865	8.26146e-05
371	0.045	268.118	205.437	0.000296945	8.30422e-05
372	0.045	264.882	202.976	0.000293028	8.28162e-05
373	0.045	284.984	217.019	0.000284842	8.26439e-05
374	0.045	272.332	209.835	0.000340957	8.48819e-05
375	0.045	269.699	206.208	0.000286521	8.25585e-05
376	0.045	273.55	209.496	0.000301685	8.33261e-05
377	0.045	267.591	204.219	0.000274625	8.19149e-05
378	0.045	270.721	207.352	0.00029839	8.31417e-05
379	0.045	270.492	207.063	0.000294845	8.29738e-05
380	0.045	265.38	203.084	0.000286234	8.24911e-05
381	0.045	264.574	201.98	0.000272499	8.17667e-05
382	0.045	287.112	219.045	0.000298844	8.33456e-05
383	0.045	265.982	203.07	0.000274398	8.18858e-05
384	0.045	271.279	207.422	0.000289164	8.27097e-05
385	0.045	261.323	199.075	0.000258401	8.09195e-05
386	0.045	274.906	210.363	0.000298767	8.32083e-05
387	0.045	261.578	200.09	0.000279334	8.2092e-05
388	0.045	272.761	209.212	0.000310537	8.37094e-05
389	0.045	277.639	212.566	0.000306078	8.35712e-05
390	0.045	272.889	206.92	0.000247538	8.03745e-05
391	0.045	289.281	220.943	0.000309335	8.38415e-05
392	0.045	266.33	205.076	0.000325442	8.42295e-05
393	0.045	273.566	210.281	0.000325306	8.43215e-05
394	0.045	257.664	192.615	0.000184635	7.4778e-05
395	0.045	259.332	198.569	0.000281962	8.21995e-05
396	0.045	275.704	211.937	0.000329674	8.45161e-05
397	0.045	276.724	212.605	0.000327765	8.44569e-05
398	0.045	266.758	204.848	0.000308372	8.35383e-05
399	0.045	284.282	217.551	0.000314254	8.39983e-05
400	0.045	282.186	216.017	0.000312485	8.39014e-05
401	0.045	273.413	209.765	0.000312713	8.38078e-05
402	0.045	268.084	205.59	0.000301954	8.32723e-05
403	0.045	271.264	207.875	0.000302355	8.33284e-05
404	0.045	271.406	208.228	0.000309599	8.36498e-05
405	0.045	260.637	198.203	0.000249414	8.03523e-05
406	0.045	272.447	209.012	0.000310947	8.37203e-05
407	0.045	271.915	208.803	0.000316244	8.39365e-05
408	0.045	287.711	220.942	0.000345685	8.52461e-05
409	0.045	259.182	198.124	0.000273627	8.17588e-05
410	0.045	265.122	202.975	0.000288836	8.26186e-05
411	0.045	277.415	212.534	0.000312082	8.38281e-05
412	0.045	267.124	205.335	0.000314615	8.38076e-05
413	0.045	269.037	206.792	0.000318068	8.39743e-05
414	0.045	280.812	214.737	0.000303668	8.34991e-05
415	0.045	276.985	212.491	0.000318008	8.40732e-05
416	0.045	267.58	203.846	0.000265191	8.13907e-05
417	0.045	268.986	205.288	0.000276341	8.20238e-05
418	0.045	273.45	210.178	0.000325024	8.43078e-05
419	0.045	273.081	208.775	0.000291244	8.28326e-05
420	0.045	267.353	205.61	0.000318719	8.39786e-05
421	0.045	266.264	204.269	0.000301756	8.32396e-05
422	0.045	265.672	203.124	0.000281668	8.22655e-05
423	0.045	271.561	208.398	0.00031167	8.37409e-05
424	0.045	271.521	209.236	0.000340367	8.48509e-05
425	0.045	278.225	213.641	0.000326888	8.444e-05
426	0.045	269.448	206.184	0.000291433	8.27961e-05
427	0.045	268.923	205.447	0.00028145	8.22925e-05
428	0.045	270.054	207.644	0.000322449	8.41631e-05
429	0.045	276.434	212.884	0.000344717	8.5071e-05
430	0.045	265.101	203.635	0.000307729	8.34891e-05
431	0.045	277.237	212.734	0.000320463	8.41753e-05
432	0.045	265.993	204.021	0.000300414	8.31761e-05
433	0.045	278.453	213.856	0.000328109	8.4491e-05
434	0.045	273.315	209.568	0.000309062	8.36525e-05
435	0.045	270.899	208.04	0.00031505	8.38745e-05
436	0.045	279.64	214.896	0.0003347	8.47536e-05
437	0.045	282.125	217.04	0.000348493	8.52711e-05
438	0.045	277.445	212.69	0.000314165	8.3918e-05
439	0.045	263.554	201.998	0.000292604	8.27796e-05
440	0.045	268.567	206.362	0.000315379	8.38584e-05
441	0.045	268.275	205.845	0.000305697	8.34413e-05
442	0.045	268.76	206.682	0.000320861	8.40829e-05
443	0.045	274.54	211.182	0.000332791	8.46185e-05
444	0.045	285.03	218.634	0.000332054	8.47183e-05
445	0.045	276.69	213.105	0.000346086	8.51194e-05
446	0.045	268.909	205.81	0.000294235	8.29236e-05
447	0.045	268.877	207.129	0.000333198	8.45551e-05
448	0.045	268.308	204.175	0.000260189	8.11082e-05
449	0.045	257.454	195.39	0.000237965	7.95487e-05
450	0.045	269.782	206.95	0.000306369	8.34918e-05
451	0.045	255.655	194.317	0.000242845	7.98595e-05
452	0.045	265.774	201.949	0.000250535	8.04856e-05
453	0.045	270.322	206.586	0.000284969	8.24884e-05
454	0.045	270.891	207.86	0.000309682	8.36477e-05
455	0.045	273.964	209.252	0.000286697	8.26187e-05
456	0.045	281.352	215.902	0.000327504	8.45026e-05
457	0.045	264.722	202.913	0.000294564	8.28884e-05
458	0.045	269.94	207.176	0.000309886	8.36437e-05
459	0.045	271.599	208.856	0.00032517	8.42896e-05
460	0.045	261.858	200.108	0.000274509	8.18408e-05
461	0.045	260.81	199.404	0.000275953	8.19048e-05
462	0.045	271.443	207.38	0.000286248	8.2565e-05
463	0.045	266.988	204.821	0.000302716	8.32926e-05
464	0.045	267.444	205.035	0.000299675	8.31617e-05
465	0.045	277.872	212.243	0.000292289	8.29366e-05
466	0.045	271.93	209.473	0.000337966	8.4772e-05
467	0.045	275.192	211.134	0.000315598	8.39515e-05
468	0.045	268.544	205.853	0.000300913	8.32315e-05
469	0.045	278.321	212.981	0.000304611	8.35117e-05
470	0.045	282.323	217.439	0.000357627	8.55736e-05
471	0.045	286.726	219.444	0.000318778	8.42151e-05
472	0.045	275.701	210.614	0.000289967	8.27986e-05
473	0.045	275.655	212.867	0.000366142	8.57424e-05
474	0.045	282.549	215.593	0.000292818	8.30126e-05
475	0.045	260.886	199.368	0.000273644	8.17815e-05
476	0.045	272.688	209.809	0.000331081	8.45317e-05
477	0.045	268.251	205.802	0.000304832	8.34028e-05
478	0.045	277.393	213.45	0.000340765	8.49453e-05
479	0.045	268.935	206.582	0.000313532	8.37869e-05
480	0.045	277.743	212.536	0.000303704	8.34668e-05
481	0.045	267.83	205.374	0.000300702	8.32102e-05
482	0.045	269.269	206.607	0.000307091	8.35145e-05
483	0.045	266.835	205.095	0.000314559	8.38009e-05
484	0.045	259.82	197.376	0.000243902	7.99822e-05
485	0.045	273.263	207.356	0.000251479	8.06309e-05
486	0.045	270.19	207.34	0.000309381	8.36283e-05
487	0.045	270.299	206.961	0.000296039	8.30264e-05
488	0.045	274.012	209.76	0.000300008	8.32573e-05
489	0.045	261.856	200.655	0.000289833	8.26231e-05
490	0.045	286.216	219.692	0.000338201	8.49619e-05
491	0.045	277.995	213.114	0.000315131	8.39652e-05
492	0.045	264.609	202.223	0.000278236	8.20725e-05
493	0.045	275.823	212.273	0.00033886	8.48534e-05
494	0.045	261.471	200.265	0.000286132	8.24384e-05
495	0.045	260.079	198.315	0.000261559	8.10907e-05
496	0.045	273.498	209.169	0.000293742	8.29566e-05
497	0.045	275.207	210.698	0.00030243	8.338e-05
498	0.045	262.512	201.265	0.000293116	8.27913e-05
499	0.045	262.728	200.917	0.000279457	8.21151e-05
