# 500 (alpha,mu) samples from hierarchical MCMC for Amiodarone + KvLQT1_mink
1.055813258241273367e+00 4.927703209519529004e+00
6.659327932356544633e-01 4.499008854752929665e+00
9.693449448859911000e-01 4.978058945134415048e+00
1.144339793432799457e+00 4.693434883944005875e+00
9.518461796412730491e-01 4.628032436200918198e+00
5.122977605316708649e-01 4.880600236451822838e+00
6.774932713751165014e-01 5.082531070768063763e+00
5.643893115097837754e-01 4.043597358550464094e+00
9.666358124215008729e-01 4.846288714329735292e+00
4.332200150136232275e-01 4.226577460055961133e+00
6.528304879857677046e-01 4.785925573469696381e+00
4.823087814568902121e-01 5.036067959340817524e+00
5.843492807924717258e-01 4.756802885256942837e+00
7.970988574226068879e-01 5.122110281425393374e+00
8.976989323855648628e-01 4.452952809967529291e+00
9.668902789227515893e-01 4.596353308420961348e+00
7.650737998534282713e-01 4.748329115397448952e+00
6.446635317308998525e-01 4.827857568976478220e+00
6.500957199113014395e-01 4.455647929202585900e+00
1.203057582572558459e+00 4.774887076805858221e+00
6.453873418260955841e-01 4.547124446114204410e+00
7.503682109454233862e-01 4.933414339976764040e+00
9.345814062708476255e-01 4.878746992324836995e+00
6.625777997928096186e-01 4.589775486823233663e+00
7.799248374447269594e-01 4.715111426681497520e+00
6.739347321186635043e-01 4.408983576414253314e+00
1.201857770249962210e+00 4.885358534838022848e+00
7.259896916379482423e-01 4.618283000021004447e+00
7.274066995898212928e-01 4.576942779240270376e+00
1.071868964326071927e+00 5.516653113516039930e+00
5.285401290705415978e-01 4.467897979699772648e+00
1.092043713476322120e+00 5.007779061079122407e+00
6.653668940759374095e-01 5.002913895613854578e+00
8.517455845509755985e-01 5.083303620802993805e+00
7.471724522645699640e-01 4.306994174075573945e+00
7.813767519708216813e-01 4.784372993530493723e+00
6.487627535228619458e-01 4.809525111258629693e+00
6.903595686512418172e-01 4.758142684417533630e+00
5.497502916688266072e-01 4.520881421417564994e+00
1.097473500497439858e+00 4.717732710444392019e+00
1.117873145231326859e+00 4.720159112263980106e+00
7.245421978212331915e-01 4.975262503385838642e+00
7.317725506264362023e-01 4.815631629764714816e+00
6.121954184110686148e-01 4.581355898479329447e+00
9.502548511834441047e-01 4.948293831756424233e+00
6.335501509911044549e-01 4.448644870534379514e+00
1.137102503728834924e+00 4.966908184966338347e+00
8.493781290097759396e-01 4.586182408654398301e+00
1.172927015371493686e+00 5.382364972630774957e+00
6.927499232178282451e-01 4.820630141752666908e+00
9.049398368671168758e-01 4.916624022677869910e+00
6.780946056576963032e-01 4.730997189667023761e+00
5.539976143867648695e-01 3.972110794898111585e+00
7.148925240709561590e-01 4.573489586093225867e+00
9.831054073463506571e-01 4.870712213876879026e+00
1.229492997203846860e+00 4.852438732957942591e+00
7.828578162608705870e-01 4.759589818987179477e+00
6.869518905002818254e-01 4.763355809889469938e+00
5.628011943852988530e-01 4.566868732935939867e+00
7.366258171319698400e-01 4.399783733374210470e+00
9.819958409678674061e-01 4.786923898811350497e+00
7.442288610365198620e-01 4.901371247896559424e+00
3.929416006597110655e-01 5.124183900941035041e+00
7.331552370261359419e-01 4.886087384692760160e+00
8.122440322264420365e-01 4.798508403738474648e+00
8.400183617577632322e-01 5.348417009683491763e+00
8.277032636233984109e-01 4.959396926591279176e+00
1.152548264279871448e+00 4.740416825817872493e+00
6.014103728826923900e-01 4.799102275567190823e+00
6.165981077859356008e-01 4.718861102080370351e+00
8.618669059158619028e-01 5.022787693409537013e+00
6.144507440891640027e-01 4.911208318843604204e+00
6.785998323620801020e-01 4.995432714120338069e+00
5.694379972401255596e-01 4.933234015261212413e+00
7.355480525097644051e-01 4.850631646211211567e+00
6.671718540660784846e-01 4.980100138051406056e+00
7.889234589645786055e-01 4.923470034887712288e+00
7.286808514062077524e-01 4.743146033228801350e+00
6.950206645566675556e-01 4.096251630143046718e+00
7.124075177850737184e-01 4.791249100491284274e+00
5.645467764607058347e-01 4.639877405954713652e+00
7.366258171319698400e-01 4.399783733374210470e+00
4.779114072267555136e-01 4.398037930761040215e+00
9.802274942905292443e-01 5.070403211325993809e+00
1.005011093738190864e+00 5.030458436958388013e+00
7.552078044342729335e-01 4.899194852137670253e+00
1.136855063876211824e+00 4.923719370955851105e+00
8.252983262117057350e-01 4.642343795538389273e+00
7.240670444877961298e-01 4.676388658692653522e+00
7.147730131182749025e-01 4.753782671726829001e+00
6.946456499381333805e-01 5.195589538686638420e+00
8.473312665295825719e-01 4.862770531745690406e+00
1.046167973543704166e+00 4.755032699758681147e+00
6.902779369241902607e-01 4.866238888846161181e+00
1.423717430011042007e+00 4.670459167718625793e+00
1.128202342027770255e+00 4.963289390727136485e+00
6.553654357151978971e-01 4.940709782710856146e+00
6.379370227327743059e-01 4.048842227077873446e+00
6.621285667646784612e-01 4.653216115670827158e+00
9.022536771478303352e-01 4.753143170856260369e+00
1.252661754450288489e+00 4.846716209244974927e+00
6.923264907441214477e-01 4.749498167066583676e+00
8.300730821128241566e-01 5.036529776124718971e+00
6.445638493873014907e-01 4.417474097077985107e+00
7.562869374133661671e-01 4.915118630809788058e+00
8.582816853057630979e-01 4.857908647118590828e+00
9.128579878766656108e-01 5.204096466990121073e+00
7.161793539888428040e-01 4.568414337371035749e+00
7.871574714674141049e-01 4.554081181586423277e+00
7.561237607398877403e-01 4.548024139646746455e+00
5.663014214366869359e-01 4.640591867735309961e+00
8.154524750341460848e-01 4.770025002892028354e+00
5.283604829649413137e-01 4.667160342495233039e+00
1.043778302488232779e+00 5.019641339960663196e+00
8.652963999852090193e-01 4.722894373565705628e+00
1.298515893924419906e+00 4.827185030501283336e+00
9.269924160763429732e-01 5.006691637659440808e+00
6.952741198575448367e-01 4.863082569427247037e+00
9.010872589839236113e-01 4.971209064145102552e+00
1.035052817071973275e+00 5.304768811326203704e+00
6.785998323620801020e-01 4.995432714120338069e+00
1.249696370685373870e+00 4.711969903426458828e+00
1.087270442863380371e+00 4.601684069075862915e+00
1.202202177412621698e+00 4.427383522982679231e+00
7.322223476174372081e-01 4.875538065766350293e+00
8.532463363764826170e-01 4.878810142121385418e+00
8.896517332954535506e-01 4.674644634663804865e+00
7.392512393930485981e-01 4.812753568046078456e+00
9.616663280796567959e-01 5.079227618213703721e+00
1.010708483859698914e+00 4.427483387441442098e+00
6.466619553999158887e-01 5.074808664062212316e+00
8.603100194502562026e-01 4.483321267247976749e+00
1.071179347872961873e+00 4.948879397856102536e+00
5.868025919004771218e-01 4.821736521782518103e+00
7.624292090387423393e-01 4.885448898333925705e+00
4.058744019461851815e-01 4.383980189406863737e+00
9.825143640934494993e-01 4.574131803413989061e+00
6.357921445053249521e-01 4.702894649236721847e+00
6.157930033631169309e-01 4.921691018530074402e+00
9.156819256210527724e-01 4.941109249824053862e+00
1.025390122736097531e+00 4.768575622137317893e+00
1.115595882059825961e+00 5.008168571066738295e+00
1.281374815375611265e+00 5.196364184148672294e+00
8.396101908005456638e-01 4.778795979057165688e+00
5.410830107053576921e-01 4.320018187069627480e+00
5.452796541643161188e-01 4.377552009929408072e+00
7.418211516762439617e-01 4.787088641173182779e+00
7.869947818446514365e-01 4.963519331013666047e+00
7.864967834191627372e-01 4.857863183198347201e+00
6.747736928495753350e-01 4.659840654801236326e+00
6.296446818346311813e-01 4.885634063443016650e+00
1.258401134544053335e+00 4.706757957509684509e+00
8.307039174166651607e-01 4.909191466391765957e+00
7.330295380746209011e-01 4.748841324643403361e+00
4.805942177259264758e-01 4.686271232637160722e+00
7.615949792470201318e-01 5.037480093082575827e+00
6.438634999174187579e-01 5.223478396883168173e+00
6.952651957835952468e-01 4.574440465140812151e+00
6.477081432980734688e-01 5.054677789246892594e+00
5.492036862632261318e-01 4.701424317109262674e+00
7.040186379549219220e-01 4.661535976569458839e+00
8.082967787557647776e-01 4.777811191527413293e+00
1.048991987133053305e+00 4.798168445130905013e+00
6.258263081434183306e-01 4.521094165839923740e+00
6.531234185271682646e-01 4.659623020983577391e+00
8.974403914100802515e-01 4.711574244489572294e+00
6.811682785919354055e-01 4.795512436395375389e+00
1.022001565783809074e+00 4.913320701294875192e+00
5.078090251385104503e-01 4.322954904272544141e+00
6.528238434485434949e-01 4.984693833000405583e+00
1.363246438586654730e+00 5.048855951295016631e+00
8.370568973280851921e-01 4.660677535747420386e+00
7.713005853310721527e-01 4.804966334314201504e+00
1.381101997073088228e+00 4.922702390280363716e+00
4.622165678887672491e-01 4.616424475956860896e+00
7.688754633736603061e-01 4.640714438218365601e+00
6.968479738479584906e-01 5.132790175052683423e+00
1.393754979064629307e+00 4.889558958471204697e+00
9.062596790705741423e-01 4.513286090120218752e+00
7.506509589153268491e-01 4.952195547913953000e+00
9.977082797158010052e-01 4.783104391452141613e+00
7.467607394575443980e-01 5.125592013484758347e+00
7.478326870238102275e-01 4.676262706522612334e+00
8.674241967640166084e-01 4.855526361022656445e+00
6.807949490267315440e-01 5.007494492214259019e+00
7.613315006709859833e-01 4.945667667341471230e+00
6.407636348434844198e-01 4.683713325264746707e+00
9.049879111138675603e-01 4.734100124920673558e+00
6.137609383503543903e-01 4.691951354174456412e+00
6.411980631628053651e-01 4.659802071916141486e+00
8.516094349929852481e-01 4.884833182056854461e+00
7.579256662722871907e-01 4.620055496307045928e+00
7.636014831516040324e-01 4.697609596141307797e+00
7.950101788185770513e-01 4.753475761472483185e+00
8.221238354354672984e-01 4.482006342949670596e+00
8.681251744482800792e-01 4.948887239758462009e+00
1.104461437317603378e+00 5.595284004445339576e+00
7.771353013324727721e-01 4.999610522875322260e+00
5.012756385728924791e-01 4.623173144685864600e+00
7.590863298889045652e-01 5.036228997668382057e+00
9.627200287015231783e-01 4.563170909645375417e+00
7.400661599885931530e-01 5.258581751391707471e+00
8.762303772800423829e-01 4.300272629172269490e+00
6.935103678585227138e-01 4.591374866543792344e+00
7.957918674372934653e-01 4.529969356353344523e+00
6.861045144824601261e-01 4.615424152403041269e+00
7.857691431405867677e-01 4.259813629039141070e+00
9.716337441680507059e-01 4.935444453348584837e+00
8.745386529525638331e-01 4.979890520379394836e+00
5.887390235852532072e-01 4.519437766204747575e+00
7.270235538104397044e-01 5.048379044120258285e+00
4.986232622064029063e-01 4.481304410729415544e+00
8.233408834740802984e-01 4.619086937334598630e+00
6.369925578489699092e-01 4.671254149566710367e+00
6.351865894218190478e-01 4.472370242104529936e+00
8.108353603838619472e-01 4.648878802702647306e+00
9.721615733943155258e-01 5.199876317368575585e+00
7.692438268588078776e-01 5.041637427356288725e+00
8.655423678343081573e-01 5.164482320204325738e+00
6.050898292664662614e-01 4.690888960360944715e+00
5.527931382642978786e-01 4.789695196765708651e+00
5.112223014715978620e-01 4.594564358391081349e+00
4.466082553648795250e-01 4.088585628200941180e+00
7.142043474285152405e-01 4.786133922923396788e+00
1.117915034180602118e+00 5.035121153806142225e+00
8.758445288153986485e-01 4.881645888042372761e+00
1.043049067329045121e+00 4.556453618526571603e+00
5.484442988237178129e-01 4.576946041315634872e+00
6.321435369500132406e-01 4.797401367267497996e+00
7.433142234158178763e-01 4.784170831732671658e+00
5.353659373590877735e-01 4.439650345928550124e+00
8.981887572605273817e-01 4.801186210189842818e+00
8.254795784160517957e-01 4.952967220495737344e+00
9.979780489012317624e-01 4.828258576681798253e+00
7.451393981266960509e-01 4.614935440687616186e+00
6.432463507087347043e-01 4.838935240072966160e+00
4.890181150362083451e-01 4.496463971360285861e+00
8.705281753451725724e-01 4.807976184582724244e+00
9.664031686014640243e-01 4.615627127845623789e+00
5.796750045504726057e-01 4.109830341487559657e+00
7.099344488806420550e-01 4.740710879339789408e+00
6.140055428037265450e-01 4.555755005770321553e+00
9.523031509243666815e-01 5.000178305946906931e+00
6.650091986638724251e-01 5.353312839934237566e+00
8.731780454468616171e-01 4.806979708063225054e+00
6.621285667646784612e-01 4.653216115670827158e+00
1.285647606130987608e+00 4.801340994492254488e+00
6.639109474352984375e-01 4.905188446570914351e+00
9.234987771508436083e-01 4.747949477255393624e+00
7.116080433601706945e-01 4.472847289683533845e+00
7.186594026748797104e-01 4.416165319043622084e+00
6.545144282273340774e-01 4.857576582314064417e+00
7.144394479287758948e-01 4.650795847757072998e+00
6.970159933917896566e-01 4.828552938171267073e+00
6.727790400873472354e-01 4.962781451781136610e+00
7.055756271542324987e-01 4.670404260102543503e+00
7.047403105553143865e-01 4.783479016132740291e+00
9.207694498288547802e-01 4.757175431147570244e+00
1.083720133907077665e+00 4.554155595528667000e+00
7.254299127558772042e-01 4.881024569457340867e+00
1.366286512605548342e+00 4.557013015444785431e+00
8.727038998191171126e-01 4.937240896616136077e+00
5.505506982179095843e-01 4.702925120152292138e+00
6.408328793496907982e-01 4.732454544023049436e+00
5.217992784380836024e-01 4.680212860393104357e+00
7.535113080810288411e-01 4.746212137931286712e+00
1.389536213872014425e+00 5.136749028521036209e+00
1.024727869062677321e+00 4.214588425928505799e+00
9.585378929173971052e-01 4.725754880534212887e+00
1.194080613776006494e+00 4.845537117704936669e+00
5.716805796286743568e-01 4.680787106305050571e+00
7.085267738633822532e-01 4.421544888237512794e+00
8.219094616581575918e-01 4.781152052413124132e+00
8.670936825529037550e-01 4.347891825397808496e+00
5.662938056448302282e-01 4.664163803396697894e+00
6.939743311184018992e-01 4.934353823382512161e+00
7.126458657894778614e-01 4.848581289195112554e+00
5.763562805478709139e-01 4.607213119970056781e+00
4.336874508473236856e-01 4.213056316496669673e+00
7.568587816484051434e-01 4.880469431839665084e+00
8.431732286844412227e-01 4.112654785974453553e+00
6.240649499804062916e-01 4.708315963950028049e+00
8.474163805674519434e-01 4.188932286639024838e+00
1.225875293371953445e+00 4.941203365676964943e+00
6.273345577887344815e-01 4.843638527313257391e+00
6.922991848687302108e-01 4.969193603516703917e+00
8.294010008272194590e-01 4.737411355864000306e+00
7.120046445520903378e-01 4.629963990824066400e+00
6.161276413929419604e-01 5.145522627287127726e+00
1.053187341714531433e+00 4.715039439462564097e+00
5.597925662195213370e-01 4.454412437336096708e+00
9.926848336521783001e-01 4.870290547365900835e+00
1.021960092655438634e+00 4.902472866990527756e+00
6.593895596202323794e-01 4.963865452292738567e+00
9.115580701696531785e-01 5.117668267566810592e+00
7.155010460090638347e-01 4.267585785709941071e+00
8.234977033108326072e-01 4.926051092752292249e+00
7.720161718490835545e-01 4.484273463003251692e+00
6.154699577096260921e-01 4.894348431090592477e+00
5.001771076119434500e-01 5.014505332821316941e+00
6.186415461640735192e-01 4.754807488552327932e+00
8.612606280189878394e-01 5.114481778741428286e+00
7.109891404379170554e-01 4.787055753934096991e+00
1.559353868541623278e+00 4.954325448062509629e+00
8.912646188778969858e-01 4.962125168510291395e+00
8.777566518545358853e-01 4.726835843422090733e+00
8.160503788527021518e-01 4.732769633235740514e+00
1.004066630391929449e+00 4.940238240218745247e+00
6.033225032159157397e-01 5.257305734495319349e+00
7.394674334714925745e-01 4.681701308628423597e+00
5.266079043658841163e-01 4.418578910442263918e+00
8.390933093863545134e-01 4.392782543910625392e+00
7.975687134670460532e-01 4.699064840105808827e+00
8.337994431837364440e-01 4.884049106887079716e+00
8.456332209551610246e-01 5.102272553208527128e+00
8.534514011668224986e-01 4.714756665564039828e+00
6.860460933323447863e-01 4.711550036325356849e+00
4.344612551360748087e-01 4.547952636447437413e+00
1.187753438452641808e+00 4.657378847153197832e+00
6.579594475624376271e-01 4.672238767308979135e+00
5.503491152987520785e-01 4.910319786974824297e+00
8.239179626431631931e-01 4.590376013573642666e+00
6.546555530627394814e-01 4.897951166100734888e+00
6.361100122791349953e-01 4.920250959694000947e+00
9.538889357629170007e-01 5.004005213407322294e+00
6.932524774557673464e-01 4.993740596414345312e+00
4.882032643398204752e-01 4.371748884202051322e+00
6.036357166900766513e-01 4.942329843837523384e+00
8.009693955076160332e-01 4.934291060085451264e+00
9.803285456433219469e-01 4.648485393829948187e+00
6.995753656465885095e-01 4.852747633831422824e+00
7.889999557734059810e-01 5.037236229351678141e+00
5.283355524337657316e-01 4.790985727789442095e+00
8.335056567410402684e-01 4.723841505240901739e+00
1.067771865946216980e+00 4.621388877951108753e+00
6.266283870554758550e-01 4.975439669471323434e+00
7.079174231368965398e-01 4.783377461970728106e+00
8.752811400663402797e-01 4.745813780243201663e+00
1.261637856176364592e+00 4.440987841734369113e+00
7.060970219401498937e-01 4.634160226629838064e+00
7.145663193531430757e-01 4.623867626102874162e+00
5.213441806785387156e-01 4.641944929813629273e+00
7.442288610365198620e-01 4.901371247896559424e+00
9.287000944293232196e-01 4.780223570438590031e+00
1.173012572554517963e+00 4.608870674810535917e+00
7.881514479494453607e-01 4.745952519142066173e+00
7.185927492798676042e-01 5.041653926146347331e+00
8.991381942402927319e-01 4.652097187698601921e+00
7.023615728636682931e-01 4.944015888785529000e+00
7.066334482497189651e-01 4.882837717675703182e+00
8.995253537055853954e-01 5.009405798256056030e+00
6.159591371136088345e-01 4.924350012507046515e+00
9.062596790705741423e-01 4.513286090120218752e+00
6.666441457593744735e-01 4.853724466992089148e+00
7.051258188015442352e-01 4.798443312579684594e+00
1.102883463965508737e+00 5.533144282437132411e+00
5.589401814499088683e-01 4.844282670780328814e+00
1.074637250606628402e+00 4.420716809741236375e+00
8.406304022791172281e-01 4.683635481712697057e+00
6.240101431256935838e-01 4.832352223813566994e+00
1.311117584478063369e+00 4.980549649287354441e+00
5.607323882171535434e-01 4.634962281090682978e+00
8.059856212981666435e-01 4.493890457763554558e+00
1.138086658166787224e+00 4.662561563907899220e+00
5.236000300191244738e-01 4.907190047138829669e+00
5.185181179176705513e-01 4.979108406559591415e+00
5.877283757098044070e-01 4.807817501991281439e+00
6.467060180980186423e-01 4.821268336188889947e+00
4.573493600336430709e-01 4.659448009844523675e+00
1.261834009306744164e+00 4.902048002333045496e+00
5.783787702154299382e-01 4.652930819289863962e+00
6.421849331974320840e-01 4.535211692281786000e+00
6.840513050867667033e-01 5.039694247759628709e+00
1.132703995755370618e+00 5.098797820876260545e+00
7.073353985694698087e-01 4.696169951965347700e+00
9.255742198177130398e-01 5.079155982129420543e+00
9.776409567641062281e-01 4.890298952985657088e+00
8.309461895847986002e-01 5.198386691178495056e+00
6.113762840395278175e-01 4.020531271269384810e+00
7.023306935294176823e-01 4.273982899748804520e+00
6.186435594524873904e-01 4.790383129790990679e+00
1.040062840921973875e+00 4.905070556805745774e+00
6.791938254621514570e-01 4.047695972157034916e+00
7.658118525021065937e-01 4.895016239363870980e+00
9.075892332027695186e-01 4.563853809788997573e+00
7.514541924167248421e-01 5.109849925403327831e+00
6.597224415141491605e-01 5.148934494357256142e+00
6.932524774557673464e-01 4.993740596414345312e+00
6.921738083857726931e-01 4.560161144504483843e+00
8.414305649847720892e-01 4.900618053485384706e+00
4.589398642767725800e-01 4.665267813887750137e+00
6.932784170955657022e-01 4.931625451381514758e+00
1.174672871742919567e+00 4.949100617417454551e+00
8.222671883427736805e-01 5.020779085139623454e+00
1.242575741524738486e+00 4.860565293582769009e+00
9.186620459456047438e-01 4.636640738204161671e+00
8.923082481353581397e-01 4.844642293623361518e+00
7.318126200835863848e-01 4.841871879029924663e+00
7.315732659191397369e-01 4.637695967400556007e+00
5.562400043807745886e-01 4.559069636687099525e+00
7.740091867021989813e-01 4.138264196670208506e+00
7.302720932886400673e-01 4.759832744664464599e+00
7.185687918691745502e-01 4.924849651913345561e+00
5.200567650678684650e-01 4.545858656807853393e+00
8.241367996356540049e-01 4.483391070860408334e+00
6.017635689585110192e-01 4.512444503521814809e+00
8.461412706929245520e-01 4.945839635678657586e+00
7.734406403774941596e-01 4.386507339338145961e+00
6.287059771201564118e-01 5.012988016493474142e+00
6.017137339608874536e-01 4.940001444627619698e+00
7.191570163095325485e-01 4.812071836731603547e+00
9.890190725084533341e-01 5.086912343274811121e+00
6.260092295963818332e-01 4.531013463936461427e+00
5.513190403949781437e-01 4.746271818111895691e+00
8.909306964425857123e-01 4.832847680716634287e+00
4.864558506657457038e-01 4.906131959010885168e+00
3.801670421074710982e-01 4.704172366270554129e+00
1.370110437599437736e+00 4.748052554204852171e+00
6.311573528087703888e-01 4.649669635406917578e+00
5.208139597637975182e-01 4.633488977105513662e+00
8.114070112323699124e-01 4.951872114976572092e+00
5.565990921065068209e-01 4.596393229803518388e+00
5.446127077595019905e-01 4.495012741674040413e+00
1.060361089206817597e+00 5.157496625080190356e+00
1.036120656401526396e+00 4.657657698603043350e+00
7.479628117359291561e-01 4.674074709403803318e+00
9.679241357700311132e-01 4.633099847853513253e+00
7.259625458889109595e-01 4.551393570926152599e+00
6.793105797846391569e-01 4.679703531810589290e+00
4.864057743735207273e-01 4.444200726281372305e+00
8.877272334682937416e-01 4.789064091739725804e+00
1.223663052508236149e+00 4.920613229896643404e+00
8.852646224058566826e-01 4.638505489347299893e+00
6.774014754205462951e-01 5.159393182739130168e+00
6.698711574055646878e-01 4.958563434141667337e+00
7.729851433226414548e-01 4.779764782124853006e+00
6.180340064671584477e-01 4.634587891160479423e+00
7.513816749938920792e-01 4.584261581431778865e+00
6.607645384113381981e-01 4.536655437127688373e+00
6.422607151207960774e-01 4.454815174990022442e+00
9.245602887679841286e-01 4.805099526225490081e+00
1.080960489676807246e+00 4.961299033873095787e+00
7.888080603516999245e-01 4.739477995150733314e+00
1.002125181764843997e+00 4.953279748114101544e+00
9.877356909499485083e-01 5.093816613352562861e+00
6.514635607830003838e-01 4.654113397479173742e+00
1.144600991986504335e+00 5.141920569646253547e+00
4.833054594736783671e-01 4.522262731004860647e+00
8.940449524934750425e-01 4.553710728954786013e+00
7.983652310944289177e-01 4.990786365602962960e+00
9.287267586848746426e-01 4.922251922992179729e+00
7.804998578179643820e-01 4.787275909480027458e+00
4.740922446757313002e-01 4.616089395375102988e+00
6.505876342561501824e-01 4.785033454759648031e+00
7.706538876970846497e-01 4.835788247143118390e+00
5.619730202162814825e-01 4.484938251172577495e+00
6.332628566450183571e-01 4.537280684455393676e+00
6.638254357240452874e-01 4.920762223886197440e+00
1.212400885375776394e+00 4.841038510863805655e+00
6.644259755553493241e-01 4.921317112992181109e+00
7.880317330307122781e-01 4.722022283714862212e+00
6.730581052578900048e-01 4.812464961118386064e+00
9.441636418095017413e-01 4.818364634372650279e+00
5.394604842139578693e-01 4.960425920998114080e+00
9.035278636595650559e-01 4.918092110379365778e+00
7.743667834285783425e-01 4.874440441693760562e+00
1.036041115665714107e+00 4.390680271774966670e+00
7.079993629930350085e-01 4.386886715670484271e+00
7.616966138822313104e-01 4.688769697514268309e+00
9.495125457368734923e-01 4.742206057967321087e+00
5.558657784181406658e-01 4.236213352528023002e+00
6.833295332472028027e-01 4.796733773871789452e+00
9.327415686898596903e-01 4.790460663318076406e+00
9.911608421242117384e-01 5.151394651320818419e+00
1.119050726799520890e+00 4.934960256010645807e+00
6.201126061852099136e-01 4.657887645245645025e+00
6.916864418272700155e-01 4.328694977446464698e+00
7.407129429614579541e-01 4.913263299640323822e+00
7.645813130426060145e-01 4.786532570304950163e+00
4.931956708136713829e-01 4.774446703946506609e+00
1.370299157141282365e+00 4.858041616532354112e+00
7.676700252813225545e-01 4.835427790598661346e+00
9.946883771419451348e-01 4.710387762930343669e+00
5.868730748673541830e-01 4.831830643038077078e+00
8.485679457212880195e-01 5.204686664874865087e+00
8.613220699207446707e-01 4.502617190586173379e+00
6.961586225736686728e-01 4.766255381907192223e+00
6.944912582681317392e-01 4.699972141191581798e+00
6.616073072925083842e-01 4.611720443006406711e+00
5.838586407693220348e-01 4.923164908880436563e+00
8.701058125519900432e-01 4.772778912943268281e+00
6.158023071872743559e-01 4.293783185246054401e+00
4.752066222715648491e-01 4.565783312970749463e+00
7.551678629028345524e-01 5.061463202581865772e+00
8.952646169798542664e-01 4.725659799575277376e+00
5.897430220769325215e-01 3.938721925609540264e+00
5.548945152056982133e-01 4.745476718577414488e+00
7.302132496207900392e-01 4.980437749185407270e+00
8.692070228866032311e-01 4.446586541090273847e+00
8.585739552425766252e-01 5.009222371095465753e+00
