# 500 (alpha,mu) samples from hierarchical MCMC for Amiodarone + Kir2.1
1.194831236130624585e+00 3.160863019488981518e+00
1.512020539337427749e+00 3.045603919821794126e+00
2.250855181050756659e+00 3.211653680824289037e+00
2.128840724532770068e+00 3.257441008520605585e+00
1.695133213191631238e+00 2.508892825797085280e+00
1.597929881272524000e+00 4.039551702559986524e+00
1.041785296052027965e+00 2.821170888431611345e+00
7.776148232816078032e-01 2.855445702827358101e+00
2.036448771921442802e+00 2.787229752660232762e+00
1.422346910183603486e+00 -2.896947421440542181e-01
2.736060340195734408e+00 2.006790476764572784e+00
2.467522116327791615e+00 2.672516203646178923e+00
1.420091517903559142e+00 1.488992201198263476e+00
1.868120583587409067e+00 2.795786644446312863e+00
1.988989087268630884e+00 1.337563329198288464e+00
9.723605800985606340e-01 2.294179140837506736e+00
1.657202911794059208e+00 2.446255208232755773e+00
1.597670827103306657e+00 2.042700873266174000e+00
9.271956585942526807e-01 2.024550912173009642e+00
1.013924062772944223e+00 2.839537256221284167e+00
6.002936835161364337e-01 9.577893888278785628e-01
2.914937705831266879e+00 4.230514270463474169e+00
1.309008174441244288e+00 1.831160160888037236e+00
1.826961828541238120e+00 3.922639599649213160e+00
2.390113215720540030e+00 3.146993094119351575e+00
2.570291660547892931e+00 -8.191823444974599688e-02
1.844596612472281905e+00 5.734690204232323341e-01
1.385919865615546254e+00 1.124532257308218819e+00
1.922394430765040685e+00 6.584111120061874045e-01
8.665098552285944722e-01 1.489608140591475616e+00
1.063395025046023123e+00 3.081823118416985974e+00
1.074843918973604096e+00 2.607410392734835991e+00
1.651718397802651062e+00 3.412863753730105199e+00
1.957856548731301327e+00 4.064684935403119148e+00
2.680791014081708834e+00 3.953939693507722453e+00
1.338892041390421062e+00 3.103897216753238819e+00
2.242420004306527215e+00 -4.996215754840955814e-01
1.304819361209031969e+00 2.966130313563769549e-01
1.072746006936895258e+00 1.048863140189681742e+00
1.393817370921468513e+00 2.032478681321972402e+00
2.046981676068722500e+00 4.059536540473700938e+00
1.721147999163729736e+00 3.483318086052731744e+00
8.090550617580940518e-01 4.569712794223880215e-01
1.123588351216197712e+00 -4.980933092173407406e-01
2.116824292225815807e+00 2.599495271816048447e+00
1.242296388279096275e+00 2.743406945261703367e+00
1.296017318473684510e+00 2.574039766266895235e+00
2.103363483772620945e+00 3.376481223753849292e+00
3.424535902285545941e+00 3.360760911151022268e-01
1.829260377019317207e+00 5.051855954679085325e-01
1.969639649643006640e+00 3.579455923889951929e+00
1.050615076664492387e+00 1.477116792455850813e+00
1.348963522223101563e+00 1.221614559004345901e+00
1.425214015383826194e+00 3.238133255262694910e+00
1.836364627325922649e+00 3.645063847475304986e+00
1.046457483655895748e+00 -4.528916696652540708e-01
1.596284001403759589e+00 1.434727632680447673e+00
1.589977277636257069e+00 1.700096764569485552e+00
1.520956066283079222e+00 1.562183388282984975e+00
1.147664659562716016e+00 1.061526314342855271e+00
1.885458075921302434e+00 2.760464232798513162e+00
1.787593827681454473e+00 -8.234916926741242538e-02
1.478808729450304282e+00 2.886440635799853993e+00
1.710446581483039408e+00 4.076124979980237484e+00
1.558999839393790499e+00 2.956330282370291940e+00
2.164422410434510002e+00 2.393504122420723856e+00
2.652497754128575025e+00 1.344066824278476124e+00
2.183254795536574644e+00 2.592252067504963176e+00
1.671634893853856996e+00 3.435188567470180754e+00
1.706109018760579632e+00 3.549999068849810868e+00
1.354208931116842374e+00 2.283594695988395262e+00
3.120998586372556893e+00 3.480209293843913976e+00
2.204744138639839868e+00 3.366841744020484750e+00
3.127343972114783544e+00 2.487474660674913740e-01
1.463432192725313996e+00 -1.012873562342999634e+00
2.350773092099353256e+00 -6.922918258164882932e-01
8.418132189915498165e-01 1.839668412082582138e+00
1.688103261638909558e+00 2.400800459856334168e+00
1.583104337020320385e+00 3.760815288101207354e+00
9.863436003667809260e-01 7.876536512073940566e-01
9.756899536037759724e-01 1.126285352934982331e+00
2.940406824185705759e+00 -2.473858191310642773e-01
1.189903532271904485e+00 2.059211336478476095e+00
1.499691091529634646e+00 2.006465112514839166e+00
2.871878293220164302e+00 3.499844572749802651e+00
2.127576539277983070e+00 2.634907696113518494e+00
1.670885444969037126e+00 3.295063123983639652e+00
1.193943714706638293e+00 2.620335668064063817e-01
2.070336085891548716e+00 3.334801589046276771e+00
2.446356130522124861e+00 3.925244510690036215e+00
1.027927679190214993e+00 1.676367770778455224e+00
2.253829549617986761e+00 2.790220051072916707e+00
2.275519635863713752e+00 2.237819405744944312e+00
1.796206534263250720e+00 2.848169806224454703e+00
1.241245109449451878e+00 2.308744009014577436e+00
1.420108838695752107e+00 3.670698743485731885e+00
1.196101315028649248e+00 1.179910010573924639e+00
1.638095498137731809e+00 2.626413121580261301e+00
2.537889650625257953e+00 1.030444973150260735e+00
1.695485485375012980e+00 4.305079044140680544e+00
3.750152918739164676e+00 1.542500199920562309e+00
2.155540041328820600e+00 2.391617976056759964e+00
2.629783536520685416e+00 2.833271143568561357e+00
1.101234265490545816e+00 5.518941067527757260e-01
1.147664659562716016e+00 1.061526314342855271e+00
1.489807899843827999e+00 3.107742064183019792e+00
1.594216695501176062e+00 1.790328135265064180e+00
1.644666813202301459e+00 2.472462601269257210e+00
1.437884267731479815e+00 3.702169527365313684e+00
1.721380971561084605e+00 1.561386513985801860e+00
1.763336361206346181e+00 1.630901150103705843e+00
2.308031874834459707e+00 2.626226625144837623e+00
1.983295413840646448e+00 3.509430117414222838e+00
1.756098847436336152e+00 2.566476101757372064e+00
1.252338376552564858e+00 3.504124236151429095e+00
1.640033671616622835e+00 1.398951833008253098e+00
1.997351990244697006e+00 3.780659506755586374e+00
1.352936827260275754e+00 1.973684745498487825e+00
1.543125298755826602e+00 3.715805246241407622e-01
8.358551922617556418e-01 9.836805121308943578e-01
1.281985187019888395e+00 2.898497777758245242e+00
1.323999538926089459e+00 2.044152305733535790e+00
1.167054756329097609e+00 2.324577919130057513e+00
9.514367613847236615e-01 2.946440945560864222e+00
2.729627335211841643e+00 9.262609276261248858e-01
1.713199546284523089e+00 -3.930698489942008322e-02
1.676776833083256424e+00 2.480874726527821927e+00
6.876170845325834113e-01 1.653922472596597304e+00
2.421537184698521639e+00 1.147432454733249951e+00
1.083482186679951109e+00 -8.163836632588307163e-01
1.225146027647747715e+00 2.941761651524255505e+00
2.312619748744405346e+00 3.197939604460358964e+00
1.392755874949066719e+00 2.741001892253208005e+00
1.087433228800895213e+00 8.473194851694288987e-01
3.614795587033183821e+00 2.635633282415794199e+00
1.340529044830599537e+00 3.411006495960361429e-01
1.856203847966894527e+00 2.248656397779006610e+00
2.016595612040242180e+00 3.253948355573268003e+00
1.750031827202971568e+00 2.633378242695321170e+00
1.810976685005564413e+00 2.581725435810436231e+00
1.404469733474477566e+00 2.464307908573144967e+00
9.212496884682725984e-01 2.584268064025610379e+00
1.309112447842785798e+00 1.108659147927687716e+00
1.476707752413654928e+00 3.308059017027023874e+00
2.985338274559055094e+00 3.045181238508479105e+00
2.555126587527896120e+00 1.490399806190429555e+00
1.640861842921680580e+00 2.270833596559144851e+00
1.741603717949225194e+00 2.842048816631399522e+00
1.905335651268859953e+00 2.151782660682531656e+00
4.631905161071617205e-01 4.658078870895725476e-01
1.200786718491279492e+00 4.436338998170298309e-01
1.031073671847107409e+00 1.367235993217044587e+00
1.195342781537972465e+00 2.409722437364978376e+00
2.839491906360865681e+00 -4.479455557437505009e-01
7.406018098644298053e-01 4.202158464483697897e-01
2.861646024298142077e+00 3.193869960138724817e+00
1.760608555314024048e+00 2.447386967546529402e+00
2.465130021215064637e+00 2.142302924901395844e-01
2.118650743574244988e+00 6.348875694509346079e-01
2.370289604230506164e+00 2.187890551838810982e+00
1.217569678843940961e+00 2.492070024231758385e+00
1.885728206208456825e+00 2.025468400046639861e+00
2.321406016536662342e+00 2.029956690539743924e+00
2.328304988749987370e+00 2.855443631951801287e+00
9.771695392849351069e-01 1.082419361377062961e+00
1.089500249104794705e+00 1.189249074988182997e+00
1.899825689232905734e+00 1.641339995440624477e+00
1.422282161270399303e+00 2.304250641142094658e+00
1.386485565368916983e+00 2.956641525347589727e+00
1.846375256268775855e+00 -1.655830521808013822e-01
7.841687725343446935e-01 1.780466003510484008e+00
1.151019781094608341e+00 2.827585613141576637e+00
1.770049012082602902e+00 3.042678505837379976e+00
2.156586708138374497e+00 1.340221143836755502e+00
2.003535327765876062e+00 3.452485490544326296e+00
3.070276557422207730e+00 2.484039629753584499e+00
1.521703552484166888e+00 3.325834431269733216e+00
2.757657034499581439e+00 3.279849484478311705e+00
1.321545245115840483e+00 -4.276190984355158209e-01
1.509997823699350983e+00 8.347891821785176081e-01
2.175347433917786066e+00 2.410954181653436557e+00
9.852710508067165085e-01 3.289252608692077473e+00
1.818267290048146911e+00 2.616408742831888734e+00
2.285273540305734485e+00 4.001049144078874242e+00
1.663535204991369421e+00 3.235369587743759379e+00
2.482571349020767038e+00 2.074290677662023796e+00
1.543310382784282675e+00 2.133125567589186478e+00
1.823378390170664387e+00 3.371341072770714931e+00
2.012539828498144168e+00 2.648267355567405890e+00
8.210222544814926859e-01 3.068453756233304741e+00
1.263987761416541344e+00 2.727602309005766834e+00
2.228154964942939298e+00 6.817991784972800007e-01
3.066206412290824357e+00 -9.427692991566852809e-01
1.107324040161070222e+00 3.323144763746388897e+00
8.309687104460690144e-01 8.420033931339383770e-02
3.023795729286478995e+00 4.942038711706678300e-01
1.392248728172415850e+00 6.933887215251228753e-01
1.361836610584616469e+00 3.529145889875897169e+00
2.142386048144763411e+00 1.487381426613181734e+00
2.244086254900745203e+00 5.830393073239836799e-01
2.109065770507650317e+00 1.649997374012795559e+00
1.489562047665108802e+00 2.499219753777841113e+00
2.964383048398654630e+00 2.028100286458996315e+00
9.341206837919759920e-01 2.944773985873711641e+00
1.947094225115492794e+00 2.914232435789169351e+00
1.820404762924325404e+00 4.027742902934373426e+00
1.876079774952304158e+00 3.385516603535364322e+00
1.059834149353187094e+00 1.990433745481143823e+00
2.192183079260939138e+00 1.950806068267739946e+00
2.319552766198430760e+00 4.164470533668660934e+00
6.435588863819052818e-01 4.150906161873659794e-01
1.502920372797184712e+00 1.538534353735232951e+00
1.559799537030007954e+00 -1.070867214195309058e-02
9.403291644333651167e-01 1.537996141942266082e+00
2.473376644316532591e+00 2.716730880723051023e+00
2.298356409695153868e+00 3.979828792938508109e+00
1.826100566199259534e+00 2.919220704403756361e+00
2.811410099113565764e+00 2.334699340862714578e+00
1.934642874358769582e+00 1.928354351971721004e+00
1.955141605836484331e+00 3.959983544808393763e+00
1.703878190143185645e+00 3.285669669224620559e+00
3.260868404687010447e+00 1.997860444235103561e+00
2.492898397929008691e+00 3.796937734252755270e+00
1.967426655832612115e+00 1.327212963799011547e+00
1.664429640857104875e+00 2.016989238488350988e+00
1.139421510024968942e+00 1.162624362868299732e+00
1.374442250311284752e+00 2.725178741440795083e+00
1.286862900904595319e+00 -7.917929391456832722e-01
6.704883974464341811e-01 8.483383331596930921e-01
2.452485032684571742e+00 3.331999593458625508e+00
3.283113029242094250e+00 2.914581694610604679e+00
1.924769754732287508e+00 2.655669259058847320e+00
2.517104636613691326e+00 2.242679556103413407e+00
1.971888477270108186e+00 3.439469732163104698e+00
2.205400285229966784e+00 3.025613058508819897e+00
7.160830546259460139e-01 3.209622339268533686e+00
2.199680609948832188e+00 4.790913100229305943e-01
1.591472465536347247e+00 1.132686781201277970e+00
1.697016630834433215e+00 3.091152050535270313e+00
2.387659435000429653e+00 3.188815018360648068e+00
1.405251126378178395e+00 2.011139667286693467e+00
1.979210251372322205e+00 2.057903332561527687e+00
1.591360099470418898e+00 3.089167880907489616e-03
1.118648224987071060e+00 1.952510582735162314e+00
2.610296535959733433e+00 1.588565449813860164e+00
1.296230451009435347e+00 2.454700907809539423e+00
2.380215671344632966e+00 3.066128245324030388e+00
2.140987331384196057e+00 2.968013284810676833e+00
2.344642389046332820e+00 2.682972584908241309e+00
1.720562032734019198e+00 4.095349117538605199e+00
1.646720038037790657e+00 1.036275485558439513e+00
1.688103261638909558e+00 2.400800459856334168e+00
2.100809408817633450e+00 3.524403508034582355e+00
1.787796809728912084e+00 3.502239154492198026e+00
1.680508026533957810e+00 2.931281906931420878e+00
1.537550769173883891e+00 1.527320726131368378e+00
2.678168885464812909e+00 1.770882352712060070e+00
1.028826373582061526e+00 1.507810309398902593e+00
1.577414841580114802e+00 -8.973291209417121328e-01
2.019415491361487458e+00 2.262756259654532087e+00
1.374156463082802482e+00 3.482352107686827125e+00
1.360775778725403118e+00 1.383402142922367961e+00
1.367447647317769022e+00 1.545901138510476169e+00
1.351611761513360044e+00 1.717473319627587092e+00
1.344416647880988247e+00 2.306543695795623794e+00
1.479618070616264935e+00 2.534302220261113625e+00
9.771695392849351069e-01 1.082419361377062961e+00
2.633535329440766848e+00 1.242527589355799211e+00
1.357862770595322566e+00 1.860024532609218406e+00
1.164907871458118027e+00 8.086897060745589227e-01
1.780687802948276888e+00 2.376825786712125854e+00
1.826620990864563865e+00 3.081177712062363128e+00
2.172542106209994994e+00 -5.435333111428695130e-01
1.631756119761816448e+00 2.310722384198264034e+00
1.028250143939368533e+00 3.287197742620403762e+00
2.363333137001356832e+00 3.628821882534481791e+00
2.086781696703802869e+00 1.382073814032281023e+00
2.829524215257785524e+00 2.823216326649472308e+00
9.756270079120064054e-01 3.171082635677612505e+00
2.693738729110891406e+00 3.144671887434691282e+00
1.634676266539270451e+00 3.748301188525506422e+00
2.689803200139673667e+00 2.888803912805084195e+00
1.868599645986078972e+00 3.238547232812535537e+00
1.888369268153610614e+00 2.794509286759432776e+00
1.773176241935880304e+00 6.854928612262383147e-01
5.743765385177435068e-01 1.861280001357480174e+00
1.664429640857104875e+00 2.016989238488350988e+00
1.279205012937520092e+00 2.692415611936921138e+00
1.431487354511484789e+00 2.079048254458165434e+00
7.519146957098022943e-01 3.511141476503514824e-01
1.239549709288048085e+00 2.629580286583260040e+00
2.004971571459771784e+00 4.355226682778989833e-03
2.152748726733901385e+00 3.855743728269864334e+00
1.451346321724212407e+00 3.239154235914101232e+00
1.901812290770238834e+00 3.342708768698020583e-01
1.607368767363726914e+00 3.950802275175848255e+00
1.057543449145261105e+00 1.064615980521528726e+00
1.875602224094328419e+00 -1.657270609525295924e-01
1.667391623821952162e+00 3.069168795700711438e+00
1.184279178218419215e+00 2.818189700961873267e+00
1.867470183631291025e+00 2.134828326625771489e+00
2.820738873464771590e+00 2.216170349560739439e+00
1.616099437205584577e+00 1.461645770499015784e+00
2.356832013114865010e+00 3.417609244191881501e+00
1.389683720728675187e+00 2.822156837577122435e+00
2.085605300569127074e+00 1.720113102119698700e+00
1.095196891268626960e+00 2.941287379439641914e+00
1.059366081976059526e+00 2.244121395419473863e+00
1.520433436587076415e+00 2.901189294373024197e+00
2.234148884483186936e+00 1.606775170069406844e+00
1.380737681606066136e+00 1.477058706992349091e+00
2.885565170890134645e+00 3.631619745880465544e+00
1.638838575486206262e+00 3.005910805944662645e+00
1.820762565566693691e+00 3.864587392983459324e+00
2.468891971263338370e+00 3.785555642954592237e+00
1.777469257175061657e+00 1.907341139389085782e+00
1.558869891343490410e+00 1.902555609143269599e+00
1.436629689511200958e+00 3.140388514902801020e-01
1.654821883513400316e+00 3.960082942907122483e+00
1.856421917896564855e+00 2.505151549008212797e+00
2.306471093256119431e+00 3.350863120163549702e+00
2.151856096054038048e+00 3.780487577912155395e+00
1.365833463346866727e+00 2.332599501420834720e+00
2.584966455300433896e+00 3.875278342500273698e+00
1.010801445289942091e+00 1.057998198376324694e+00
1.385877120587054590e+00 9.285992167243403150e-01
3.558791405384119866e+00 2.053711923763250180e+00
2.239888074027743592e+00 2.720544993281301949e-01
1.895709555404491375e+00 2.678715458149014239e+00
1.649921796978755850e+00 -1.102916271826670069e+00
1.378164208892415088e+00 2.232954209693532199e+00
1.154165608140224508e+00 2.726014637510877581e+00
1.405708692775568647e+00 3.120651416541479151e+00
1.309866610978827062e+00 2.350651733768113427e+00
1.264026863556481750e+00 2.186807647308643077e+00
2.060565701482400591e+00 3.547183172549278396e+00
3.724008903781912405e+00 3.562023786718338414e+00
1.134421409995015173e+00 2.427988152626672669e+00
1.079820743541466399e+00 2.156677751990843550e+00
1.482476839274953884e+00 1.022996437973594075e+00
1.463411764274318294e+00 1.304427998213510520e+00
1.826330783041030914e+00 4.331404478009869052e+00
1.870673221924151086e+00 -3.676798200887714252e-01
1.724231445920203942e+00 2.471386180111117437e+00
1.998260935513882730e+00 2.419831242179669051e+00
1.713681860570760884e+00 7.183983615103447518e-01
1.905400909674733745e+00 9.802172773068639211e-01
1.671536853722194405e+00 8.379554719321592460e-01
7.757993344802205371e-01 1.342699133090355712e+00
1.972963218251187145e+00 2.219078614758158707e+00
1.873300887470308096e+00 2.940598860727436925e+00
1.516451179205841049e+00 2.117809172543263063e+00
1.536044594036085176e+00 3.682614570659629827e+00
2.033405237471835658e+00 3.417086898697573982e+00
8.890733480260623045e-01 8.347605269333410183e-01
1.766580334143230901e+00 3.573229801763779356e+00
1.560808364546949933e+00 2.972990199590183291e+00
1.949830205582871789e+00 1.213082766153965597e+00
1.548358356372481648e+00 3.931168357015351611e-01
1.968207509756227047e+00 1.583575614376673713e+00
1.829009149724365457e+00 2.692301743833688032e+00
1.995711722741879468e+00 2.283906589779346241e+00
2.367924964488664408e+00 2.922798419193455288e+00
1.981626920698833505e+00 4.094988665315411502e+00
1.309718778000398043e+00 1.799763579255446999e-01
1.871455038299806084e+00 1.573751305737940420e+00
1.488004972053689201e+00 3.307678343648411623e+00
2.393599680425932519e+00 1.044591680217061391e+00
1.718115691100806419e+00 3.310888842232412088e+00
2.211310571934525182e+00 3.283982688149607032e+00
1.883986535590418843e+00 1.981764593638764893e+00
1.132965605120214603e+00 9.989201325578730417e-01
2.995438875062007344e+00 2.707665195715096562e+00
1.785586649708236218e+00 3.869927478036978563e+00
2.658580961188810488e+00 1.072300203225843296e+00
2.150107157418041481e+00 5.578420546002638147e-01
1.671918031151141903e+00 1.883761951460128481e+00
1.040838528240962679e+00 2.198207046488860339e+00
1.383267332160338148e+00 3.929495138623546602e+00
1.123138218791237541e+00 8.629097588411884789e-01
2.143522747322412769e+00 1.524873178625672621e+00
1.912037214787742245e+00 1.791337928060752205e+00
9.771695392849351069e-01 1.082419361377062961e+00
7.504671462617584776e-01 2.687139540848252572e+00
2.021051248170037784e+00 3.565184991512900581e+00
1.669743159219390982e+00 3.406798281205256629e+00
1.356252244219422254e+00 2.060753325788156509e+00
2.116176934818694289e+00 -1.230234505894055141e+00
2.415477915246722063e+00 1.794317140568323588e+00
3.148238753957553815e+00 4.856600841822447112e-01
2.013575305164173379e+00 3.382850432723718548e+00
1.509439606023135871e+00 2.072957858445672930e+00
1.796066273777723765e+00 1.488815385721870665e+00
1.944699315519145211e+00 2.243862232133665646e+00
1.745601752480380853e+00 2.875081425751374820e+00
1.216953209291197879e+00 3.931314839089540047e+00
2.152078244326850243e+00 -3.464182632979218024e-02
1.193745446279673272e+00 2.489029982136525820e+00
1.734881387147315657e+00 3.071852581709902275e+00
2.562099563823265314e+00 3.206822188319284894e+00
3.320782076983663345e+00 1.838919004397117085e+00
1.861780518611639401e+00 2.371800511084813046e+00
2.059741274903509556e+00 1.832520832085118956e+00
1.790912180481582183e+00 6.076777079639030799e-01
1.463118661794418518e+00 2.760723540530654496e+00
3.266461206560481667e+00 7.972236026249122087e-01
2.765514380344165524e+00 4.227109771140267647e+00
1.601074243899787808e+00 2.786943418232049385e+00
9.847660473119048685e-01 2.351759758350735030e+00
9.200432597974940174e-01 2.877120465791370485e+00
1.659809895679736469e+00 2.539698166063997675e+00
8.436375932483886064e-01 7.654499017170112163e-01
1.439232505740346557e+00 3.363355675359685826e+00
3.212301907462508321e+00 2.539702037765216858e+00
8.292670046358808777e-01 8.648124901984086677e-01
9.285411561147195458e-01 5.847470658418491007e-01
1.385720712300187119e+00 3.286711070544137137e+00
8.812876290530416989e-01 1.460555899935357616e+00
1.046340507502542705e+00 2.196000657807827494e+00
1.252651418034530062e+00 1.812700796234653522e+00
1.889236495911433833e+00 2.026815019429144549e+00
7.580502046946853145e-01 1.691851796441502964e+00
1.614764360411729660e+00 2.507632467354969474e+00
2.106828873074065189e+00 2.882329176870745524e+00
2.288158440936280069e+00 3.683363361695427773e+00
1.341657225440829881e+00 1.374783741053671626e+00
1.726221830377589805e+00 2.749404721245443106e+00
2.861646024298142077e+00 3.193869960138724817e+00
1.360775778725403118e+00 1.383402142922367961e+00
1.514945649607798428e+00 1.870513488207625308e+00
1.021044530051405719e+00 1.851245224613035090e+00
1.841205023831915089e+00 2.352272072041261097e+00
1.628065489285852596e+00 2.217052427539214499e+00
7.580502046946853145e-01 1.691851796441502964e+00
2.628217987300586866e+00 3.236351562527612913e+00
2.060565701482400591e+00 3.547183172549278396e+00
2.799052552062668564e+00 3.185770476217853364e+00
2.174303680078808476e+00 3.499700710075975163e+00
1.493059958824588973e+00 2.617326768542389548e+00
1.719033411770319875e+00 1.510089404977068339e+00
1.296536446216323801e+00 -2.387402742179531856e-01
2.922249322621399248e+00 8.562785286413707730e-01
1.444127307363990420e+00 1.431759976421848490e+00
2.643385054025039871e+00 2.349866341382911727e+00
1.519471797885841635e+00 1.369491101273565103e+00
1.023151220321889987e+00 7.974842697127437763e-01
1.463115410831016483e+00 1.612787250050842669e+00
1.255488805980126799e+00 9.080084007283766301e-01
1.363586300023065023e+00 1.372869267190194531e+00
1.766366893659749415e+00 3.395143717292750551e+00
1.942650743844366978e+00 2.070981807984876522e+00
1.590564962532352355e+00 1.103530153589651785e+00
6.034649247831118668e-01 4.326321764726340779e-01
2.157084681009553417e+00 3.125815181282312061e+00
1.100964055025974275e+00 2.595717019433454009e+00
1.651712276250351996e+00 3.563516518203226902e+00
1.336873054821777096e+00 1.567967400585955406e+00
1.634284259191443711e+00 1.722792125818682685e+00
2.092395779417500101e+00 3.826066229889334203e+00
2.761695481948098330e+00 2.111356607987513456e+00
1.764451053564829675e+00 3.071169796971452204e+00
2.899791584611002282e+00 1.630749467389052798e+00
1.871181426884303445e+00 1.731067569744523027e+00
8.527903201955689960e-01 6.849103018677958898e-01
1.853266149708397537e+00 2.920590312826962798e+00
1.845880103301207553e+00 1.318045880735176034e+00
2.006010349194490505e+00 -1.055562971407075779e-01
1.204208563257359810e+00 2.635021794399052819e+00
1.765904764167580243e+00 1.830579911973484908e+00
1.289922646560505815e+00 3.853204631114730105e+00
1.556429057483166511e+00 3.342408277243643422e+00
1.136034813417904354e+00 2.397433980949653431e+00
2.860260379357352001e+00 2.186606300690401739e+00
2.358891409358726765e+00 3.771869954121960244e+00
8.598847177438175837e-01 1.406252170140840363e+00
2.706836275575643658e+00 1.545654122270818887e+00
1.355587743092634634e+00 2.346800539131169039e+00
1.973002663706105775e+00 7.788618717057793628e-01
1.913039926872715180e+00 3.293922870465656683e+00
1.706995803970214443e+00 1.229792262312315643e+00
2.141104407782439267e+00 2.809139637697064984e+00
1.160887745165373408e+00 1.889666502540691795e+00
1.189986927138812600e+00 2.413450347275832186e+00
1.380385308807646538e+00 2.866736200530058731e+00
2.067801355721420542e+00 3.145311361861319099e+00
9.514367613847236615e-01 2.946440945560864222e+00
2.101667741424163793e+00 1.359127316570833077e+00
1.445113577833469609e+00 2.229337526363533772e+00
8.280717556171134364e-01 1.537427350743517218e+00
1.225996865656609369e+00 1.904354747039546769e+00
1.636121753899612230e+00 3.345475746102404280e+00
2.759898092608269682e+00 5.974852463400273095e-01
1.277399687165961195e+00 2.578856406283448255e+00
1.155241554460968656e+00 2.461087280525383392e+00
2.774786893890498707e+00 2.018853428594681532e+00
1.327911837409714080e+00 2.891482138886148689e+00
1.851801235023951442e+00 3.874326973448394273e+00
1.340227249018354216e+00 2.903271609739042969e+00
2.011737351919977712e+00 1.717947870579318748e+00
1.547478055748886305e+00 1.067774564720961328e-01
