# Hierarchical MCMC downsampled to get 500 samples
# alpha, beta, mu, s
1.764405231492961246e+00 5.574744455709629065e+00 3.276102398968046447e+00 5.489637127026748553e-01
1.443501212309802773e+00 6.059043795654297959e+00 1.485010602138092217e+00 1.402477241875094705e-01
1.008599241426639592e+00 6.185562813637718982e+00 2.670295958167580253e+00 2.068413431773277189e-01
1.966520919518076393e+00 6.071456598471133503e+00 2.901280362395602941e-01 9.323467616837234628e-02
7.988801513348642303e-01 4.225648015937529145e+00 6.865946424372726398e-02 1.473297201043844429e-01
2.458247764321900508e+00 5.332273585943510419e+00 1.910118051168936848e+00 2.491974790344601565e-01
2.592155606506526322e+00 1.088120341854589945e+01 3.247205099403914108e+00 8.418978996665628378e-02
1.779379401808913075e+00 3.119862899584180838e+00 -3.938936708209878068e-02 1.798564528156374465e-01
1.806088138389255082e+00 6.037917439301478062e+00 1.402546806804592983e+00 3.352768999248301185e-01
1.270944122040081226e+00 3.857822947013314963e+00 3.087808854931208824e+00 7.558635444683742266e-02
1.746933562570311071e+00 4.430252592757264019e+00 9.594551260834416340e-03 1.137618254282247998e-01
1.720519021214423905e+00 9.475489563965233231e+00 -1.012605866824286549e+00 2.045528280783133201e-01
8.584997506403586609e-01 7.038204567192725136e+00 -9.347244929615374787e-01 2.342623649574915035e-01
9.813526938975019043e-01 8.765064625663494979e+00 -1.520744498850645776e-03 2.952830281389062228e-01
1.865267211003623027e+00 4.225477865573968650e+00 2.439654706607266466e+00 9.014599713217932853e-02
1.498854060025712531e+00 4.925626669919194178e+00 -1.396899624185185651e+00 1.016592155467102299e-01
7.041532830559424916e-01 3.880263340864568367e+00 -1.119486279965197895e+00 1.422261057436721432e-01
2.121279707335167686e+00 3.497014200393636862e+00 3.973346134503986438e+00 1.537294882251152572e-01
1.746641477655099361e+00 5.325880168667843861e+00 2.609466775233836522e+00 9.898492479103321307e-02
2.929594967352169732e+00 7.187308586067675975e+00 3.346598555203328385e+00 3.340194724002493731e-01
7.525462391549816443e-01 7.337452583701162823e+00 2.612375317417137577e+00 2.708259137286332385e-01
9.110360923508508124e-01 4.994472066980323532e+00 4.137630356127242059e-02 5.694040883462160585e-02
1.752009307384954306e+00 4.661687178524868358e+00 1.796110648122913656e+00 3.531956747102777960e-01
1.460528114352543261e+00 6.490735478531528102e+00 -5.899317883832120302e-01 1.093985092798434172e-01
6.112482638339815644e-01 3.890285673847258874e+00 -3.213929646345262681e-01 3.490940889407266323e-01
1.335424583598305404e+00 3.039934667504923915e+00 4.068171024537508562e-01 1.511639290758086118e-01
2.458488702291187877e+00 6.840214149508900832e+00 -1.040746067874824821e+00 3.352535330112313416e-01
2.498019240563456922e+00 5.692752522264933113e+00 1.445190713397658921e+00 1.476349699007880045e-01
1.326657813110892370e+00 5.020618154980741821e+00 1.517453337380235467e+00 2.903946806534271063e-01
2.098091904011121667e+00 7.892171406039371284e+00 6.510366698296941035e-01 2.357386848921062261e-01
2.497014283158061954e+00 4.902567518688419668e+00 -1.708736267603183645e-01 3.617719598850590024e-01
3.248163453808374790e+00 9.926873099892397079e+00 7.987660559353840783e-01 1.040853866004760181e-01
1.689516933031955048e+00 4.573862229091050224e+00 2.309848501624762740e+00 1.195791974641136068e-01
1.876750949102456545e+00 4.644667413503374753e+00 -6.899654594617272707e-01 1.405918399618039938e-01
1.055058264246556243e+00 5.137529848817331768e+00 2.791452802021744617e+00 3.198606969992021098e-01
2.472401563183031836e+00 6.712395174021519750e+00 2.608443489559256534e+00 1.543893043803606924e-01
3.018636201058127355e+00 3.192628212212376582e+00 2.952989162021753877e+00 3.032898728063643801e-01
5.722294803146088515e-01 5.669636033969276845e+00 -1.875855597268661468e+00 8.610204310714109077e-02
2.229869335060889135e+00 5.484364309569139451e+00 2.444966903261261315e+00 2.178921134548322536e-01
1.980650229353176917e+00 9.126741176194540728e+00 1.383507641774452512e+00 1.231297083517384622e-01
1.080302325353462267e+00 6.130159752177294585e+00 1.053550820166438751e+00 1.349168052276317198e-01
1.735895822789762510e+00 8.100944168235210796e+00 -4.945772835840990256e-01 2.873463437632757245e-01
9.234858395550792354e-01 5.038539438710645690e+00 1.224699893750370139e+00 2.734829426465472113e-01
1.083046379530753001e+00 7.060747052586462402e+00 1.764439136091121019e-01 1.094243184575229844e-01
8.183934206155425439e-01 3.278833133907003816e+00 2.197284188827079099e+00 1.858525553175221501e-01
1.284234240614342770e+00 4.553408602836344521e+00 -1.755085550929663007e+00 1.112860328693408424e-01
1.469354514789251720e+00 4.783518171323036583e+00 3.245266252824221098e+00 1.527962365604031147e-01
1.537104150453997509e+00 6.569873683949872145e+00 8.359388064740251867e-01 6.009874075834304996e-01
1.064375177250339366e+00 6.623051034491913569e+00 3.096108585061531748e+00 2.437056942320841579e-01
1.990082546503246785e+00 3.831254466106550627e+00 3.365325826896802930e+00 1.266964802633057108e-01
1.490963353497675614e+00 9.644763294855307478e+00 2.419736590292584921e-01 1.141632680344738110e-01
1.333628705752146093e+00 4.259130064879615318e+00 -1.875752768268916792e+00 2.187825488844012678e-01
1.734685988489723885e+00 4.754823196977218558e+00 3.114413501299016507e-01 3.132491129700998300e-01
1.459539701395392797e+00 8.681051641602415714e+00 2.294795902762406303e+00 1.285027237122977894e-01
2.420715550620696099e+00 7.155348428357863000e+00 -1.298036250193351782e+00 2.322230018023810350e-02
2.183505767137137177e+00 3.102790995242430405e+00 1.841950045639798361e+00 2.353703921741581162e-01
1.737038350396361785e+00 7.027489078892182661e+00 7.850193094283173245e-01 2.976928680161544105e-01
1.239293619026430537e+00 2.582332225519569313e+00 1.813604729088659662e+00 1.930376256102243060e-01
1.143252548110998523e+00 1.176075601809695215e+01 2.925221700661155388e+00 2.239626028117154555e-01
1.715911727810208731e+00 4.574716214222666721e+00 5.850743901412684966e-01 1.188747616038134669e-01
9.151760053857602717e-01 3.733637332086940486e+00 4.853868985464004915e-01 3.383010363279110866e-01
2.632923991092813498e+00 6.803935074721732867e+00 3.419497105137284887e+00 2.568390313870058117e-01
2.001700058783317804e+00 4.893385997112192243e+00 6.600209236486187514e-03 3.167544736138250272e-01
9.563773177779534285e-01 8.241343590024545307e+00 1.633248145753251723e+00 1.771628163103519671e-01
5.889049923433434808e-01 5.505517442869697575e+00 1.023468985879861570e+00 5.256901124386390567e-01
1.754055542933991019e+00 7.605452030574865852e+00 -5.674027959766908547e-01 2.258487612925432764e-01
1.350862305541960406e+00 3.900893496530725812e+00 1.472834146933592603e+00 9.681294573950263715e-02
1.419793146175910570e+00 3.908140768602613058e+00 -5.161292880959167384e-01 2.856972642945558860e-01
1.090387590341094892e+00 4.481002278954562712e+00 -1.196964601681471896e+00 2.118587138057537178e-01
5.451727984506749003e-01 4.856143401939897686e+00 -6.738304624081259409e-01 7.645374863272974553e-02
1.804607856436663438e+00 2.923314362955609091e+00 2.319676096753237715e+00 1.539242600722391940e-01
1.918996749035671412e+00 7.015150564819230716e+00 -1.578998462467311681e+00 1.335575567159922594e-01
1.346444603827326558e+00 6.060567705408637096e+00 1.301527968179025940e+00 1.192961201893429080e-01
8.883778318079470493e-01 8.489292975659498808e+00 4.184236778267647061e-01 4.285009835601542583e-01
1.216221637858472260e+00 5.563662875518311957e+00 -1.769387312105057175e+00 3.149472651779285925e-01
7.730011823248661429e-01 4.081726447462851404e+00 1.379200062206183963e-01 2.708631165003812513e-01
1.863163403727255307e+00 4.132064308609492365e+00 3.054904201313483281e+00 3.474715637488029474e-01
1.055723667987099157e+00 7.408157898089548610e+00 6.929871040569065554e-01 1.054855359862626879e-01
2.775065224844715406e+00 8.127890456996096802e+00 6.971733253136747077e-01 2.326609687313080654e-01
1.284627586668143584e+00 6.138951392946709440e+00 -6.649884461483843712e-01 4.543926590526510823e-01
1.696003490381399414e+00 4.457649364464958630e+00 2.233842922875598269e+00 2.951293298870479864e-01
9.560182411049509277e-01 5.278269239357777032e+00 5.783126811605997508e-01 3.607357337091592897e-01
2.152684313270892602e+00 5.382103903448749449e+00 3.199127886537492582e+00 2.854221428362710422e-01
2.067429600728309058e+00 7.726099939457772514e+00 3.132152463391807640e+00 1.033073644641813310e-01
3.197638261868607223e+00 4.218940363219898515e+00 2.896882415906684827e+00 2.120123194637262842e-01
3.127666277924709526e+00 4.869897894090063240e+00 -6.449622944501373079e-01 1.072531884263869806e-01
1.382973763782715526e+00 4.550236045251438988e+00 1.562256852238384397e+00 7.810025916574246663e-02
1.281437806677029334e+00 7.072305441523570657e+00 -6.179772900527695789e-01 2.227350373579242704e-01
1.408701939351565846e+00 7.612106412008524003e+00 -1.656187415444597244e+00 9.707041395815389773e-02
2.113791673435811092e+00 7.026259339530428250e+00 -8.819122356006543484e-01 3.336628782465657084e-01
1.447047351515364788e+00 7.581658068972327413e+00 1.483171443149570834e+00 1.250721068453687079e-01
2.613952554103426973e+00 7.862479728192913520e+00 9.812954863772894720e-01 1.216336227292363903e-01
4.935049580499508148e-01 5.200589271349166154e+00 -9.521525005522930574e-01 3.372273029073652451e-01
1.187668440055112296e+00 2.822810700644029502e+00 1.325785937769613732e+00 3.120370133837193499e-02
1.771065133103110645e+00 3.068571452174805980e+00 1.830807357938530888e+00 1.572254076679042711e-01
1.426205492461668722e+00 3.449490294258360290e+00 1.350922767282811687e+00 2.071577542125355720e-01
1.492338222948658588e+00 3.268585979957687737e+00 -9.650786377138318439e-01 1.791462950437886781e-01
1.453256644449652413e+00 8.043981066031253846e+00 -1.766589407824360469e-01 2.060858460968492678e-01
1.841690436886329163e+00 5.026512291002366517e+00 1.273207974904286610e+00 5.828700842422710471e-01
9.236000436845355210e-01 5.179793135078821109e+00 2.389046051303510776e+00 2.576354234821618405e-01
1.009757768027831570e+00 4.663741045837268118e+00 2.840935757383939553e+00 1.388584245672000450e-01
1.179618497411708544e+00 4.270559548823856133e+00 -3.526175273353781003e-01 1.971609553221177202e-01
6.366433796154644664e-01 5.018632299446888823e+00 1.376645211708694472e+00 1.923264935388587504e-01
1.148262285200505550e+00 9.905481306683425302e+00 5.202841611340190964e-01 1.149934187209517844e-01
2.272041327830712554e+00 6.527668069875508294e+00 6.431734469156876743e-01 1.866264003141799299e-01
2.102167017533972171e+00 4.395373835819637698e+00 -1.303602925726300432e+00 1.472609222547652807e-01
1.288536469051837052e+00 4.564107798232443614e+00 -1.766588056440798304e+00 4.209813147486639318e-02
1.330997217838028712e+00 1.111536396314513730e+01 -6.527562167605807097e-01 2.932960787527779667e-01
3.065564283952845859e+00 8.859934706440776964e+00 1.424919272607149123e+00 1.279023739764795220e-01
2.585482770403068287e+00 6.808159616700965699e+00 -1.046008826264795299e+00 2.209660268340877254e-01
1.647845680492538101e+00 7.754621329152926457e+00 2.286958969137617093e+00 1.835824640470589131e-01
1.537790118278771212e+00 7.057389498573354736e+00 4.356347836886604874e-01 8.497533266875517688e-02
1.253853942920156062e+00 7.233707341936717938e+00 3.243064155025194850e-01 1.411553853517674706e-01
1.102849716304576067e+00 4.154780866071556389e+00 -3.953099121257342974e-01 3.748868436008185867e-01
8.624271604464838203e-01 5.394049196663598167e+00 -1.199189822211127465e+00 2.154313040144790192e-01
8.227758359290577861e-01 1.372134936343335454e+01 -1.834971683471355863e-01 2.967981389639601231e-02
1.111396687760210167e+00 3.430146512926662172e+00 -7.076617883527417385e-01 1.000201680355095324e-01
1.287748835754790155e+00 4.212206848002342241e+00 2.060941611311772448e+00 2.698958685116864542e-01
1.851575493670332362e+00 4.421573971754745536e+00 2.731965423018702932e+00 2.785381795003822325e-01
1.118147471537430437e+00 5.226259722495854021e+00 1.554758499516024628e+00 2.833791032045571145e-01
1.408587061978653354e+00 6.336366606237354482e+00 1.904265053806142083e+00 1.311955553226458460e-01
1.473988819441849119e+00 4.636063664848396826e+00 -8.386466046479419401e-01 2.735549906076042981e-01
1.851575493670332362e+00 4.421573971754745536e+00 2.731965423018702932e+00 2.785381795003822325e-01
1.266544358802189407e+00 4.101010281395131685e+00 -7.988927320914556152e-01 1.548015642700227568e-01
1.137547431594383651e+00 7.384324091347276742e+00 -1.278610529051928735e+00 2.401100197311320239e-01
8.994699083810310247e-01 5.922788648689560453e+00 -2.571380033044796676e-01 3.202566777768836026e-01
1.021675281009428948e+00 9.150408962619323461e+00 7.296565154802073794e-01 3.861794186040050370e-02
1.327637918398751449e+00 6.553517274384507374e+00 -1.479157831514611221e+00 2.081987235753897103e-01
2.659744844702441213e+00 5.435989136110304543e+00 -8.728174393072045678e-01 1.616731698079734714e-01
1.587169448689060181e+00 6.329122575466739065e+00 1.535790530475212190e+00 3.802884482437982050e-01
1.308774578538183686e+00 5.150844774512489010e+00 4.225096126666948448e-01 2.119800141190277820e-01
1.105653381260122581e+00 3.565131056461574133e+00 2.825770937060400279e+00 1.219983717321560662e-01
3.433951526488732586e+00 8.904998407568294638e+00 -8.901379606924180177e-01 1.227365955093779881e-01
1.109842696745883650e+00 4.625017214905986052e+00 3.334994341630743708e+00 8.209739280026691344e-02
2.366243007270000032e+00 6.191100286141788089e+00 -3.567802664622237718e-01 2.595636931753896870e-01
2.667816690710714589e+00 6.137017318385630915e+00 3.763188462789069710e+00 2.894190023061724570e-01
2.957813376406071448e+00 3.603961010092793682e+00 -8.217818385301629558e-01 4.567993840944968575e-02
1.723260692696162000e+00 7.469713499958771763e+00 1.009348757223976101e+00 1.680305501603528706e-01
2.747387414994031385e+00 9.060954270143735556e+00 2.301172966948525023e+00 1.909086953703769685e-01
1.883463095648049368e+00 4.691512995085461490e+00 3.015659992751550167e+00 3.007383308019630497e-01
2.191523486108756913e+00 3.498335767464518575e+00 -7.116868278834616035e-01 2.192121903534210159e-01
1.281116440762123165e+00 3.108012728566539096e+00 4.077980123609415974e-01 1.815794670052511828e-01
1.243024144656684538e+00 2.691649686032196787e+00 1.941390917562282326e+00 3.082545154468111503e-01
1.713179814681656810e+00 6.139917607003942734e+00 3.764180056892859838e+00 1.065385054812049426e-01
1.285338667860316253e+00 6.086242329390523231e+00 1.106709331150337872e-01 1.866421921605816159e-01
1.055139069344262159e+00 5.220008503524187660e+00 -5.423937053722789337e-01 2.311292766256078657e-01
1.122075457958042533e+00 5.174623929959579094e+00 7.485246246122326808e-01 3.896466662483910603e-01
9.109564235584551861e-01 9.290501133321958704e+00 4.954800359654076836e-02 1.314126024708963669e-01
1.181090037723928177e+00 6.138067568662543216e+00 -7.485235641088172631e-01 2.571739985521600547e-01
2.441698505572313049e+00 9.990068648970934717e+00 4.344757822660639590e+00 1.066871906945943554e-01
1.528663453223660262e+00 2.227328181452216782e+00 2.170945281041891661e-02 3.451225114970349339e-01
9.205824036483801764e-01 3.029977469114949251e+00 -1.399711226412059695e+00 1.182964154424059333e-01
9.025045020316916355e-01 6.139072385993693537e+00 1.262239911515831592e+00 3.654464285765995912e-02
1.572969722579331986e+00 8.681655454763014035e+00 3.112155351780125923e+00 2.127114214587702001e-01
2.764825145862684241e+00 5.774116702864914075e+00 -1.213251717873773172e+00 2.852722644583839395e-01
8.666842709691168212e-01 3.798155217648115034e+00 1.639463285485087241e+00 1.398767549850415404e-01
2.540351965973219439e+00 3.795487868762581929e+00 1.677450999962692979e+00 1.980712672835699961e-01
2.526242403856957086e+00 1.163161462447483352e+01 3.481682254469920856e+00 2.202213165838353554e-02
2.290056160847218081e+00 4.736166164520766664e+00 -1.277018971824945837e+00 4.257677808120521878e-02
1.494781202816061860e+00 5.464034807386065395e+00 -5.378161214432632953e-01 3.738990012076541802e-01
3.200603164599634898e+00 3.209006280927275689e+00 -1.955994449105977306e+00 2.162485359287532050e-01
2.730739248487878079e+00 5.692431836831909564e+00 2.934744830665646287e+00 3.008498525350919994e-01
6.237248074394495800e-01 6.950409710458977486e+00 -9.755528439606082625e-01 5.172194369755764298e-02
1.941004096635167597e+00 1.024827138583193786e+01 1.203178460857343257e+00 1.265455167176473272e-01
1.247477412386173379e+00 5.522018107739083526e+00 -1.481939070817528181e+00 8.695708230921581072e-02
1.042355351101637684e+00 1.169820608357074221e+01 2.839507574940909773e+00 2.389313984264502810e-01
2.105745767926689549e+00 4.026875726402408873e+00 -1.661711459551816983e+00 2.389825069471396279e-01
1.998987189172888757e+00 9.642843919011799159e+00 1.583936944062778851e+00 1.419330310074320700e-01
1.953768045151427657e+00 4.032228205022688527e+00 1.193261304760322439e+00 3.957058608724436932e-01
1.638456708979535659e+00 6.512039032540558381e+00 -1.680390657275454336e+00 1.869498721856848178e-01
1.576863400584826103e+00 6.829005796117080251e+00 3.007529484301914025e+00 1.481197266676415880e-01
7.162722217399641877e-01 4.526389057161628315e+00 -1.426363211264591424e+00 1.473459769003323816e-01
2.108840204271708707e+00 6.985879066011384531e+00 9.527158806905829946e-01 7.872090802363779227e-02
1.002281827597411468e+00 4.239416777721587870e+00 1.742800964215625026e+00 2.139138726797560341e-01
1.270912937781193408e+00 5.870188299266340337e+00 -1.171205948277098230e+00 2.034988100566668401e-01
8.874623871617863813e-01 4.636587557609228583e+00 2.122407473759579499e+00 1.249635632189437379e-01
4.985683680927256445e-01 3.173227272376666352e+00 -4.155730777979537716e-01 1.865336566155925135e-01
2.198641300563168866e+00 5.160593332978518077e+00 -1.921176191256018573e+00 1.311990655542567552e-01
2.741537081400349241e+00 3.434969510535886172e+00 5.519393394464916502e-02 2.361766344590416344e-01
1.999791777373260082e+00 7.402553036978588352e+00 3.010188506008520726e+00 3.022700461910626246e-01
2.522140178173796876e+00 6.683631770678163164e+00 -4.517614950915415650e-01 4.367962855053459520e-02
1.997124761818417804e+00 6.376865567556856185e+00 -8.475617513924236235e-01 1.545332759429425273e-01
7.907748862186576577e-01 1.028992751700652342e+01 1.376518202939794655e+00 4.467218475294832958e-01
1.023601182996347836e+00 3.747848740126430656e+00 1.845454608674245822e+00 3.203506635746691256e-01
7.391478040894072787e-01 7.469379339552231656e+00 2.047573759359255785e-01 1.105085611188409145e-01
2.079392609673266890e+00 7.924300150035836765e+00 1.215389397210878908e+00 1.400252981715570111e-01
1.311357757623321296e+00 4.148014511949336125e+00 1.659847592462485144e+00 7.433923134964193213e-02
2.150534651092484761e+00 2.425107309308319525e+00 -5.780673617393742303e-01 2.709653233163960562e-01
1.379757081613209424e+00 8.030921612524966946e+00 2.891960656195896817e+00 1.604962923761307780e-01
1.543451152081745104e+00 6.151620402639487395e+00 -1.460259667000089800e+00 1.537478326571567189e-01
1.265814256096308821e+00 5.571797798603596696e+00 8.373681542312966242e-01 6.212633069679492082e-02
1.619674402357580867e+00 1.092546708397855326e+01 1.125569782129287599e+00 4.866208565724484958e-02
2.211312139439220559e+00 4.578584473214373673e+00 -5.982309176986126964e-01 2.702912508464117569e-01
2.527261476570016541e+00 9.980178492418643188e+00 1.247717519570901823e+00 7.982400369008037233e-02
2.218828646798305382e+00 7.345962653486993510e+00 6.751040218352656330e-01 8.335015037444995500e-02
2.298110762986879330e+00 4.781411798784337641e+00 -6.713689618966024730e-02 2.030218012852950671e-01
1.049789996593644581e+00 8.808844521766534541e+00 -2.513715657452896268e-01 9.768792715925772585e-02
1.131172141177871682e+00 4.070233233073988544e+00 1.927276499203964155e+00 1.704736600915142120e-01
1.208548906678750257e+00 6.912985415303253944e+00 -7.778504760345852365e-01 3.370751593871623153e-01
1.949370914473736560e+00 4.392334566648342431e+00 -1.666554273903418704e+00 2.442277183231400528e-01
1.510992466091131359e+00 2.538961359355930369e+00 2.175891257699042125e+00 2.363324554347360495e-01
1.979649137269966941e+00 7.850430829036709746e+00 2.042738154378567206e+00 3.653865991985730810e-01
8.014676476941515748e-01 5.905738865482683231e+00 -1.879768549487626617e+00 3.177055746069040176e-01
1.646534990832842826e+00 5.181502376925572584e+00 -3.084815845229996745e-01 2.011476872635545865e-01
9.441611239432471381e-01 4.771203656266405524e+00 3.649217573768578360e-01 2.133831059848868006e-01
1.708903097231220469e+00 2.885462929401954035e+00 -1.370061783069211891e-01 1.207449600853313793e-01
1.679766506401637383e+00 7.872223746819519974e+00 -3.548327921380024508e-01 1.141117565694044073e-01
2.805041369984945465e+00 7.681655486626976170e+00 -5.750649630234527798e-01 2.407805195295612821e-01
1.630899404430752986e+00 5.206721442578269077e+00 -6.280344692331940593e-01 3.577254367134897195e-01
2.480172407640532040e+00 5.997864630607901759e+00 -6.711744567650038684e-01 9.470033715036926814e-02
1.364754251321420808e+00 3.731383467109002261e+00 3.100407470991948244e+00 1.715808711685163357e-01
9.080878492081914111e-01 6.219656847682525580e+00 -4.369189398152878434e-01 3.027958598400868895e-01
1.080731540619858544e+00 3.714975792137999555e+00 1.987430848048685084e+00 1.482768314790187392e-01
3.350431244147006549e+00 6.302868824432323436e+00 -8.410214966081114296e-01 1.562071185207153656e-01
2.339940449283674617e+00 9.893488398134334005e+00 2.130273623911950187e-01 9.741868893232374926e-02
2.112765068192010709e+00 8.430817452920669197e+00 -9.747075043349908707e-01 1.597857646756403738e-01
1.062800084962844505e+00 4.712260490240525179e+00 -1.655162892619863602e-01 3.280623565163680588e-01
1.956743682718931510e+00 5.006696222464053214e+00 3.597378388738132315e+00 9.224093903520037829e-02
1.044698835141206095e+00 4.828225292293788051e+00 -5.746865000813422553e-01 3.134381794757365447e-01
2.504362158246664638e+00 5.159051038280459522e+00 3.190691487446496666e+00 4.955130569034967292e-01
1.376560823437386283e+00 6.862425540589462969e+00 1.793836962801688584e+00 8.164806579149555543e-02
2.115490314162734808e+00 5.917376472733534953e+00 6.522608090791579549e-01 7.547432671437971641e-02
2.420715550620696099e+00 7.155348428357863000e+00 -1.298036250193351782e+00 2.322230018023810350e-02
2.003606690403526347e+00 6.184181121045716267e+00 -1.164750044554684560e+00 9.072197399495390835e-02
1.295160010859456756e+00 4.739306041319284901e+00 -1.188112500294960516e-02 1.839404372523819053e-01
7.351360204905351692e-01 6.936433017114778998e+00 1.481305911051580271e+00 9.599290596216708549e-02
1.617186363907692659e+00 5.431121736762507091e+00 4.977325779701851638e-01 6.119562901281971889e-02
1.767936457905729730e+00 4.578385276818581318e+00 -3.240797243187188981e-01 8.664670526038995013e-02
2.428602436554190280e+00 9.418167223616000783e+00 3.306033387840619397e+00 1.892983785241302563e-01
1.169785537082453919e+00 1.110375451143267256e+01 -6.785593855498903704e-01 6.463625376848322057e-01
1.218745739316987597e+00 3.635434669960966314e+00 -1.760687709266066658e-01 4.236085322436644596e-01
1.438830356454284365e+00 1.014181943198493308e+01 2.937587355806697609e+00 1.397705659585571636e-01
2.063635936170153506e+00 6.262715676716810620e+00 -1.229929217128588714e+00 9.194137698169968509e-02
1.145123241847166851e+00 4.776805916832831400e+00 -1.321878930443820543e-01 1.421052793858019747e-01
9.185824851387927037e-01 4.246897503906775562e+00 -1.173232880638614084e+00 1.035968450221846637e-01
2.757834090725449716e+00 3.181344707357771640e+00 7.000550887470867734e-01 1.357115590920847104e-01
4.402945926319451475e-01 5.479135767081284136e+00 -1.352903822095608000e+00 3.110815210115688290e-01
2.517964759704972355e+00 1.060527162837746395e+01 -8.581662962216750623e-01 1.028385841593944527e-01
1.519901999910624024e+00 6.872285309237755158e+00 1.121002627841182431e+00 2.220347120730744861e-01
2.448782903485883011e+00 5.332482523660639018e+00 3.561428808726883055e-01 2.629106945229069403e-01
3.142040507532907423e+00 8.090839977207432199e+00 2.129804525399210946e-01 1.435692214055696025e-01
1.485275323580701912e+00 5.190445599048461922e+00 1.128836355790846735e+00 2.052459507085025170e-01
1.790421689760071100e+00 6.454358652239313265e+00 -1.391244316058926067e+00 1.552042611631996860e-01
2.168156950261988847e+00 4.074661398306895776e+00 1.944791804338720009e+00 2.011450306728718718e-01
1.053717004361315546e+00 4.048449203873039082e+00 1.229529871214009695e+00 1.266719327323070354e-01
8.543771209108530496e-01 1.391750385849139704e+01 -1.680479266501711200e+00 4.211655692677285234e-02
1.030019379919139721e+00 7.054724981745945200e+00 2.862966988744410912e-01 2.294464134977335923e-01
1.036711711771813427e+00 3.973136651032156408e+00 -1.265056115113673663e+00 1.000237902711613169e-01
9.710352936616422070e-01 5.617851527391065858e+00 5.103596932265926922e-01 2.514096786979447828e-01
1.515644922230386715e+00 5.964674665894663441e+00 2.542405060399909988e+00 1.810019909830165308e-01
2.002225809464547979e+00 5.977994022790610984e+00 1.325961906460164652e+00 6.873919756249913249e-02
1.572346398992972460e+00 4.868966200937062894e+00 6.895809106022394719e-01 1.698893514531981952e-01
1.133319114800220406e+00 1.182512020220520021e+01 5.513364575166750381e-01 1.400951349504463428e-01
8.983907853879687933e-01 4.706736041278035465e+00 1.804417726712421288e+00 2.534965834019518027e-01
1.443935551216294355e+00 5.875556550479431372e+00 -2.916467579619794193e-02 6.037164776634387775e-02
1.752269636160758814e+00 3.339933768092187893e+00 -2.035963357826688080e-01 1.954230372574818908e-01
3.461596867609309847e+00 3.485002546808829482e+00 2.537720682382532456e+00 1.455963542065582539e-01
1.676354546406725765e+00 6.554592094056274298e+00 -6.639345849054102411e-01 5.262040961599668415e-02
8.877102490994714934e-01 6.701664430478185608e+00 -7.879540854476234646e-01 5.268642621867979381e-01
2.447069902415458742e+00 4.277463797210113938e+00 2.787506235020356549e+00 3.864534860008567718e-01
8.750102567120675578e-01 1.078462450937713335e+01 -4.227400535607239718e-02 2.399500878974411833e-01
1.429740686668910632e+00 4.914632921433548240e+00 1.788718504444953172e+00 2.860841806335045479e-01
5.458377414448964959e-01 7.667364588151134974e+00 -1.170809945262720309e+00 2.694144311270266212e-01
1.578031453946720175e+00 4.415780020533304651e+00 -1.198867520471353920e+00 2.232625891532814821e-01
1.112864414703102600e+00 5.273860506521526048e+00 1.243503840937324023e+00 3.998663082682489545e-02
8.257299609142403352e-01 4.074240344644509904e+00 -9.515744766771797591e-01 3.624006938799555488e-01
1.479193246895571079e+00 7.354395427762201010e+00 2.826015861793285566e+00 3.331160662213447088e-01
1.171276393227191015e+00 8.889619738096454782e+00 1.387905608255577850e+00 9.578877907905838929e-02
2.014817903403133492e+00 7.173912754314879514e+00 -8.382752950787699664e-01 2.868794082503429987e-02
6.695620750899879958e-01 7.387891472780220070e+00 -8.019971380321084808e-01 1.799244663076703388e-01
5.787608746808312610e-01 9.710465744736799465e+00 -2.920330867135481068e-01 7.195074283939056903e-02
3.394100772702113744e+00 9.268106914755600556e+00 -1.946885270930512335e-01 2.448702089944791993e-01
2.817611416290705773e+00 2.604878809910969650e+00 1.838553211360559603e+00 1.947062390022526457e-01
1.563342488111490791e+00 8.882013450135520571e+00 2.745906211225618510e+00 1.106809290957587039e-01
3.367178801573649238e+00 7.564120422157073698e+00 -1.708111169322834133e+00 2.379490847325268221e-01
1.591649367203427978e+00 2.757324052373682832e+00 2.108439869400859479e+00 1.745679791889586663e-01
2.057398084337786592e+00 9.913922005199131249e+00 1.439792020206727141e-01 2.028372534884657075e-01
1.958902724112490557e+00 5.280261926610753775e+00 3.222783658882968805e+00 3.093238425970577521e-01
1.209226556326261193e+00 5.550154969592382415e+00 2.140354072044564404e+00 6.938041080377843617e-02
2.165219859625151511e+00 3.133411476977813415e+00 2.606385083195417174e+00 4.015365341583922998e-01
1.394869894720087489e+00 6.147999926973050755e+00 6.151235514229862478e-01 2.483133554774609175e-01
1.446495479292195352e+00 3.777395342457112726e+00 2.603878382433030048e+00 2.567016623723446522e-01
1.843481445188190238e+00 5.471545813804921110e+00 4.041872805452694450e+00 2.496567233358821247e-01
1.958364289455347684e+00 7.408732285567483977e+00 -6.728605771885596276e-01 1.126744232127199347e-01
1.746910316813191422e+00 6.056730276343866848e+00 3.425247493086810646e+00 2.192166190310657348e-01
1.114411719482512719e+00 5.522247242521665989e+00 5.546962938674740995e-01 2.568357280717442626e-01
1.546004120580572794e+00 3.150469096426507409e+00 -6.998935797545210447e-01 7.624921182383789797e-02
1.047265453366070131e+00 4.837656916953244846e+00 -1.096904563683312794e+00 2.910146188981354021e-01
1.099964488845168953e+00 3.126865485869895878e+00 1.142421690631855835e+00 1.984669320423899375e-01
1.534630365295189147e+00 8.470766749543235719e+00 2.278413803411167837e+00 2.485477041463504677e-01
1.863210838949898696e+00 4.025084675259434697e+00 3.921893422067141532e+00 3.481442258718753791e-01
1.039585114584156811e+00 8.261487247939015788e+00 -2.805360812160268003e-01 2.141155974545435603e-01
3.376586619304809966e-01 4.034010966994025615e+00 -8.969946494012476235e-01 1.959428787545234862e-01
1.305390256908163904e+00 6.229789500546745629e+00 8.456406054667104932e-01 2.458498109453509661e-01
1.871036008830903041e+00 7.684683810555235972e+00 7.488341330309371546e-01 2.792545502123165435e-01
2.047810801804515357e+00 6.362764313016486817e+00 5.113707193865596468e-01 3.691369733067358383e-01
1.112724516017816967e+00 5.062257430673299474e+00 -2.775017366166390165e-01 9.193596525658447038e-02
1.006636741928186307e+00 6.630837896218041649e+00 2.009293458984252823e+00 2.280407288480017503e-01
2.399730470910282243e+00 6.616660715227727252e+00 1.128516845764943932e+00 1.000317643419138536e-01
1.969011796043275586e+00 4.308081113702394660e+00 2.095017261181740587e+00 8.299638376835179188e-02
2.240159114536770968e+00 7.687591466336562540e+00 -8.218047108362176445e-01 1.223388572513035011e-01
2.572378072969214280e+00 1.152953900851282398e+01 1.272941473170558613e+00 1.315217931651629923e-01
1.045804073353958641e+00 4.208310433438242626e+00 2.731967620638039662e+00 7.478301982170891538e-02
1.651842187633122183e+00 8.182635161112051136e+00 2.764329902664471650e+00 1.075944281986632584e-01
8.794409975068296914e-01 6.611522814815273819e+00 3.660623651756640395e-01 1.855652042130473411e-01
2.333843722929086262e+00 6.862236101458989879e+00 2.420172409517828083e+00 1.585232608931349818e-01
5.365550837529883266e-01 6.473390682015528697e+00 -1.341086163770394135e+00 1.073894628657726530e-01
7.232821607093731231e-01 9.840078274036013539e+00 -1.401476319907050350e+00 1.144788369492406033e-01
2.322785808060229051e+00 7.325183879279378196e+00 -1.048602799227100091e+00 1.512536084554791382e-01
1.115489918654558155e+00 4.104817136571932146e+00 1.389622235150317353e+00 2.217499527266490189e-01
2.064137009687226687e+00 5.499892939031051142e+00 1.115943056959460167e+00 6.531729919422993302e-02
8.155012243717285614e-01 4.654454676512260747e+00 -5.604854326360939609e-01 9.740685240166244152e-02
1.927391653280413175e+00 7.643418067581991160e+00 7.056109431754720163e-01 1.545512497256273377e-01
1.470002957393011123e+00 5.685347354697196209e+00 -1.289831975533829667e+00 3.988204655550864342e-01
1.402688839925516850e+00 6.535198098556751489e+00 -4.872511805401797957e-01 2.144856659196859860e-01
7.875258453760576316e-01 4.462396190567959664e+00 2.366732716599413422e+00 1.335467606450284062e-01
1.013170930919777390e+00 8.081286696074375442e+00 -9.850719116026805944e-01 2.463576152771859429e-01
1.321329292639760844e+00 4.448915048669093153e+00 1.550083308667169701e+00 5.525547440433518920e-02
1.620607384486616898e+00 7.203636834209529383e+00 -5.377683087982170207e-01 3.275810272341189711e-01
2.403846322848566697e+00 4.457569617560682040e+00 3.984160794172753595e-01 3.510076253491325460e-01
1.393303203143618774e+00 4.389694992963960374e+00 -5.388917004331440497e-01 2.416093277969454944e-01
9.506730445827086262e-01 6.648462481275787539e+00 -6.717782439700763497e-01 1.217237096226053139e-01
1.133933558653772211e+00 5.195336341415884185e+00 1.826099756945140928e+00 5.177050364735327204e-01
1.560582810901253170e+00 5.870044725863169610e+00 -8.461476762370068183e-01 2.467876886456842889e-01
2.472224631409080331e+00 7.325078976850248225e+00 4.054403090261875953e+00 1.208841722558394310e-01
7.795869032807524190e-01 3.584075716181781779e+00 6.225497729621772836e-01 3.735542485252794087e-01
1.050412705800618074e+00 7.025832619827868442e+00 2.144151492328102648e+00 2.149037875738994685e-01
2.165948231927826928e+00 2.964963951151490029e+00 2.472848654935942969e-01 3.129411563497513926e-01
1.580512372844155022e+00 3.385781413222136216e+00 -1.337741449269234106e-01 4.045454170286725271e-01
3.795327362054215836e+00 7.807461935835246614e+00 -1.086887663666489479e+00 1.524211168142410033e-01
1.941966710220922598e+00 3.257776587212485975e+00 -5.284287276156338642e-01 2.102573581835717742e-01
2.154034000329152487e+00 7.991184576631370717e+00 -1.223743289239039189e+00 1.366240876098017698e-01
4.065815875126331136e+00 5.631680447528959021e+00 1.402035349868634873e+00 1.923815840466237548e-01
1.166073863940911837e+00 2.848642540426225445e+00 3.808803681373589267e-01 2.426963120895292703e-01
1.240479597329283257e+00 1.076201279812337752e+01 1.160769515975553778e+00 2.178694039274648997e-01
1.256192671380032877e+00 8.120057718113931955e+00 2.085578595192277618e+00 1.975232347113766718e-01
2.406228293596570200e+00 4.140862947006598738e+00 2.971176031859728561e-01 1.424674292409664478e-01
2.635327965192439059e+00 1.070619798012274160e+01 -1.097515769455539303e+00 7.964092571720485236e-02
2.146784652898105161e+00 5.037265527067155801e+00 8.271381214411464011e-01 4.098789676440261487e-01
1.460855280414665280e+00 6.345504780968218128e+00 1.720533229313720769e+00 3.516436386718844731e-01
1.400481186884455109e+00 5.819549703245455952e+00 -1.307207008126334280e+00 6.720828161125685929e-02
2.272308663630526304e+00 6.297406794744984992e+00 3.960292894845123257e+00 7.063613802100307537e-02
1.337688036142657744e+00 5.796312051852869907e+00 -1.221303050632317033e+00 2.112430553343296880e-01
2.094290260296525208e+00 6.373129290726286200e+00 7.894310743262964447e-01 1.561860453082145050e-01
1.995173326838356020e+00 4.169596849479213496e+00 -2.187167976904757227e-01 2.175056674121361722e-01
1.542637931424595488e+00 6.546826758065483531e+00 2.313307815510816656e+00 1.927968629925749244e-01
2.780838228683889746e+00 4.075167949367161313e+00 -1.334023231126399089e+00 1.413146456542239693e-01
1.465047440525405253e+00 6.224653098174613319e+00 2.184410727381061346e+00 1.291565174682909323e-01
7.529233733342393098e-01 6.352324941785791879e+00 -5.400172324565529758e-01 1.360961893978805681e-01
1.427685862715590392e+00 1.292996684901191529e+01 1.329227699444074373e+00 2.933724997737943152e-01
1.899212989703745968e+00 5.850792452432960644e+00 3.906943393567822720e-01 2.207090216328113641e-01
1.875068026649871822e+00 1.087691258183712506e+01 2.488809550923448910e+00 9.177774506994171300e-02
1.551893847684727490e+00 4.297760592464381801e+00 -1.774220787994178705e+00 2.539643878245250730e-01
9.990081977012279513e-01 4.956360718388373776e+00 3.315424092611307105e-01 2.506300649002889958e-01
1.718200235931707009e+00 4.919000764010721838e+00 1.333099533000667636e+00 1.051655548531565676e-01
1.489784573250428457e+00 6.770104442771709863e+00 -2.507673872843014795e-01 3.468145262319009547e-01
7.989486773126903696e-01 5.152723691538898976e+00 -1.502322425327071942e+00 3.100616593896265288e-02
1.041594160239522671e+00 3.810540567791803834e+00 1.995623693535001797e+00 2.103128762760820836e-01
8.341514717634747056e-01 6.049155642991562054e+00 -1.404975485240725686e+00 1.452271141559351719e-01
1.918996749035671412e+00 7.015150564819230716e+00 -1.578998462467311681e+00 1.335575567159922594e-01
2.534799325496763345e+00 5.468044468150747406e+00 1.637512872049885715e+00 2.138188629398579677e-02
8.856434397801541403e-01 4.789989696072383119e+00 8.426108162155765413e-01 2.170540564179354592e-01
1.017466396620630098e+00 6.193875229504877566e+00 -1.915196907926962622e+00 1.688115371010580623e-01
1.124750921640281343e+00 7.161615397898621005e+00 -5.941576261036591866e-01 1.596808308111255792e-01
3.109171197781583018e+00 3.526227220215079505e+00 -7.413584234500729675e-01 3.183786043239520414e-01
3.290442885584769606e+00 7.945141375586534771e+00 3.902641469946680708e+00 2.380891710377394666e-02
1.720894197154351435e+00 1.073862885804480172e+01 1.195752061096435837e+00 3.526648975428332000e-01
2.338005075009314648e+00 5.917342154804215326e+00 -4.932366835010916217e-01 2.654623486142683730e-01
1.456636757818076555e+00 5.317759113438589758e+00 2.529407901794648250e+00 3.583854448900867795e-01
1.617186363907692659e+00 5.431121736762507091e+00 4.977325779701851638e-01 6.119562901281971889e-02
6.802595597081116940e-01 3.717878070079388308e+00 -1.015021489136340493e+00 2.486693698248347295e-01
1.363041092056099801e+00 5.874731792167722233e+00 4.290261054766282278e-01 1.314972106311133593e-01
1.592227485462973657e+00 4.581111986516421375e+00 4.726012430663972808e-02 3.345113590192187736e-02
1.195429667651723538e+00 4.798104173986447840e+00 -5.708060538819867968e-01 4.079629434471266913e-01
2.317341464084051950e+00 4.084763084303864034e+00 -1.535229784874030168e+00 6.324338026612399410e-01
2.472364034957667212e+00 4.923666837653660977e+00 8.103691637022352179e-01 1.617826877578201206e-01
1.023171317795374513e+00 3.856975182714672545e+00 -1.215039072618776306e+00 9.613326440447293730e-02
2.697294623603916364e+00 5.806464410861344128e+00 -7.405341190441154797e-01 1.942662195569291039e-01
1.429973375782853884e+00 5.024241762200311712e+00 2.890670787266008013e+00 2.597007337427497120e-01
1.066117562388459561e+00 3.872364543251108238e+00 1.528259170212483697e+00 3.306997807679712409e-01
7.238412283365680544e-01 5.748195863630416902e+00 -6.523098042808549435e-01 2.006118780396084766e-01
1.970602813133542464e+00 4.221347938207187234e+00 5.370101058269645122e-01 8.610117120179103245e-02
1.197815837342846912e+00 1.193256032723813220e+01 1.648878613091241396e+00 1.639607333508478690e-02
2.442574429330728325e+00 8.435178741937690461e+00 3.538334492134477927e+00 2.063357643647895090e-01
1.637774436754402707e+00 7.052776436931833537e+00 3.501014314789629545e+00 1.593325190250662604e-01
7.211611316861420429e-01 7.029239798198224420e+00 1.205130966906410084e+00 6.971921231840580435e-02
1.493237775941030021e+00 5.616143281332055537e+00 -1.996829786576981292e-02 2.821339603080567637e-01
1.413940788932982029e+00 2.731473591812447310e+00 -4.280948048883087553e-01 1.743846194330258836e-01
3.240154265004469902e+00 3.112027891849888483e+00 -1.335269724136847413e+00 1.479376535049914398e-01
9.364628100539984512e-01 2.787857957455367242e+00 6.246839639076327000e-01 2.266423247424362575e-01
1.986415633999853991e+00 3.938217501289781985e+00 2.136559718175821132e+00 8.801137536304620701e-02
1.722297107567884344e+00 5.936187975595505151e+00 1.181664238217609908e+00 1.599801413128653094e-01
2.426504285692053564e+00 3.471675109456994868e+00 -1.288266982620849488e+00 1.627983630280876448e-01
8.635235347596162958e-01 4.285176550537666884e+00 1.857464966233913994e+00 1.349548683525066406e-01
7.624877296543834948e-01 5.644254275048104397e+00 6.297322461421270834e-01 1.983689497960559878e-01
1.768535964377506042e+00 4.868379118638877401e+00 3.562877948454841626e+00 4.565586161184614356e-01
1.351975586879584856e+00 1.026379837904873860e+01 2.752717559074580045e+00 4.590512161442887873e-01
1.485940840547849584e+00 5.504082261559065437e+00 1.500382797727991768e+00 2.141482131335354921e-01
2.452307549614487048e+00 5.062519375845634606e+00 -1.103219294440893172e+00 4.326878063944432640e-01
2.402342453631557184e+00 3.561671557336218097e+00 9.872461566420065449e-01 3.449200138715154962e-01
1.337335294081255954e+00 5.363410192297165757e+00 2.590930059869368751e+00 5.186704198077477512e-01
5.159931155724846175e-01 2.675357682560689287e+00 1.159966552346890500e+00 3.926073562795299177e-01
1.103416937507871509e+00 5.032425868671602132e+00 -2.950387333672827017e-01 2.984432613921752520e-01
8.938145716035877930e-01 4.774647352792994681e+00 1.266746082101650073e+00 1.241739196973558612e-01
1.282400875433395981e+00 5.058716916271646546e+00 3.303216291225951728e+00 1.903071357425706323e-01
6.817551931549002964e-01 1.072692735737651049e+01 -1.307561649131171899e+00 2.856491059991193571e-01
1.799959223113877682e+00 4.105344647968046878e+00 -1.611230314571710842e+00 4.893512453067084822e-01
1.268906184022383421e+00 3.668782488577738921e+00 -2.745969236681987669e-01 2.030947555770948321e-01
7.921692319035056329e-01 4.816883068429876680e+00 3.361435562389145648e-01 3.859319549015337580e-01
2.762060309219053877e+00 4.761429511351332522e+00 -1.960737949935715818e-01 2.792061928909337354e-01
1.532836943746287650e+00 4.016925194327205517e+00 1.695056326908459754e+00 2.317799021402220105e-01
2.081731731555638731e+00 6.885192537556065417e+00 2.049190222681751106e+00 1.742947196576034585e-01
1.607786505980261405e+00 4.136593235029848437e+00 1.166319711182979280e+00 4.017937356157200712e-01
1.608263217707470716e+00 5.769540807899268486e+00 6.298127322095982139e-01 1.873937899884630942e-01
1.096968907718507413e+00 5.661745270795799811e+00 -1.727465535489242754e+00 3.590350281897927709e-01
1.739325841978302645e+00 7.261476634936186336e+00 2.553927658945140955e+00 4.681307597443859492e-01
8.641331243040042409e-01 3.173861008253772376e+00 -1.006234624932030641e+00 6.613813061343801203e-02
1.625373335117341833e+00 4.686475265274102853e+00 2.595949674886341985e-01 1.683087639772925526e-01
2.080945131027489570e+00 3.961236227669634236e+00 -3.392741873816440545e-01 2.704061932129961932e-01
2.948024870554621923e+00 6.463950023075372364e+00 -1.145523703380832981e+00 2.507916337131754769e-01
9.812425684228428535e-01 7.967252572839506719e+00 -3.829983146376203518e-01 1.737766732913531564e-01
1.596584678217570108e+00 8.907822792678048884e+00 6.718873818455725067e-01 2.903545245583749046e-01
1.309278888732574586e+00 8.884771548473430869e+00 1.834942080776106321e+00 3.447611490230052811e-02
1.790593625767006980e+00 6.900579843966438531e+00 -5.524369589345372589e-01 1.794827183853527908e-01
1.463188036443884732e+00 7.382420453079972411e+00 9.488293580326745413e-02 1.271499972650039223e-01
1.572126496633614368e+00 9.907744751560670693e+00 1.938326733321260598e+00 2.527653035835477624e-01
1.436073010255123794e+00 7.481211961794582699e+00 3.156228922244295632e+00 6.823264792526625988e-02
1.605101789502439091e+00 6.307559406774815081e+00 3.856318385845734831e+00 3.425221343024397735e-01
2.703845155910952425e+00 1.056149774590235602e+01 3.254729692281047027e-01 2.592317319714246837e-01
6.742105972124351476e-01 7.353901476452675112e+00 1.821471669518827108e-01 3.037778400167274739e-01
2.271857358073842370e+00 4.516601789949300283e+00 -1.296018166039770492e+00 1.547457709480210275e-01
2.138148672542484974e+00 6.976373903401829502e+00 -1.052519057697916122e-01 6.460275676571802794e-02
9.204812625083306221e-01 8.259378206313764181e+00 -1.161809052015942756e+00 1.654874994407984912e-01
2.564585703954867402e+00 3.953234031072384358e+00 3.884539377525531023e-03 2.290192768360653219e-01
1.345040917916787926e+00 6.785087388662717878e+00 1.552189948047307144e+00 7.809080173443579131e-02
1.595986656545054005e+00 5.327942487048399123e+00 -1.953593930155267389e-02 1.526060775551758009e-01
1.981387234564558675e+00 3.675391965980082443e+00 7.462850217194284541e-01 2.577457131175072136e-01
1.178045850434743969e+00 4.739562511730474270e+00 1.010999699733946766e+00 2.193431697922303414e-01
2.606343993200593179e+00 5.124586829449873093e+00 -1.605822705688819019e+00 5.903909277749228024e-02
1.359844899415945774e+00 2.985654903382163550e+00 8.281038463748604528e-01 7.935654045756659891e-02
1.841207273244796827e+00 4.172684303159204688e+00 -8.605459918457069035e-01 2.450521470540548974e-01
3.287991587129426296e+00 4.504076057846889469e+00 9.558436812957022966e-01 1.619334391070299806e-01
1.768002050704007733e+00 3.757382914197656909e+00 1.137737665141537846e+00 3.571472258868161331e-01
8.553636777069250074e-01 4.111012694500468356e+00 5.596417253676355674e-01 1.312196652750772796e-01
1.279028408597531641e+00 3.140121260313426088e+00 2.578125137603151540e+00 2.704954525845341129e-01
1.156658366454314857e+00 8.428003616660109998e+00 1.939811877032139753e+00 1.695105616440071294e-01
1.347140647257607071e+00 6.112057735372803613e+00 2.648021321186158072e+00 1.153028345863821996e-01
6.620788998125299862e-01 4.317708544511219770e+00 1.320870123430919252e+00 3.355166908791741842e-01
9.645608492254313937e-01 5.358296647908009191e+00 -8.785836964775750602e-01 1.155478231918381782e-01
1.568201696960596081e+00 3.530730744184343628e+00 1.702122848810590838e+00 8.439252391953125376e-02
8.216660048388061410e-01 7.872542898397115962e+00 1.991143707005499364e-01 3.185819493975624028e-01
1.402519126902410873e+00 6.670674043567990985e+00 3.755348740324703449e+00 3.926268761130423668e-01
1.387596469130335963e+00 6.859060238290085820e+00 6.836508569951361691e-01 1.290229851591266352e-01
9.051425697102580825e-01 5.138459750272740933e+00 2.460557956045983374e+00 3.038665111434397104e-01
5.046256520892693498e-01 3.215227706874544733e+00 3.273524377202465807e-01 1.978284513559862845e-01
1.330068588534902396e+00 5.805295232568919772e+00 2.432162317805969920e+00 2.324778662748392677e-01
1.635716066720526385e+00 6.797414905547470632e+00 -5.890946924862940914e-01 2.210312172585283674e-01
2.918880736017930744e+00 4.327722613972930787e+00 2.247683706240009904e+00 3.195955828449165703e-01
1.881735338675796232e+00 4.704320710978535658e+00 -5.415073720867621399e-01 3.334860771631813492e-01
1.765342976065753966e+00 2.815766358322357110e+00 1.539265362335025200e+00 2.032586546744970246e-01
9.573343375526822685e-01 9.247481683454315871e+00 1.835560144750655542e+00 2.179085297546474731e-01
3.216004203029193764e+00 7.260209628477420907e+00 3.416715450693303402e-01 2.774881253354125610e-01
4.116923593269209647e+00 9.687639562119851888e+00 4.050535372426550040e+00 1.087550026591823094e-01
1.701510761518116421e+00 7.881223516733593115e+00 -1.630341161507715908e+00 9.851804153326830515e-02
1.376254795133982967e+00 4.770595928645056105e+00 1.084366532675615113e+00 3.101773860014270801e-01
2.058430361764316707e+00 4.865152284153082540e+00 -1.537274352089545104e+00 1.887663631638082373e-01
1.027587767459676504e+00 6.715437924179623153e+00 1.652107336458581877e+00 2.082716166238877398e-01
1.765436498080156236e+00 1.030108396293954165e+01 3.464003722715734757e+00 3.023110515844334434e-01
1.953777071284619860e+00 7.047675485211926549e+00 3.637468633871766333e+00 1.860544722227765180e-01
3.694687266724728580e+00 7.858047093071856892e+00 -4.338442212160056322e-01 9.533237350468831695e-02
7.898062002402663762e-01 3.878519534545019631e+00 1.983128002477242413e-01 5.206196350339476614e-02
2.655182237123490996e+00 7.182931424684677602e+00 7.461468564058284514e-01 1.206432270097837628e-01
7.765342841020924647e-01 7.331774547625249383e+00 -4.819454460148261399e-01 1.238879068517721449e-01
2.360194790264314779e+00 6.301154839596220469e+00 3.635880147370623483e+00 1.004240327278203421e-01
8.725666625531814935e-01 3.675873403481634494e+00 1.901896385718392146e+00 1.792662118170904595e-01
1.602372283209221981e+00 7.747236039633523141e+00 2.759124733565342158e+00 3.281163446946772089e-01
1.478210256136307077e+00 4.485481354143214361e+00 -1.421491221698988783e+00 1.316801403380634117e-01
1.411484706667833988e+00 7.718542700307162718e+00 1.862743047902237103e+00 3.732416313827455201e-01
2.468171939094315537e+00 4.498085885699917519e+00 3.807488510541138460e+00 1.606280052674872727e-01
6.879072679885338548e-01 8.101607394961126474e+00 -1.529351658470987196e+00 2.162122721901516553e-01
1.447968662656635708e+00 8.174065530777273381e+00 1.909974906899573499e+00 1.483583081799162151e-01
1.814602090941093593e+00 4.958924915154884872e+00 -7.513053015275972246e-01 2.592142497550838920e-01
1.232406298882099627e+00 5.157796568732202935e+00 2.571504631190892010e+00 1.229708019434409272e-01
1.188338196591200990e+00 5.918919172333442447e+00 1.197737268942727251e+00 1.847128924284706375e-01
1.492401611216756407e+00 9.303523149733267772e+00 -1.766922287296496918e+00 1.256751567093373767e-01
1.075146950359218367e+00 4.744238103813612106e+00 1.313290142739819144e+00 4.561633153788842432e-02
1.649279617817488885e+00 3.261874462770880001e+00 -4.511178537739699568e-01 1.064606166347321081e-01
1.575348593526710417e+00 4.531738113005841839e+00 1.757678413987309396e+00 9.687216967577316762e-02
2.689976264863497502e+00 8.512053037918269283e+00 4.180790748448598215e+00 2.693140761284956719e-02
3.110058362127279707e+00 5.783587608764375609e+00 1.088932672467984197e+00 8.376944022365365172e-02
2.182798060043096289e+00 3.079221752223324504e+00 1.417066663976619623e+00 8.223729850924028917e-02
1.659244053503304395e+00 4.035590753105404715e+00 1.467774992423238611e-01 2.728893210258069857e-01
3.349813572496992631e+00 4.430270627828257091e+00 2.477103693998903289e+00 4.102967511233225617e-02
1.964213823353185617e+00 4.381424211934902502e+00 8.677551294451706365e-01 1.881225627229100583e-01
2.897883368754926803e+00 5.909448905187698386e+00 6.698083774231642362e-01 3.855417716482758550e-01
9.171087276002531929e-01 7.597025028378442180e+00 1.152686116620089241e+00 2.670175019831743102e-01
1.484650982895000304e+00 3.948596759046166138e+00 1.178953149287357283e+00 3.216236563037946361e-01
2.603975323173699064e+00 8.374521189589922088e+00 2.038083769958738856e+00 2.771991782180390773e-01
2.685557753798305303e+00 7.370334075133941454e+00 -1.657874465421773635e+00 9.549946623298821713e-02
7.479788799158729740e-01 9.365138861198005316e+00 1.143192678409431284e+00 4.068496510966359558e-01
