# Hierarchical MCMC downsampled to get 500 samples
# alpha, beta, mu, s
5.434084443977925671e-01 6.885466038594824312e+00 4.203152402579834579e+00 1.697751217060043116e-01
4.141625091161901806e-01 5.206557261476671528e+00 5.301849687305376868e+00 2.738505797594524283e-01
6.234658647757009842e-01 6.989213694793302345e+00 5.273084769202734279e+00 7.498812541681007526e-02
8.350247371863617207e-01 5.772916246005753038e+00 5.409134068453179012e+00 1.653040926503053787e-01
3.375671367562042557e-01 8.130742718393959123e+00 5.075488037014853404e+00 2.005892885999630282e-01
5.752845443567791150e-01 8.934652793327758857e+00 5.244556390746447860e+00 1.060945296386273107e-01
4.453986914637714234e-01 9.367128047340205654e+00 5.095313681983845377e+00 6.665035611499278700e-02
4.381654711154511217e-01 4.818341478690571833e+00 4.969428639807699000e+00 1.674579068176522967e-01
6.120877350400292238e-01 3.955523632896243313e+00 5.158575403565270001e+00 3.268534241632387038e-01
5.873984183436461448e-01 3.440986501882101312e+00 5.288052349476607183e+00 1.784334744517182547e-01
3.215971052051886381e-01 8.274292633249723750e+00 5.184244299056142147e+00 1.162494573483117966e-01
4.271664240887542152e-01 5.852212736429346585e+00 4.611264439250514435e+00 3.245129677205399465e-01
6.165899015334034283e-01 6.950340889936203581e+00 5.070717163067229194e+00 1.518633746302744947e-01
3.999875942767567860e-01 6.650739248927125757e+00 5.231568856481379370e+00 1.533524814362255406e-01
3.509220056271005750e-01 3.870702810800296323e+00 4.925344803163191010e+00 3.722956633652258485e-01
5.122812505444420683e-01 5.450302100933104299e+00 5.186669915546058718e+00 1.525515295608731170e-01
2.854064245847403591e-01 8.073939207958884978e+00 4.891625297101693803e+00 2.330065923446314469e-01
4.045006587212418014e-01 4.195654081717604456e+00 5.191864644408076046e+00 1.699737698099891281e-01
5.015642814782981240e-01 4.097632825268404666e+00 5.440834792257683183e+00 1.017160313326498228e-01
5.380246442558506148e-01 5.582366543480811849e+00 5.179292531326201932e+00 1.081014684477234061e-01
3.512772442920885640e-01 8.687946417239212238e+00 5.191983523734050365e+00 1.899138973480251902e-01
3.990918714165772041e-01 6.727139405455003995e+00 5.201312726703402944e+00 3.648189791485961786e-01
3.245169479991602546e-01 8.098650092002358747e+00 4.958757524526125060e+00 2.617613272665093582e-01
4.213849857224635231e-01 5.827262411689675403e+00 5.004665891968561375e+00 1.107495725536819520e-01
4.990302090153477255e-01 6.705493793133999958e+00 5.345903427118616769e+00 1.961596451393347318e-01
5.056101102024630478e-01 3.932512397933285886e+00 5.271613856078081639e+00 1.754406015569385247e-01
4.251811040615563475e-01 6.862804628902068771e+00 5.647097020896563180e+00 3.085779765256909668e-01
6.028746372991518054e-01 7.331850171002348482e+00 4.747958259881128740e+00 3.298815813687254739e-01
4.751574312387970567e-01 7.118379842924289491e+00 4.930837304413287825e+00 1.807102186524006671e-01
6.101313247820974173e-01 6.866996973999054177e+00 5.093191553887767675e+00 2.832610374102192408e-01
6.971964014381113461e-01 2.937436351836639759e+00 4.986296216945985016e+00 2.963107409224667865e-01
3.740157179680631550e-01 5.277971659327890919e+00 5.155265188536019672e+00 2.239823647874740198e-01
7.401395256346336993e-01 3.507182119530418696e+00 5.330630767504047185e+00 1.817212721198933623e-01
4.137908876958487081e-01 8.701277850412544979e+00 5.452824252566736973e+00 2.590796329768534911e-01
3.603898847105806436e-01 3.712859261306486136e+00 4.924133111294319853e+00 1.579698721102041070e-01
6.753870991087138620e-01 4.715105266635363002e+00 5.629776868191423311e+00 3.379993219006339755e-01
3.490599310745106099e-01 6.619427941393404069e+00 4.581567030816489527e+00 3.081850354902960776e-01
5.802744841633902251e-01 5.830343941722197165e+00 5.278018788580135734e+00 2.869037895644334091e-01
4.478964905049066525e-01 4.309480977195028650e+00 5.302340479313950361e+00 1.195873592038895900e-01
4.230234914091573484e-01 3.963209193092438021e+00 5.152027486639409126e+00 1.896739972501864102e-01
4.147009059628095073e-01 3.147160850447788594e+00 5.348325309625423962e+00 2.758247796101485072e-01
7.822033035708392257e-01 2.750236855248341161e+00 5.222924270508793931e+00 2.697244651295727796e-02
3.490559062094663045e-01 5.730349294272889082e+00 5.344086562337455604e+00 2.766817432511308184e-01
4.206683487636732055e-01 7.852380902976470622e+00 5.089609607375849443e+00 1.739834649927701204e-01
5.615968217263418438e-01 3.275614978537539024e+00 4.886136141493845564e+00 1.773309542286197749e-01
7.870878787124570009e-01 5.846309207533240127e+00 4.768856882459187041e+00 9.342729211936552647e-02
5.288856406910386054e-01 4.470987252972073556e+00 4.839091952795096852e+00 1.779777200227669887e-01
5.256422985344948451e-01 3.780511348965390095e+00 5.148017764538322716e+00 3.811516061291757573e-01
4.970664549807570776e-01 7.427697480115045714e+00 5.175184966693088029e+00 2.047926707261316093e-01
4.399688351795072450e-01 6.482548856741447096e+00 5.024381197269006449e+00 1.584837953716309311e-01
6.633994979920602164e-01 7.656846056037913684e+00 4.976892043813124999e+00 2.788383523925113128e-01
4.180713533336224419e-01 5.634739959534911691e+00 5.363836809470535982e+00 2.263042612462410064e-01
4.364790305940839943e-01 6.442479003341924582e+00 5.408192848202965308e+00 2.098397972286617508e-01
5.526567049065628234e-01 6.515788527384249740e+00 6.270065537232059505e+00 7.031721663600828398e-01
3.436189284051400228e-01 3.558194451249142354e+00 5.085865693834011658e+00 7.203535368967528552e-02
5.041269698336782179e-01 5.458113211624612049e+00 4.926295248736964894e+00 2.701344871758244448e-01
8.253104374645676700e-01 6.935741721603522869e+00 5.393914437657773675e+00 1.964864054500732871e-01
4.662633310295272171e-01 5.576224765887765500e+00 4.894378746938595981e+00 2.740849074837215515e-01
3.679306709633380912e-01 5.614744681143405636e+00 5.553105725673421311e+00 1.044051119257971699e-01
6.226440232958658783e-01 6.229505845019287946e+00 4.941028644847802909e+00 8.833755728123300621e-02
4.142330578466332236e-01 4.247656363189961759e+00 5.189669623589813874e+00 2.667585597296547872e-01
4.448254260609613153e-01 6.832343686026650431e+00 5.028600317304387168e+00 3.265140309830091847e-01
4.510172065377106021e-01 4.033045361345912738e+00 5.006976401565156110e+00 1.491189710376123467e-01
4.167351606690740673e-01 6.452138583474813949e+00 5.416599380032821820e+00 5.652619657804175413e-01
6.655093779252427844e-01 4.247144586138498212e+00 5.019043875420343248e+00 1.795630016964432918e-01
4.099299027908183679e-01 7.101379747110490470e+00 4.759847012870594085e+00 2.995792377895284408e-01
3.666179600317140963e-01 6.611952472804555114e+00 5.239166629582885371e+00 2.964548686718526116e-01
3.710974170627996949e-01 6.132674440863612908e+00 5.181872220083065805e+00 2.208400686371594646e-01
3.438676056753628418e-01 7.982935095709744466e+00 5.399773540521541015e+00 2.461418047037179369e-01
4.680653926676790477e-01 9.317589144226499087e+00 5.562937988087517382e+00 3.038774030021173522e-01
5.528497091093442783e-01 4.295521190768305964e+00 5.132110559502025104e+00 2.003674747050070148e-01
5.939402100212889390e-01 6.058360782329055283e+00 4.816505812046843360e+00 2.949396968462598689e-01
6.172887096446418864e-01 9.297148950670639067e+00 5.141305717420741495e+00 1.391884853951216583e-01
5.114067335481063958e-01 5.569001159743296014e+00 5.227911695227847488e+00 2.404045446643734707e-01
5.355518546591977458e-01 5.058077990642766864e+00 5.002989347101450157e+00 2.575146588885008914e-01
4.365305446259075128e-01 6.128032161992950755e+00 5.167700616020612259e+00 2.341831306498989573e-01
4.214266862265445557e-01 6.575218221673758912e+00 4.979431840127872100e+00 1.960230241891073866e-01
4.153448231508521937e-01 5.342743315034570450e+00 5.278594480256799670e+00 2.410937214826786579e-01
3.271287195004267123e-01 7.834728876434716938e+00 4.479076996736988114e+00 3.267350594169199929e-01
4.865513678566307787e-01 6.631282987583632327e+00 4.607431410569535757e+00 2.751919488818638793e-01
4.680502144874104098e-01 8.564134419919849250e+00 5.342758817104479085e+00 1.490108060822059599e-01
6.366473516706553371e-01 5.240992639957513077e+00 4.919110797791944378e+00 1.900926940364487394e-01
4.918790640621684140e-01 7.989507924105794245e+00 5.177902405106998174e+00 1.071160476554495478e-01
5.889352111528004530e-01 3.531034761964618518e+00 5.292656070084754916e+00 1.031326539935156078e-01
5.558699559015546354e-01 5.021996949387972364e+00 5.583700235538278989e+00 2.546234679370814602e-01
3.686878831156262804e-01 1.009842027763226824e+01 5.118485820403610553e+00 1.423856354708086802e-01
3.081810737535599087e-01 5.755966507109818942e+00 5.022582423433544108e+00 1.514567579719193202e-01
3.370057125349316673e-01 5.668553660040415387e+00 5.119356659162216161e+00 3.714594971798588774e-01
5.163820063937969440e-01 8.557955157388663636e+00 5.214465887599923022e+00 2.572024444788719721e-01
6.033537474620207508e-01 7.077159602172710784e+00 5.253067657218318587e+00 1.956824751648965077e-01
4.852651912955266433e-01 1.066350777290476870e+01 5.133981577672646957e+00 3.384214597216262943e-01
7.725848299487693138e-01 5.949986216596755639e+00 5.124264507175071870e+00 1.070593282532303070e-01
5.994083334790070161e-01 5.788947929969113559e+00 5.032877853063826734e+00 7.017472557182991011e-02
6.640296147361135493e-01 7.537490661311524676e+00 5.069608390066689729e+00 1.600414293940516375e-01
4.602237715125684914e-01 5.953513711457280699e+00 4.781226036697665549e+00 4.014540219326281356e-01
4.056124996745423816e-01 5.326450323852274238e+00 5.119281326476835758e+00 1.847412872670727291e-01
3.532054586102806870e-01 4.031088283721597776e+00 5.420148061482913171e+00 3.484739894149339601e-01
5.158347281173268906e-01 8.365588525597321023e+00 5.001347038407431889e+00 2.424685283014658410e-01
5.770052130172398375e-01 6.731411810843419552e+00 5.348743524144231820e+00 2.306263360831378173e-01
4.476442304252808979e-01 5.268880860510901876e+00 5.248477793930716118e+00 1.997073209676561711e-01
4.750165530326994068e-01 6.590042415041080126e+00 4.870035468301828097e+00 2.864008864161479706e-01
4.524698491689258528e-01 5.386515820891794704e+00 5.021875714353321918e+00 1.614868994151648085e-01
5.161716316449371789e-01 8.163300876873416101e+00 4.723289102726291766e+00 2.767923486906887498e-01
3.349577562751975268e-01 4.005783680656405110e+00 5.150658797117631416e+00 1.770156066293522290e-01
4.737396252703908739e-01 8.731594370457830934e+00 5.084936019405299490e+00 1.854663884548687358e-01
4.173874832141741265e-01 6.157969753940986557e+00 4.803404387667652209e+00 2.883375000192126558e-01
6.732099800500053188e-01 3.886081594176897358e+00 5.052543846094456725e+00 2.270493235353883421e-01
4.408389920023024766e-01 5.082008009034340468e+00 5.159685157799498434e+00 4.363788357818892960e-01
4.508320540371296703e-01 7.795563813400224973e+00 4.933152080640061499e+00 9.256071288772249606e-02
2.997497036907171286e-01 5.655019579224950910e+00 4.878280801769951047e+00 2.166212800452721465e-01
3.709602418285751213e-01 1.373614197439271045e+01 5.410861282521482352e+00 1.809003846376841806e-01
3.971418471422483165e-01 3.730027768933152466e+00 4.869413218059299275e+00 3.925270341841282651e-01
4.322766601515724560e-01 7.534620216032744899e+00 4.642503196254121001e+00 3.246050289777418496e-01
2.654975209984221651e-01 6.190131804451539210e+00 4.947071694472473524e+00 4.630457626942517391e-01
4.420159797942594393e-01 6.652842675353148216e+00 5.367574862079318443e+00 2.328440405749871989e-01
5.032223203428543012e-01 4.654657581118276433e+00 5.256410718504601398e+00 2.156715694139295092e-01
3.455161743761952509e-01 7.514458247020809445e+00 4.687825521290371888e+00 2.380887580880770293e-01
7.246381492535726165e-01 7.831076751751139042e+00 5.011292021804250041e+00 2.964297655292409406e-01
3.385041135942431501e-01 1.012470509528948348e+01 4.414762354683497314e+00 2.393217462221996772e-01
4.688302429627598245e-01 4.864962748066069764e+00 5.588066767193475393e+00 3.687984428223395894e-01
4.346150056237955694e-01 8.304269636377595631e+00 5.141138748562331884e+00 2.125513670288590451e-01
5.026799685489959924e-01 5.556016251396278527e+00 4.598208111871547210e+00 4.976824832974411361e-01
4.214698664063956102e-01 7.898477444040591600e+00 4.941116605107320758e+00 1.911437474239682521e-01
5.566817252600658739e-01 4.973796021401041045e+00 5.007794295854289146e+00 2.338848900705758072e-01
3.981541226724054638e-01 7.935590293900750325e+00 4.903821365059158666e+00 1.730455708607723797e-01
4.669290562057613614e-01 2.870933356051616148e+00 4.714805049865383957e+00 1.099069785884768946e-01
4.976307273785159913e-01 3.940529534875946815e+00 4.644210918014389122e+00 1.248141778160050536e-01
4.408921568154386961e-01 1.050245104881183345e+01 5.464546335087652196e+00 3.229162387831770453e-01
4.046639372146475511e-01 9.354479210983006610e+00 5.008433555544401727e+00 2.710049799825759442e-01
4.231711505616810864e-01 5.229030637321743669e+00 4.896113716081552880e+00 2.466387370237723697e-01
5.749289625354884192e-01 1.011200514318677968e+01 5.641573279574158661e+00 1.965429848403539848e-01
3.516349965378071651e-01 7.977648893946772901e+00 5.242476052749744042e+00 8.515196420465834248e-02
4.426823359967493876e-01 4.955738759568159679e+00 5.133710357351677800e+00 1.881275253785540391e-01
6.763436480489963820e-01 7.372054846912880599e+00 5.138508602027811456e+00 2.240760788713850038e-01
3.596723945717845705e-01 5.947240122112734007e+00 5.081478700675210014e+00 1.204486149735169709e-01
3.569063123767467482e-01 6.272023983903602939e+00 5.302341916414099465e+00 1.170285296866283437e-01
4.447875531895515988e-01 4.763533528838769016e+00 5.181679019350288407e+00 1.651407024745804031e-01
6.233445894868974158e-01 5.446252570405495597e+00 5.154945319686874861e+00 1.930703656342820929e-01
4.421917014830146764e-01 4.023648951753499681e+00 5.208289285380373279e+00 2.066200032611555382e-01
4.429506955114158040e-01 5.427843575161058531e+00 5.145181938032435731e+00 1.451850114824952964e-01
4.013214229348592843e-01 9.637515034767684341e+00 4.928457054830270856e+00 2.296476713188467522e-01
4.025501408838079165e-01 3.643315568585960396e+00 4.776579526548915489e+00 2.196756238384886262e-01
4.727102995408406505e-01 9.524080227644557084e+00 5.059061473934264974e+00 1.122979953071201881e-01
4.104995587593432971e-01 4.045860284271472374e+00 5.050604508708328666e+00 5.062712776020943384e-01
6.154762048171985578e-01 4.917526389660816122e+00 5.126605046902257712e+00 1.577293802919779164e-01
5.792917832750466012e-01 4.738573241917842793e+00 4.899569666310113369e+00 2.543036961931472995e-01
5.236404208553548933e-01 6.539794943699160257e+00 5.096937364952712102e+00 8.293789051994054917e-02
6.993845517348462604e-01 5.553893637249078807e+00 5.478589134504175284e+00 3.743048701461466621e-01
3.136324674854000794e-01 5.029242502077004850e+00 5.059707557885834817e+00 2.435735096328562332e-01
3.821197642892215085e-01 6.141442853488975118e+00 5.338958405219618619e+00 2.443016193668940128e-01
4.728075144395103013e-01 7.067667848706148170e+00 5.112207181453083393e+00 3.898962711247505042e-01
5.285800808406849738e-01 9.175349732055620322e+00 4.771500748811163817e+00 1.704687047500285102e-01
6.836228454651676056e-01 5.970076956208441032e+00 5.161363246924774550e+00 1.252823796129916289e-01
2.254027296733980279e-01 3.792004633658824453e+00 4.920521886734875672e+00 3.540341907169008984e-01
3.327273363738182943e-01 8.706546731761648061e+00 4.954887474595211394e+00 1.800048730914824147e-01
6.962233041534459099e-01 6.580211471642520848e+00 5.127246094515491848e+00 2.290311588862544712e-01
3.698272840113462356e-01 6.831668588392876273e+00 5.096181064578114928e+00 1.735779271127234347e-01
3.569517831949641229e-01 4.689977052241076194e+00 4.648135448368422296e+00 2.024218631087493780e-01
5.539163130528157453e-01 8.959691063754494422e+00 4.626127125700542742e+00 1.607124758249429131e-01
3.376408627248683736e-01 8.794711535239050804e+00 4.965014238943468605e+00 2.052449477436384673e-01
3.631206852970300658e-01 3.688692894553051271e+00 4.610732959121997432e+00 3.297283618936607263e-01
4.005094507807208659e-01 9.149769810359565270e+00 5.212923117988080612e+00 7.142866618152657332e-02
5.628216288977031523e-01 5.687274523800873283e+00 5.117537923429472890e+00 4.837843309288197280e-01
4.725785154880272065e-01 5.872856880152980352e+00 5.490028786236364589e+00 2.994736882350568230e-01
4.408436087945229453e-01 3.453800962175813449e+00 4.971629838433239357e+00 1.649030156389578727e-01
5.227337133724020424e-01 6.986070316865546914e+00 5.281939272544010855e+00 1.173689644199301524e-01
5.546508022534804017e-01 9.794895963298488439e+00 4.789942501386755147e+00 1.711596108951868034e-01
4.874137301018881541e-01 2.873086919507425563e+00 4.642199265596006263e+00 1.655485756999386937e-01
3.584228859797905509e-01 5.445519447878132802e+00 5.136611526031723329e+00 1.349927191763455880e-01
3.721705423428126047e-01 7.065281649477558545e+00 5.419650668283289008e+00 2.789927662398212216e-01
4.663676064284290046e-01 2.462156372673818261e+00 4.808202539841672341e+00 2.175687588887877111e-01
7.504411672734652150e-01 3.874452694438661915e+00 4.835499550232939647e+00 1.722018860680123442e-01
4.904421560806059288e-01 1.015466007185855446e+01 5.055526668650907496e+00 3.946102618666574302e-01
4.001342919549850108e-01 4.966341748204687434e+00 5.017986888968309245e+00 2.614707602745159898e-01
4.664670681782536188e-01 6.291468403860815073e+00 5.171683491792722798e+00 1.412688110355325155e-01
3.994262674462921159e-01 7.623911139378445334e+00 5.186636409447310747e+00 3.447670994488802876e-01
6.021489789982812368e-01 4.869335081516340757e+00 5.281787554870934542e+00 1.748390560578417241e-01
5.009924190947185885e-01 7.486341054350626578e+00 5.058834985753221325e+00 1.863570554592338113e-01
5.324377132274036306e-01 6.026838711366677259e+00 5.121141966786960431e+00 1.494853950829795330e-01
3.770647693595007843e-01 5.898012004468007774e+00 5.225420254783228025e+00 2.818644535647941152e-01
3.014227660391247676e-01 3.577448349328433252e+00 5.218741330675520373e+00 2.986581856264015622e-01
3.391511058596862194e-01 9.203759930618764074e+00 4.794606829365564593e+00 1.069891089351890229e-01
4.014789079201431798e-01 5.958033722389336262e+00 5.112757585073490318e+00 2.841458041755662856e-01
3.342056929365194162e-01 9.106974424378762478e+00 5.199181247135999939e+00 1.713941277504358318e-01
3.901329417934983890e-01 6.477242420986460303e+00 4.846861059217577150e+00 2.347288138905528621e-01
4.749904836578773271e-01 4.435066188698281842e+00 5.079646450281219749e+00 3.305920651713997183e-01
3.474455197383659044e-01 8.357565293356053360e+00 4.832008213493938165e+00 1.620891168752464639e-01
4.081305405402231301e-01 7.632621544551514425e+00 5.240244036488331147e+00 2.089001412291645043e-01
5.175814410811728772e-01 7.385131436778795688e+00 4.899400286736608656e+00 1.024925797099928426e-01
4.036233313874103001e-01 4.756047232266667812e+00 4.680360431903672236e+00 2.227993745890717026e-01
5.088264868275526043e-01 4.161244265685589916e+00 5.292550151098307509e+00 8.032525851435834419e-02
3.278223009560543022e-01 3.602551327702872896e+00 4.928720120443715658e+00 3.175068859162591406e-01
3.382726639738319330e-01 5.858256535609970506e+00 4.860339767574854974e+00 2.937099940265681108e-01
3.989864159012901923e-01 1.010456500800278157e+01 4.485993175536822974e+00 2.523495347501910624e-01
6.754829168068796630e-01 3.507720125263108280e+00 5.039112915826049033e+00 1.153392039432145355e-01
3.519685753619134494e-01 9.213966611930212380e+00 5.045243973544158322e+00 1.379377282071450328e-01
7.654673568844336806e-01 3.087537542512550637e+00 5.147559705717473122e+00 2.515293242633117043e-01
4.781734583069612299e-01 4.885060149206900348e+00 5.092895516385526733e+00 9.145280874775177371e-02
4.202894454983905348e-01 4.232328675117650540e+00 4.688046351740861262e+00 4.026628113283520771e-01
4.062651544365286083e-01 4.041392649223524813e+00 5.643456415357391620e+00 3.299383769686802248e-01
4.216214863234276633e-01 1.340429199254392856e+01 5.061604875434658091e+00 8.753429794377783069e-02
6.065317115017156979e-01 3.535722489349716557e+00 4.720259433510712199e+00 4.026301052029674366e-01
6.207443202219744549e-01 4.245680974178076994e+00 4.975268651662427821e+00 1.677287416889489680e-01
3.206834701455507641e-01 5.075743344559429993e+00 4.883416933778473634e+00 6.663259635167156913e-02
5.787387666964565192e-01 6.530084451207131657e+00 5.152867813092543159e+00 1.014239646863411975e-01
4.317898000316876539e-01 8.027465895971449328e+00 5.067396621362235898e+00 1.778875085751753238e-01
3.693613214025908142e-01 4.633655178375611250e+00 4.502697888019140393e+00 3.799884883244178391e-01
3.051460982082398465e-01 5.126627540407284300e+00 4.813411675396179312e+00 1.507290056738779527e-01
5.091569850145796217e-01 6.600284048077464050e+00 5.247508787204440139e+00 3.824319344974938528e-02
4.118451008574581240e-01 6.638124414944170937e+00 4.966807972235984359e+00 2.824870044967554006e-01
3.929009275478754226e-01 1.029793778534424931e+01 4.864818567543068184e+00 1.962757504084881310e-01
5.700455671307023131e-01 4.291132320875265194e+00 5.186894719828224254e+00 3.708900084291017474e-01
5.935325232731361034e-01 8.461412475073128547e+00 5.250442021402896842e+00 2.419566972116483361e-01
4.337841355464018278e-01 5.234440502593733058e+00 5.303638980918978341e+00 2.022050330974034249e-01
4.206800486037449160e-01 6.304574066070495419e+00 4.993482200868179177e+00 4.479455047473718254e-01
5.264565756129713225e-01 6.067114853975284383e+00 4.875827383358030787e+00 1.506554368606499716e-01
4.282782075548032252e-01 5.646689608076786548e+00 5.140414297217262174e+00 9.455636137995467039e-02
4.466454043153666453e-01 6.140206482795060872e+00 4.717294305959144118e+00 2.075534834949248342e-01
3.851259102890243202e-01 6.848563154964954158e+00 5.099422186721228378e+00 5.363044549474175193e-01
4.155689487832802675e-01 4.699346171171676190e+00 5.129082860506565034e+00 2.658009435082825944e-01
3.428477099878928791e-01 1.337353806243513077e+01 4.928444987442908598e+00 1.070654153254812502e-01
3.745388026786949931e-01 4.135722309234021843e+00 4.840905934011590084e+00 6.505151680818552218e-02
4.691848770127533541e-01 6.752061455019878089e+00 5.226699746900535182e+00 3.042447069211988153e-01
4.856971819825135483e-01 7.711598114212074861e+00 4.787865630549519302e+00 2.484566643563765331e-01
4.946304289709147484e-01 5.493365398426260704e+00 5.615073605937757506e+00 2.007448458712841610e-01
5.210776157164336286e-01 3.951441376328193478e+00 4.590325144960140769e+00 1.948024878023000284e-01
4.223637925845155072e-01 7.263033874552959901e+00 5.591574332056734598e+00 2.882193976432970706e-01
4.173190093474140050e-01 7.085971352481735153e+00 5.051902776094692626e+00 2.277800570471279207e-01
4.873536892718379199e-01 4.919317176806232261e+00 5.146295982482399722e+00 2.848267938108893782e-01
3.976343567900698095e-01 9.413767203781429060e+00 5.431194003984659346e+00 3.384716090820603096e-01
4.017752053940838453e-01 4.272141447602443520e+00 4.775025376623134754e+00 2.906956158652375388e-02
4.649178452892624436e-01 4.204266856270410635e+00 5.287101506157297237e+00 2.633816063678987573e-01
4.892584792308958264e-01 3.545082084665095223e+00 5.296951740044015366e+00 1.834036430655605898e-01
3.874367130111235347e-01 6.551638478593993398e+00 4.988938077361599888e+00 2.529340154926154605e-01
4.653709860149441435e-01 9.690430989060605071e+00 4.806667896502657022e+00 3.082514347732747684e-01
3.410978464479809680e-01 4.502465048256704350e+00 4.780924355214215993e+00 2.643795879374026825e-01
2.475599838984061662e-01 5.304673760468355148e+00 5.217908693681885701e+00 1.809253070102536110e-01
4.517045167621184798e-01 7.435050164061571820e+00 5.126664148954005462e+00 3.432854344857808604e-01
5.373466503961557006e-01 6.746218106112605639e+00 5.246735630918658799e+00 1.414852570000503795e-01
1.029221834725933649e+00 7.975817335814035403e+00 5.150978669792589670e+00 2.169460372393103575e-01
4.227641445250035490e-01 9.130115469616965740e+00 4.844641647044968913e+00 2.092743855671222730e-01
3.572667022080323052e-01 4.477566777677260745e+00 5.288625281511364129e+00 1.354536296042783416e-01
3.885534373946258335e-01 3.927902895937859462e+00 4.946029257137492863e+00 1.674575217390480986e-01
4.318684169261678418e-01 8.168367997160677518e+00 4.943164009225062827e+00 3.013112331865081539e-01
3.439800832547869058e-01 8.238108119261262630e+00 4.270175836968713945e+00 3.674683440265812950e-01
4.156151640052101470e-01 7.702614718120936566e+00 4.592351659027538169e+00 2.271246724014800988e-01
4.537517810824197029e-01 5.592061417222392805e+00 4.922500262415248962e+00 1.557440861663899612e-01
4.291143701333270388e-01 4.576215226281135529e+00 5.288267961605074063e+00 3.745154358027209529e-01
4.701121646766035500e-01 6.839659030149157992e+00 5.170974456369719974e+00 2.319195979844289879e-01
3.263240023156072089e-01 7.623348484145935799e+00 5.058372162263052196e+00 2.423885572701383884e-01
4.953851855341570576e-01 7.745723058602948186e+00 4.982593189670819989e+00 3.744432043463805648e-01
6.674439482960410341e-01 4.001459090389031026e+00 4.735719991834630882e+00 1.615255990674353548e-01
1.125177921574469053e+00 4.921890763599432894e+00 5.269950072237035599e+00 3.520053926985604598e-01
4.190968395620189302e-01 4.656800952082249090e+00 5.357865475642955566e+00 5.445575058311900030e-01
4.738935327596107139e-01 9.220338034201532196e+00 5.125095035392561726e+00 1.968210017586561889e-01
3.979922870314311356e-01 9.311077906480289101e+00 5.259716287455493244e+00 2.433713543560313552e-01
3.886409404355202213e-01 4.039858842528003535e+00 5.141942337240782201e+00 4.000720776918897381e-01
3.885415308387881739e-01 5.260290730419462157e+00 5.313267685245147476e+00 1.124367310901082384e-01
4.687442719892081500e-01 9.114339473356329435e+00 4.817838777971191533e+00 2.443947475855028362e-01
2.885299646583934230e-01 4.593543755858560118e+00 4.607575035457325718e+00 1.259440336390085236e-01
4.154815522238199943e-01 1.039086128498006545e+01 4.824812406651443730e+00 7.586567516929711152e-02
4.054242955080616939e-01 8.692804192162675747e+00 5.108555307125183020e+00 2.342020961293728165e-01
4.651783995668966609e-01 7.492194742684842979e+00 5.207975778000645484e+00 3.162641405940780359e-01
3.811267870902274590e-01 2.801048067371754602e+00 5.209927542377116083e+00 1.855976093493536538e-01
4.651783995668966609e-01 7.492194742684842979e+00 5.207975778000645484e+00 3.162641405940780359e-01
4.367159767134068948e-01 6.253670208794529728e+00 5.238056155711164230e+00 7.282186465994405777e-02
6.790255349128336837e-01 3.590577192980031640e+00 5.662380204825368857e+00 2.886706210249578852e-01
5.022413654205145628e-01 7.332962177926884095e+00 5.337102980218671355e+00 3.045644762842578679e-01
4.256184512832561495e-01 7.952845582869382035e+00 5.258930299552114107e+00 1.830083658670987878e-01
3.088644250457255880e-01 3.007533671676984266e+00 4.949651046091560147e+00 2.337652562874519280e-01
4.955729161659130910e-01 6.590911065703966010e+00 5.171765730962020413e+00 5.077401603142762260e-02
4.317790906831076581e-01 6.852399356826831323e+00 5.167624377329336660e+00 1.141417946591860022e-01
5.624523171164514945e-01 5.291131415771303637e+00 5.110607423594619725e+00 1.390339431204364318e-01
3.697194443554504550e-01 7.307937155518913208e+00 5.213471482493186926e+00 9.277343519797168203e-02
4.211818576677994197e-01 5.961816030454216708e+00 4.889740639241289877e+00 3.229001122601617979e-01
4.955696646204006961e-01 4.572771682759193546e+00 4.826884877032198595e+00 3.000243967855429350e-01
5.614698331423489952e-01 5.702424590429446383e+00 5.337590727396142043e+00 3.610186603889362078e-01
6.961169840561792777e-01 8.429265430832568740e+00 5.300538283312409504e+00 1.001349766271866781e-01
6.692829344013093706e-01 4.441086547868087209e+00 5.403374527669431160e+00 1.639602453770800106e-01
4.263157402095377746e-01 3.770901498299369159e+00 4.960627065403095948e+00 1.183295851801412640e-01
3.389839151540294804e-01 5.380051338366998337e+00 4.588431511918381389e+00 1.551918392750041842e-01
4.006992250092838992e-01 4.173154098987932770e+00 5.386756908661441301e+00 4.382797167534522309e-01
2.701947251191497701e-01 4.298664862659849817e+00 4.756933162517755775e+00 2.581657185021080658e-01
6.367375393217522550e-01 4.422571690774995012e+00 5.142001035820961796e+00 9.214033118092165853e-02
6.142448310114516641e-01 6.276412862359191713e+00 5.272681872889721788e+00 1.558380197811389256e-01
5.647675760682772106e-01 5.101752553718140071e+00 5.110564176832109062e+00 2.352038948350293479e-01
5.031002143877858490e-01 6.801383050536306207e+00 5.187150829295718246e+00 1.880213680851569036e-01
5.346055143196679627e-01 5.596424758791155973e+00 5.181422505599542205e+00 3.018591952246860721e-01
4.455479389107533383e-01 3.453776684262665153e+00 5.188831121037933869e+00 1.519494707012028767e-01
3.723199901029552450e-01 7.454354373878867790e+00 5.172385671952896224e+00 7.622214539859872851e-02
3.673092501229691664e-01 3.378936346331898655e+00 5.027184649147038442e+00 1.230151002366312030e-01
4.047264546693014609e-01 1.477509972421206186e+01 4.776191887186067575e+00 9.203695415680156200e-02
6.037154192609760495e-01 4.122324057049549850e+00 4.840843521674802474e+00 4.133050307700029957e-02
6.586886228359810636e-01 5.449363551510016279e+00 4.944309960462912379e+00 1.469805892601586950e-01
3.766172513319482329e-01 5.538951657574605392e+00 5.023836532275774758e+00 3.001754890826958122e-01
5.218168459880339061e-01 8.660898909493417008e+00 5.413742101064653589e+00 1.387578631408067920e-01
4.557732703565660071e-01 6.579192519661824612e+00 5.336927452908668990e+00 1.526527309053623827e-01
4.576880672670314842e-01 6.938233972394950655e+00 4.663726483439753601e+00 2.616643533085138973e-01
4.369821238067078117e-01 8.298090027908566313e+00 5.090611046564930575e+00 1.585596950362185564e-01
4.668257961422805913e-01 8.065493103128783758e+00 5.090446945179525784e+00 4.645828713800584375e-02
4.545211386174900503e-01 5.636859589054624919e+00 5.342710980507843210e+00 6.633751019328669452e-02
3.155493252230677781e-01 5.168051043215259099e+00 4.095228195854740072e+00 2.857255996522206631e-01
4.183995205590026467e-01 7.938531219330453581e+00 4.994266887536397803e+00 2.129393466111953737e-01
3.363731094626128959e-01 4.386001521479380827e+00 5.475943003090506522e+00 2.795441488536493102e-01
6.179100527899781259e-01 6.297144759839449435e+00 5.236619484047277950e+00 4.296901989845625103e-01
3.525110355298439191e-01 6.593340158557194464e+00 4.900133154046710793e+00 5.997153232115114141e-02
4.508162895649390767e-01 3.660955412279092602e+00 5.160800764803924245e+00 1.483449774024298562e-01
4.754429985238561862e-01 4.172328205340257945e+00 5.319055323990563799e+00 1.080891052579044942e-01
4.379182144329215598e-01 5.849228468996015451e+00 5.281573353912174973e+00 2.942245042252251142e-01
4.271138638526802422e-01 6.201273219021103067e+00 4.876010076135118609e+00 2.409106410964409750e-01
4.905315341644470584e-01 4.608323048594169080e+00 5.359050612649863155e+00 2.612050433906137892e-01
6.702113052792931791e-01 1.048616745358359026e+01 4.929842098899157143e+00 3.894849683912513516e-01
6.112284719244700515e-01 8.085645294391262894e+00 5.391682299142844137e+00 2.409765005148789552e-01
6.073410901702620546e-01 6.746173415634130421e+00 5.223021169963975474e+00 2.295265770834450658e-01
4.067952336545579417e-01 6.012824918203492963e+00 5.137679490067308841e+00 1.117662959981278736e-01
3.054955611553911154e-01 4.380683178370215813e+00 5.086283144077299312e+00 4.089852822157891143e-01
3.151952817371044824e-01 3.708362768429274148e+00 4.878699409593903802e+00 3.140181689018322619e-01
4.792486189090171544e-01 3.825316331859442975e+00 5.242262225677194465e+00 2.483311773273788603e-01
5.984770466966972124e-01 5.196727613040265759e+00 5.336804245368239386e+00 1.503398857807445033e-01
3.722126909322620580e-01 7.723219614928707344e+00 5.084475474405209638e+00 1.845460628025118455e-01
4.187527002138802246e-01 4.574053015081815055e+00 4.993876086301667350e+00 1.162874200253924406e-01
4.712362669580911767e-01 6.602583929034323340e+00 5.379630656774801345e+00 1.756898545571826398e-01
3.844329309797597238e-01 1.117877940862089048e+01 4.688384756817557175e+00 3.883149071981835676e-01
3.631096227232439855e-01 8.014213511842061877e+00 5.127763317777185748e+00 2.522782437641616915e-01
3.614602776184142607e-01 3.741750695023850604e+00 5.051656937933182157e+00 2.087321193624498694e-01
4.033327374226932105e-01 6.182581578344023221e+00 4.956278346851446415e+00 3.266014061309841510e-01
3.785263687116413034e-01 4.624260372664572571e+00 5.153576196224521233e+00 2.396878939512085416e-01
4.029282395437184805e-01 5.253857382210375349e+00 5.421764947601588780e+00 3.027047279162195514e-01
3.482095630493409200e-01 7.688867566349047777e+00 4.926015857141369025e+00 1.650928652948497888e-01
4.323686657593860394e-01 4.622203611339724461e+00 4.908918804389499790e+00 2.629250727231722817e-01
7.102895996525284694e-01 5.764031317220836392e+00 5.288246687215835351e+00 2.430033439831598141e-01
4.308750252981775053e-01 1.001148449221299330e+01 4.539029174572044134e+00 2.673083598591761700e-01
8.271893760922073291e-01 2.395069136335400639e+00 5.376491706577610330e+00 4.432899839140788112e-01
5.133349583927165893e-01 4.013019240867733650e+00 5.099525262734632136e+00 2.003845921684438147e-01
3.226264590057645321e-01 9.699850855914935011e+00 4.918704196931119377e+00 1.697658960717884358e-01
4.365043761437554792e-01 8.528050165885824541e+00 4.955758939464201873e+00 1.879615212516424494e-01
3.911013387206720426e-01 5.417364957870917763e+00 5.065570577009093967e+00 3.380933481628191628e-01
4.115969550720635639e-01 6.789938149273242018e+00 5.038684364356981860e+00 1.666328068611290514e-01
3.321934449985260440e-01 5.166613079105340844e+00 4.973216301980754928e+00 5.011207024078118133e-02
4.943844678387417924e-01 9.577559620299789245e+00 5.291929160936956755e+00 2.058932685838264498e-01
4.251822648482784239e-01 4.093262553290482941e+00 5.087865359925840991e+00 9.807764876964761291e-02
5.728272349122243146e-01 5.589984945975726482e+00 5.048005507322162799e+00 1.457724865728753094e-01
4.425687509021384303e-01 8.016893854361404337e+00 5.114275455865597841e+00 1.338115430148529295e-01
8.505171772394453100e-01 5.247195752863346385e+00 4.838513274223266158e+00 1.907091700483658503e-01
5.272349801975485528e-01 5.176905860611427990e+00 5.287397700755297691e+00 2.603571552612304330e-01
4.074623875025577546e-01 9.877743573056672943e+00 5.154778825193272240e+00 1.738670349900156009e-01
3.796255365416442151e-01 8.536828425529904507e+00 5.035271854776632416e+00 3.527528244411505809e-01
4.675691013269034357e-01 7.236394777745763562e+00 5.363982183355187061e+00 2.049568272209296160e-01
5.713561758659020384e-01 7.305708604001852180e+00 5.194078711718599806e+00 1.504781222268421204e-01
4.196166965429155571e-01 4.478426826126421290e+00 5.336660990243918157e+00 1.259476844459225531e-01
3.996593370265173473e-01 5.368148363892206731e+00 5.086918169384529342e+00 9.272288722549126838e-02
4.932500631855663564e-01 1.004829509841507829e+01 5.035989134515251209e+00 1.896049145837975791e-01
3.698549524390238319e-01 5.785555459770023390e+00 5.591596514492191083e+00 2.876368683320761899e-01
9.748742395065067567e-01 6.929375040791235563e+00 5.181753205146887531e+00 1.970897643013235778e-01
4.617053189773611677e-01 8.337564966269509270e+00 5.635999949681073318e+00 2.255950213505710789e-01
4.882941722227522874e-01 4.125802221290365779e+00 5.141814356846270861e+00 1.601658603130631797e-01
4.726341593403227681e-01 6.530499254666047193e+00 5.255637359176096091e+00 1.896510520415039536e-01
4.216301983421131827e-01 4.805089498491240896e+00 5.114341075867443465e+00 1.024021140129133534e-01
4.752317063799699759e-01 6.197308170911597358e+00 5.023552625813576533e+00 2.502883234779667565e-01
6.307273714289931554e-01 6.513805199354412601e+00 5.781347433180262563e+00 2.564826747256251371e-01
3.571872257702552456e-01 4.246554626396626730e+00 4.854186430815488507e+00 1.880298394814667873e-01
6.140687651343313957e-01 2.696024549141086801e+00 5.285176161013244389e+00 1.541849237464884004e-01
4.273338725822727335e-01 4.206720960049021407e+00 4.990818873168713310e+00 4.167045420751046281e-02
4.167113694968033744e-01 6.331316244693451445e+00 5.149622365146257152e+00 1.279902629438598449e-01
4.558793988195909419e-01 2.946956900593505679e+00 5.042380411898535364e+00 1.486294348064907678e-01
7.087599780401421246e-01 4.078399818299081048e+00 5.373812602899253221e+00 2.034399851832343342e-01
6.814266006675360199e-01 6.161700055118899400e+00 5.266270889592322035e+00 2.149293519618834525e-01
6.484774889070649140e-01 7.050363764552055379e+00 4.988703688409334092e+00 1.192618491014253990e-01
4.419519202790782031e-01 3.927052663992094406e+00 5.051630389953287725e+00 2.011505398289335222e-01
2.798594344597128414e-01 3.329668497917131376e+00 5.092948097805998664e+00 1.080530710780359949e-01
4.184374118651116303e-01 7.413490417738532123e+00 4.962002789028649552e+00 1.582278318799037464e-01
4.484476263649824768e-01 4.983952115713068842e+00 5.309387500350364775e+00 1.507883964648764064e-01
3.830568538460678574e-01 3.190900795912607002e+00 5.302879104384067510e+00 2.644811879484184614e-01
3.459832526877983927e-01 6.865100848393423938e+00 4.663402286274004993e+00 3.183946451355874618e-01
3.464077999803882868e-01 5.163281238992155409e+00 5.015741386519912304e+00 9.828469073790549460e-02
3.979536408815826376e-01 4.185497493242690048e+00 5.305078240032388592e+00 7.600766931247658620e-02
5.774943030516159759e-01 7.478839564859234734e+00 4.682486799909617581e+00 2.415042635225613521e-01
3.919502806702969133e-01 4.387152904287583866e+00 4.868917381391965726e+00 4.015067873175174329e-01
3.617423780583616799e-01 1.458174306590559688e+01 5.391869704963561105e+00 2.390742726602407553e-01
4.663379677784441624e-01 3.890210722100092333e+00 4.679632202826477183e+00 2.328920963148954359e-01
3.743885317372563915e-01 4.466612788960198088e+00 4.791481813464002038e+00 2.473184456898908090e-01
3.074250149185992487e-01 5.579322767533520633e+00 5.062633458067975489e+00 3.582811638486553818e-01
8.131319330814336110e-01 3.002674097849307167e+00 4.686573518951877126e+00 3.212653516662716813e-01
4.941604756695374134e-01 4.348694281103931303e+00 5.098503864072006841e+00 3.002826576740809106e-01
3.686008113269731434e-01 6.627570073568421094e+00 5.191580848661641490e+00 3.271902933399382651e-01
9.238270423872185777e-01 5.097185055669776865e+00 5.347886964376786345e+00 3.165736870277983117e-01
4.933087799178282884e-01 4.896879147590032844e+00 5.243222648448805145e+00 8.826276659754302145e-02
3.583981232135193817e-01 5.604850528220421957e+00 5.213234298007992429e+00 4.380040186789593837e-01
3.116882607758836299e-01 3.662129269298417089e+00 4.863635562500679299e+00 1.519195680942670990e-01
3.367795591770401109e-01 3.926645012692329573e+00 5.082644993807650557e+00 4.092703442574354145e-01
4.170017830873194997e-01 8.103105516284758281e+00 4.750856356393469149e+00 1.155356556557331632e-01
5.022949275226046284e-01 3.467316467167123495e+00 5.279739175654913907e+00 2.929912515051517619e-01
6.092674414113311565e-01 6.514428413875218205e+00 5.085674127335757966e+00 1.418850081805495822e-01
3.275981110112724526e-01 6.117005333938730693e+00 5.225389402718123577e+00 2.372045350490949445e-01
3.104402603579095032e-01 4.435803544947618526e+00 5.125320808790002403e+00 9.132792098645053924e-02
4.068744403993925784e-01 6.529271834449590806e+00 4.452386527118856741e+00 4.050245515741628388e-01
5.265339307503095201e-01 4.677916435989679655e+00 5.115283500781091952e+00 2.846666875611941760e-01
5.189492218340709950e-01 3.180864630254420344e+00 4.823321573783660554e+00 1.159269575378277517e-01
4.166786640708942668e-01 6.917678050817948510e+00 5.019734484283737252e+00 2.586259009315804436e-01
6.910170635629340197e-01 3.572902600057901168e+00 5.502057104467858117e+00 1.555663677250027077e-01
5.384979392937396803e-01 3.855208958531801677e+00 5.119389781503434378e+00 1.589655110043590447e-01
3.457020757555778756e-01 3.952257831939371968e+00 4.880624824495045644e+00 1.472577527525476548e-01
5.452720324552039477e-01 4.481382814201019471e+00 4.950697237056080446e+00 1.321609569987892696e-01
6.151265811035002695e-01 8.181102650336589122e+00 5.255094558782069214e+00 2.465803202168270203e-01
5.682348062962589985e-01 7.502832393330466587e+00 4.774297838558507756e+00 2.096187596762062455e-01
2.936672207779901789e-01 6.037021442209939082e+00 5.035285638722537982e+00 4.219461329384518455e-01
3.799746170851959204e-01 7.956667485983404120e+00 5.101295185459012060e+00 2.945069263355177269e-01
6.284002153765970711e-01 3.742985651108567513e+00 5.261656371600001769e+00 9.090693052396010831e-02
4.567240242194359756e-01 5.647710050900577095e+00 5.010561275915540236e+00 9.110765747720636631e-02
4.274935107520470567e-01 6.830253059512444658e+00 4.994090945749600330e+00 9.042951868783730140e-02
4.242019476324324634e-01 7.360486945942804837e+00 5.078441285495758351e+00 2.636067979421313767e-01
2.771933341707831788e-01 3.762731818345885770e+00 4.506576268523103224e+00 1.613795796497427548e-01
6.258081776404795793e-01 4.570734279697435731e+00 5.300613012759094467e+00 2.682109706710030794e-01
5.087937385008433067e-01 4.154584562833347761e+00 4.814009077082700649e+00 4.595769751059874952e-02
5.556165451456597237e-01 5.012926623447162555e+00 4.856394088891730298e+00 1.112283380775723196e-01
6.164265071607375468e-01 8.907957823483670268e+00 5.152042453442986947e+00 2.247477238268753008e-01
5.132566900647229646e-01 6.652895333654902821e+00 5.165814445456320847e+00 2.641615521357508767e-01
7.047137074076135210e-01 5.076560608133442898e+00 5.179862504670061263e+00 4.125300419489540404e-01
5.891456348541872501e-01 9.018669436199175493e+00 5.109072332244334547e+00 7.854243245298481169e-02
5.311299399163705859e-01 4.711227264416204541e+00 4.699277808865128137e+00 2.349976231475766619e-01
4.481287511755970288e-01 6.422057358680357986e+00 4.765367716071420290e+00 1.342713632239133370e-01
5.928409431832833976e-01 5.287719273383110874e+00 5.339900922010455631e+00 3.989701590811010612e-01
4.487650926999452450e-01 9.142806561262005971e+00 5.346125488246649127e+00 1.377817233504896322e-01
4.558829772754151022e-01 8.228084356230537466e+00 5.017002918601999539e+00 1.609614456678451488e-01
3.209845561736673902e-01 7.608479685351891675e+00 5.165835368053393495e+00 3.052060864364726789e-01
4.734077991769646832e-01 8.364040075482147785e+00 4.748153155574920348e+00 2.667217589465685768e-01
4.382827303462382140e-01 6.712945656656377658e+00 4.613803075238140039e+00 2.581891586081153656e-01
3.652868408622370056e-01 3.777042889298130479e+00 5.400430630426217959e+00 2.464814658356077881e-01
4.610066252712966550e-01 5.595963761945687232e+00 5.401609660788333045e+00 2.174126620680838784e-01
5.275937014563996108e-01 6.199595886175313986e+00 5.086653061991482261e+00 1.074099189206853544e-01
4.091489637215390829e-01 6.072201467036135725e+00 5.020668395149607832e+00 2.306210461783574361e-01
4.131499452266934602e-01 5.853872416531567424e+00 5.189724049454891741e+00 2.033992910178672453e-01
7.415309106813186002e-01 9.442427933205056689e+00 5.066797054062042172e+00 1.278074390787023729e-01
4.852383904585877428e-01 2.712564150390670559e+00 5.044735679294553243e+00 1.832152939893421095e-01
3.355224478695805201e-01 5.667512074865001637e+00 5.277970570344832524e+00 2.516702523540627068e-01
5.089387983655097036e-01 6.455224989272644542e+00 5.126429637957619079e+00 1.672363667863642211e-01
2.755911094880558188e-01 6.251325056230357724e+00 5.260878617979460437e+00 3.530823526633301568e-01
3.728898683245930878e-01 8.533271033787903193e+00 5.000808339953137782e+00 2.365804606339036997e-01
4.382819926177694003e-01 6.541020352127498327e+00 5.115535869991933104e+00 1.549997118188234935e-01
3.764022998184911040e-01 7.577254622970407638e+00 5.416055201996316626e+00 3.757636027567837211e-01
5.145467967670200871e-01 3.246232666494400565e+00 5.340503577709088567e+00 1.035940125777519011e-01
3.851699204893972994e-01 9.175555757851165950e+00 4.802410004143155220e+00 3.186800561318320346e-01
4.428207787123804584e-01 5.537428349273669781e+00 5.023244276612929937e+00 2.030926047928580669e-01
5.001923892856646736e-01 6.872676440097421846e+00 4.887496256173067266e+00 2.514194745296406408e-01
4.039146012282735509e-01 7.155494199864195437e+00 5.141217180503377726e+00 4.496083190855584277e-01
5.111936796449174647e-01 7.628847197620578946e+00 5.094079982858272793e+00 4.868522697646654462e-02
4.021447323291490461e-01 8.317799534110967841e+00 5.181807713553071792e+00 1.555210275807600295e-01
5.364707479835306714e-01 4.596754268993612946e+00 5.214876773231193141e+00 1.365669381840283192e-01
3.633294038868666309e-01 1.030832430480682227e+01 4.719045610347531117e+00 1.918393788050268833e-01
6.415950674306816204e-01 4.720898137174442510e+00 5.059547449542444397e+00 1.424112226333459907e-01
4.283772552310741721e-01 3.682177953891457189e+00 5.060019832023728625e+00 4.637239818424823135e-01
6.192000335115215304e-01 4.590021588081761195e+00 4.226982000803722883e+00 4.334065976974699197e-01
5.532452458921073291e-01 3.742661715950302170e+00 5.212123994106073077e+00 2.867096379253175065e-01
4.157215206190403856e-01 6.799109321663282302e+00 5.344939313835714856e+00 3.163921884431691867e-01
4.180005550291042704e-01 1.004022540881335068e+01 5.068371600024274670e+00 1.149509197079413708e-01
6.516996814423039464e-01 3.292097400456917455e+00 5.020495272259201336e+00 1.321770953223851963e-01
4.564188764726697656e-01 7.678303225882502581e+00 5.242860100030331871e+00 2.690050735799380810e-01
3.510076675242921329e-01 6.905903830646067831e+00 4.767530377391043572e+00 2.034668348215734057e-01
7.455481398169576668e-01 4.875460595479545134e+00 5.182591602514477813e+00 5.326484410144176340e-02
4.576887328906432684e-01 5.627394604854998761e+00 4.984596474696883384e+00 3.885302513525509260e-01
3.723360960479900617e-01 8.630942047531112493e+00 5.191343065190733519e+00 3.207926955724209606e-01
3.759282467146140005e-01 4.442081392792799122e+00 4.779491252116374156e+00 2.770858201261510723e-01
4.723470920565530085e-01 5.429768852302217397e+00 5.108559267041655971e+00 2.390228793545010888e-01
8.774869729492463799e-01 3.019710291013284920e+00 5.154102041091372932e+00 1.186018326839127085e-01
3.788328819995541163e-01 6.818637091356665181e+00 5.316522658056932471e+00 2.111110539900923622e-01
3.383682448996757630e-01 6.236292114679862664e+00 4.993652257494868962e+00 2.049575055552500524e-01
3.476829862035074048e-01 3.126421984384026409e+00 5.142606531618276300e+00 2.964810818946864712e-01
5.632607275230070432e-01 3.888305957658225953e+00 5.116884464398656185e+00 2.616547047943779125e-01
4.730587460425377255e-01 4.496822347705815126e+00 5.102954227006763155e+00 9.970391644624689020e-02
4.360852369437063780e-01 5.131133669321638280e+00 5.054764246329592758e+00 2.227638881380556435e-01
7.393458971002442315e-01 4.850232036328676166e+00 4.750315926193473537e+00 3.740688326044929735e-01
5.801785499477937202e-01 4.384350183420421487e+00 5.117150635241968892e+00 2.466948629057907350e-01
5.842430679125220072e-01 6.101247489886060471e+00 4.903317575338610901e+00 2.497249981209449243e-01
4.773737070146696349e-01 1.476388773392107900e+01 5.023119874816854846e+00 2.264650311384409642e-01
4.637328544048383572e-01 6.363160460537379493e+00 5.001726449490377036e+00 3.297687206985452368e-01
5.399247659723988013e-01 5.182150881109176765e+00 5.067478824869633414e+00 6.131711260321590085e-02
7.268223297187894616e-01 3.387619645735039153e+00 5.145397939819999600e+00 1.216200280023266300e-01
4.904980824348887936e-01 4.396084239347855416e+00 5.013477517522391125e+00 1.405533648888653286e-01
4.487954994254496621e-01 4.379493042595422381e+00 5.059777026921939758e+00 2.265925440020855886e-01
6.097959562237982301e-01 6.808577788392060626e+00 4.960959139885705582e+00 1.741979888464052773e-01
8.298553254702550896e-01 5.028934671332474515e+00 4.806629753359559665e+00 2.003344250741367627e-01
3.590961601939991477e-01 6.125432900430048733e+00 4.808684089201884504e+00 1.568848423368882639e-01
4.998080170793253174e-01 4.112422826945099530e+00 5.179591674474839813e+00 2.195815467503388629e-01
3.182668970046441670e-01 3.732150903491259442e+00 4.716329614201322684e+00 2.168693562566338384e-01
2.919172625535282894e-01 7.588231727987571062e+00 4.955048518313596162e+00 6.260701496163544044e-02
4.322061589099499557e-01 6.954224890182969965e+00 5.160292448803952325e+00 3.488197091930762550e-01
5.777782621909183236e-01 4.867858489828460478e+00 4.632413615658745876e+00 4.936285556216789550e-01
3.453622814967146626e-01 6.358315053838555109e+00 5.307996913006991058e+00 1.742487503541020333e-01
5.503675308518507503e-01 4.637511057726108277e+00 5.335672423826804511e+00 1.825385398722158548e-01
4.032445752565889663e-01 3.981030498390288219e+00 5.082492847358711430e+00 1.649046637007224869e-01
4.536523888629767076e-01 5.356283387544138463e+00 5.137220940923722168e+00 2.029015509621228952e-01
3.231079855844248838e-01 2.987924020010393811e+00 4.977760343826932221e+00 1.989618895967463219e-01
3.285692870813491373e-01 6.175130873581738733e+00 5.067299601415465204e+00 6.839025732577162786e-02
4.230116387995300764e-01 1.056882457239644957e+01 5.006500814491096740e+00 1.000399319055864794e-01
4.666766376370707903e-01 7.360595776655108224e+00 5.156879258167630375e+00 9.895623873749334609e-02
7.048511463738386107e-01 2.787492004013682134e+00 5.034286594904805234e+00 1.276668914344013528e-01
2.863199285036857056e-01 5.700567760148013363e+00 5.232444486044557586e+00 4.624177163309824978e-01
4.918467264024672936e-01 4.747800764556698638e+00 5.321933008184003278e+00 3.481649916300989522e-01
4.691474701883429077e-01 3.463118641782475748e+00 4.098777575416733931e+00 4.440115310449480046e-01
5.374294116800518717e-01 6.017656900912835560e+00 4.976977837469391375e+00 2.039126188005567220e-01
