# Hierarchical MCMC downsampled to get 500 samples
# alpha, beta, mu, s
6.719924773918554139e-01 4.784618495234941093e+00 5.454745005041528039e+00 1.674963289703259028e-01
8.541681775481885230e-01 3.912180012277170160e+00 5.181261803769242391e+00 3.510780429901985134e-01
7.895603832346267392e-01 8.865108630031805603e+00 5.031991122344377843e+00 2.284201629045312931e-01
5.345256705631594718e-01 9.928935012923201242e+00 5.254017907856753489e+00 1.430778230416790697e-01
6.093910278413113835e-01 5.174899396606178037e+00 5.332965577285124326e+00 1.362950497084404189e-01
7.459811563955207614e-01 4.168095800433057718e+00 5.129263667907082436e+00 4.626206269249455438e-02
5.789461455385264133e-01 5.132063153000242295e+00 5.003583745280171691e+00 2.808810069070997728e-01
5.433265723551596871e-01 2.934227206597718407e+00 5.379110396626591850e+00 1.082053538556966010e-01
7.446560290237844715e-01 4.733435334534410899e+00 5.297630094056879457e+00 6.825868646866357914e-02
6.580516430090751490e-01 4.453324101394017021e+00 5.382726242138310191e+00 3.071092400956956237e-01
9.793656534942638547e-01 3.564231185735533103e+00 5.476531332028938159e+00 1.376708420569455749e-01
5.292544353403582091e-01 4.085299931662253137e+00 5.099089341533247222e+00 1.980447770846972821e-01
5.360500740564468902e-01 5.697966763415345248e+00 5.491049921591437233e+00 2.059046165664423222e-01
6.044707447917425647e-01 3.957367405294530904e+00 5.112527950181801728e+00 1.671119048659886475e-01
6.591669005702255335e-01 5.974672650141719998e+00 5.087712362957762302e+00 2.130878140436283097e-01
5.799945564826664013e-01 7.930097877408059936e+00 5.513962760592431955e+00 3.032821202268036198e-01
6.328661559137153114e-01 5.916022403109709948e+00 5.031560485692161855e+00 1.904830573113063530e-01
7.541312182930945962e-01 9.293453534234393132e+00 5.412544778826789305e+00 1.645528700217986917e-01
1.190621655569015003e+00 3.628766580023630173e+00 5.002864062299838821e+00 3.069580344096345947e-01
7.084750082969829554e-01 5.872785417733974000e+00 5.400174283905835537e+00 1.512150773269665682e-01
6.467568764716398189e-01 5.838779787974330837e+00 5.080497480495045792e+00 6.607769620428016744e-02
5.113494401766996988e-01 1.189480123260204536e+01 5.128189254613421788e+00 2.192692028819508698e-01
5.631963635224777054e-01 5.878261595929792804e+00 5.226531179467197141e+00 1.273817129021064254e-01
5.473596073577151611e-01 3.283701417982610504e+00 5.718472684713878706e+00 1.646926967252866358e-01
6.513950609196087482e-01 7.639506648028337565e+00 5.346048713322074875e+00 6.785947699842351244e-02
5.308945116174207390e-01 3.744334265404390294e+00 5.108076450882659714e+00 3.140025388706191856e-01
5.894744633988471261e-01 5.097334438349835573e+00 5.162941301086639179e+00 1.267565213562901194e-01
8.539799874737661334e-01 4.296550449012578099e+00 5.611153218355108940e+00 1.605062446997133907e-01
5.629612447480132342e-01 1.120965297401038008e+01 5.136935120818916012e+00 3.925544047377307888e-01
5.688166185388325857e-01 8.511530789692084653e+00 5.132794262477458958e+00 3.174637979317480041e-01
7.507182026594225732e-01 4.911548050951794586e+00 5.386147194922207504e+00 2.905901936158031829e-01
7.573729230882194630e-01 6.124571958872638611e+00 5.274000268413475467e+00 5.807604668381285973e-02
5.780471533572761889e-01 6.681449999026076725e+00 5.534513210690126250e+00 2.238257505795989144e-01
5.748684704807638379e-01 6.288142556157771956e+00 5.304436398585260726e+00 1.660134779602017163e-01
6.379682804132332796e-01 5.478406825962768067e+00 5.292406712954793591e+00 3.475020394379662592e-01
5.770649618854943874e-01 2.568658785248162157e+00 5.381725048834823610e+00 1.384977744683475176e-01
7.481097116176159689e-01 6.824175583184173277e+00 5.504825098982436771e+00 2.624544296438650615e-01
6.318483840289765840e-01 8.218837627579599570e+00 5.336506574879313014e+00 1.757004234698290035e-01
7.727827172785783905e-01 3.861421284684970701e+00 5.422374522505204020e+00 1.541547393517554987e-01
7.392881908048166695e-01 8.679181552913634690e+00 5.454455022278146714e+00 1.631607235267293898e-01
5.757539347880142877e-01 5.869842812450938752e+00 5.303206240460610843e+00 1.949461393051727942e-01
5.720847210140274086e-01 4.922146468151963994e+00 5.645803251370330678e+00 1.230802059890987454e-01
5.939265387005162600e-01 4.752067312234906638e+00 5.133023713781136088e+00 3.587935532447946718e-01
8.237050614591040487e-01 6.268108349818306557e+00 5.153638627834504327e+00 3.617611537221655515e-01
5.924476101628419755e-01 9.725507891879148659e+00 5.437608393974884713e+00 7.388740276447394728e-02
6.699417485045864318e-01 6.838009573419115306e+00 5.893617472900376519e+00 3.444768088493310176e-01
6.187681494638050950e-01 1.198637735986002717e+01 5.485749349389516638e+00 2.113371545415195785e-01
8.998452524907641914e-01 6.676313473202222681e+00 5.421449123742385190e+00 9.195595155829600076e-02
4.716612923034648186e-01 4.344779414953709562e+00 5.271862389846251773e+00 1.252545802681306053e-01
6.982502195759424657e-01 4.175410072185696819e+00 5.562032146295543100e+00 1.986379252027401510e-01
5.701233257526593379e-01 4.833842052448697579e+00 5.723099548008101500e+00 1.381271310874693237e-01
6.449900428134885955e-01 4.859165306650870875e+00 5.201750000760291925e+00 1.599882496380910235e-01
1.000935953173795800e+00 3.835130563827829242e+00 5.779496059321087564e+00 1.850701129183383031e-01
5.509501354781741744e-01 3.196919448633953387e+00 4.795217791254761330e+00 5.875568224007038376e-01
8.066981873760881161e-01 6.876837980647690252e+00 5.472657841610985230e+00 9.749362437372798007e-02
6.795046009700960177e-01 1.015193423948949025e+01 5.433570387764805609e+00 2.752729498899460503e-01
4.688152961721534506e-01 6.539311646121127808e+00 5.445900949357785237e+00 1.551160252891036206e-01
5.019191724532551246e-01 5.122482726543540643e+00 4.977190145982770098e+00 1.661298375193870358e-01
6.606448889160534410e-01 6.743962509466538968e+00 5.368467254093593155e+00 8.866068674116615866e-02
6.070970559746953210e-01 4.529952718500622311e+00 5.234041269793375584e+00 1.311674027303184331e-01
7.299252770987111338e-01 4.965176011428108716e+00 4.999705517188929527e+00 2.795819161996356272e-01
6.469157729112060551e-01 3.598549471045560111e+00 6.021011981705732374e+00 2.622266355243071390e-01
6.357967171709146825e-01 4.713803117758826211e+00 5.599544563375083328e+00 2.364183619919406620e-01
6.738344739676406236e-01 5.865218347193338566e+00 5.110206213541449216e+00 2.553143057866651411e-01
7.382530062723555719e-01 1.379242493550138526e+01 5.289289217494937745e+00 3.095807925885896705e-01
4.898236781474423207e-01 7.051604094303801418e+00 5.221562159307060469e+00 1.102582953536227622e-01
4.544958821569748397e-01 5.941975511443969182e+00 5.368486147027632605e+00 8.681219593576633420e-02
5.804486806878641492e-01 6.280314861466057330e+00 5.024459170947956466e+00 1.700594189703635295e-01
5.440990864825789863e-01 3.696981165155186044e+00 5.364825044570157075e+00 1.580058485944737523e-01
5.657674417605027539e-01 5.283342425937871845e+00 5.365868750380662355e+00 2.612135166284990095e-01
4.502879106263348308e-01 6.141511686331620368e+00 5.488254309931564379e+00 1.488822841381989837e-01
4.304953358920849404e-01 6.601172607039860196e+00 5.423224235703448137e+00 1.938429471652191038e-01
4.135261559408862642e-01 5.571124856696921590e+00 5.283772718030874671e+00 3.216480707964874952e-01
5.217433852406021533e-01 9.023616336652031222e+00 5.252333249678020621e+00 2.676720004567876288e-01
5.464505669844228475e-01 4.801785791535255754e+00 5.730597010171860184e+00 2.421125372462035741e-01
1.065430924437467564e+00 8.757525802701060513e+00 5.161695310730531894e+00 1.664567906614725645e-01
5.593606230882853803e-01 4.473703265304799004e+00 5.295376989411990643e+00 2.056780979315864788e-01
4.951254593583906960e-01 7.447251472457405264e+00 5.364926292028669330e+00 3.130325960727544654e-01
6.443972797920245466e-01 3.678300861187986381e+00 5.079509041076928355e+00 8.334951158836420571e-02
7.319471550163121343e-01 5.818190851924126328e+00 5.358498743325190716e+00 1.341299706563866823e-01
6.091022322194217242e-01 7.544552628591836729e+00 5.106667297800434824e+00 1.729007791434848396e-01
5.560672897924558988e-01 3.499759223116451157e+00 5.248078863797112525e+00 1.205491940147386254e-01
6.333838282702497491e-01 4.824282296349136523e+00 5.593342591458968727e+00 1.889637268630129652e-01
5.065030346646769432e-01 8.387182167110621478e+00 5.584472971860608759e+00 8.740312812549402843e-02
5.240091838429390414e-01 5.236904755076144724e+00 5.284119722465126401e+00 2.615128731468484014e-01
5.089217827396055327e-01 5.549779504934541308e+00 5.284676443687770231e+00 1.299790902189882913e-01
5.220449775786444313e-01 1.318339923198840857e+01 5.425319139677904801e+00 6.373018053653232984e-02
6.901560943608201493e-01 8.975605670875792086e+00 5.432348778568329983e+00 2.174930545515210700e-01
5.900732553283140058e-01 2.879595534159093084e+00 4.952817426198187434e+00 2.041184991546279304e-01
4.924722754813988801e-01 4.074022529648701152e+00 5.038064974278264607e+00 3.466122374042922005e-01
6.523776719889035069e-01 5.198454199071530724e+00 5.499645543886436450e+00 1.306472806499867634e-01
6.510342964450983594e-01 6.486251852180028088e+00 5.451123190653298423e+00 8.178289976115105109e-02
5.414561981657839418e-01 6.153734408602271166e+00 5.264499106476004719e+00 3.947806081915167242e-01
5.553828445279663795e-01 7.060304946123496350e+00 5.584233877409704228e+00 1.314086062151925693e-01
4.451107163706954362e-01 4.392437976457273408e+00 4.625292470754427399e+00 3.005208021602618906e-01
6.980653331504312886e-01 5.998615043419762038e+00 5.405446300171388607e+00 2.182012393339309020e-01
6.046130628790939987e-01 4.580417718712583408e+00 5.449792393801629053e+00 6.880076622559419541e-02
6.346733221975330297e-01 5.704520664805328600e+00 5.416939165639073295e+00 8.720959892829316384e-02
7.027518481923444860e-01 3.941524471307208621e+00 5.583835487485224292e+00 1.312704148111409341e-01
5.674613057206754352e-01 3.373825732578924708e+00 4.458142442771292124e+00 8.197758958760159587e-01
7.627905731141243484e-01 5.852286772611439147e+00 5.328144695402989406e+00 9.437782522301825516e-02
9.339256909005214657e-01 3.133251881260415317e+00 5.157762468622893337e+00 1.134375760669713296e-01
6.288230434402289903e-01 4.966192452676594371e+00 5.376675001758047578e+00 1.407281480966264542e-01
5.502129950358269905e-01 9.513050951639961283e+00 5.475770164498145576e+00 1.975342480728323746e-01
9.104494027019671698e-01 2.203329468120343471e+00 5.380661927073064454e+00 1.902730660974397137e-01
7.053327805381783833e-01 7.151454896985953269e+00 5.295360301348739362e+00 6.483394376249002056e-02
5.741331409808884123e-01 8.646915946621570370e+00 5.236621589395935139e+00 5.308608519807246628e-02
5.882587874767377656e-01 5.319102776771982732e+00 5.204165434441899940e+00 3.458811218260473552e-01
5.888071151782763302e-01 1.150214742666806700e+01 5.551609003468690240e+00 1.736506340573128748e-01
9.200348629980996673e-01 4.375500266481578748e+00 5.633400856520927036e+00 2.144638414555557204e-01
5.515438032700409332e-01 9.154537042352263398e+00 5.377351547157726230e+00 1.096216709668715594e-01
6.085747708799756905e-01 1.010947488686705498e+01 5.316600101479285634e+00 2.179209197252223174e-01
5.520077276106347686e-01 7.092864854730344781e+00 5.693071966414874119e+00 3.230968466778074144e-01
7.382092366619985579e-01 5.158423220449976476e+00 5.619595596434041163e+00 1.636697599031565753e-01
5.068706521316960201e-01 7.712769997695410495e+00 5.091009767209971670e+00 2.372175932812944643e-01
4.922114111587196361e-01 2.581992612137607779e+00 5.924955167623432217e+00 2.561123131838883848e-01
3.476988050897618643e-01 3.870215261935309403e+00 4.470165584631532241e+00 2.552079287527602158e-01
4.915198785128888637e-01 6.696198086110538128e+00 5.656635299242186221e+00 2.962173547724069045e-01
8.201572844772544446e-01 7.028361961559101090e+00 5.361469083793282131e+00 2.203335532654575601e-01
5.767994864911292208e-01 6.024627696474502692e+00 5.431149478268000763e+00 3.902931590709446397e-01
5.727496723992665517e-01 8.349444771569165979e+00 5.292706197219099629e+00 2.299234614020640444e-01
5.662841915840177709e-01 3.629924046867211374e+00 5.376406273794524182e+00 3.031453717331301090e-01
7.052448971557432333e-01 5.641387907299996840e+00 5.318294569329814259e+00 3.542102192957734541e-01
5.418724286986230654e-01 9.576298763559053739e+00 5.179156006595859729e+00 6.002833932648435344e-02
7.359813399419748992e-01 5.969833307411937184e+00 5.428747277207922828e+00 1.830483168756475987e-01
5.111322484615278272e-01 6.281625386945325573e+00 5.513032934042336741e+00 1.143016388527252070e-01
4.642620226800129313e-01 6.660043731755299845e+00 5.044256835182832077e+00 2.726278142543467342e-01
5.718252548304874061e-01 9.062731937585692066e+00 5.431483388729425599e+00 2.057826537814461954e-01
7.050806365665364117e-01 8.151742073475151784e+00 4.777156185310208691e+00 3.325053491584182286e-01
6.788079125038392059e-01 7.834743671403807674e+00 5.222022827897419894e+00 1.604149309630222286e-01
6.270773824486335357e-01 7.133417801930463931e+00 5.345534939781757089e+00 8.630614027074966221e-02
7.159644286307257355e-01 6.021285345159936853e+00 5.200814906420002437e+00 1.720187545377772631e-01
5.191048461895412247e-01 5.291584488575105105e+00 5.174709432681035892e+00 1.667020413914196419e-01
7.388026837762022847e-01 7.357940208718115827e+00 5.341521475325314405e+00 2.783245914658368236e-01
6.524927494650694104e-01 9.443066240880380491e+00 5.562683130364258766e+00 3.933651467640040256e-01
8.828807530778510770e-01 4.926444327842594006e+00 4.944105114760084518e+00 1.700102652276481996e-01
4.181209239900951502e-01 2.171590426624198322e+00 4.986496075647147919e+00 3.316252186459086593e-01
5.632262138107481109e-01 9.975439646684273853e+00 5.467408232397557022e+00 3.076626004718947538e-01
5.728074580120096071e-01 4.607994423302468334e+00 5.303171354064101450e+00 2.234653366159854437e-01
4.548322923664042117e-01 7.558940449096415826e+00 5.230034668512481666e+00 2.571875434788818415e-01
5.101365057937201630e-01 1.284696770003179367e+01 5.095157365936602289e+00 2.733340520981668575e-01
5.970485655716577522e-01 5.377101021798481817e+00 4.905234942596652381e+00 3.069176267675924885e-01
5.916421418994785020e-01 6.317295294803965788e+00 5.210036551642361680e+00 4.255068139463009658e-01
6.008728728466731228e-01 8.411502397831370104e+00 5.195869930592172281e+00 2.545783934909306434e-01
7.832602247085158620e-01 2.518562496052263899e+00 5.453146359983836788e+00 2.472771953450124682e-01
5.911023120391292185e-01 4.688964490708043442e+00 5.469913858491612935e+00 2.161378740604605886e-01
5.519382899125218067e-01 9.648598997714891823e+00 6.252711963604028256e+00 4.036075918356960002e-01
7.566459089626128565e-01 3.946350407774344760e+00 5.140237936838443211e+00 5.714843687466590605e-02
7.214956557032751183e-01 6.046858529773457391e+00 5.063754373006717380e+00 1.811726896584771873e-01
5.751388721053455333e-01 5.968622878042501689e+00 5.343586856448536260e+00 1.142351763189651120e-01
6.173122998335602851e-01 5.271063888394063035e+00 5.191202116543035316e+00 3.311616789117999837e-01
6.712204130349455067e-01 1.108424014543730429e+01 5.150361074871908862e+00 1.562708089224308927e-01
7.592289832941068184e-01 5.919748397134476647e+00 5.202274003764761900e+00 1.277379650443069004e-01
9.556245517991196481e-01 3.092823923892279225e+00 5.213272938924999877e+00 4.011833872044882066e-01
5.179961526749493617e-01 6.766475989005386715e+00 5.011794162489887405e+00 2.774852613769822618e-01
5.054960165256621174e-01 4.669675494357943712e+00 4.713220407472329399e+00 4.390538789218711990e-01
8.471843295330133694e-01 4.008505660262948744e+00 5.498331262462720304e+00 3.156456751014670714e-01
7.478693611978401989e-01 6.019517502075493631e+00 5.300516213674146826e+00 1.258623343543046336e-01
5.546649378933745655e-01 1.297831724121910923e+01 5.733203491419041953e+00 3.670082727491210117e-01
6.020342389284583096e-01 2.873403269752688782e+00 4.997100078192937112e+00 3.772246096480606492e-01
4.469756087462111172e-01 1.034309642457779432e+01 5.297021701009251515e+00 1.556371659034838095e-01
5.568599661080054775e-01 6.396464758275746121e+00 5.223989454865546556e+00 1.571698707507481751e-01
6.216440533305038763e-01 4.609500570845145084e+00 5.394357734437027041e+00 5.345561468228943180e-02
5.956255452474170653e-01 8.914078751764167308e+00 5.265471627391728582e+00 7.410379726933755129e-02
6.992020039665283182e-01 6.115570146641036153e+00 5.239901114715222796e+00 2.430945159248912857e-01
4.801704945824751825e-01 5.259776870450827424e+00 5.395024497201826641e+00 2.225056382090005447e-01
6.023299819146959999e-01 8.495484899989287797e+00 5.209928642241538732e+00 5.047999169037361566e-01
6.132002587292241236e-01 4.109659089063915083e+00 5.150354299306902917e+00 2.706104700594247348e-01
6.013409219519696425e-01 4.197069867782101227e+00 5.304391159793178545e+00 1.169058348294967353e-01
4.307060779427260844e-01 7.036879286460048455e+00 5.187929995134979322e+00 8.466421849448058090e-02
8.409267497858703422e-01 4.152860137085868431e+00 5.399790173265607507e+00 2.936023812238167663e-01
5.537578103115120554e-01 6.037997215029319520e+00 5.388223618790628500e+00 3.687148593764424942e-01
5.955462741155816975e-01 1.082143122846004957e+01 5.107945811645290490e+00 1.519657066549803537e-01
6.063506428283395033e-01 1.030386152755579765e+01 5.193673428312550300e+00 1.997090514758249891e-01
4.442961193913219642e-01 7.338716044948082384e+00 5.949801592994781174e+00 3.695478476338753815e-01
6.620133609373619610e-01 5.484158197617070130e+00 5.381021619216585172e+00 1.847608513967296529e-01
7.322771796301393854e-01 5.188802414760857573e+00 5.474671401340913235e+00 1.648786134444752693e-01
7.238925093374355413e-01 5.247274399428892622e+00 5.450697233531270669e+00 6.028096644997753550e-01
6.110654648677267264e-01 8.406016702287775644e+00 5.359097215501518185e+00 2.777740360530833730e-01
5.695740671848393832e-01 1.165752158434159469e+01 5.608095258990679177e+00 2.538079395932612559e-01
4.711353915319499985e-01 4.121417046141980123e+00 5.606648569881157229e+00 3.219542900368162486e-01
6.966531693212837384e-01 9.811515743666086919e+00 5.520510600158213599e+00 1.294399248941117131e-01
6.328819862996307721e-01 8.041255510242935500e+00 5.227802511693287357e+00 6.426325004765534588e-02
4.913102769440219619e-01 7.671507760036679002e+00 5.375295166312197281e+00 9.412474074137235081e-02
5.366605525311722857e-01 7.106035777152055033e+00 5.206504577741352335e+00 1.838645003342984918e-01
3.911977726003429412e-01 1.252134295074244541e+01 5.375474235937673484e+00 2.108962862704307772e-01
5.879043740110587724e-01 3.576855744205860166e+00 5.146701054388944208e+00 1.918832783010503973e-01
5.126231820259402605e-01 1.072990215843612205e+01 5.283762877305352212e+00 1.849326523301199621e-01
7.389887158178618520e-01 5.311821583753181919e+00 5.108283282413793813e+00 1.856331697475145370e-01
5.310151160298196560e-01 8.123217940800302017e+00 5.242357806465291148e+00 2.418476042568179774e-01
7.913323878473904616e-01 7.453930288415053340e+00 5.485849455510213524e+00 9.722639015794574957e-02
6.361282128908879452e-01 4.012976270336928053e+00 5.317719415459825072e+00 1.446591804588442387e-01
5.524388998379290427e-01 6.327982103505671141e+00 5.498934155748380626e+00 1.567579874523266359e-01
4.905794323304166205e-01 6.222678881258702610e+00 5.649547885032200512e+00 9.384875283001078983e-02
7.093401712208484700e-01 6.092891486726131234e+00 5.532903470146334435e+00 3.024629970937353640e-01
6.509697202899094037e-01 3.196454741803982813e+00 5.363696538742754427e+00 1.513032953591126883e-01
8.268923840117280433e-01 6.255094222951544936e+00 4.986984055429906526e+00 1.277872716742764758e-01
6.505030510215348283e-01 5.544618498465183620e+00 5.179067388882053535e+00 1.543490014224580820e-01
5.448311843997792892e-01 5.810296166221054825e+00 5.712370564387086347e+00 2.789540062677564602e-01
5.503444545523985543e-01 1.194546698115269656e+01 5.421771008368719613e+00 3.063059692402742007e-01
6.772839770862776332e-01 7.190019321819931974e+00 5.566347133710938699e+00 2.710203377367110256e-01
5.054976016720573728e-01 9.447805051676922972e+00 5.276647028845471432e+00 1.346897884397469936e-01
6.070771650119948237e-01 8.084941215523826941e+00 5.120153002826969058e+00 2.447353878578632791e-01
4.211401386795106117e-01 5.644384249982142165e+00 5.784027949635364152e+00 2.123144766534844907e-01
6.100500087526646853e-01 5.022765712687451867e+00 5.325218623849353961e+00 1.318022761422326938e-01
7.236393381394690127e-01 1.042591287294073155e+01 5.269097593543659031e+00 2.443366473090076707e-01
7.752089504918227014e-01 4.212509782175842155e+00 5.139571207963953725e+00 1.942985387047293511e-01
4.263220455264127295e-01 5.824313438342052507e+00 5.560498370656585365e+00 2.257509734116449618e-01
6.768132317165530543e-01 6.370862777225976714e+00 5.629467476484781407e+00 2.278454086930125633e-01
9.037169857287372654e-01 7.361028574823919257e+00 4.964757488389277995e+00 2.599860155406229500e-01
5.565577451781129614e-01 6.246258385378012257e+00 5.457638974500412132e+00 4.485048854554809505e-01
7.017401590277378975e-01 2.850357769548508280e+00 5.440041406620350628e+00 5.030963619459928593e-02
6.350933557551472486e-01 4.385601568462448974e+00 5.382664808616331342e+00 1.107860131030315165e-01
5.452000281556151906e-01 1.295421226747604493e+01 5.072007689023366517e+00 6.645076632830743124e-02
5.570114413604683179e-01 7.149418217602906189e+00 5.393120608654447423e+00 2.780985951969823788e-01
6.308233096022370923e-01 3.866964737829451160e+00 5.407988489035698620e+00 2.365762518753952159e-01
8.530227911966662413e-01 3.260782221415927662e+00 5.053705900907705661e+00 4.060163622408287099e-01
6.510342964450983594e-01 6.486251852180028088e+00 5.451123190653298423e+00 8.178289976115105109e-02
6.790452773063300196e-01 6.075159664134492488e+00 5.483835317122397690e+00 3.766559247565263724e-01
7.361354165218989554e-01 4.832172592519947685e+00 5.171802242609366829e+00 1.038754530575405760e-01
9.001732866969397451e-01 3.420394366917449247e+00 5.000930816152553859e+00 2.278016411083185200e-01
5.567304311258117755e-01 8.152390936784220443e+00 5.546300600894940480e+00 2.658049770917330079e-01
5.144034191003561407e-01 5.834698102732427394e+00 5.257774916563029421e+00 9.444806893062304698e-02
5.345771932563759821e-01 5.116819410421292957e+00 4.859949786304229136e+00 2.466129097200037146e-01
7.220417813865653844e-01 4.411509178113497853e+00 5.273745421714437498e+00 2.582438606629888223e-01
5.722076332878596183e-01 3.249724513803078807e+00 5.255018513977914196e+00 2.209926658896932405e-01
6.685591889393204257e-01 4.535872734372216719e+00 5.356978880233774554e+00 1.452787113951936049e-01
5.394808337251992825e-01 8.064133549248010624e+00 5.471351814833059990e+00 2.775094916260455458e-01
8.147832804809771456e-01 5.489568562423579934e+00 5.587164877202773994e+00 2.441762966207741414e-01
5.571438541392972343e-01 7.663005284903545267e+00 5.225624942386468241e+00 1.330120458504361058e-01
1.272093426402321592e+00 3.417156000706839336e+00 5.343493682184131011e+00 1.833151150458724732e-01
4.780523634300242186e-01 6.976657753902840042e+00 5.183862771424983862e+00 1.393847421990260793e-01
8.081066573379022122e-01 4.919513392088730619e+00 5.753853840926410612e+00 1.539643790430971493e-01
7.040642157360004205e-01 8.344752454209260151e+00 5.422167808010145862e+00 2.682297892122289529e-01
5.755455246929190860e-01 1.143869153103405267e+01 5.445265240844253007e+00 2.691110247945094347e-01
4.736257469792767849e-01 9.515406100461408556e+00 5.250780277807757912e+00 1.335288816025613778e-01
5.724659736780233210e-01 7.035230443900245767e+00 5.472870055034778858e+00 1.407712268507439191e-01
6.126258445664969354e-01 2.963693972730123249e+00 5.292135282815369379e+00 1.811995977371386179e-01
4.276990257781532190e-01 4.715290647742250485e+00 5.432195399197678576e+00 6.109338225559851621e-02
7.021708278145646354e-01 3.706951150438116294e+00 5.481765943109365047e+00 1.604464616276094491e-01
6.835465226075008172e-01 7.789622162957827278e+00 5.369722474602622420e+00 7.789812150619912501e-02
5.797522838204902662e-01 7.908547014311459122e+00 5.116865991593145147e+00 2.647247159675643613e-01
6.316172997490964169e-01 6.578556434986189139e+00 5.398408195019697153e+00 1.905306553702789119e-01
7.064594216843858021e-01 2.625950656615410495e+00 5.472701274031560814e+00 1.605397906340972347e-01
5.438710471194468932e-01 1.060679860444627565e+01 5.180972924708531657e+00 2.724991177556208011e-01
7.464162049754332617e-01 3.919911976293259492e+00 5.201069715554108797e+00 8.513720866734091064e-02
4.809397181241539254e-01 8.965504325212224401e+00 5.245142098673806430e+00 1.070393901382088453e-01
8.289699273816611980e-01 2.836965138830982003e+00 5.823501239897487913e+00 2.303598404403220390e-01
5.601432849646240664e-01 3.792375676492160785e+00 5.253723102829390257e+00 6.622581322270229554e-02
7.169678606561676881e-01 1.029294736651967668e+01 5.229194571952618276e+00 2.760309500240840652e-01
6.421432603161238983e-01 7.475814722732299522e+00 5.434991038413259368e+00 1.961357644542542356e-01
4.724938063343327443e-01 4.195360601281539203e+00 5.272932846578428645e+00 1.574940579078158986e-01
4.254730436717874542e-01 6.586068936858098688e+00 4.923959630318088365e+00 3.560072216534328482e-01
7.975537098231549882e-01 9.044249463210192630e+00 5.770144545630632393e+00 1.941292855193998135e-01
6.399829578816323972e-01 4.503772662005293803e+00 5.060296037191987395e+00 2.284848339083523361e-01
5.650378092906773730e-01 4.908640432479249860e+00 5.360496003141983046e+00 2.449943703659452909e-01
4.762849661195791562e-01 6.064246512479179785e+00 5.245727533644490848e+00 2.465591311117699691e-01
4.991770886300432863e-01 5.917172379807434268e+00 5.695946788307541198e+00 4.363184383909214370e-01
4.978117621611857779e-01 5.876486480040244764e+00 5.374818722345122701e+00 1.690707084193885101e-01
4.947782439454004311e-01 6.151889537190480262e+00 5.337919539915283451e+00 1.733758655596856491e-01
7.108903509646244956e-01 7.519759594423701898e+00 5.147405875058130853e+00 1.061109721393852651e-01
8.780270310837466896e-01 4.586497136118280693e+00 4.919957081608229643e+00 9.412669068639130387e-02
7.829188495019404614e-01 7.003828247865270029e+00 5.284832469903648189e+00 2.499465603419391557e-01
5.801335900143216318e-01 6.414656867196373291e+00 5.405109641698968126e+00 3.347909859016710010e-01
6.138371283849450855e-01 8.011199060003436401e+00 5.505824860495288853e+00 1.043878505989033617e-01
6.426971886808331424e-01 6.347541962285465189e+00 5.268199483054551102e+00 4.103625420477483576e-01
5.688920545499294157e-01 7.227752473399331912e+00 5.385384785354973225e+00 2.601236365319306576e-01
4.566005618950660927e-01 7.120431232943514210e+00 5.556096509102924408e+00 2.070270350640255885e-01
1.125072524482085390e+00 3.928540676658220043e+00 5.440070912542139148e+00 1.352452951534361958e-01
7.377920563601648718e-01 4.546412833622833105e+00 5.310213809877737390e+00 1.347765775704211633e-01
8.346760250240186085e-01 5.269456200008104219e+00 5.416603488281925394e+00 1.787949142327986130e-01
7.605561530397052517e-01 7.305491198205658065e+00 4.751729432656111918e+00 2.506082276492521688e-01
8.265139479624218355e-01 1.113357690316608384e+01 5.317203208315115504e+00 9.756781225809968427e-02
6.680973333810757975e-01 4.767297701960228729e+00 5.014362516365565625e+00 2.157873379069402409e-01
6.532763690852270155e-01 5.272950620322683690e+00 4.888461116778633375e+00 2.682040609706476952e-01
6.229524844041388620e-01 5.167015971971997246e+00 5.329215965127716004e+00 1.670486031751466094e-01
6.591705886912505585e-01 8.209015860676254661e+00 5.382815872623467612e+00 1.836085839185227220e-01
5.765130093880861395e-01 7.225181295515313629e+00 5.321424769312300462e+00 1.189553599892985841e-01
5.906957903060984227e-01 6.775109997151149699e+00 4.866862129023648897e+00 2.371197129904218937e-01
4.386658704868793279e-01 7.654080081163550986e+00 5.803680716033681186e+00 4.378639548034289897e-01
7.968977054001765703e-01 3.987244595901485944e+00 5.321881472974022032e+00 2.107785888888800419e-01
4.391733923555701802e-01 8.100572042783976912e+00 5.443770413422177157e+00 3.515005130254009735e-01
6.070548960939429195e-01 8.759366864276174169e+00 5.138389320247539693e+00 1.469610382073023580e-01
6.514658710567140520e-01 6.173737415190829303e+00 5.718135457385060683e+00 2.223388399675960136e-01
7.353371397147425714e-01 6.638121714448725896e+00 5.763897465850130075e+00 2.937582615675832232e-01
6.641002651886710462e-01 1.231003806385302290e+01 5.716966791841469941e+00 1.951772317501646037e-01
5.631813037027486590e-01 5.427962152080940683e+00 5.148376105336126329e+00 1.584889336210355271e-01
5.024571049236400411e-01 5.341230203147097733e+00 5.175471242252299042e+00 1.498103582874131257e-01
5.711474549061270611e-01 4.740638306955754722e+00 5.273083101866944844e+00 1.832202358570620415e-01
7.219266290623177484e-01 5.453542124749367837e+00 5.418168489911560748e+00 1.581588465350732553e-01
8.370508643073103494e-01 3.728727579219803800e+00 5.444877674455518957e+00 4.103438909219402353e-01
5.428183198258279551e-01 9.892565796649011034e+00 5.417104300984347809e+00 1.469604384374459671e-01
9.677959611412636498e-01 5.409003846998867715e+00 5.058364419435012138e+00 2.218046565718501673e-01
3.787666745966781212e-01 4.382720350401443810e+00 5.608742325588248256e+00 1.257556254958051567e-01
6.213951929853894773e-01 5.944967704601563874e+00 5.440471246662243132e+00 2.635435917670699846e-01
5.491002505055585514e-01 4.157627206605797099e+00 5.489227094650641625e+00 1.213246890023790270e-01
8.819079756294345707e-01 9.298282173343080714e+00 5.970351200421819549e+00 1.152735431855629461e-01
5.934870927257275275e-01 4.588640953263715794e+00 5.759801971592120928e+00 3.909709475222182262e-01
5.097843043920965433e-01 7.195024162287101177e+00 5.099159441226445821e+00 2.042929476687471713e-01
7.646663482902269493e-01 5.315154164863050923e+00 5.288769990666665421e+00 5.383195497897041992e-02
5.308764465869072469e-01 8.578856957631474600e+00 5.365444918041833766e+00 1.287063302611604065e-01
6.545120757631571751e-01 5.971579332697547038e+00 5.380616111551544734e+00 4.829479693408764707e-01
5.616536986930952269e-01 6.481614318732377811e+00 5.372806435268709713e+00 6.794012498749571471e-02
9.129068835243431268e-01 3.318007565934561143e+00 5.343758991886380372e+00 4.583040569064848746e-02
5.664328651569865425e-01 3.330404962382314427e+00 5.653613673229364700e+00 2.711691064740460178e-01
5.933600376111523023e-01 5.720262550458607542e+00 5.339416525177209216e+00 3.195916215641774194e-01
8.586076975337085804e-01 5.131818311885095518e+00 4.928777060178235914e+00 1.800460458962421795e-01
5.310783933907927690e-01 9.943644936231253340e+00 5.242589294797431521e+00 1.539739422895857468e-01
5.393183261066898382e-01 4.896186022262964066e+00 4.903978565826721869e+00 1.503766171332101831e-01
6.086350636918745893e-01 7.034747473151510277e+00 5.297836305015529490e+00 2.435620415610820488e-01
8.901162043052806006e-01 5.997997892538297293e+00 5.035370574641762964e+00 1.202048866111380676e-01
6.915052336958465995e-01 5.332419911951969738e+00 5.429612757919231036e+00 2.482193869965256261e-01
7.295291175313280974e-01 4.880230059926312869e+00 5.556679025053364640e+00 1.665536833890310098e-01
9.097153470221631677e-01 2.798384214189984842e+00 5.117652364741168469e+00 1.215457217410360058e-01
8.836421131345348901e-01 2.950162816146939093e+00 5.543233275970830043e+00 2.421044508601613854e-01
6.496762090753767094e-01 1.013713765115819676e+01 5.484724447677423953e+00 8.672964307594023536e-02
6.036953854937339159e-01 2.871361391616820136e+00 5.271561967563080486e+00 9.566032073584257445e-02
8.223238110127873979e-01 3.284594271905856289e+00 5.434241720581014512e+00 3.109743957035863704e-01
6.395010139465311383e-01 4.628556491971139053e+00 5.223188756346404560e+00 1.932016382231397378e-01
5.066112952869122887e-01 5.008627689326519139e+00 5.445086280491658215e+00 8.564025407625061592e-02
6.826491508154137744e-01 7.552027762151304557e+00 5.630085915662398577e+00 2.488258031747324350e-01
5.109143095757547881e-01 5.841366315406750331e+00 5.160128634266421876e+00 2.781754219294745312e-01
6.049895819534908403e-01 6.373987198758195305e+00 5.319917399251594681e+00 2.703690266200552417e-01
6.373984423591579906e-01 5.899507826033854485e+00 5.330988059239832211e+00 1.744065628583213456e-01
4.965564952527825038e-01 5.628473555077590618e+00 5.404018775149068254e+00 1.937169298155272945e-01
6.384093886992709965e-01 9.389318999139451449e+00 5.183391893424208696e+00 3.913971852925390849e-01
6.864727354137851734e-01 2.427602069288796738e+00 5.096414193910027812e+00 2.456660427902245813e-01
5.331122738726341570e-01 4.808390586605924000e+00 5.446685650922781008e+00 2.207455508675984224e-01
5.934601177646039449e-01 1.114795342344908313e+01 5.429061867581498113e+00 1.286270068253621557e-01
6.826248136508801245e-01 4.967103499686355228e+00 5.379565356105010743e+00 9.040651465470503356e-02
5.930524174725664288e-01 5.447413893129612106e+00 5.378072802759421123e+00 1.568186608978175411e-01
6.438593788056119482e-01 6.753278195363789038e+00 5.365143062810276753e+00 1.219281594662961210e-01
5.692167036058776164e-01 8.326161111441237495e+00 5.532896689182956074e+00 9.722101572691457805e-02
7.073055209126771770e-01 3.173850451240166848e+00 5.801291801585509056e+00 1.810769987209940313e-01
7.360010964131824540e-01 3.762477594291995686e+00 5.299931550729848340e+00 6.758246439050674681e-02
4.205157789714342731e-01 3.942173682262589018e+00 5.240083749021876791e+00 1.112918920195523909e-01
5.671267203948742175e-01 1.064517529526198913e+01 5.007088227234838484e+00 2.628088802141145264e-01
7.831907702383881231e-01 6.088276504934009736e+00 5.300130857273228635e+00 7.255802804071768974e-02
7.252052725891728890e-01 3.959897771228551910e+00 5.360610161648436289e+00 1.692459229802892873e-01
5.356906414051321175e-01 9.698869546859683055e+00 5.500159199669699461e+00 1.432399821061970668e-01
6.323135922199573100e-01 7.554739367825970220e+00 5.018723203127954946e+00 9.946438805832727437e-02
6.134801709692800920e-01 8.129764995579270348e+00 5.676814084940358107e+00 4.316412550639088241e-01
4.929177333723229193e-01 4.065807393921361701e+00 4.918131102039190239e+00 2.236019119162701296e-01
7.441152458971377337e-01 4.894965044590811942e+00 5.193100728448851733e+00 2.026277005608690951e-01
6.986617074108787406e-01 8.805488470401586554e+00 5.385617833152952727e+00 1.414872435349429358e-01
5.963480519859953866e-01 1.388041502219498291e+01 5.227052816438152227e+00 9.449876691494860093e-02
5.156653209529397097e-01 5.449335574341430011e+00 5.404367002573991385e+00 2.883509112469623825e-01
6.881453591575059647e-01 5.780956889164396983e+00 5.200884887253993227e+00 8.824522282904695425e-02
5.696703714609261393e-01 5.809559269288722128e+00 5.418188442365162061e+00 2.862122452573849785e-01
6.879334638029575011e-01 4.100713223322564716e+00 5.496276425156301215e+00 2.474779255183036653e-01
4.459446578007204565e-01 5.077192137294479934e+00 5.318518248202769527e+00 2.259298322832225814e-01
4.074871012683867200e-01 1.074831603079644893e+01 5.006542582084627213e+00 3.125928227911769497e-01
5.760730766788485502e-01 8.989936344485435882e+00 5.609728661768759395e+00 1.756374671616252325e-01
6.661681519294456733e-01 6.854571814245046468e+00 5.400098384278908981e+00 1.243910384332465729e-01
8.056411286192185495e-01 5.215318865017203542e+00 5.066079981574796776e+00 1.349953261126888293e-01
7.245877815100030261e-01 5.324427172722295154e+00 5.269881604034585720e+00 3.203955594075221791e-01
8.106075429872753313e-01 4.693750619857913975e+00 5.398503307695078135e+00 2.254978376100751081e-01
5.175597141200420914e-01 4.378256662553072331e+00 5.228466936277563093e+00 1.358052615882752445e-01
8.245285253121346081e-01 7.132097310868373619e+00 5.097869587372133360e+00 3.580301686548928441e-01
5.314222233536434192e-01 9.602297952269593040e+00 5.309933796210317247e+00 2.094463139111954753e-01
6.418284264935636418e-01 5.897318518270263432e+00 5.812645441311657279e+00 1.348960984648998607e-01
7.805671861411709322e-01 6.107818487881816694e+00 5.373561756907370146e+00 7.757862651063528181e-02
5.739737056165891138e-01 6.568235237127676207e+00 5.483142904897992054e+00 1.463078795676579225e-01
4.817647477154017310e-01 6.288659867847858465e+00 5.743498523543224543e+00 2.742275382656415017e-01
5.237331015441821780e-01 1.327409492772502553e+01 5.166405958608432769e+00 9.953182999931046993e-02
7.052229298383309031e-01 8.937537683583649084e+00 5.430278909982889424e+00 1.160044748350638338e-01
9.135611506006454663e-01 3.138526140942368148e+00 5.234970964514312541e+00 2.450727856027138662e-01
7.181266902791108020e-01 8.023453567999524694e+00 5.485123502740234080e+00 1.596927975835186198e-01
8.376794323277622079e-01 6.020287996961682708e+00 5.140762440815614731e+00 8.299956457812862620e-02
7.470870253851485954e-01 4.605675533798837762e+00 5.567251505517117671e+00 7.246996264107186114e-02
4.795300620051852203e-01 6.669126607797823070e+00 5.654668481814896452e+00 1.884652492667668600e-01
8.036502295360906656e-01 3.051545756011353028e+00 5.645412048397118632e+00 2.753982300499735469e-01
8.174215582076724829e-01 4.539803201469705840e+00 5.149551703064169317e+00 1.282846250206315375e-01
7.470681001740967497e-01 7.510023945514414656e+00 5.411151118833704032e+00 1.708872783431155673e-01
7.612699893956799135e-01 2.932041440689558520e+00 5.941105251066112203e+00 1.875388855425633161e-01
6.057816930727480953e-01 1.117032788873338589e+01 5.220748996780321782e+00 2.228453687479100553e-01
5.830999226347097775e-01 5.459912064623104300e+00 5.337723509422665380e+00 1.701993447271201998e-01
7.369081927436066382e-01 4.717646235103406305e+00 4.929883158952707234e+00 4.120301622003057496e-01
4.034363691431758769e-01 5.170292009996009241e+00 5.422901649780992983e+00 2.355461305323425236e-01
6.513707053332123964e-01 4.709166930206036383e+00 5.560708096868390626e+00 1.993357634285214397e-01
6.031207754518039810e-01 6.171428188601821851e+00 5.291605666160910992e+00 1.565735764063561075e-01
6.275886396421709312e-01 5.798877328808218934e+00 5.418330683939667658e+00 8.362298828283709629e-02
6.413153290927496863e-01 9.474426261704703478e+00 5.704426900314194526e+00 1.432187872293373410e-01
7.077315398563444049e-01 5.602457980800338966e+00 5.339926560835461800e+00 1.249598353705528991e-01
5.064545964642387377e-01 1.204735854749239010e+01 5.380533058687587911e+00 2.112947260383091497e-01
6.667324027221012139e-01 7.171010259727387925e+00 5.332711414637411274e+00 1.917632169491484961e-01
6.267218088442384483e-01 2.695805929502455012e+00 4.953203516509732118e+00 2.002586726326389122e-01
4.718393642907874330e-01 7.229267041724523502e+00 5.391931605121251359e+00 1.390368449603339440e-01
6.598714445965727649e-01 7.779222217395439287e+00 5.016730608862474128e+00 1.133959421248651456e-01
3.227251341059240164e-01 6.010939820476790985e+00 5.189495397652434505e+00 2.873920241238174245e-01
5.554193717175347489e-01 1.067590827780215612e+01 5.340943213541427426e+00 1.620827415153542894e-01
7.851289806538356286e-01 4.101493218454262291e+00 5.757164615697928589e+00 1.295532635732371540e-01
4.663005061929119677e-01 5.093740482957773708e+00 4.870793277585448777e+00 3.447210954830298157e-01
8.149650953502706185e-01 6.249547197549341071e+00 5.516408665797098543e+00 1.879162252107022257e-01
4.226110878877541999e-01 4.887162788339907138e+00 5.226380074100703155e+00 1.839113811745029803e-01
5.698462963928954128e-01 6.202224106618278832e+00 5.185620970771199545e+00 1.880436288423532887e-01
5.792792095234625682e-01 8.992156332200298863e+00 5.367436592701382736e+00 1.396112503321668974e-01
4.231056878771649599e-01 6.933166584769422158e+00 4.794025779840314527e+00 2.831134945417644877e-01
6.043046618971570361e-01 9.454233352451749894e+00 5.528275275453351512e+00 9.222023038034107834e-02
5.004599286707938077e-01 5.254969276791826793e+00 5.328535412434696639e+00 3.047845825920044160e-01
3.854398968018408755e-01 4.254040281065470275e+00 5.519698288111148266e+00 2.022995321480102471e-01
5.247394694938246618e-01 9.657313968931143577e+00 5.166421619022727896e+00 4.290924712145641196e-01
6.652452471481135055e-01 5.790138233715918403e+00 5.264198986157400562e+00 1.017037086024192571e-01
4.835387848098077201e-01 6.906955869421549821e+00 5.178502659722645340e+00 1.245021215350122362e-01
6.479629004535740755e-01 8.448699103122519816e+00 5.230735168533830581e+00 1.561314110185119119e-01
6.120473539591312351e-01 4.205296389537068968e+00 5.265586363276402615e+00 7.285044945103920366e-02
6.650304316401578486e-01 3.310796454520956722e+00 5.390048437324272079e+00 1.524223054799599686e-01
5.618344363114444739e-01 4.273548337409992293e+00 5.399068214107185071e+00 3.206570328230740063e-01
4.476516000943618900e-01 5.342498260998026716e+00 5.357541401811359627e+00 9.800052720572204057e-02
6.261527362733292357e-01 8.524330803101401344e+00 5.341674561292482970e+00 2.390933475108482920e-01
3.645686391811925331e-01 6.111522065970539153e+00 5.232633831200543817e+00 1.008300761908075133e-01
6.344511834611490375e-01 5.054773006561521953e+00 5.186753889747619084e+00 1.234528260309729897e-01
6.278216808649841330e-01 3.092890629126848978e+00 4.968409549644583478e+00 1.951565819507898314e-01
9.581595125100498267e-01 2.398954149827681626e+00 5.310541157120933775e+00 2.254123386248162164e-01
6.569075066933773854e-01 4.995923766543733713e+00 5.137468608966051065e+00 3.722902376664209978e-01
9.673442063947923497e-01 5.085240588953649166e+00 5.470892692986156547e+00 5.143799750074098259e-02
7.739520557991774741e-01 4.151161623457250371e+00 5.546656878552920666e+00 1.749439032167181551e-01
6.302706388057589537e-01 7.322452918607739392e+00 5.430844956148810354e+00 4.166137260435179290e-02
5.892740542673696735e-01 5.616695063485034112e+00 5.600754053786702436e+00 1.642094609745364531e-01
5.395381167754683682e-01 4.401614521536465929e+00 5.489216987203138665e+00 1.466839432954323841e-01
6.843657707655109723e-01 4.432540867382411598e+00 4.956862204936172134e+00 2.434998652717165479e-01
5.992844171049793722e-01 6.213414704424502943e+00 5.086329108844677371e+00 1.935705704052394505e-01
7.049677570590446862e-01 3.635362050482774610e+00 5.412702839710032521e+00 6.992781100388911764e-02
5.571115319758903617e-01 8.210421446155251601e+00 5.510525564687939415e+00 2.351329080461729282e-01
8.515912298082611853e-01 8.973809646986861566e+00 5.568271858217889836e+00 6.060399558603465908e-02
7.059901266835847400e-01 1.041485957028993603e+01 5.244865109707145479e+00 1.555877364808131991e-01
6.200524302264485144e-01 3.799900411331740280e+00 5.257131080014504576e+00 6.031766303248036615e-02
5.743587629567794561e-01 4.492658577587398838e+00 5.026811317365989851e+00 1.901889621747741566e-01
6.144977918875790257e-01 3.202594748383549295e+00 5.278095833533739345e+00 1.061617989011968549e-01
5.949718959143590613e-01 6.167600298663559855e+00 5.510824142358563549e+00 2.073293055724901301e-01
6.321995457716790279e-01 5.347057020714225395e+00 5.076691272992424508e+00 8.396484135380280489e-02
5.886814437792023957e-01 5.009767881328358818e+00 5.497014737601976009e+00 1.227373813177889267e-01
4.589206479428813434e-01 7.609961578407199667e+00 5.383251399695156536e+00 1.582664921976385530e-01
7.480878479002874837e-01 1.121692273479597723e+01 5.314227484189718353e+00 2.115021608339500980e-01
6.791655639907617781e-01 8.830335692906885470e+00 5.499027234772758455e+00 2.641085783788840180e-01
7.789426514904694843e-01 3.988547195226202380e+00 5.309301238141735269e+00 1.518809454429943528e-01
5.169023378008598124e-01 8.133333224122456073e+00 5.220877401456199607e+00 2.552026700310895957e-01
5.945361458572826496e-01 1.177518799790194848e+01 5.677111465551661240e+00 1.487659468800636986e-01
5.584315981264003081e-01 1.087549799571706011e+01 5.278470500046926972e+00 2.497458597325016294e-01
7.413112099829349821e-01 4.119387533598435347e+00 5.017756166470093149e+00 4.898252579869222800e-01
7.088644758571656102e-01 9.001534657115328741e+00 5.591019884243618066e+00 2.594049582749944904e-01
5.335677159856482277e-01 4.808376734938635266e+00 5.250826245673725801e+00 1.018476397202651151e-01
7.248823450211940855e-01 6.251190907821220222e+00 5.769788724336128105e+00 8.828933867663688040e-02
6.656286746322530590e-01 6.567811712749731079e+00 5.479237941677285839e+00 7.608191722342885766e-02
6.616160384738775102e-01 5.781537024399338698e+00 5.329112786601780449e+00 3.029525711032360347e-01
6.489200095387530620e-01 6.508163222244006896e+00 5.463514857324608620e+00 1.316985463035321990e-01
5.374351635656116066e-01 8.809796371973860118e+00 5.153647115172637072e+00 1.058841656685070715e-01
4.754576618748445616e-01 4.552852786016999609e+00 5.184290868991732637e+00 2.401224670206414669e-01
5.050768777545514565e-01 8.551496411972461686e+00 5.163158778785908787e+00 7.984079408484576201e-02
4.850980445815408215e-01 7.024343707561949479e+00 5.395006704276215537e+00 1.271527456096375464e-01
6.914052964364411080e-01 4.927259528558387558e+00 5.547827445247952127e+00 1.706072216736152225e-01
6.375509221398256710e-01 1.184432960512699395e+01 5.151222108339011285e+00 1.306891351542803781e-01
7.735494180267921127e-01 1.049400850726814838e+01 5.053381274966379344e+00 3.804180704396206009e-02
7.626276546835066839e-01 4.761434158898226521e+00 5.425653397611712947e+00 2.677242831294578407e-01
5.334303266660939125e-01 7.244475844253502217e+00 5.372001162426297327e+00 1.654901045305232077e-01
8.488220884877646366e-01 3.089780620857402571e+00 5.353197826737723375e+00 8.371317211946527337e-02
5.439124645464850083e-01 6.759505038919062514e+00 5.503520853413065517e+00 6.726887296312297759e-02
4.477427418108038681e-01 4.748719181578101356e+00 5.339400350343558088e+00 1.253518792065889120e-01
5.391512677828121936e-01 6.885382164681659312e+00 5.484013416635724170e+00 1.964727272726479457e-01
4.193532237463412637e-01 2.888000256501645158e+00 5.183414743471796982e+00 4.086298260119011205e-01
5.320239634054558797e-01 6.584786380668875339e+00 5.606908854493718231e+00 2.537679052527904155e-01
5.267857531554167583e-01 1.096478768974045970e+01 5.406142986381445859e+00 1.160701035061518505e-01
5.876096975355393770e-01 4.767687192612036995e+00 5.430721840961973079e+00 1.106144305829933894e-01
6.004505380852567242e-01 7.083070052628076319e+00 5.267245112965528442e+00 2.185861469784051714e-01
5.503547682629028603e-01 4.283345192314868655e+00 5.181184152690246236e+00 2.929846903699291349e-01
5.671707985389254913e-01 6.758027395848922758e+00 5.660376671099906609e+00 2.386278598156216235e-01
5.595887906339280793e-01 2.970193474233441044e+00 5.428274227169711530e+00 8.546422864504558958e-02
8.216639342279459246e-01 5.217972597757031927e+00 5.089729429826300056e+00 2.445687676408719313e-01
7.864105719518517112e-01 5.036141244850579568e+00 5.236483429573489445e+00 1.163889269161655637e-01
7.045400586520349506e-01 3.964433853329400570e+00 5.525406809384667994e+00 2.415826217121456176e-01
6.019836280518188198e-01 8.416483036976867282e+00 5.458645092598983339e+00 1.876441536974547686e-01
6.534862521771427346e-01 5.807093929561316870e+00 5.506296236529716559e+00 1.703034638824709734e-01
3.947836412725839184e-01 8.970763525664057880e+00 5.376740378411791532e+00 6.089759221483043161e-02
7.268911403974485097e-01 6.843015076524766371e+00 5.652771460487938882e+00 3.828277921758543867e-01
8.143606670682597137e-01 4.009308733712320993e+00 5.411618962214099327e+00 2.078036418405364572e-01
5.512841661651191050e-01 4.929595732340709802e+00 5.409703601848814714e+00 8.733025648398483332e-02
5.788429907949094178e-01 1.280782183862999446e+01 5.145957430865784943e+00 1.362038826998308860e-01
5.378806031854379555e-01 4.983610445150020496e+00 5.284136892979073963e+00 6.699876463792985015e-02
8.055982025574157657e-01 3.678470557840876953e+00 5.008474695298351875e+00 1.417514305278456122e-01
6.276113631588096098e-01 3.718350922268488290e+00 5.426380561904674771e+00 2.051948888842918817e-01
6.072828499974891603e-01 7.829150503467648292e+00 5.016976652016888139e+00 1.748095051576792902e-01
8.603478734262997030e-01 5.362262644261409861e+00 5.387646347343762798e+00 1.058073688669384366e-01
5.284860014119650007e-01 9.491125192453006676e+00 5.163768850648523312e+00 3.621294424196922629e-02
7.278618159336598392e-01 3.208000913964019762e+00 5.694320482364043201e+00 2.553824022445685404e-01
5.545669487281353893e-01 4.177973912609463270e+00 4.865407034340794468e+00 3.004411806290394615e-01
7.273808564652700648e-01 3.798766082419617440e+00 5.237150429997962320e+00 2.265100683645601964e-01
7.688278255384600746e-01 7.707608948387865588e+00 5.622548883488053484e+00 2.182307335483309463e-01
4.950317871311499807e-01 6.488675991617305350e+00 5.284437018402771358e+00 1.374204743390893546e-01
5.100216968818922503e-01 5.579839217144732189e+00 5.810164885315376004e+00 2.263436253068414061e-01
4.279029627932543489e-01 8.542378530592547037e+00 5.518390133695258548e+00 3.195520565363735299e-01
6.888422471947527326e-01 5.695689618207912197e+00 5.610929877881776662e+00 1.962392457381285094e-01
6.036156304762765323e-01 3.727900915515091729e+00 5.346866584126376054e+00 2.114770356094541892e-01
8.019017963189318809e-01 1.065752697717469566e+01 5.125258571152832232e+00 2.628839087583675349e-01
5.190041334253567840e-01 3.874979741125742727e+00 5.562320491514689103e+00 2.078356358196257192e-01
6.642224623696162400e-01 9.470085141290651265e+00 5.400715668925722746e+00 2.244450921682150657e-01
6.055257363308932383e-01 5.904441121574361517e+00 5.389552572787611240e+00 1.154948043805140434e-01
8.749946425728925004e-01 3.624265716558708661e+00 5.137730157129252184e+00 1.945720011961125651e-01
6.507377702980601253e-01 5.015300563378167098e+00 5.528728216053670153e+00 1.383082852925212047e-01
5.241934413595162878e-01 3.750788434518797843e+00 5.222495100481759245e+00 1.884872414498438009e-01
4.919626566961251557e-01 7.560168050150737784e+00 5.646179947956401435e+00 3.657187815513221474e-01
