# Hierarchical MCMC downsampled to get 500 samples
# alpha, beta, mu, s
9.551597248863242795e-01 9.591963312460366708e+00 3.347560976344507555e+00 3.569808261870645039e-01
4.858192549214216949e-01 5.445424301777387122e+00 1.510144075957269516e+00 2.499490160241790437e-01
1.323493297414165770e+00 1.151513633544596793e+01 3.315634824969274863e+00 2.745033133536599057e-01
9.425864478195664642e-01 6.169811784384768849e+00 2.295557308744304414e+00 1.104117629200403322e-01
1.751691981216302541e+00 3.201980600727588833e+00 3.091089634561776212e+00 2.555275197966212497e-01
1.272737368215664411e+00 4.614000503059783043e+00 2.842193584535456896e+00 5.127821012094597730e-01
1.573422411139969057e+00 4.674320823161410843e+00 3.529504639917553366e+00 1.588005662024632170e-01
1.905173236983711771e+00 1.016701319854599994e+01 3.678652089076789089e+00 8.189819487822258548e-02
1.554748309897426406e+00 3.401798082588644689e+00 2.938905356787949508e+00 1.290116984459127869e-01
2.212627247963397270e+00 3.247100927882321297e+00 3.985999360425764415e+00 1.385787328449308853e-01
2.204233881805158113e+00 4.495276653057575622e+00 4.045188640095469523e+00 1.153620104271124575e-01
1.741376487691339126e+00 6.669725926876320266e+00 3.788157067633004971e+00 2.175526804129244429e-01
1.935290302704437027e+00 3.762840216241105207e+00 1.108057893499674540e+00 3.066490338885567990e-01
1.231503922139918661e+00 3.651347970010991872e+00 1.484727728617381004e+00 1.393178608061739765e-01
9.834945043763657635e-01 4.854002315465972828e+00 2.455929319365252272e+00 2.246800075339071834e-01
1.193462606093740108e+00 5.750493149197324350e+00 1.811355449182346256e+00 3.574059815023474251e-01
1.586931081558535350e+00 6.269971120438733614e+00 3.705767543839144640e+00 2.308745628725188959e-01
8.351334986368502689e-01 5.540033353947515060e+00 2.396472150279042257e+00 3.198497547910453820e-01
2.171511804222601150e+00 4.495490614345302838e+00 3.506017951548072276e+00 8.501677409926064466e-02
1.091468724584718775e+00 4.534075582373087165e+00 2.564472391252986760e+00 2.277024050171891911e-01
9.240117864263118763e-01 4.685577624743364922e+00 2.598400438512896926e+00 2.542001541321154967e-01
1.140572044334938528e+00 4.865071903696474465e+00 3.691374011461542093e+00 3.288631971664395248e-01
1.207566359729491445e+00 4.548674232023535602e+00 2.430229005447245072e+00 3.202128638885881617e-01
1.359045337388836705e+00 3.908965019270546293e+00 3.504001760861108927e+00 1.160205439211490497e-01
1.508453834719556630e+00 7.856617957858077261e+00 3.313364263054864089e+00 3.773937408121606496e-01
1.942887217436575664e+00 6.988504569699988345e+00 3.830020025801601946e+00 3.569993030538868850e-01
1.537733342622214838e+00 5.322312243755387584e+00 2.293347556623265504e+00 2.604872900451992712e-01
1.985128320534990332e+00 7.209029803044005646e+00 2.786387020833795081e+00 6.651476064301697910e-01
1.124407379808628482e+00 2.335986581562142561e+00 3.789750576225650036e+00 3.098626325275627980e-01
1.192812450455741358e+00 7.921935961183325325e+00 1.468048236424208897e+00 8.738298284582202147e-02
1.629446359062468153e+00 4.754498011510222888e+00 2.694967686553726871e+00 2.029206731397059649e-01
1.734783025078746377e+00 3.051395620876329762e+00 3.647608734929056240e+00 1.823133632941714155e-01
1.437977560744039263e+00 6.186718689467214816e+00 -1.440863794090986083e+00 8.317399286861754115e-02
2.191568956285153913e+00 3.069760761225845513e+00 2.795727977731847780e+00 1.581693201401140336e-01
7.108209600010014784e-01 5.011456222500449975e+00 2.414507503706084801e+00 1.710201565926090794e-01
8.819153230288113710e-01 5.128582810716537210e+00 2.240847193018698391e+00 1.772871112461294196e-01
1.345929896765305056e+00 4.384164676412444450e+00 2.254272001610950760e+00 2.856771407548077124e-01
1.795402669589230227e+00 5.908692395156148969e+00 2.971697551280608529e+00 1.142018554908082739e-01
1.330589344837047605e+00 4.809213978034761361e+00 3.166829523736867991e+00 2.065065797066104880e-01
1.716377103251633507e+00 5.852599290984822566e+00 1.535406622399988930e+00 2.976243126915122938e-01
1.660704984287055819e+00 4.686435926941348917e+00 3.575673684090787674e+00 3.394705334210193493e-01
1.632837661319805900e+00 4.726793239805169300e+00 3.263790777313759772e+00 3.354631949970464100e-01
1.354292238613702182e+00 7.289934056760118075e+00 1.851566652494986087e+00 1.669249123066968432e-01
1.167702856373449727e+00 5.047845177096623281e+00 3.605405244215043936e+00 3.575723898709990412e-01
6.680509506469984871e-01 4.198547426737960997e+00 1.201249982343476352e+00 7.185986443610831165e-02
2.075703982204721854e+00 5.863150272708318234e+00 3.350522855967191127e+00 2.565550051752611416e-01
1.190732238279639477e+00 2.766603322682243515e+00 2.458832446262320559e+00 1.766671185010571243e-01
6.883660020865205453e-01 4.440293571082998270e+00 1.787270259849796927e+00 2.517354133613138312e-01
1.612378428671977337e+00 8.263696946990911840e+00 3.625111037238345713e+00 1.999304289402338286e-01
1.385598383517467891e+00 1.150077167777147480e+01 3.565689938581078078e+00 2.896739220086171906e-01
1.366005185969072055e+00 2.953283143354424656e+00 1.841846440751819802e+00 8.243026222032906469e-02
1.009803913177913959e+00 1.112026586388021165e+01 3.218027563947214009e+00 2.969782882355342934e-01
8.337328027260084706e-01 4.047214932348623506e+00 2.098189458433295851e+00 3.730919991905674582e-01
9.768162614267484889e-01 5.246533454514823447e+00 3.835882682277281575e+00 2.960521589611900817e-01
1.083438748293836795e+00 1.030665123091352164e+01 2.446623376131946692e+00 3.178147241262808675e-01
1.397965610504415590e+00 5.543791105553951049e+00 3.339956250986586994e+00 2.409068441038199893e-01
1.030252536483592163e+00 6.251413513789178644e+00 2.089183558048883338e+00 1.899543507272236642e-01
1.400849077417682942e+00 9.408088495328495782e+00 3.159959300137823668e+00 1.533675992164229007e-01
1.877921942783995046e+00 2.743380590003996478e+00 -1.833720638079831433e+00 2.773911988056969591e-01
2.356158727057993119e+00 3.650647438140330880e+00 3.902387686099581643e+00 4.383366581113646437e-02
1.185233799928884224e+00 2.989476451448027650e+00 2.727494369060140311e+00 2.927352864453519055e-01
1.538090815284965274e+00 4.557793196103289368e+00 2.635153346845507727e+00 8.179817253076243633e-02
1.377133401825137105e+00 4.266932668094321812e+00 2.463276025315799256e+00 2.731103411828829652e-01
1.555651954442254237e+00 7.470008691806800272e+00 3.257445334576860585e+00 1.813359992588744474e-01
1.989447713078202229e+00 7.742529689466848275e+00 3.917513547488408854e+00 2.477889234070262681e-01
2.438042289961737108e+00 4.412841349390594914e+00 3.786378292618657326e+00 3.559019644692554274e-01
1.294969541949092307e+00 5.183814656600922888e+00 9.698745876487037121e-01 1.830295752473740933e-01
8.878152954888148818e-01 6.548780057102502106e+00 2.747763514061446255e+00 2.998686904037538570e-01
1.539299648957742628e+00 2.621078965228295754e+00 3.225647055515927342e+00 2.405354551738209945e-01
2.160053285050826499e+00 6.602186758633735941e+00 2.605679276889508955e+00 3.247485419567017195e-01
1.825083661016352110e+00 6.346962170740898301e+00 3.668680648136762645e+00 1.170209118711130480e-01
1.636070716774642886e+00 5.327416287650868831e+00 -4.425768319275767970e-01 2.414304673212793739e-01
1.692616918754979993e+00 5.054717801095488738e+00 3.357365916893920943e+00 1.598854274909025652e-01
1.375688225023507627e+00 3.467755114962437712e+00 2.743063450851080276e+00 1.224149703086136187e-01
3.230937309275878633e+00 6.856523022511489707e+00 3.863527850288201559e+00 2.425283211993601584e-01
1.260199744776284270e+00 9.652183026133581478e+00 3.286790774641290103e+00 1.636674727898645709e-01
1.506267346670508989e+00 9.035684775082408748e+00 3.159077718254411415e+00 2.429405581867181141e-01
1.715792719550241596e+00 3.452567833504649464e+00 3.117565759133592351e+00 1.011070352605464573e-01
1.036716322376245891e+00 8.288938523928257140e+00 2.609484615312880784e+00 4.287696998525767356e-01
2.393479485810955598e+00 7.072568009171870784e+00 1.117844073709148178e+00 2.253735546154475577e-01
1.165162639661535549e+00 5.794798294990623155e+00 2.098416373787518108e+00 3.165715120560504414e-01
1.353335743322716000e+00 1.134852086262608140e+01 2.853162612298224321e+00 1.173638551200171382e-01
1.825988260809357389e+00 3.953416429972448132e+00 3.258955266336565515e+00 5.023367004980256595e-02
2.369717444506881598e+00 5.452987500393802200e+00 2.823304018670981907e+00 2.257786923530747669e-01
3.838775563966904114e-01 4.026497943523907885e+00 -1.362969303962132006e+00 1.386518469263563202e-01
9.892195002183093999e-01 6.119929846239966054e+00 2.417751123025221993e+00 1.927841029386493377e-01
2.624778136790710814e+00 9.215839784902740917e+00 3.426744314946181813e+00 4.303762174724974909e-01
1.301286622215796607e+00 3.711604415919758093e+00 2.829343788427012729e+00 4.473428828687341929e-01
1.086914127668536345e+00 3.154840253501447478e+00 3.406590131846340519e+00 8.462712552934020804e-02
1.771770553117205438e+00 5.620449189389193911e+00 3.527077805201711325e+00 1.877151032305168776e-01
1.121996022024837281e+00 6.859620449129383957e+00 2.001233112037898110e+00 6.074341575555950445e-01
6.391511160560556792e-01 3.768799971656373149e+00 2.128968093013702934e+00 1.958414685705323066e-01
1.546044464030214227e+00 5.185133776424771135e+00 4.071552157519461979e+00 2.388177336250653093e-01
2.234913734224840187e+00 4.799524283466201524e+00 3.304547913770916168e+00 1.206394789678358753e-01
9.671858274361758712e-01 4.280188056324334411e+00 1.700948253631113793e+00 5.097600662355770140e-01
2.265637478234876490e+00 3.322186515438275478e+00 3.021580261989100347e+00 3.398641411573558035e-01
1.609214778285115166e+00 6.713256233647627802e+00 3.911954643575472179e+00 2.373074552872908860e-01
1.406738614336712878e+00 5.936225824617737068e+00 1.953104598707761985e+00 1.786469848027475993e-01
1.580395033440556984e+00 8.678259639585171215e+00 3.617367386427770004e+00 1.599113564663137699e-01
1.173464160933632483e+00 5.984636806761895578e+00 2.964524577868795419e+00 1.615805799384700814e-01
5.979887127602097063e-01 5.587780454381379158e+00 1.406979850271306898e+00 3.434471875128045637e-01
1.268246952218222479e+00 2.649756471167374006e+00 3.925713589839581186e+00 2.902205663710158978e-01
1.175474733382080306e+00 4.868635981747159391e+00 3.310921390760872551e+00 3.736236461491689864e-01
1.350884787760930461e+00 6.378478862120098292e+00 3.123057672888794656e+00 2.844624646130750056e-01
8.751110871819859360e-01 5.470133101620613836e+00 1.528334258426830017e+00 1.574611893711713173e-01
1.171317899597030809e+00 5.227325132131947605e+00 3.707889938653624817e+00 3.194678886559891851e-01
2.951876029361899079e+00 4.505411153051436912e+00 3.543759652786546699e+00 6.207132245390757641e-02
1.399236699759232705e+00 3.105285991979083171e+00 3.411714957197445663e+00 2.297835375639322442e-01
1.172938962213971870e+00 3.483222309441137199e+00 2.540508090177636458e+00 1.493979391529494383e-01
7.310999710464717305e-01 4.207389662595600655e+00 2.220004824980605918e+00 2.355567589664353534e-01
1.899709519896614962e+00 7.322904724493184858e+00 3.257345184890360734e+00 3.415101761825740656e-01
9.485009340223043983e-01 5.293006857946763510e+00 1.839950340518178296e-01 3.355870605690003394e-01
1.243608773161941405e+00 7.610444893126957489e+00 2.653746539996750364e+00 3.449703989057414377e-01
1.410951845233979984e+00 4.957113053604954800e+00 3.489433503458472696e+00 1.932914516418083040e-01
1.176129327113196510e+00 3.829087733497616775e+00 2.238157612784228423e+00 7.764047677149303606e-02
2.817424046946604310e+00 5.661286156819404169e+00 3.583102472040113007e+00 1.435022676773038963e-01
1.165017426662894096e+00 6.717963003211259831e+00 2.852769799114681426e+00 3.022617509898749000e-01
2.315913362601781600e+00 4.875814720751971088e+00 4.471863751272570298e+00 4.524269426450757692e-01
9.811176408231069290e-01 6.130837826612323127e+00 2.723455341244482852e+00 2.011846700034846669e-01
1.307722640395171609e+00 2.213588975090031497e+00 3.540307111582970734e+00 1.412696230857511392e-01
1.605776059182614679e+00 4.482748945454194001e+00 3.520038838221999811e+00 7.950516014814400234e-02
1.343658167622638455e+00 3.198381360089249448e+00 2.384486105331379502e+00 5.161099673454252468e-01
1.555182062813083688e+00 6.006686928147400906e+00 3.289236131046258560e+00 2.493788184415320630e-01
1.395398179366055036e+00 1.258178866959587872e+01 3.353072336997188430e+00 2.526415657601511766e-01
1.698491379565026493e+00 6.072888949879117426e+00 3.222381019636364030e+00 2.346155098576024056e-01
1.043077149977783336e+00 3.071539408219658540e+00 2.771652820860717181e+00 3.303277023988374639e-01
9.948109631165191757e-01 4.216640164701022542e+00 2.708600721246008369e+00 1.221239799423637640e-01
1.214118916578982965e+00 2.877407140703281740e+00 1.544449913526348306e+00 4.732116932944999133e-01
9.706744160597752247e-01 3.356524859584923526e+00 2.470151422841550648e+00 1.043242389394650610e-01
1.731681940180564316e+00 8.757788162375446106e+00 3.522535028399403245e+00 2.190410849490486145e-01
1.185221965345601092e+00 6.006282084455554227e+00 1.287458954981632209e+00 1.370738292845003481e-01
2.043348537742395887e+00 4.946037986979929357e+00 3.552443507912726339e+00 6.961634823354655166e-02
1.797313420609490731e+00 3.080287615405007617e+00 3.298003182681683132e+00 1.279068503451087913e-01
2.540063922952843445e+00 9.367451974452025709e+00 3.540516217458094861e+00 2.518170410976682261e-01
1.129225061158850796e+00 5.989864295353260815e+00 1.828348426851023945e+00 4.051484167685775462e-01
1.177441717847523384e+00 3.835002899201381155e+00 -3.524701528622581903e-01 3.058993714907947137e-01
8.251126782546244209e-01 4.741919379998256190e+00 -1.557181274377416935e+00 5.578513597143737457e-02
2.507666741566011659e+00 3.050785512018049594e+00 3.465721188520407114e+00 2.772536773923257591e-01
1.406438005819441006e+00 4.025037688917318057e+00 3.084101871072430612e+00 1.574885399582163503e-01
7.456018260706247514e-01 6.127483679017049489e+00 1.353849165809123845e+00 2.044848088324577040e-01
2.041494349353952575e+00 4.036903638048904064e+00 3.439370490108389244e+00 3.121772442031531813e-01
1.059824656485633732e+00 5.330907325091541082e+00 1.533657044576971495e+00 2.007517991499289944e-01
1.312026037807328072e+00 5.544666387387597872e+00 2.980483594670498171e+00 3.185185351821044897e-01
1.531402389330564384e+00 6.145575774141809333e+00 3.059305383856842919e+00 1.710101696156548223e-01
1.198150758510258429e+00 2.925165759482855066e+00 3.389466734120632374e+00 1.502985784465836749e-01
9.664267631382135182e-01 3.628947875725246242e+00 2.527787752082838679e+00 1.193840649648269248e-01
1.418292035785255756e+00 6.505259740288142467e+00 3.459632577918430485e+00 3.296655455134108181e-01
2.427012389909588563e+00 6.437909364760792563e+00 1.133838112040069124e+00 8.048394027708086207e-02
1.263805453475032037e+00 5.330465644183893126e+00 3.338673129733316092e+00 3.325056575845510287e-01
1.379164410425709697e+00 7.730541957450486557e+00 2.961221644565473987e+00 3.482995858695074332e-01
1.975271488850974588e+00 6.057613696100490941e+00 3.970155356717311346e+00 1.858253166368854237e-01
1.275501815109667536e+00 4.252780956953150060e+00 1.598585950546143497e+00 5.856757489778839643e-02
1.265192565150814019e+00 3.886872436816252829e+00 2.915811192093469728e+00 1.535060247652217380e-01
1.579207198908839649e+00 7.527706532755564339e+00 4.163779686991908591e+00 2.075809816743359737e-01
1.024139379110577286e+00 7.557280855565554845e+00 2.905437971333566516e+00 1.297619526454040495e-01
1.274530387428705280e+00 5.035816187064122040e+00 2.104358668774985119e+00 1.892186247370264696e-01
1.875609673445135739e+00 3.774785883273962028e+00 3.416264118068117028e+00 2.369447489235976534e-01
1.332610932922609903e+00 5.872842960571076354e+00 3.248280676356599894e+00 3.382685879876169976e-01
2.217239176241244891e+00 5.014836975926206364e+00 3.130256778446693477e+00 1.961401155666615825e-01
9.023919616033926339e-01 6.569612853075676995e+00 1.240638527411969561e+00 1.744383410329022610e-01
1.166127613503473492e+00 6.615599629301801343e+00 3.291517703575223663e+00 5.717487145245157831e-02
8.891118843613918798e-01 5.240375354315830236e+00 2.525466015214712368e+00 5.611714973504912385e-02
1.870084892315230007e+00 6.714672026837174457e+00 2.317954766312709580e+00 5.903612252195540588e-02
1.376118409443974455e+00 3.361353089612746814e+00 3.040809202539873191e+00 1.395621375105337569e-01
1.674360791706690943e+00 8.118829072095062216e+00 3.608566157872837632e+00 3.485910869648183308e-01
2.177794786903949120e+00 5.619307098758064001e+00 2.058054157862267974e+00 1.577921782652066118e-01
7.972923864561556329e-01 3.540248657914968344e+00 1.647565754499651147e+00 2.066760689687732189e-01
1.296697783107553237e+00 8.312430433512950856e+00 2.361579651170384597e+00 2.768940300563097479e-01
8.394506356129806113e-01 3.006372296242432629e+00 3.005658817088004753e+00 2.358745601536278436e-01
2.596879967141431322e+00 5.569340400928960655e+00 3.639933334926571007e+00 7.132062866252691924e-02
7.553214527394034317e-01 3.395464011569331308e+00 2.331509969558165807e+00 1.374475150104539356e-01
6.958491466893341748e-01 6.373017021893762291e+00 2.526147243419102129e+00 1.217734767245752525e-01
1.510328850129380118e+00 6.696659084383935756e+00 3.314692643376100367e+00 1.645651979043744051e-01
1.570187793947991128e+00 6.757174621000288539e+00 9.034363804235440165e-02 3.524306907799493738e-01
1.513218856478478092e+00 8.015423243813140530e+00 3.689649143453758828e+00 1.346453465240740055e-01
1.827372787746112559e+00 5.079365769312057743e+00 3.186260290180797039e+00 3.117395857098524958e-01
1.217515115525039882e+00 3.045035185112725085e+00 1.007807949055135488e+00 1.872398774895580320e-01
9.630916277301018180e-01 7.158345229856675651e+00 1.878931032296695447e+00 1.551613160891426868e-01
1.391890581938650229e+00 4.358170245262901865e+00 3.486592008489100891e+00 1.279919196472581455e-01
1.396864582952972000e+00 5.431892894910399505e+00 3.323751414963526329e+00 2.287365585109157329e-01
1.350965682050923933e+00 3.668498600816161748e+00 2.405536253050695628e+00 1.446209550742547367e-01
8.212483573675697368e-01 3.748439673748974688e+00 1.801782798856827572e+00 2.808597596536684948e-01
1.349151303361572074e+00 4.869351289168350583e+00 1.576288228396570235e+00 1.294666231852053817e-01
1.890295379736167680e+00 4.552173219732643439e+00 3.646678408839209684e+00 3.604065436078522366e-01
1.134855453483029741e+00 6.411278354771189569e+00 1.772614969356885783e+00 6.353133399285072480e-01
1.182491613611000414e+00 5.005364374126740401e+00 1.420630910005957759e+00 2.204266561190841300e-01
1.284647310591659153e+00 5.094979246175239673e+00 2.369466897487976786e-01 3.844685240074401933e-01
1.271728631617166094e+00 2.843627130071888054e+00 3.603482685652396711e+00 2.562812390679269359e-01
1.372344130805831952e+00 1.066405114471935356e+01 3.093290268337097082e+00 3.088158212081135168e-01
1.099364320090889358e+00 3.229010075375269295e+00 -8.381965476794552838e-01 2.247771108136101259e-01
1.530362296278731771e+00 7.157127001527570087e+00 3.280069723109184210e+00 2.191956350885270466e-01
1.125394293362114384e+00 9.390281810109152971e+00 -1.397255584023136876e+00 4.950452552691165381e-02
1.996291842478636669e+00 3.741697300229587242e+00 3.352723744595757172e+00 2.035077189669464437e-01
2.573039219580162573e+00 6.359257365439145104e+00 3.120786210864129995e+00 2.823465842106697710e-01
1.548167428238928833e+00 4.105863499970590524e+00 3.519239405113279151e+00 1.247493284429040256e-01
1.374213642698803861e+00 7.429113575468908159e+00 2.248825092091226718e+00 5.053660840932377996e-01
1.690688869024420171e+00 5.591718338874433591e+00 3.172271231955840598e+00 3.163179502038094282e-01
2.502965282099417266e+00 5.044248907211001054e+00 2.994131849060223782e+00 3.025202747034396178e-01
1.375836100160840347e+00 4.538302784018338976e+00 2.923268794485982092e+00 2.859779469179565270e-01
1.356898327312690000e+00 4.966051598547807977e+00 3.301049746847447341e+00 2.007870312027576210e-01
1.396902986491303178e+00 5.614425135958139634e+00 2.891900596544222157e+00 2.548228632539056848e-01
1.486037424324133660e+00 1.070232568558631492e+01 3.975737294757385687e+00 5.778179734926034428e-01
1.253620148494009046e+00 5.213186970137308585e+00 3.059873278824273513e+00 2.003741174948891479e-01
1.849777940636026186e+00 5.299500855403607602e+00 3.752009505966280134e+00 2.089515396631990707e-01
1.112538549211817607e+00 3.301533316526306550e+00 2.782001697145500163e+00 1.529988480581305210e-01
1.226651416480336820e+00 5.663218415325397714e+00 1.080203535420594552e+00 2.834142856883308248e-01
2.309333012673507657e+00 7.935564916410416281e+00 3.850487717058868942e+00 1.454405833342937993e-01
1.177322493788055091e+00 3.848516552036643112e+00 2.198706300688721083e+00 9.772727425700225568e-02
1.665553794154116529e+00 5.800630727522698926e+00 2.294175435044391698e+00 2.887824309368178244e-01
1.529581774301066233e+00 4.905996903780571294e+00 3.504916036582280903e+00 2.265427860359738865e-01
1.318951889253470622e+00 5.030603645792925960e+00 2.290905767404993743e+00 2.924373136616180147e-01
1.185553481776314033e+00 6.039296482426649071e+00 2.493800537947021390e+00 2.901494526539198926e-01
1.957989668856369825e+00 7.439112013516330890e+00 3.408473745939381239e+00 2.013528713381630975e-01
3.159580799265585327e+00 8.154709251262955760e+00 3.392709609734580134e+00 1.028971992032681609e-01
2.043089519208453719e+00 6.713928237522379661e+00 3.448279500397241737e+00 2.446591463355266283e-01
9.052441899390982760e-01 5.144576736344593115e+00 3.376464697777212365e+00 4.834164687099501978e-01
1.192227210046906238e+00 3.795708141002729352e+00 2.871706840076689193e+00 2.857788895651087735e-01
2.035076968172244705e+00 6.227818443888759603e+00 3.628631640030147931e+00 2.232204913896493614e-01
1.506677054461120324e+00 1.325284265794222627e+01 3.601224938728877056e+00 4.211330494643930611e-01
7.737836863811126120e-01 8.441148167870650809e+00 2.885720784233857472e+00 1.798295680963022392e-01
1.880733632980154724e+00 1.407340753763440588e+01 3.638257915694331324e+00 2.730995576621708665e-01
9.862605064513664255e-01 3.866574231149816576e+00 2.855668986037354529e+00 1.382939415286090490e-01
1.862313999189038283e+00 3.884802871125810242e+00 1.980643625788140572e+00 8.794281192693668980e-02
2.831833265848829662e+00 4.153238540492721675e+00 2.594066357107459808e+00 2.136274863385714262e-01
1.784149697257898071e+00 4.648582572866444274e+00 2.524995048106045914e+00 2.362575363771353132e-01
1.287993508194837489e+00 3.641887354866472304e+00 2.997611341953345221e+00 9.774768325355290277e-02
1.644544264225305641e+00 1.219905801530893896e+01 1.107741964190898654e-01 2.284741765266428970e-01
1.398640612944944905e+00 6.672931994266435574e+00 2.847195566094439023e+00 2.253545040982257164e-01
2.175711131633391027e+00 7.167373312446012612e+00 3.850191305966665478e+00 2.942307835801233895e-01
2.125138641818092644e+00 6.654516929868231401e+00 3.196000740415716024e+00 4.725292705067899446e-01
1.667491791305869109e+00 4.965572789219456773e+00 2.838424061046395330e+00 1.473660318029306193e-01
1.503851863154208157e+00 2.928535855749707650e+00 2.825901219793534480e+00 5.104461903671119599e-02
1.876190769938256286e+00 6.590691210523255350e+00 3.941301635462725272e+00 2.695951024555359732e-01
1.177791080769032162e+00 4.330969656359282993e+00 3.110746275949268558e+00 2.927928824243514194e-01
1.264162505981863971e+00 4.255703264537645580e+00 3.287686376077055161e+00 3.057528064730001827e-01
1.453601725144841428e+00 4.689933476766199760e+00 2.628083163067025829e+00 3.902628725037992075e-01
1.602344903944590060e+00 5.390115217189461738e+00 3.087013769252764828e+00 3.971137963118089309e-01
2.055390000484269120e+00 5.955248134786190306e+00 3.796501391861413666e+00 1.797297683413102976e-01
1.473698500007877055e+00 3.027939201495302157e+00 3.372686405562468792e+00 1.844414436289551484e-01
1.188009469937491902e+00 4.650602443890272220e+00 3.426128354006182875e+00 2.292310970459368324e-01
1.192240871864868712e+00 9.226409975180983380e+00 3.391720303639404577e+00 3.371872672233792723e-01
2.791777443036239870e+00 5.364575063981590120e+00 3.582673855115750872e+00 5.409300111581527570e-01
2.521100293943032700e+00 4.394879592853336625e+00 3.730178632002001393e+00 5.089592707192258647e-02
2.192323285505815011e+00 3.127052498450637597e+00 2.895699224477000122e+00 3.316103095597449646e-01
1.841883350926827090e+00 3.276286664858997888e+00 3.850045271272030334e+00 3.632018138353697578e-01
1.736898402889799353e+00 4.041737449591092712e+00 3.589470596347409614e+00 2.974472019189799421e-01
1.813879848850546095e+00 6.215926275296612680e+00 3.371795647046259781e+00 2.726532504494094122e-01
1.266700071940495054e+00 6.961240969252667554e+00 2.864722926689424742e+00 2.831736621842764201e-01
6.985280992798973410e-01 5.303019899602831266e+00 8.836566491231593323e-01 5.744258286915487899e-02
1.881331112319550414e+00 7.016807880147545085e+00 3.495641614753857596e+00 4.990472467143975965e-01
5.935445976573366922e-01 4.920423853224914268e+00 -5.976573324890320782e-01 2.298527883261131388e-01
2.333967292253729564e+00 4.816155203617162428e+00 -4.578557529818126914e-01 1.300460498330899828e-01
1.917560487397199864e+00 3.221708718275010597e+00 2.769797610981191927e+00 2.107300123922185575e-01
2.195132699052293912e+00 7.086244353706334209e+00 2.154966629204395634e+00 1.777365941598373078e-02
9.623871583033523081e-01 3.845502755220327362e+00 7.503789214980873812e-01 2.290353828565353522e-01
1.445143752166978768e+00 5.372562248853776978e+00 3.134627581450353695e+00 1.809424664328567467e-01
8.233736038295128568e-01 5.678280705857850386e+00 2.841529198447433568e+00 2.373584039425545300e-01
1.758404846881318262e+00 5.450336991674996412e+00 3.194780819506155556e+00 1.635314803457675881e-01
1.530843161724865897e+00 2.532907316175887047e+00 2.246253152492645899e+00 1.081995222272141288e-01
1.750638744571531680e+00 7.567014195128680676e+00 3.395863576115405458e+00 1.654164667640068420e-01
2.242919265477417934e+00 3.470407885340201837e+00 3.391084648338719809e+00 2.014248505933184663e-01
2.940129850580504467e+00 4.813087636180926943e+00 3.643307833844122712e+00 2.416546381111799313e-01
1.900420791820461641e+00 2.692710258760743880e+00 3.079212475151967610e+00 2.378245387649083609e-01
1.016278472502577745e+00 4.841883525223543927e+00 2.225703054890172616e+00 1.486717759289762075e-01
1.195126307332028182e+00 4.336781788092086920e+00 3.382638897981757431e+00 2.354098165431622869e-01
1.297262133330125522e+00 5.682725247267551794e+00 3.120290739625488197e+00 2.332199039824540687e-01
2.021671154275754834e+00 3.869544388963664261e+00 3.189192796279181952e+00 2.820751503348925548e-01
1.673085371260883303e+00 5.171903565563772176e+00 2.800620761473372688e+00 3.775278455282305989e-01
2.832857042891001154e+00 5.827090778749745681e+00 3.774318651684619219e+00 4.580151049781143457e-02
1.257791541705856719e+00 8.630738078990148665e+00 2.773281728625343501e+00 3.620494078402853866e-01
1.372344130805831952e+00 1.066405114471935356e+01 3.093290268337097082e+00 3.088158212081135168e-01
1.352266048145669197e+00 8.879632100750754375e+00 3.346603460601009328e+00 1.694687371491399308e-01
1.716594684277247929e+00 7.494289897980199733e+00 2.964461847336299805e+00 3.326224159695234106e-01
2.965729921061034613e+00 4.900474512562889018e+00 3.084304661340085740e+00 3.210481498883921425e-01
2.177279934748403978e+00 4.997539873345400174e+00 3.895142885012869982e+00 1.541973833079999523e-01
1.060044193232512866e+00 3.329916695105456625e+00 2.942755035844307976e+00 1.828848287238827863e-01
1.511460146133596361e+00 7.462864185964956043e+00 3.297897080816988957e+00 9.661217041580240361e-02
1.144079632200837526e+00 2.930813481463016235e+00 1.632019343798083000e+00 1.165175099839275419e-01
1.197216625317263805e+00 5.207913037073126361e+00 1.341311627603692491e+00 1.871866765645154029e-01
1.014504342115246649e+00 5.842210619424630380e+00 3.144380962951100589e+00 8.303080173389895680e-02
7.828037349894745311e-01 3.376406918899917731e+00 1.542368240775402688e+00 1.983511050133727194e-01
5.196939034430527737e-01 9.855754010115987285e+00 1.530573262404856472e+00 2.420139761145006507e-01
1.952945182036389671e+00 1.109900507740147901e+01 3.571790632945142541e+00 1.230055918932301540e-01
1.658331692955072434e+00 3.855874220329883251e+00 3.679882606769876663e+00 2.030592591508162958e-01
8.463398410543878647e-01 7.612294402128502391e+00 2.938092913501080705e+00 4.149311941587097707e-01
1.186218376833639176e+00 7.642487011936677455e+00 3.229901245425421674e+00 1.727185026523859745e-01
2.102931333633874189e+00 3.479778761337561921e+00 2.745841248584482752e+00 2.082433952090024243e-01
1.122212926473439287e+00 7.013278742818159550e+00 3.074399258501405274e+00 1.703978324684733980e-01
1.442737748729639113e+00 4.421826146544016289e+00 2.666902572710851960e+00 3.508641314015606971e-01
2.047575355335394143e+00 3.206651384605474941e+00 3.335303078972461144e+00 3.741289073907180240e-01
8.924574452982578787e-01 5.947284644079109839e+00 2.839386287341475246e+00 4.433222092299918815e-01
1.607102585983846144e+00 3.381367191095681957e+00 3.296813988698652054e+00 1.552970372934522059e-01
1.418905892886553444e+00 1.172246828358777648e+01 -1.418149592445653084e+00 1.899413061484491183e-01
5.935445976573366922e-01 4.920423853224914268e+00 -5.976573324890320782e-01 2.298527883261131388e-01
7.107555002055225835e-01 3.998167024322441865e+00 1.562937548397909326e+00 1.110668057180025370e-01
1.975221459907073873e+00 2.952101755758916646e+00 3.677206798088033413e+00 3.432657692397546034e-01
1.626431694267358008e+00 3.636853745124888793e+00 3.646824152743548542e+00 3.523322343777195997e-01
8.357332658025266037e-01 6.733723452771094742e+00 1.987133757269742729e+00 1.352223201729275404e-01
2.414187434285977041e+00 2.952526368991049477e+00 3.651116061422226444e+00 1.438068983214426666e-01
1.399806517601346334e+00 4.751153611100434659e+00 3.147835906560682684e+00 3.864230042328425929e-01
1.260311452885376937e+00 2.743036533003270883e+00 2.667507444769376068e+00 1.394450225197153004e-01
2.438537522872566310e+00 7.132203459284977676e+00 -1.024709106768326716e+00 1.066099044389016010e-01
1.509366387737644644e+00 3.725642713276200002e+00 2.858562850873584971e+00 4.693048275050727691e-02
1.803589671150314322e+00 7.994312553084080619e+00 3.571695391442581968e+00 9.273821104316617991e-02
2.208644474375115241e+00 3.452251890083509966e+00 3.445416302307595657e+00 1.009925002290390506e-01
1.783067986941347494e+00 6.406409545633723113e+00 3.309644201281933817e+00 9.006722986183202107e-02
1.845864756824070918e+00 4.747123948889718115e+00 2.984396103812702261e+00 2.677322764901005625e-01
9.567784128912734110e-01 5.954586208902752809e+00 -8.043580024549169538e-01 9.627594014412757528e-02
1.493265584841751092e+00 6.491971310726654565e+00 3.271433460252259451e+00 3.186059875841625866e-01
1.363281414097563538e+00 4.137576619416074131e+00 3.095535264401823472e+00 2.652842777255003393e-01
1.310186782727469135e+00 4.335984342955669923e+00 2.757091044499421439e+00 1.248343231621713290e-01
2.318701542975188268e+00 5.490929576303146931e+00 3.906969155356922130e+00 1.321432845159507263e-01
2.849466733367234994e+00 4.454233045428492410e+00 3.772256799953841888e+00 2.559664817213615495e-01
2.296761983030254139e+00 5.232276986549125652e+00 2.755637434723754886e+00 2.160321869067827472e-01
1.319235555650120073e+00 5.620141941529723795e+00 2.374696902500505580e+00 3.768006355514520456e-01
1.631680533266782085e+00 3.922952340969367846e+00 3.555039967296170555e+00 1.258604826011990307e-01
1.465227535884456200e+00 7.135792566494561839e+00 2.666072179085296145e+00 2.810369119447763131e-01
2.953120822554214264e+00 5.925122515979030169e+00 3.904340961648223196e+00 3.625073657892324830e-01
1.651590949926396101e+00 5.364237568799168798e+00 3.565901924454029981e+00 2.555936666205539387e-01
1.450714153873595924e+00 3.978248711549518202e+00 3.448164005529747111e+00 8.889684829866356663e-02
2.058127767932951269e+00 3.799524807601442067e+00 3.081408675133403996e+00 3.422267826250620093e-01
1.831297471349111916e+00 4.256024170917931393e+00 3.776609655433470714e+00 8.079448952539576567e-02
9.435822536805060778e-01 3.621383087362704423e+00 2.987209057240771681e+00 1.692507785936098741e-01
1.339962316930588981e+00 7.284475677937652272e+00 3.001100757141176523e+00 2.633092845776573432e-01
2.075474669952615425e+00 1.082939178871342278e+01 3.738951503958598099e+00 2.043763576039887009e-01
2.253689340869718727e+00 5.067743501474679668e+00 3.642534023548743782e+00 2.006131276501249006e-01
1.544795968873259095e+00 5.438379307084064251e+00 3.050348224862715174e+00 7.989585827069670132e-02
2.229343181796840767e+00 7.378954643649112910e+00 2.939641682089304542e+00 2.135780728699233078e-01
1.415740582460889074e+00 5.339682714260984397e+00 2.589067674928721807e+00 1.812213150704758968e-01
1.086754141643940574e+00 3.831841917501998207e+00 3.069506980245284566e+00 3.162560279537467989e-01
1.607015878497936701e+00 7.539834371169142457e+00 3.634496387407151641e+00 9.399103248550425005e-02
8.188589508295534003e-01 3.317536053755030245e+00 2.909947576124054969e+00 2.719263722027236985e-01
2.505027965516761324e+00 4.672400270072240680e+00 3.354051300944340230e+00 3.755763370386823174e-01
1.999418996492952516e+00 5.334070983537062993e+00 2.079427429652675574e+00 4.968270431030141210e-01
2.428822727357131228e+00 5.907768446658187678e+00 3.232990487940641700e+00 2.033294417608781102e-01
1.320242685011688177e+00 9.385642649709113883e+00 3.127397116251487308e+00 2.420448552412673149e-01
1.210885728898803526e+00 1.044412142192311244e+01 3.027077748828233439e+00 2.222280952089849826e-01
2.078791554191284252e+00 7.389261740369460263e+00 1.426397781530074349e+00 1.683617191539346081e-01
1.813221844123746429e+00 4.774336381848007349e+00 3.810165776367325563e+00 1.619513226682011142e-01
4.039110785803514125e-01 9.636827087103441158e+00 -1.697237950400241502e+00 6.944231221201303816e-02
1.603315387693149852e+00 2.635863097788434750e+00 3.481726300171820387e+00 9.658792276108349451e-02
6.826219220600743265e-01 7.308944885993883922e+00 2.200890322337379246e+00 1.590613451311516102e-01
8.911790891855874142e-01 3.814239272200997011e+00 3.301464303573138803e+00 1.573081233819881575e-01
2.267881845284414943e+00 2.929586314408958003e+00 3.919558019631737000e+00 4.424372439193727247e-02
1.236456530992033453e+00 5.812421914890724572e+00 4.113864697772971368e+00 3.449512080617079812e-01
1.155063910234339630e+00 4.093173058122836494e+00 2.880697960125970347e+00 1.848558236182413772e-01
1.713061663496946885e+00 5.241855276549348019e+00 3.029732196278542400e+00 1.806556824457231925e-01
9.154886072850577650e-01 7.391414139873534239e+00 3.275477226506928741e+00 1.792422359568416335e-01
1.538945074035208416e+00 6.891074310262524705e+00 2.944457011652279910e+00 2.340745361068478914e-01
2.712066007793664912e+00 5.641392503389884183e+00 4.046277573181833453e+00 2.525284172006880268e-01
2.536994588540347539e+00 3.709924796582673157e+00 3.606414157696077094e+00 2.540995476875831938e-01
2.320861387532404230e+00 5.834969350725161874e+00 8.596097455835034484e-01 1.309558477442168134e-01
1.614935148581430502e+00 3.813562547113015899e+00 2.507632343235533856e+00 3.085370971561225417e-01
1.360685949776489823e+00 8.057354075640891011e+00 3.654831882611255356e+00 2.395790832842712437e-01
1.071688616182517650e+00 5.229516123425099750e+00 2.835442212133232331e+00 9.961103354020765799e-02
8.083424638099310222e-01 6.067681310637709657e+00 2.288070711939740320e+00 2.456638114761794667e-01
1.996341494121602445e+00 3.997604412239608607e+00 3.647959342009476913e+00 2.020573458449872184e-01
1.350124478741379752e+00 7.562561617884972165e+00 3.875669441999644693e+00 2.952106601584003620e-01
1.144905576351121557e+00 7.384977162101360904e+00 2.295222098618183271e+00 1.388827369287576885e-01
2.576028600499375099e+00 2.856622758893603731e+00 3.328433100744558448e+00 1.945202102047947912e-01
1.410765627863909133e+00 4.248601054238254626e+00 3.219095576380074597e+00 1.234460061894552541e-01
1.271177729680636137e+00 4.332842572374349999e+00 -6.908410153014810096e-01 1.925579322704272511e-01
4.202774543362475801e-01 6.869319862223694173e+00 1.330420558269756359e+00 1.507917495792052143e-01
2.002404693035545247e+00 4.297247351440964813e+00 2.598564684524265367e+00 4.289363860332185419e-01
1.789255683432396715e+00 3.295347582861912095e+00 3.530314239796094711e+00 4.317932483108428698e-01
9.709274400738021615e-01 3.836434261641624044e+00 2.782363968709213431e+00 1.809367545083737649e-01
1.711489248641399508e+00 3.746012327725417812e+00 3.849845221018004082e+00 4.307329704792127456e-02
2.263246869161025021e+00 3.544225077378448496e+00 2.430125996366413244e+00 1.273273063002925420e-01
1.122115770256179701e+00 5.004636719557781888e+00 3.436366757020128393e+00 1.346535068532767332e-01
1.233463769703534441e+00 6.702923540513490153e+00 2.806342448840179582e+00 4.294463025062310035e-01
9.504281098416461626e-01 4.094806792785100846e+00 2.499768100240121971e+00 1.841034455273118653e-01
7.664435766833772590e-01 8.063740056716754978e+00 1.522823136387792209e+00 1.472159620526851398e-01
2.577730328103697399e+00 4.321852461760316899e+00 3.673037343784625541e+00 1.130826009869106974e-01
1.715358364208679154e+00 6.052674169744367560e+00 3.419927412770532804e+00 2.280188515890699263e-01
9.067103176466176917e-01 4.507835051606835286e+00 2.354688319888896153e+00 2.056683866145993522e-01
1.331710996104745304e+00 4.262670893194568933e+00 3.318701399532129948e+00 1.999601920481118011e-01
9.780465872372537950e-01 3.957740937188286345e+00 3.420303449232160453e+00 1.356560243662003895e-01
9.534879994467385655e-01 4.104956959457038757e+00 3.003462723946008328e+00 1.410592891812720018e-01
1.081172377093337911e+00 6.287806571615277562e+00 2.959542332650050511e+00 1.664541897658902425e-01
2.394274272304162121e+00 5.223077095920370283e+00 3.724829876558081398e+00 2.503227120679421547e-01
6.028733552316958288e-01 5.071515591591039041e+00 4.423064717873400054e-01 1.382456155451640967e-01
1.271981281434007904e+00 5.469124903487899481e+00 2.246380756599834161e+00 3.073324996846846235e-01
1.332085297156930359e+00 1.040533145405609261e+01 3.259661299534521550e+00 4.910266487795050816e-01
1.524358932434538128e+00 6.708827043003195101e+00 3.281953411603145465e+00 2.428712712060693280e-01
9.893962365082109578e-01 2.715683745068167454e+00 1.054463766903729782e+00 2.461078635105690970e-01
9.815928419154970053e-01 3.519836554243324755e+00 2.564252832604796417e+00 1.608258872592044364e-01
1.161606104871308220e+00 5.114682079791649905e+00 3.033377270445844598e+00 2.158197974703082445e-01
1.300805483034905397e+00 6.198036906331220841e+00 2.728640090692351361e+00 2.683981751296602436e-01
2.254068393694012684e+00 5.510911949257558007e+00 3.794174814795614470e+00 1.806792517966768485e-01
2.010118030373521769e+00 5.447422153098521846e+00 3.546294341151503549e+00 1.858660220965888676e-01
1.897088251695085770e+00 3.811552638814727612e+00 3.216649029743747779e+00 1.836217907437380226e-01
1.234750848172190496e+00 7.141180957484810854e+00 2.960695779220977375e+00 3.167074330997741716e-01
1.387266793898210171e+00 4.492466603157569516e+00 3.879748481083925782e+00 1.984882716661648394e-01
7.993668288351098994e-01 4.040061575949281725e+00 9.043578104427507647e-01 1.799919760450502670e-01
7.604948257558916680e-01 6.323299353747016127e+00 6.028564902752675536e-01 3.000929453415666637e-01
1.846223607787771614e+00 8.213220242320071307e+00 3.969820648757063086e+00 1.245870529626117162e-01
1.463426178033845559e+00 4.894475608987301385e+00 2.956535341253954563e+00 5.169074715855730418e-01
1.175598734635691978e+00 2.807834074150903803e+00 3.172624446515516450e+00 3.557298634865818654e-01
8.557913306475477544e-01 3.534661421956265315e+00 2.488279458942914246e+00 2.749497264064331148e-01
2.076261913706696216e+00 4.308156127926944023e+00 3.854074170404036437e+00 2.272505058696682456e-01
1.558394178149978826e+00 4.002185450182755844e+00 2.587441475031786897e+00 1.637062819262962432e-01
1.641060583421064978e+00 3.953030879246620000e+00 9.758339297053252315e-01 1.345365233406156102e-01
1.237915256877570869e+00 4.067769228709466667e+00 2.772041717224505319e+00 1.703496260941630425e-01
1.870363391777107420e+00 5.493353591178028239e+00 2.925852866348387149e+00 1.336049074962346039e-01
9.485234515571261404e-01 3.441465495790925200e+00 2.461913189089079079e+00 1.224238608883075063e-01
1.314135733590459321e+00 3.342124853216592584e+00 2.161644577544313606e+00 1.003173732420042513e-01
1.553824639308647892e+00 5.973999151474113312e+00 2.699279439288674087e+00 2.202301794744117025e-01
1.220206102395617886e+00 4.382568504804771337e+00 3.329383909313089696e+00 1.373937388894957978e-01
9.555396968005488434e-01 5.305021806508892546e+00 3.922642811040708000e-02 1.059828090766919279e-01
1.539791996160506660e+00 6.504701669153508448e+00 3.134347632685514196e+00 1.557513170237752598e-01
9.993752074985399192e-01 5.923040331596721053e+00 -1.543757907547175456e+00 1.946512011525385888e-01
1.425344644750737189e+00 2.716518220892852220e+00 1.504154577088584910e+00 3.171232306225595377e-01
2.366024122185550915e+00 7.456200464707713138e+00 3.377660066222041735e+00 3.329442482436947848e-01
1.481115688252473861e+00 8.427096767569214109e+00 3.256948700523858431e+00 2.871377242120276563e-01
6.574239081194562795e-01 5.330536406787881987e+00 2.049943328124117059e+00 1.666296445939280668e-01
1.778392872387125401e+00 8.224867058140642229e+00 3.226379902230879448e+00 7.953294917171666034e-02
3.286027907863295017e+00 2.951409284124980381e+00 3.238324521252959887e+00 6.929965919582045109e-01
1.257585931735988316e+00 4.599236738644759903e+00 3.889864072397352324e+00 2.514583904495278910e-01
3.080024894849425543e+00 6.648068210258990973e+00 3.080107801109486232e+00 3.224250773999259301e-01
2.882912605718052745e+00 2.776161841844983158e+00 3.404568817576928197e+00 1.453894538725991337e-01
1.175474733382080306e+00 4.868635981747159391e+00 3.310921390760872551e+00 3.736236461491689864e-01
1.966711007040170323e+00 4.308397706342817379e+00 2.512703695835965867e+00 3.170587341096612333e-01
1.443649237339978963e+00 7.824514413910996780e+00 3.009236623056260385e+00 1.276963948581333330e-01
2.071356519596316392e+00 6.444118394127240634e+00 4.045730296065955578e+00 2.355287954914672688e-01
6.348799904517942183e-01 4.213343330404326181e+00 2.045772172250160725e+00 1.926534268207251432e-01
1.468213031130028323e+00 7.861235842065575241e+00 1.745094530356657847e+00 1.806911809658016677e-01
5.559358494190015376e-01 7.767015754599198019e+00 5.725875285935045911e-01 1.754204701669731525e-01
7.073442727703354027e-01 7.047795352618493325e+00 1.465582022635911974e+00 4.469814348561584882e-02
1.485552019949849312e+00 7.917784555810994718e+00 3.371775918470012012e+00 2.205744685781104719e-01
1.413803755368215898e+00 4.249865469656462835e+00 3.171089197391256054e+00 2.450521675490718310e-01
1.078034958351933748e+00 4.796780265414926525e+00 2.764967065278113090e+00 1.675588293876675849e-01
9.352385551735762359e-01 3.898485359641882475e+00 3.196816234977767124e+00 2.056832419814746959e-01
9.758685672335526418e-01 9.373130170287561569e+00 2.933201344428816082e+00 1.621251281275133682e-01
1.955249353329375550e+00 1.031340940753482727e+01 3.460553679899830648e+00 3.780322858067015068e-01
1.874158416470266486e+00 6.064150137315992062e+00 2.908554035634929313e+00 4.709543310891605716e-01
1.124194826046008178e+00 4.277841805904680328e+00 3.424416748262540278e+00 5.848003336712099820e-01
6.964298231344869805e-01 6.275068641154834204e+00 9.653077014340289974e-01 1.912405970444514824e-01
1.316954640841833557e+00 6.300735604780189014e+00 2.453392120514713781e+00 8.880179688833965412e-02
1.472974088433111506e+00 5.884868694654737276e+00 2.227694440607282722e+00 4.547521428763481866e-01
2.530697254394756346e+00 4.522704618527205511e+00 3.165252848857511125e+00 2.382171616930804647e-01
1.322882473098879519e+00 6.654324275952702372e+00 3.399797466620123831e+00 2.971875482619240616e-01
7.033770194962589706e-01 4.781403534147160350e+00 2.336043411522601421e+00 2.644749010163319758e-01
1.639884060975804303e+00 5.928869667437831836e+00 3.487075001786788420e+00 1.858343257103365898e-01
1.339071809177807104e+00 7.299227337146930950e+00 3.167771101083552310e+00 7.931181093282455019e-02
1.063557192493209458e+00 5.522677182642112825e+00 3.040886908214941897e+00 1.034708020766926528e-01
1.395314990179242098e+00 5.235469595912660701e+00 3.621778624799033786e+00 1.039551097676805202e-01
1.182133056514179659e+00 3.972393942395024080e+00 2.683424486235885809e+00 1.570487846280041455e-01
2.129324092402385737e+00 5.015883518922079176e+00 3.742458010913677580e+00 1.136478251895189917e-01
1.395668572324577417e+00 6.948466787206331041e+00 2.061734241147069824e+00 4.867195244651633113e-01
1.723926262032215107e+00 1.015356680551719570e+01 3.491397576109103618e+00 2.032645847911274395e-01
1.630935924172207896e+00 4.888253418717680709e+00 3.302534097617324083e+00 8.208338510092338947e-02
1.829937106311927186e+00 3.227469052385256720e+00 2.760961058020640735e+00 1.812560987661133161e-01
1.129608679553458561e+00 4.499597463184874968e+00 1.381693228815999541e+00 3.801498110251173568e-01
1.698529211524419491e+00 6.097087107421164554e+00 3.088162522188251380e+00 3.358219892781862947e-01
8.093396195470858867e-01 2.729634468699150940e+00 1.822345012618075133e+00 1.168834563994497755e-01
1.924562522535940623e+00 5.755629867056382132e+00 3.523486687788984106e+00 1.924523931976871161e-01
9.067743106064721781e-01 5.814966696314566086e+00 3.113673190051070794e+00 1.049135116689876301e-01
1.776449299264298176e+00 4.380953227017814200e+00 3.258379009422382122e+00 1.101877409229033988e-01
1.503241961772574520e+00 7.668057175895741651e+00 2.573547209665134172e+00 2.848127776263550404e-01
1.288981046764249960e+00 6.488518099216025625e+00 3.219084226128757997e+00 2.229668856509125219e-01
4.814781403628470291e-01 4.452082923625523492e+00 1.502236864833751184e+00 7.133209184763186772e-02
1.894140302894804284e+00 4.632140530002152978e+00 4.129716984235844102e+00 2.537475092621703787e-01
1.758175971916903446e+00 4.143452585455075443e+00 3.385429999285400449e+00 1.014008915702509922e-01
1.060048140029778097e+00 3.245844035511417758e+00 3.458124500180966621e+00 6.581108421929857122e-02
1.942465200545663739e+00 5.159798241637252758e+00 3.051329347389929225e+00 2.832006487644913584e-01
1.508478526758305405e+00 8.036753686955524500e+00 3.590091204479544551e+00 2.324000544845284955e-01
2.707046445653078948e+00 8.298834692626092746e+00 3.637786850940378791e+00 2.646073899363739490e-01
2.198809134001371124e+00 7.082246486754482540e+00 2.545671314373282090e+00 1.629149709850271910e-01
1.754237685162719051e+00 5.531809856966189543e+00 3.491410722895118113e+00 1.090605955817923745e-01
1.618725331412378399e+00 2.840280458737333813e+00 3.094121248005573754e+00 3.131497998512035030e-01
1.516093491473955224e+00 3.112213824726589362e+00 3.029944177324285892e+00 2.194477935606255758e-01
1.457357133739066946e+00 2.743205820432892406e+00 1.669290498179217597e+00 8.354590582715855362e-02
1.244155772612873578e+00 8.571593938315608341e+00 2.100191555623693862e+00 2.109285279213308495e-01
1.543960114739181488e+00 3.067034838017608234e+00 2.982609366823174568e+00 3.655663512608650634e-01
5.913907478715466626e-01 3.279552015262157560e+00 1.977996536807492323e+00 1.139554578892029713e-01
1.260855591040939583e+00 7.906991118597147761e+00 2.694005502851870570e+00 2.700761137355895958e-01
1.630131659369093322e+00 3.960437514485149357e+00 3.137603980603188791e+00 3.079153499010051087e-01
1.270554538224793362e+00 3.627119751054155294e+00 2.225406573912648511e+00 2.455676563721660988e-01
2.262870895407134153e+00 7.103310466761617370e+00 3.757972859742109595e+00 1.141007933832501597e-01
1.997376067029083879e+00 3.766173813478455479e+00 3.425185712292119433e+00 3.373145378556807739e-01
1.910893628163992997e+00 5.645494979098629962e+00 3.289956629835914637e+00 1.607262044233142839e-01
6.316146155730734124e-01 4.259464173408160192e+00 2.210860921419436131e+00 1.677095512894723750e-01
8.585322712290647251e-01 6.141408276584863657e+00 2.697498518454695571e+00 4.033624225837635358e-01
1.981863417951126749e+00 6.899777505677488598e+00 3.879703403515374127e+00 1.328953335009286918e-01
1.435450458060057111e+00 3.858024618860782518e+00 3.365296387799753486e+00 1.673595055885684357e-01
1.155057047875908793e+00 6.205503653432048239e+00 2.454646422283671692e-01 1.195933996265187288e-01
1.686137029334292547e+00 3.273833129273494791e+00 -2.323632031673565079e-01 3.518853979234292662e-01
1.001278626229864521e+00 2.257458761801838243e+00 2.836088709646451989e+00 1.588390060016565131e-01
2.364430920229986466e+00 2.302168984195863466e+00 3.140922134368921093e+00 1.428531822117864447e-01
1.686588641197247718e+00 3.501599165324503993e+00 3.644755764949373145e+00 1.607091472347728089e-01
1.738205670659695112e+00 1.114319290939476303e+01 2.976157806746626555e+00 4.765898109092125412e-01
8.527963127914266472e-01 5.110096901456880225e+00 2.430434444811242045e+00 3.605678769078961010e-01
1.427476389731853423e+00 3.463409856416831190e+00 3.015093945138536569e+00 2.921384192975393090e-01
2.782227900846865332e+00 6.037990009723803730e+00 3.655652749598686579e+00 2.331006574726113278e-01
1.387765687309344242e+00 5.194726173292910865e+00 -1.451598137603387073e+00 1.219745831577906392e-01
1.531403717311780266e+00 5.317382635241610700e+00 3.259515610931148277e+00 2.927866106342008612e-01
1.622560228975940433e+00 2.980653832050943919e+00 3.873993433990181146e+00 1.997281353210251797e-01
1.251248158806743005e+00 3.691992341452923210e+00 2.564325426131925934e+00 2.455218968267678936e-01
1.344853168901065432e+00 8.755993127111668883e+00 3.400220131870651308e+00 1.916618595399824931e-01
1.261296305346043312e+00 4.694620191494280448e+00 3.336190434390606363e+00 2.816183235014130259e-01
