# Hierarchical MCMC downsampled to get 500 samples: alpha, mu
1.054912685564961539e+00 5.803587329708173037e+00
9.911972003342431892e-01 5.982893129729080606e+00
7.244754452680040036e-01 5.799368786153810795e+00
9.283254780692841157e-01 5.881218849990609954e+00
1.451357227188188270e+00 5.710163358882014428e+00
1.026659291955990483e+00 5.896062162349654301e+00
1.102771978419086807e+00 6.117671879127127177e+00
1.081484497006800716e+00 6.128829550524279135e+00
1.172399434173961863e+00 6.175037854754162225e+00
1.379654347428262984e+00 5.816632398459639752e+00
1.211642516859840146e+00 5.967892898605784424e+00
1.070234888417390451e+00 5.780823973304355157e+00
8.550819323817617779e-01 5.840607545195534378e+00
1.219146329198937950e+00 5.718715275818775368e+00
1.042466161390697810e+00 5.943073757650663147e+00
1.024632366870110944e+00 5.963604726120173893e+00
1.073102786097559269e+00 5.657518942811107010e+00
1.332693967815399061e+00 5.863451110144946021e+00
1.205902677485352292e+00 5.837755455672148486e+00
7.762201447631780216e-01 5.847807347913748011e+00
1.209934094596479381e+00 5.955492090971370445e+00
1.013805860400677883e+00 5.703471198837775091e+00
1.449164395788679949e+00 5.966916377953983996e+00
1.043396787429675454e+00 5.736206499401723669e+00
1.141336385542349730e+00 5.757913952611269259e+00
1.196179077084700726e+00 5.957164535727401677e+00
7.705612502587844137e-01 5.990321963086628898e+00
1.177118188782843466e+00 6.141270276013794494e+00
1.173934636178429081e+00 5.899473598323166534e+00
1.060740234283725103e+00 5.914060287171876595e+00
9.747274697163275103e-01 5.797549034615680164e+00
1.290699615897398234e+00 5.976310027112567980e+00
1.091993174398032451e+00 5.876558558785719200e+00
1.133285847986628125e+00 5.801949507846829057e+00
1.041875172081643486e+00 5.970220459469282481e+00
1.434490821443070274e+00 5.804497382054903731e+00
9.949511031264385297e-01 5.696689576641722930e+00
1.087060882112842464e+00 5.811810674197577242e+00
9.653543417632282075e-01 5.879347444953070934e+00
1.092795583294149608e+00 5.903674328682671835e+00
8.375339362081588579e-01 5.855144948760171886e+00
1.185249288786930366e+00 5.877736155349730929e+00
1.329090529921712172e+00 5.754028638988328836e+00
1.056364818934520056e+00 5.792148819009030447e+00
1.115379608880141538e+00 5.912339104904754450e+00
1.258285195055930394e+00 5.830000684951115453e+00
1.575410109402146208e+00 5.822051821549820261e+00
1.459282718854489680e+00 5.835380796627511302e+00
1.029304951435044302e+00 5.864283890858457582e+00
1.144334738286404640e+00 5.935783722019670527e+00
9.049381832929409564e-01 5.903873786720478023e+00
1.113383339674834049e+00 5.874516180269420573e+00
1.217496348704044218e+00 5.829261805984492284e+00
8.206259823858066405e-01 5.943616407479788144e+00
9.132270128328875414e-01 5.694874329580780881e+00
1.384746303884426100e+00 5.796994231904782247e+00
1.014279470009640027e+00 5.843563193320395754e+00
8.258008633381657138e-01 6.071822841779977331e+00
1.099058710094036773e+00 6.051488244103084391e+00
9.488978043934909179e-01 5.873885387489079513e+00
1.113508006823672680e+00 6.442577436754718612e+00
1.253539460297393493e+00 5.825895341338885203e+00
1.423016607686257373e+00 5.848574085386226251e+00
1.587710824275740729e+00 5.975258748166173639e+00
9.476342993947439730e-01 5.881264044899033649e+00
9.912019849902826696e-01 5.960843155940887428e+00
1.239985711643076804e+00 5.904619566480734605e+00
1.144017059692459259e+00 5.994791285324890140e+00
1.279615613408319419e+00 5.909375523070848679e+00
9.469600553536280385e-01 5.928904711605842870e+00
1.543502571700088311e+00 5.762415540494908228e+00
1.311875729024826853e+00 5.736726662987402747e+00
9.589014021377291197e-01 5.909138291609906446e+00
1.017451204714409529e+00 5.917048435169258269e+00
1.161800258320896617e+00 5.854422997605850831e+00
9.988556588277031079e-01 5.855588964944508312e+00
1.460881230747030024e+00 5.964767031922041163e+00
1.105545466282048972e+00 5.896431742616127458e+00
1.320166974695657691e+00 5.687582017840173698e+00
1.288610871222567678e+00 5.850624667242688481e+00
1.138827546629152199e+00 5.861576124757794659e+00
1.489238837248568537e+00 5.945523813114490963e+00
9.324884005544090693e-01 5.926127229817475417e+00
1.141326884980647050e+00 5.903599474306782113e+00
1.129148854594345108e+00 6.187595191100815128e+00
1.073693673051081099e+00 5.995364819689750213e+00
1.314821722444618812e+00 5.932267996402472932e+00
9.037887777140963808e-01 6.069964273033737534e+00
1.176070590980662356e+00 6.119361993346381645e+00
1.416927287764103705e+00 5.903276636028384594e+00
1.103094890900920610e+00 5.887727499177100476e+00
8.653823057591614187e-01 5.927888971217069702e+00
9.058629905601901511e-01 5.812874149213917541e+00
8.738805616173328517e-01 6.148246923755045223e+00
1.265200393118670164e+00 5.615903187677227848e+00
1.317928426706743039e+00 5.979965408037813290e+00
1.186329646709747054e+00 5.794202789527559183e+00
1.132424088672205897e+00 5.830696108332487526e+00
1.002231045182643276e+00 6.197676213194360351e+00
9.971312681900856845e-01 5.679391317750016377e+00
7.928271156401415221e-01 5.930307999464116797e+00
1.086827841290427976e+00 5.969196308327243905e+00
1.098156275600604914e+00 5.978457623862256654e+00
1.466789780309926128e+00 5.892180139582036347e+00
1.033409206744480446e+00 5.979921195496701536e+00
1.097567339774131234e+00 5.974631696557067606e+00
1.054970107892397868e+00 5.772372811921289149e+00
1.128660643106960793e+00 6.019905582084992268e+00
1.650097931924607186e+00 5.815395610187111153e+00
1.220731912487346360e+00 6.071634513053286497e+00
1.043812467734231308e+00 6.149506904260156226e+00
1.513213201320348311e+00 5.610710712793322230e+00
1.118472167726339395e+00 6.066755746987793962e+00
1.191334979570853880e+00 5.803085589387888099e+00
1.097718539217955813e+00 5.939562153189709370e+00
1.450443328788060926e+00 5.882334947797897229e+00
1.538913764368387893e+00 5.482354573978907908e+00
7.610028760676187387e-01 5.755211877472945936e+00
1.259686416626305538e+00 5.861116144789741078e+00
1.453592444832339403e+00 5.815550962017279168e+00
1.360595909800259573e+00 5.796483809686682420e+00
9.588106576276227422e-01 5.813917013046818738e+00
9.589346963953427894e-01 5.946690444932360542e+00
1.069441207930863502e+00 5.873181924528403819e+00
1.195771191093265351e+00 6.092676180246655804e+00
1.165676699910165093e+00 5.847098189023947512e+00
1.412604346689334323e+00 5.850008770061942087e+00
1.166120993665759276e+00 6.044006807948885118e+00
9.500264380149135990e-01 6.039313764806252927e+00
1.259660159628688492e+00 6.002685271957673763e+00
9.453836163630343625e-01 5.867027670270535289e+00
1.221802341236006395e+00 5.805480438029611001e+00
1.304768362015722882e+00 5.768083011671947702e+00
1.128481674483138963e+00 5.858931869083182420e+00
1.164089306876492147e+00 5.970439953758518214e+00
1.353806823414161808e+00 5.846222586068137161e+00
1.074713945092261591e+00 5.973843841115471953e+00
1.250913393115561822e+00 5.946908730273438692e+00
1.106065901570814969e+00 6.121119803226235057e+00
8.786580849420368988e-01 5.802070452329745720e+00
1.189901666934327196e+00 6.015398529586120091e+00
1.262776657263054769e+00 5.790239190051265084e+00
1.050514262798466047e+00 5.673028395058016926e+00
1.366535146082699326e+00 5.958592271745880353e+00
1.499963848960388813e+00 5.885095302393665406e+00
1.162397044881167130e+00 5.692847064538177015e+00
1.268425608619611289e+00 5.963862327120098783e+00
9.634715587386534219e-01 5.935278588420332291e+00
8.183938017698592082e-01 5.968442420811573612e+00
5.675170829499681657e-01 5.771965895170052541e+00
8.594620992523073211e-01 5.672922429773581854e+00
1.270284859516762843e+00 6.001590420248205326e+00
1.014053261224281854e+00 6.054658913211567572e+00
1.164530482515258480e+00 5.678803914784227302e+00
1.203917653926977360e+00 5.815621901484365530e+00
1.507800049770673834e+00 5.838504978932469669e+00
1.271180517983879543e+00 6.004467680835240628e+00
1.115893533316776987e+00 5.752001545150008610e+00
1.483080682430421238e+00 5.760487488708994519e+00
1.315968321739553915e+00 6.182200172095175361e+00
1.193059962836446442e+00 5.997803072648465239e+00
1.154227319169161436e+00 5.729701919709854430e+00
1.236544144105335752e+00 5.799991544472898219e+00
1.021311874855173718e+00 5.812621212388073388e+00
1.201467528950650898e+00 5.792847475380966671e+00
1.166617402671547454e+00 5.862305870975381694e+00
1.162322574264662789e+00 6.013674750303830585e+00
1.191566072219067740e+00 5.835492712255009096e+00
1.147535139951107341e+00 5.791403850393339603e+00
8.763273567405511777e-01 5.853598312599733511e+00
1.247501010091474294e+00 5.719171526559240881e+00
1.175377901584352180e+00 5.817939886402824889e+00
9.919523821819331566e-01 5.921120688036549673e+00
1.098207182622766842e+00 5.835230327039180764e+00
7.553549642951753462e-01 5.932298109657163643e+00
1.446116863569197220e+00 5.863859944697906279e+00
1.051034515194748442e+00 5.622030465468720983e+00
1.112847159439056099e+00 6.027700884914095170e+00
1.140307861278606616e+00 5.721473961481672532e+00
1.196574014094765381e+00 6.126687030676544410e+00
8.455455014898632937e-01 5.857399403938511995e+00
1.002753789500595794e+00 6.042430984701593566e+00
1.106947653280179411e+00 5.843326515985095782e+00
9.497504445222864078e-01 5.764982850853618501e+00
1.605729017797227431e+00 5.864320544807531732e+00
1.094845144193360875e+00 5.813362731972436137e+00
1.206460256241967732e+00 6.030183750953831634e+00
1.071174723542974938e+00 5.839429165491459628e+00
1.347654936862547004e+00 5.920444248430944967e+00
1.066929530109138158e+00 5.750393046723980106e+00
1.092306149119803838e+00 5.894102727038443845e+00
1.238060052880121553e+00 5.869166109785086682e+00
9.279751739163258906e-01 5.773122685632184670e+00
7.934583065156217696e-01 6.044119246755018438e+00
1.313229527369082827e+00 5.487524669343478934e+00
1.225989980891198039e+00 5.955052384747475891e+00
1.045204463529628924e+00 5.751566639959078131e+00
9.792065472033170126e-01 5.859274462638158099e+00
1.032587952426472500e+00 6.057874611294751688e+00
1.149216834969535972e+00 5.669011313600835322e+00
1.089702541875582131e+00 5.825976232874693572e+00
1.144564270167720110e+00 5.616671887788666773e+00
1.063865681168654653e+00 5.919805425947452626e+00
9.842022584576518573e-01 6.034529774235416255e+00
9.067259387430549600e-01 5.830398507995668389e+00
1.069758379724048858e+00 5.888560152087841892e+00
1.566016382459813672e+00 5.762996204736687389e+00
1.748862466763096535e+00 5.964627929397633643e+00
1.124086216180465669e+00 5.463616711140800497e+00
1.007431964636414934e+00 6.079883708430133815e+00
1.051747889637665079e+00 6.019154712202563928e+00
1.033306889822455110e+00 5.822253407455290741e+00
9.096165650984087137e-01 5.798448479274769696e+00
1.131953165067312472e+00 5.960528809971815001e+00
1.115669056462065711e+00 5.896912829103822418e+00
1.220668423539871483e+00 5.862011201399973892e+00
9.232644769274320762e-01 5.772521596519694320e+00
1.023895769574333592e+00 5.874988366903624915e+00
1.328673852600827043e+00 5.654969233923589300e+00
1.294003426481794339e+00 5.939757060633738206e+00
1.176460542889159244e+00 5.972592500886373834e+00
1.106609894260651039e+00 5.957259395543587743e+00
1.178595105710815272e+00 5.901843561235609492e+00
1.273242723516000874e+00 5.747253890883882832e+00
8.416163281806741114e-01 5.557878146854122292e+00
8.380537487041092026e-01 6.082346925731587639e+00
1.282305741244254227e+00 5.856886499705809435e+00
1.187720199502501517e+00 5.842313057196928838e+00
1.059961560802197056e+00 6.243324962308904880e+00
1.030002694335208080e+00 5.708408437152331594e+00
1.449164935516106478e+00 5.949819906255759960e+00
1.145415486989436182e+00 5.839883650297819528e+00
1.169890173857704330e+00 5.882542634704191364e+00
1.035799998015904277e+00 5.932931662223756675e+00
9.800808443869344355e-01 5.860032601874112679e+00
1.105060108714947420e+00 6.413772005483326488e+00
1.064958953491915050e+00 5.940032926957284687e+00
1.228655643061638880e+00 5.846963969860055954e+00
1.266236696286462626e+00 5.780669845917471683e+00
1.094052421763677563e+00 6.098424889012047601e+00
8.731634242702810411e-01 5.825059437373378834e+00
1.426785954330990869e+00 6.039653094988740811e+00
1.512152012190843386e+00 6.048074954413520388e+00
1.110970848598980876e+00 6.020169814798116192e+00
1.046828784174489213e+00 6.076873557486448085e+00
1.433892529210499367e+00 5.822002756035643323e+00
1.017638032831478023e+00 5.973019791506398057e+00
1.163842022125139986e+00 5.976815106125763499e+00
8.218791893074421928e-01 5.804918670988341134e+00
1.299130781097733278e+00 5.837350432962058022e+00
1.206096503151864674e+00 5.836483957103046905e+00
7.634949859990834975e-01 5.964015046598614589e+00
1.027721662771532873e+00 5.854097259256829666e+00
1.120430607040872273e+00 5.709597929021350105e+00
1.250129698924613564e+00 6.011496051210394320e+00
1.041875932321990605e+00 5.667784294916368815e+00
1.037579183361852175e+00 5.916461443094926054e+00
1.183680935418961466e+00 5.957691581291064686e+00
1.122759570860535350e+00 5.868681891937095330e+00
1.141633938860898478e+00 5.690148088536040483e+00
1.174013856805274036e+00 5.579598158822411946e+00
8.635374864316572863e-01 6.023168095706224356e+00
8.453451376406644346e-01 5.798777970503500079e+00
1.019543688504097378e+00 5.839438338278704066e+00
1.136386745629414774e+00 5.734602117814072919e+00
9.890768839639925147e-01 5.781328528205794903e+00
1.531969504422402650e+00 5.881440995600561550e+00
1.259794770433205313e+00 5.998968834801352124e+00
1.235915498988689576e+00 5.670959064888269729e+00
1.075809555984465815e+00 5.791850665344980165e+00
7.771457611351245687e-01 6.152408213612782895e+00
9.854831040815051901e-01 6.190988277067515533e+00
1.087339609423533249e+00 5.896646251815502282e+00
9.567308428322561786e-01 6.026216848825574957e+00
9.828178315383473418e-01 6.097940386182545858e+00
1.153079219062949523e+00 5.967733561445697887e+00
1.000846284353364535e+00 6.296551271608535671e+00
1.184322279679601353e+00 6.084005048627794565e+00
1.055332278800021895e+00 5.957761073334893354e+00
1.135228138927423025e+00 5.447109568424295389e+00
1.054761994624463961e+00 5.873219792074857892e+00
1.008248601189047022e+00 5.812989100395837383e+00
8.231433290437886185e-01 6.076631170455428332e+00
1.174075204533139072e+00 5.862519524453492892e+00
1.023193136348961030e+00 5.744843160970683371e+00
1.375286809612825012e+00 5.818684239650098178e+00
1.093006700092914452e+00 5.733292003219903066e+00
1.104788380686681615e+00 5.750302158197045266e+00
1.182541793159380683e+00 5.853813932780999707e+00
1.135198631544075631e+00 5.849376227885526802e+00
1.005933962322744124e+00 6.106653788233424862e+00
9.055765559497569450e-01 5.895724494390215398e+00
1.456248013477320802e+00 5.917945717663306127e+00
1.012539575139224102e+00 5.651808244014826066e+00
9.618304626075966368e-01 5.772820033815438734e+00
8.000262533858520930e-01 5.776098691192055767e+00
7.471764238720964846e-01 6.061844479417700882e+00
9.492805286541717846e-01 5.855194132644530924e+00
1.356014661716159919e+00 5.948166905650865921e+00
1.278946458439580436e+00 5.543585713163531103e+00
8.761419991196826018e-01 5.784588894087285382e+00
1.009388996721277243e+00 5.778771699551240815e+00
9.416016730331185913e-01 5.978824259486713366e+00
1.144167974896641571e+00 6.098805646364379385e+00
1.229860903669274697e+00 6.047304525649064288e+00
1.043460919450809987e+00 6.040768063316019010e+00
8.838027741833320849e-01 5.900223618910439782e+00
9.586644967786156490e-01 5.876141297933259899e+00
1.539204961053490361e+00 5.882182678258480735e+00
1.013596952661858008e+00 6.040979623280242627e+00
1.601233518202598294e+00 5.711988374358216269e+00
1.030000777787116295e+00 5.901905097116093124e+00
9.396087838963135264e-01 5.832488954008701043e+00
1.008546115868667936e+00 6.061725534213464606e+00
1.178184646605278552e+00 6.013121147828095481e+00
1.137963988592833875e+00 6.015769469675765535e+00
1.105424112208375220e+00 5.818082075671529019e+00
9.926131904802953931e-01 5.929294901268456819e+00
1.715669066020988343e+00 5.827148988611950742e+00
1.364179680024649066e+00 5.858950537159562266e+00
1.076691640573891773e+00 6.077181023792086023e+00
1.145737507706728220e+00 5.766661738429067263e+00
1.516243732281455259e+00 5.908694603865863648e+00
1.431905836459762771e+00 5.957756248457007686e+00
1.224824456873413014e+00 5.961121598102696595e+00
1.316835992797366739e+00 5.867598440174900176e+00
9.400779095989005851e-01 6.186882291420607416e+00
1.197640310441738354e+00 5.899732429614480189e+00
9.645327062545818730e-01 5.956853618391528826e+00
1.399931545916166531e+00 5.822983833524612685e+00
1.244351677325373995e+00 5.850077590735494937e+00
1.409853803993396104e+00 5.999412593047471098e+00
1.334409589330806778e+00 5.949464397191055021e+00
9.769694929262009442e-01 5.739978214070903029e+00
9.609374083950726897e-01 5.896421790182719391e+00
1.147479471955370922e+00 5.519035390543566955e+00
1.037867984316537706e+00 5.801658013433938166e+00
1.836151027374726574e+00 5.765499262598010155e+00
1.173670779541302389e+00 5.939265982437193614e+00
1.214216457464319499e+00 5.860566680096616743e+00
1.249442379359360977e+00 5.719464679907977356e+00
1.157785536996305042e+00 5.946352787394792117e+00
1.281516846262676479e+00 6.273349256652820394e+00
1.323748318433549898e+00 5.877588960720273370e+00
1.208579201622856036e+00 5.723400339022195027e+00
9.588923928834938160e-01 5.638920237680628667e+00
1.156049263291295315e+00 5.934444602872759766e+00
1.012803056451537564e+00 5.840837692831505557e+00
9.275683122310435236e-01 5.743238863464102728e+00
1.034954326953525294e+00 5.848534430705133680e+00
1.212919959778456125e+00 6.093140973480995370e+00
1.449217363298947570e+00 6.223698707776812000e+00
1.308918024989692341e+00 5.853702572593992848e+00
1.016865991821266801e+00 6.075416377060909312e+00
1.126451073547758863e+00 5.862112102990162832e+00
1.734061412768947763e+00 6.069974447026379671e+00
9.408725455897734014e-01 6.033533926264915692e+00
8.403320303640861022e-01 5.954726506353303250e+00
1.078425253469605938e+00 5.991653270362303552e+00
1.061772636912468037e+00 5.990167911015928048e+00
1.112256984518880110e+00 5.783078020326433588e+00
1.086960264692962363e+00 5.743283401111232145e+00
1.283039431987285095e+00 6.132963423641251133e+00
1.154933621697499690e+00 5.757645063941980723e+00
1.114937565005315490e+00 5.670740679854114674e+00
1.289165796417203858e+00 5.850513766414840333e+00
1.258840154228472397e+00 5.900370045667001406e+00
9.520019485402133608e-01 5.884909821585905476e+00
1.044613118877981695e+00 5.840119860632181137e+00
1.234751817123922679e+00 5.685195394273290681e+00
1.215320062747258678e+00 5.957998453141556183e+00
1.807768883365506118e+00 5.978153268673412235e+00
1.547530716370591586e+00 6.146480013104690165e+00
1.636208520890524376e+00 5.678355323525845932e+00
1.027557252664618392e+00 6.048518597459056068e+00
1.576766256964003965e+00 6.021304442055677164e+00
9.163229543299777902e-01 6.169175668666256662e+00
1.487176561770582772e+00 6.018143051619825101e+00
1.040833986047651205e+00 5.663837478173851636e+00
9.320558622162532503e-01 5.951825396926727407e+00
8.613763973669856799e-01 5.599763312676364180e+00
9.953750035038793076e-01 5.862379558568581395e+00
1.175300624282722861e+00 5.862803512354238578e+00
8.529615713762448426e-01 6.001207048857281734e+00
9.908822420119093310e-01 5.572731797466546233e+00
1.279832681932163929e+00 5.850237865918357372e+00
1.045759620422997971e+00 5.809323465384515828e+00
1.011047031522100292e+00 5.849892370373821038e+00
7.948606069530533835e-01 5.776819878592656110e+00
1.179566343662945771e+00 5.748791116388610511e+00
1.212032577933377375e+00 5.992980039165117567e+00
1.006758815566494825e+00 5.815448842283165831e+00
9.529888645972617311e-01 5.946433481196239157e+00
1.562510655742111565e+00 5.914445392699356319e+00
1.014076203138663201e+00 5.981567613272584794e+00
1.237018556675460346e+00 6.092247278707579206e+00
1.363070911056930568e+00 5.866302476506868757e+00
1.248292846585878024e+00 5.920674408402256006e+00
1.145415486989436182e+00 5.839883650297819528e+00
1.428947815411777178e+00 5.804163366791176060e+00
1.174851967268149888e+00 5.734558676396951604e+00
1.218719358305115685e+00 5.805478695150362967e+00
9.884578035892364056e-01 5.953964443142290008e+00
1.429450725460256200e+00 5.870489906651037870e+00
1.000023407467324210e+00 5.754278277127647279e+00
9.467549086104977141e-01 5.906306956305360067e+00
9.326229298132630019e-01 6.129432003701779763e+00
1.177158442210275213e+00 5.745917091287838119e+00
9.980648999633787710e-01 5.791021759027929150e+00
1.016382420900248107e+00 5.897255993605719837e+00
9.721804274477947594e-01 6.013864334234996889e+00
1.274982172968329497e+00 5.976062239237761808e+00
1.069441207930863502e+00 5.873181924528403819e+00
9.590983918776344597e-01 5.821791177586622901e+00
1.495432428943063607e+00 5.935448070403024801e+00
9.935848690523505500e-01 5.766239610096212331e+00
1.457887454173675268e+00 5.886115909592058770e+00
1.356767073521828459e+00 5.924394801952202805e+00
1.266980826018793360e+00 5.784832495755848569e+00
1.136660638463865114e+00 5.719300909891409823e+00
1.506226324338514555e+00 6.010305741804126356e+00
1.993107479685004568e+00 6.409589609453195891e+00
1.397697084271247725e+00 5.906380310753536200e+00
1.407804397487867343e+00 5.794759253437886670e+00
1.040035487704964901e+00 5.807224673572302542e+00
1.219029258284427764e+00 6.043442174312261272e+00
1.297017625533931406e+00 6.023372150975399464e+00
1.455157814102824743e+00 5.986855669269555591e+00
1.031124251291512195e+00 5.909593984024871460e+00
7.678866933235646286e-01 5.919251278790307325e+00
1.328996084011450751e+00 5.770716933616222732e+00
1.310900277440551820e+00 5.948446541856955427e+00
9.217437734780475900e-01 5.906073696259381833e+00
1.032078716417106357e+00 5.836395606495146104e+00
7.560100357201644528e-01 6.506548048948601171e+00
1.628431363962905110e+00 6.001130662436548135e+00
1.378933251233043666e+00 5.974177346829899093e+00
1.101755741726726523e+00 5.936756685007273049e+00
1.125149306537341021e+00 5.938186247531091588e+00
1.219611520003325955e+00 6.047182346636924777e+00
1.273947638579745245e+00 5.847584375939621104e+00
8.832918118472721236e-01 5.876221120592960645e+00
1.052564879188563118e+00 5.614163443829792044e+00
1.065723859999261780e+00 5.744037171384276164e+00
1.121992519260632815e+00 5.675865348884931549e+00
9.779106098359989785e-01 5.766780980180230998e+00
1.212970479413032043e+00 5.801839188582238016e+00
1.201584777217085787e+00 5.670914306251807702e+00
1.274966575104991007e+00 5.722150825339859637e+00
1.007059696779076141e+00 5.857896883953847222e+00
9.040101373838788090e-01 5.835831342722834769e+00
1.139689448616926226e+00 5.943182735359697766e+00
1.110547375551727445e+00 5.960760549721449308e+00
1.236014327604441077e+00 6.056137685332456222e+00
1.073244541581383160e+00 5.874081270961145407e+00
1.076578046741652139e+00 5.830600823232373386e+00
1.084538234380573840e+00 5.841831703220321081e+00
1.001035844074528613e+00 5.845406936377106177e+00
7.799202195662970905e-01 5.850518799681773352e+00
1.317367048506747462e+00 6.001688885678767349e+00
1.545722436910860420e+00 5.929836800003260855e+00
1.156359759343903892e+00 6.088195147315617284e+00
1.332125824775480805e+00 6.036819705964370897e+00
1.290919774801158937e+00 5.844802538606785447e+00
1.101279374735789407e+00 6.006591156745114013e+00
1.411040677652210640e+00 5.861907695271514562e+00
1.090367749205518155e+00 5.812959313797182226e+00
1.095462365353013112e+00 5.476404769711962217e+00
1.000079239191302705e+00 5.883396356169360963e+00
1.228241460076632485e+00 5.781745755191963099e+00
1.148629452964232911e+00 6.092996722743811766e+00
1.061093343597221406e+00 5.853985266875950444e+00
1.269197831383908959e+00 5.686856625435536827e+00
9.075789648651512165e-01 5.939213837207878655e+00
9.584674052011070700e-01 5.703048787100006400e+00
1.087677286565590373e+00 5.825853844468479537e+00
9.451955750010042623e-01 6.103206322561040231e+00
1.411760759808930787e+00 6.043676568463006937e+00
1.117078626630507054e+00 5.782328267419635459e+00
1.471487949904411563e+00 5.909672540735308566e+00
1.468351546920714457e+00 5.912014382342163366e+00
1.428210914618233573e+00 6.064258623097663836e+00
1.476768499907014309e+00 5.883451145380431235e+00
9.545175430712720122e-01 5.852932586949284754e+00
1.001119179217336175e+00 5.925991267933152784e+00
9.483163704867469956e-01 6.028411445073096786e+00
9.790481192365096952e-01 5.903498731049284132e+00
1.478552119403882648e+00 5.993318756905448019e+00
8.245728193773036452e-01 5.757871247843664442e+00
1.183288763667322829e+00 5.860354798061320203e+00
1.136446390113015292e+00 6.168221720992026924e+00
1.332539269245253788e+00 6.004450768740440481e+00
1.112595182538399730e+00 6.222985780497083397e+00
1.000726163608455455e+00 5.891630742325522085e+00
1.070222718435186460e+00 6.077374611290699669e+00
1.185379745214095282e+00 5.911858973902519132e+00
1.183680935418961466e+00 5.957691581291064686e+00
1.010129959371319996e+00 5.991073434375173257e+00
1.031631117178568591e+00 6.168757899667416389e+00
7.848889596026413784e-01 5.825428821044711825e+00
