# Hierarchical MCMC downsampled to get 500 samples: alpha, mu
7.544393854154726187e-01 2.195761197674865883e+00
1.306698411934360538e+00 2.821072383673319806e+00
2.219301667715801507e+00 3.398839416871596519e+00
1.145680742743227398e+00 3.591798077926076527e+00
1.762365785280694652e+00 3.457480995160925552e+00
1.227584511165280334e+00 3.144587843375144853e+00
1.825127419065689205e+00 3.495664350815971932e+00
2.086031178155472343e+00 3.445988403184215620e+00
1.293632274148341477e+00 3.234238457811201783e+00
1.884182577978597006e+00 3.320953879826959998e+00
1.394987765598047380e+00 3.455016401948393767e+00
2.041200507215355842e+00 3.752121497483891233e+00
7.908813909403883402e-01 2.359403717753890461e+00
2.353216664805648506e+00 3.921807952706398481e+00
1.045364386013326374e+00 3.049746447420974782e+00
2.510710801717612295e+00 3.409051222293689065e+00
1.378046932619071185e+00 3.344796279117461246e+00
1.131937063484116823e+00 2.834849665355815507e+00
1.574661560924244474e+00 3.553756834763714068e+00
2.801591144031183589e+00 2.832056009629955184e+00
1.500428174571739381e+00 3.495610460554228638e+00
1.821206920529996776e+00 3.619361121654174340e+00
1.066346107310542024e+00 3.173736031900387111e+00
9.182079360325519080e-01 2.828468603448898389e+00
1.287695726171398158e+00 3.584983738320633773e+00
1.311791998396347303e+00 3.869487802259949039e+00
1.541939092638010989e+00 2.848061719080867249e+00
1.260939539454305924e+00 3.347250742276907776e+00
1.818968737546846848e+00 3.558789326438280387e+00
8.517734563900365430e-01 3.080662741733811494e+00
1.438938905606680807e+00 3.041383066746881525e+00
1.478345945411976059e+00 3.298591954280700733e+00
1.323754607917180026e+00 3.690187945556354876e+00
3.015087283115023276e+00 3.917982492718778076e+00
1.424247767605143267e+00 2.827162981340781478e+00
1.810294566608758204e+00 2.720399632796842493e+00
1.053240195879182384e+00 2.679454975500823899e+00
6.313513634675756991e-01 2.395152881886970508e+00
1.235356627851365019e+00 3.158296296274015091e+00
1.967868349027275698e+00 3.948272061776167519e+00
1.353666161568232162e+00 3.030799263454452941e+00
1.838291533565985736e+00 3.257712312171359592e+00
1.653346220950201229e+00 3.009534491991647798e+00
1.499292502806021776e+00 3.592342142161955465e+00
1.623312594471308046e+00 3.814636163323086304e+00
1.197054331087354928e+00 3.357689353627175244e+00
1.110573440421859459e+00 3.488515726559976660e+00
1.523607952039961244e+00 3.073047784766378410e+00
1.379689531674508807e+00 2.795027497000228678e+00
1.606034710819207234e+00 3.802611765052396731e+00
2.226628068354814527e+00 3.701295277394524241e+00
1.101684865268540481e+00 2.270571511324842362e+00
8.030538530830597654e-01 2.844177276485565287e+00
1.028253451829787224e+00 2.822078256063094148e+00
3.023879412858666349e+00 3.466051196273399526e+00
1.246402267191814683e+00 3.540204413536292005e+00
1.523034005943409319e+00 3.369971866531463078e+00
1.875402500974734821e+00 3.871267828274162603e+00
1.834027929579005622e+00 3.772016956164447876e+00
1.221692509402126259e+00 3.330189380732158533e+00
1.737982775598094998e+00 3.158451878729521489e+00
1.415689293573163310e+00 3.479899735711526887e+00
2.395695255908781629e+00 3.696771269187932418e+00
1.342009501275007066e+00 3.006522371013108152e+00
1.312170881721843152e+00 3.549886597343325345e+00
1.573038674091647104e+00 3.197092136002988028e+00
1.798169439109895684e+00 3.593534979582428068e+00
3.191734426586283480e+00 3.788910563085056360e+00
1.220829031942956666e+00 2.867996888886518825e+00
1.449674948061254964e+00 3.602314837592476948e+00
1.941281303259377866e+00 3.602171998225571770e+00
1.813743044855804953e+00 3.497544754721356952e+00
1.441049109777165160e+00 3.109023881042551896e+00
1.795823463353281912e+00 3.163643040308862453e+00
1.755635337178982569e+00 2.755460041573697172e+00
1.997216418558980910e+00 3.751987346895042208e+00
2.310073810716254172e+00 3.181395325145691011e+00
1.517433547998469745e+00 2.588330533768838926e+00
9.858723840130745319e-01 3.404894272375960984e+00
1.289442435035774714e+00 2.590470618301971673e+00
2.061380232664047352e+00 4.030418986845039520e+00
9.642800435058480613e-01 2.874899455381317193e+00
1.061451059820181841e+00 3.635169476462094984e+00
1.029555584386462996e+00 2.956176168619242706e+00
2.583708437356895704e+00 3.917673351898461220e+00
2.183895336560028433e+00 3.773858390000894403e+00
1.112941874019381272e+00 3.343599135580396453e+00
1.103633062343822413e+00 2.536924786958985489e+00
1.646022538372718724e+00 3.375135472708168383e+00
1.542025951215597157e+00 3.948477299369407501e+00
1.908142001760736672e+00 3.097984658227055377e+00
1.325888515519944910e+00 3.482933370638171766e+00
9.620366078207058802e-01 3.199653031737800912e+00
1.534841997693429327e+00 3.196218051796657633e+00
8.773897823735159474e-01 2.989010178021045849e+00
1.622167737909826934e+00 3.599580767295900152e+00
1.573177864343788590e+00 3.708863976642118754e+00
1.858910962435856629e+00 3.983993719246410770e+00
1.392145851896633424e+00 3.413542422292107137e+00
6.623480824636830411e-01 3.254856300786932888e+00
1.124231818630548663e+00 2.567330967867873071e+00
1.118697209615013177e+00 3.114160142244136509e+00
1.944110541629512356e+00 3.578453008703124549e+00
1.940751571038809908e+00 3.618318898508412929e+00
1.267530297034128450e+00 2.261227517505703499e+00
2.266113926792855615e+00 3.621363069191955830e+00
1.973608631852944439e+00 3.624123659666904640e+00
1.262773215986515485e+00 2.934046152477886249e+00
1.115653099147974947e+00 3.124811772776995067e+00
1.253766706623607563e+00 2.791649650374146585e+00
1.736429340128043286e+00 3.430552573544045636e+00
2.398195990272976807e+00 3.374823788943608349e+00
2.284233197690543005e+00 2.987006468954060967e+00
1.126203530793982610e+00 3.387969891274153156e+00
2.057069692811219763e+00 3.655460678835194432e+00
2.163608345008800171e+00 3.917499627900563830e+00
1.590565963958653795e+00 3.724344365034850224e+00
1.787597279184770516e+00 3.684125104427598441e+00
1.749104840471329858e+00 2.903928884600126104e+00
1.519394627664697239e+00 3.096244483753707755e+00
1.285664329824347973e+00 3.244430869401138562e+00
2.348525765296585188e+00 1.923756106705822422e+00
1.032786058790033934e+00 3.642989443205385758e+00
1.361497041902258953e+00 3.248799815465086116e+00
1.968385992017833042e+00 3.356272839979098865e+00
1.029689728474359578e+00 2.604513562512353442e+00
1.431197730827699965e+00 3.312941586454446696e+00
2.047558219163907012e+00 2.956521285702480295e+00
2.101534458025222651e+00 3.116809566614802574e+00
1.795768232419958199e+00 3.178695994196118590e+00
9.272427927827137095e-01 3.528236342689073712e+00
1.929796521611194748e+00 3.635049966910488095e+00
2.378561605965299197e+00 3.434913329734260223e+00
2.745985400399744591e+00 3.067827024406511782e+00
1.453626152742329536e+00 3.158873934738701372e+00
1.806126813163757339e+00 3.256261314690928277e+00
1.686067305566262275e+00 3.496106210066891151e+00
2.328671902905389945e+00 3.073714462135026082e+00
1.618242506308302797e+00 3.075386190705335032e+00
1.982343507284919815e+00 3.030879176716000156e+00
2.102898376639011691e+00 3.467972768982735321e+00
8.622538599704713258e-01 3.020751956448370024e+00
1.993097606408417377e+00 2.819140024674675615e+00
1.352587719318067538e+00 3.052473193405543572e+00
1.812993542062549590e+00 2.821952886407268934e+00
2.311880569948344455e+00 3.586798640387288017e+00
2.163525173455213668e+00 3.473897231135004926e+00
2.067287774001630662e+00 3.717751795402115977e+00
9.464797851246325999e-01 2.701334677633683956e+00
1.585292043761574066e+00 2.670841716101988172e+00
1.470941185184976296e+00 3.688832663520570154e+00
1.484454872435711392e+00 2.248820018136097332e+00
1.865101698920267115e+00 3.676149305025548486e+00
1.008984222080343551e+00 3.047605564522393617e+00
1.303048765461783276e+00 4.078342836083971079e+00
1.274054832872981269e+00 2.848334537360446284e+00
1.513925466848968782e+00 3.305984660157393673e+00
2.390689066297465359e+00 3.869366459703156291e+00
9.721643903151298005e-01 3.321365632868925832e+00
1.827367734611929251e+00 3.782273465101193111e+00
1.399627017503439763e+00 3.109463535492207331e+00
1.368066312256925432e+00 3.389723742325550404e+00
1.161950179658699511e+00 3.097105627471754996e+00
1.076734904592334896e+00 3.501817900126634076e+00
1.657468218774728053e+00 3.713554925792117434e+00
8.475592608567018571e-01 2.665270282461669638e+00
1.319674473358881883e+00 1.884011443936944197e+00
5.975160595050020840e-01 5.299721301947624141e-01
1.091628416600484375e+00 3.801242172168644018e+00
1.675807794869971667e+00 3.704271718665932855e+00
1.272805001911446077e+00 2.538418062319490520e+00
2.079456587236580667e+00 4.350171257971664929e+00
9.812504375859542050e-01 2.435874890596911868e+00
1.342308966085555166e+00 3.557344639857904500e+00
1.257603986680339903e+00 2.883324152616066893e+00
3.472368985260321228e+00 3.584270648231452139e+00
1.006233299982170148e+00 3.227903212536254784e+00
1.567567295368881286e+00 3.425614670798448724e+00
2.337746796148369111e+00 3.643891020926436575e+00
1.791713582263378512e+00 3.816277986450515858e+00
1.297214015930041153e+00 3.450121859804405222e+00
1.342436590848176570e+00 2.835061565665687233e+00
1.456235389699469307e+00 3.418724516204017849e+00
1.543528957244824307e+00 3.864483046696392421e+00
3.307273621923331408e+00 3.587394198574425985e+00
1.168214521980513121e+00 3.563157992186269940e+00
6.528461779010781285e-01 2.287497643816066351e+00
1.074747089266563815e+00 2.619853133412416657e+00
1.949888642581270926e+00 3.511323920754925165e+00
2.903914234250505544e+00 4.024277645664206204e+00
1.128412677512689921e+00 2.830538313280002605e+00
7.565320638120924812e-01 2.359607962382176183e+00
1.699991979857961688e+00 3.217028063532814119e+00
2.369286840477955458e+00 1.635716482867532351e+00
1.624090624086797829e+00 3.154290681552059272e+00
9.898250371455765695e-01 2.910598072225322408e+00
1.334914404396239984e+00 3.319616633134443884e+00
1.360724988773750033e+00 3.173927804262241636e+00
2.319255565659653406e+00 4.186233325592933596e+00
2.365317676825128501e+00 2.735197318178930193e+00
1.382731285491425544e+00 2.893161677243444974e+00
1.252049061092785243e+00 2.601265264293986412e+00
1.389765326971899029e+00 3.561772272615636226e+00
1.609713551283631805e+00 3.417474011636728815e+00
1.253895295962708989e+00 3.014716687658971939e+00
1.853052049100575305e+00 2.880765500076198915e+00
1.505120039699795909e+00 3.195606697021253328e+00
1.052644343950824180e+00 2.264467909308145455e+00
2.031747226335385292e+00 4.115878482643692493e+00
2.432999333434388234e+00 3.591751859531620905e+00
1.444730510531159196e+00 3.038867925470305487e+00
1.371433931362681546e+00 2.918798094871502879e+00
1.045587050949099428e+00 2.966712915882821378e+00
2.078317123853231418e+00 3.778344155119932601e+00
2.248939949190609688e+00 3.320441789575049096e+00
2.024669001879905395e+00 3.163709251572347725e+00
9.693517555226931481e-01 2.826880959986397102e+00
3.865123707231126637e+00 3.020683426496534985e+00
1.251638438725269253e+00 3.138241256636945309e+00
1.633256072405397941e+00 3.317365953805424539e+00
1.487527965701209709e+00 3.546338424860401961e+00
1.552399951035078551e+00 2.880153517511577999e+00
2.101395302105764973e+00 3.151300171024729480e+00
1.921798943554529071e+00 3.596873407910323728e+00
1.790717452690777867e+00 3.489563252183947029e+00
2.032932922460881198e+00 3.862026457201179763e+00
1.669034242004720836e+00 3.513084195955106459e+00
1.331337024201135977e+00 3.470198682465579942e+00
2.098013718970778818e+00 3.677447898449468067e+00
1.249870862845258834e+00 3.396118326464847126e+00
1.933114006988459810e+00 2.952836940937802357e+00
1.219657456880709478e+00 3.415586114525544392e+00
1.015250614872879265e+00 2.581970445209188281e+00
2.468352460495252476e+00 3.597921552472745699e+00
8.838184208216954829e-01 2.953370905178144490e+00
1.609134427129484513e+00 4.188943494293957848e+00
2.839573547150780364e+00 3.192363746393647173e+00
7.227438445344580575e-01 2.917851610532807172e+00
1.385925947585780138e+00 2.758841201339513827e+00
9.166250367009490807e-01 2.468908928565239691e+00
2.439445384559753904e+00 3.544833011926983080e+00
1.060858362844160130e+00 3.578668032378510944e+00
1.703414551769447227e+00 3.657277392182713527e+00
1.364096301581363857e+00 2.924437696810879839e+00
8.920490431833071332e-01 3.097821452986248225e+00
1.291802652382303851e+00 2.882280438860009397e+00
1.507691143652881927e+00 2.016812761359946471e+00
2.011625598406341364e+00 3.821609299773584656e+00
1.546249261399350816e+00 3.394619941856837464e+00
2.470424813274778142e+00 3.706569784662634870e+00
2.190889906857259817e+00 3.969064966258556648e+00
4.218793277410133769e+00 4.109630642352094299e+00
1.723961564144187886e+00 3.656248465163133066e+00
2.052643638620859523e+00 3.365890514136905765e+00
1.075500096031987152e+00 3.450136910281270453e+00
1.680901136584647793e+00 3.576422169404488649e+00
1.819542542783732841e+00 3.455307357925822220e+00
2.425358215858560929e+00 3.841394977041069581e+00
1.729892464713348676e+00 3.710836324100567740e+00
1.663212066098093134e+00 3.390297304027357406e+00
1.453626152742329536e+00 3.158873934738701372e+00
1.524966365047396799e+00 3.467770894306935414e+00
2.454300131810030816e+00 3.910531263374608546e+00
1.759008543796417579e+00 3.747417082640760455e+00
9.607660694543872504e-01 2.983746136538270921e+00
9.323872906459849119e-01 2.532872262491832949e+00
1.881336303549061562e+00 2.851297167152304191e+00
1.351488980251533079e+00 3.338824711468328932e+00
1.782726567242550075e+00 3.424300092032270371e+00
1.255045391225631191e+00 3.128800648100469317e+00
1.122587847927632110e+00 3.478091366519132421e+00
1.149442343847750791e+00 3.061051991256846794e+00
1.427945594170680454e+00 2.487241465868316848e+00
1.787850278518149150e+00 3.558168986997106931e+00
1.677274986799880852e+00 3.851244332147226945e+00
1.390226317656777288e+00 3.602495727234848566e+00
2.825218912422815976e+00 3.715372830259199510e+00
1.479463426905414325e+00 2.902494372044622128e+00
1.438411221876499058e+00 2.901813311096690828e+00
1.681460363623656917e+00 3.369860279099115008e+00
1.374481290079424767e+00 3.394456508321305854e+00
3.009326786503067730e+00 3.224043803497607108e+00
1.725731854279883182e+00 3.758627934962079031e+00
1.762681911133038071e+00 3.352563557124050408e+00
1.330462920163979712e+00 2.909648893009586956e+00
1.610643670650950598e+00 3.125226353863309825e+00
1.568098452299713230e+00 3.308848203838402835e+00
1.513074162110314314e+00 3.782300683210015446e+00
1.343019729203461132e+00 2.175158849064143585e+00
1.770948548022913904e+00 3.781120701289882646e+00
1.151150329931122540e+00 3.678474825950620808e+00
1.917437421585876711e+00 3.074944579561227354e+00
1.828759014838802210e+00 3.868365227763366221e+00
1.501185780035606543e+00 3.284316674326833496e+00
2.040030182932327296e+00 3.434735405073531034e+00
1.392506060989524119e+00 2.967036209186348916e+00
8.864791737877503186e-01 1.563512290808334759e+00
7.494375449409607093e-01 2.817879227736256098e+00
2.076687335929533695e+00 3.719762502950149763e+00
1.627751455655379598e+00 2.394299564670137936e+00
2.503764258483948346e+00 3.496808374018618437e+00
1.684302907574194208e+00 3.499708847186954852e+00
1.919485183661272742e+00 3.534537152669611437e+00
1.399026632136844306e+00 2.290779556187744426e+00
2.032417115051614598e+00 3.868910960242051722e+00
1.193961650817044085e+00 3.488435142098458730e+00
2.339733011222172365e+00 3.756712544877840898e+00
2.207628397848622637e+00 3.840205609795788178e+00
1.423513553993939196e+00 3.545532972783486780e+00
1.672816390853617996e+00 3.847653262075584557e+00
2.280538734912012977e+00 3.350097259898858315e+00
1.167149698942524516e+00 2.572086038288367238e+00
1.000542866797229813e+00 2.781524305539860631e+00
1.404057453351960971e+00 3.368364474780927598e+00
1.269769528499035793e+00 3.429092361092427765e+00
7.625321091906408499e-01 2.633733830839885215e+00
1.442378805786526552e+00 2.669881420414099704e+00
2.547535576026215498e+00 3.304550206684186531e+00
2.335696213455151771e+00 3.939321012019941559e+00
1.133217111181046732e+00 3.237486346217675059e+00
1.224369833589477929e+00 3.230223114925517169e+00
1.684839234637144800e+00 3.442114205598826970e+00
1.927527602956101260e+00 3.423527799116385495e+00
1.547710351916573579e+00 2.709574204787242646e+00
2.307085267183876631e+00 3.271807909584558249e+00
2.177156819591124393e+00 3.864658622672848765e+00
2.775735865124365098e+00 3.386113783680894329e+00
3.347984261933426797e+00 3.225555961954403195e+00
1.527220306632526947e+00 3.906763266140558688e+00
8.006184173775587887e-01 2.656892005272928792e+00
1.235960487827741039e+00 2.321428546030277484e+00
2.279964006585086356e+00 3.677429618072156625e+00
1.880390399596509443e+00 3.316047834472976685e+00
1.490945160957302784e+00 3.389973838178752974e+00
1.967416776728165173e+00 3.408555719578582277e+00
1.335891937367780447e+00 3.267227304650172748e+00
2.957714774543737324e+00 3.109838550398734913e+00
7.325733987872241615e-01 2.300610992729823057e+00
2.698338022592249086e+00 3.419580071652925657e+00
2.763072773915630886e+00 3.920477735944883690e+00
1.877577074020214454e+00 3.531677262210656032e+00
1.505557241444805960e+00 3.300935137117433360e+00
1.311566553241579447e+00 3.123114190550786873e+00
1.285780017272539544e+00 3.121457675863912318e+00
9.158363576075017054e-01 2.738149311533868424e+00
2.572156878773968813e+00 3.547945683994772281e+00
3.098781521362683478e+00 3.852525062727778504e+00
1.973865030157351041e+00 3.603134299136390162e+00
1.728429954208818842e+00 3.240312241756456491e+00
1.877566666507782811e+00 3.348629205678510523e+00
1.250228614207556044e+00 3.624376253836209205e+00
1.384224417108031568e+00 3.544932578638780196e+00
1.101644098583108189e+00 2.369298390339833027e+00
2.969012854771132304e+00 3.677747297460274734e+00
1.345746668526945466e+00 2.875390797827092726e+00
1.147553712943842674e+00 3.243537667703961347e+00
1.248878680261813257e+00 3.211310596259596473e+00
2.640296988034530834e+00 3.884742085068888073e+00
2.567354468399686951e+00 3.000433730534531662e+00
1.147635768609342577e+00 2.363053060939695804e+00
1.738002590305929074e+00 3.175462408002455383e+00
2.689615044361468144e+00 3.670889407311948016e+00
7.147162213844980849e-01 2.268610315519748344e+00
1.784604957176332940e+00 2.843491554668303944e+00
1.482779056917207461e+00 3.204171015048267179e+00
1.350786034662714963e+00 3.398693097951413833e+00
1.408166566312413437e+00 2.820777151604181299e+00
1.439077105130527556e+00 3.684181154337287989e+00
1.145851081100953683e+00 2.828972846199819813e+00
1.746333566649325819e+00 3.772333441934076159e+00
1.205713117946266344e+00 3.691928013572371992e+00
1.276509256076350241e+00 3.544605986530011688e+00
1.970915171110622532e+00 3.484995977878496465e+00
1.840949769779099965e+00 3.269630807911000137e+00
1.395998474102591924e+00 3.197002897577744474e+00
1.250690209225291394e+00 2.527378070703707014e+00
1.184352525388044475e+00 2.715070690455307023e+00
8.994558181544074493e-01 2.997794392475343628e+00
1.908142001760736672e+00 3.097984658227055377e+00
1.647305830786861769e+00 3.343710133960160924e+00
1.472284499368983646e+00 3.122010921435676156e+00
1.358457647469525353e+00 3.434704798115447932e+00
2.346132478527740428e+00 3.737823175060400516e+00
1.115267629372308056e+00 2.779272570772260309e+00
1.446919910904179041e+00 3.337112152684456934e+00
2.216678656832936856e+00 3.883779293743723660e+00
9.143826472139341410e-01 3.895462186967064255e+00
2.126663279860320444e+00 2.881994224970224838e+00
1.252171780395227474e+00 2.843148813674543973e+00
1.154560257284137581e+00 2.717915410792836717e+00
1.546442476443889769e+00 3.717232998441121428e+00
1.392735984503400859e+00 2.916512005029364474e+00
1.407426468695037292e+00 2.946325467536706544e+00
2.294603840297158914e+00 3.072677762977239269e+00
9.796701240718146408e-01 2.604666109362061555e+00
2.042441089004485288e+00 3.344107236453885967e+00
2.923849311301167209e+00 3.896434580864579722e+00
2.161639599854035865e+00 3.856567494562355147e+00
2.181532904218043356e+00 2.932720147783036246e+00
6.877322890366232011e-01 1.892453011083049308e+00
2.484269817490189602e+00 3.907486482845012432e+00
1.847732508050957678e+00 3.896951708625256749e+00
1.663865663199533440e+00 3.681576046902955479e+00
1.460383086673874287e+00 2.206462867605333944e+00
1.526337962512259727e+00 3.546975173567378459e+00
1.675096767974816325e+00 3.752214880300891231e+00
1.440160560354482477e+00 3.450291610051334779e+00
1.616270237274134214e+00 2.737255993296613621e+00
1.695910104206225899e+00 3.138435682055396914e+00
2.343051972794572002e+00 3.804746012709299574e+00
2.634655920305718269e+00 4.089887711730089137e+00
1.488187330965724309e+00 3.552654476995064758e+00
2.186804740145927184e+00 3.186511022462184428e+00
1.469246525335326847e+00 2.508732753676570670e+00
1.551450217784036800e+00 2.827016863426529802e+00
1.451558430019470602e+00 3.423775800291137372e+00
2.315763150217434507e+00 3.012567877000895233e+00
1.649000441313640986e+00 3.091905975459006584e+00
1.322590785249109224e+00 3.651052139613736092e+00
1.621019535104130327e+00 3.460877554138137580e+00
1.504231559630966775e+00 3.560092078733194665e+00
1.073442911870903682e+00 2.835236712395881931e+00
1.235336896537059248e+00 2.531665410639547975e+00
1.802857815251467155e+00 3.216900740628503286e+00
1.667277455614329718e+00 3.471074352422469644e+00
2.465614367692796627e+00 3.678146944928410100e+00
2.103323834417803795e+00 3.502977549165020132e+00
1.812422069877994701e+00 3.660307899332069681e+00
1.701350015031086960e+00 2.628174955125717194e+00
6.971059929199725502e-01 1.558562043877017356e+00
2.757881471509892268e+00 3.584113601442824315e+00
1.749862842484507963e+00 4.248416526653530312e+00
1.144912310725534121e+00 2.671158643867566518e+00
1.434460466890637997e+00 3.337955107787895059e+00
2.300920742939556618e+00 3.501159731238041140e+00
9.866002673032565617e-01 3.317371963304426075e+00
1.219109221208812599e+00 3.439346413441039640e+00
1.706836141345724034e+00 3.217651225924686997e+00
2.332791050127197785e+00 3.735985139540000333e+00
1.149885774485314371e+00 2.548535419641469346e+00
1.653723229328966093e+00 2.912480898270723539e+00
2.427110418432842920e+00 3.649647555706850177e+00
4.950646454072107905e-01 1.625334102136897219e+00
1.913568173545306728e+00 3.125707988292409478e+00
9.238758555730914868e-01 3.583465560217056201e+00
1.492972683000691081e+00 3.564483785720171216e+00
2.043490708354946506e+00 3.822387377591887958e+00
1.815187242861181272e+00 3.538858892715720295e+00
2.951765189460841210e+00 3.170899069933184933e+00
1.970434438109500697e+00 3.726582519696873597e+00
9.225797691229228326e-01 3.332044206882654791e+00
1.729508350348836654e+00 3.468120335543148247e+00
2.133482932324784365e+00 3.681969509259893414e+00
1.625746077066196449e+00 2.350741245471605900e+00
1.870265573383616209e+00 3.077829749585491825e+00
1.242215265224374310e+00 3.701889264200252327e+00
2.278334732858476652e+00 3.603558651035397187e+00
1.338720533657514533e+00 3.456309879604964053e+00
1.624222997645222044e+00 3.306707622646495981e+00
8.870301980969228506e-01 3.282844983014864049e+00
1.907980388351242951e+00 3.506891823494874050e+00
1.297214015930041153e+00 3.450121859804405222e+00
9.788745389556883225e-01 2.826771760296291180e+00
1.867238486034960232e+00 3.312267032458430016e+00
1.211583356427649028e+00 3.442119135364454241e+00
1.337006346458321948e+00 3.270306242837279775e+00
1.135551981055601622e+00 2.920786730902461770e+00
1.943092953802041833e+00 3.746834803908123401e+00
1.009763970591503135e+00 3.417081828427245949e+00
9.211711424978969998e-01 2.710373541850230161e+00
1.582084368376894812e+00 3.908845140562647202e+00
1.662014730146564645e+00 2.965401018768713648e+00
2.589364793408146515e+00 3.608110699684107470e+00
1.281439335403535162e+00 3.796206538382310036e+00
1.329654914308211033e+00 3.127853361965941659e+00
8.738635564202187345e-01 2.372211901417632163e+00
1.405203826779235721e+00 2.916793967204613036e+00
2.781682077893769645e+00 3.042888519427681793e+00
1.075662785601429139e+00 2.906314460177379377e+00
9.157495810857023688e-01 2.852386765445112715e+00
2.632951424691173603e+00 3.428024705713681453e+00
1.523152274702582520e+00 3.438527680279506615e+00
1.594863663382879215e+00 3.861590219486624953e+00
1.534705239893939144e+00 3.665993353454183090e+00
1.366242710906240276e+00 3.333082576507917949e+00
1.763435025463574890e+00 3.356163994279866891e+00
1.770854005154685495e+00 3.551721041851951366e+00
2.340293011526875411e+00 3.562423334968369382e+00
2.660987521581883009e+00 3.843113142643318714e+00
1.429985818623278782e+00 3.120403356718291832e+00
1.710774846182676168e+00 3.746963852580083021e+00
2.085064564246151164e+00 3.543291549141625918e+00
1.526090918767641247e+00 2.735827706565856499e+00
2.298888138960958560e+00 3.820005294867142354e+00
1.345067541449035398e+00 3.902395095621779220e+00
1.599869511472561179e+00 3.846076113925109397e+00
1.132757496709266176e+00 3.394398512637974097e+00
2.784669956664937107e+00 4.250047895184618341e+00
9.093458752770505749e-01 2.508951250443850700e+00
1.406887018594989325e+00 2.561551031268598955e+00
