# Hierarchical MCMC downsampled to get 500 samples: alpha, mu
4.128290771709515639e+00 3.305729591610591545e+00
5.055136888018176400e+00 3.422392223587967131e+00
3.654161382826495164e+00 3.315697435906274748e+00
5.824916407538267116e+00 3.320939575553826462e+00
2.881277362741935466e+00 3.349547765033650037e+00
5.878323628813585167e+00 3.463124756581535291e+00
4.319366237117606033e+00 3.350089276421601703e+00
3.512212092891378035e+00 3.325990544334437971e+00
2.972936611260213802e+00 3.361624178044580802e+00
4.714684391849916167e+00 3.389060984200494620e+00
5.200844608450561957e+00 3.413560602618130435e+00
4.658896513486873836e+00 3.320262857904487497e+00
6.297641875123433763e+00 3.341627117564422100e+00
4.106709337425696660e+00 3.385869280168849915e+00
2.120351250897961837e+00 3.385627752239625199e+00
3.612805248291945048e+00 3.339237726731543621e+00
3.807367865915576299e+00 3.376756289358933572e+00
3.461185990411771218e+00 3.349518885993280293e+00
2.395765125874473433e+00 3.314494368746835562e+00
5.343524012763369413e+00 3.404282752127802070e+00
3.021676233092678299e+00 3.391060315199623254e+00
3.748558901002060573e+00 3.467618692767864275e+00
2.857185660297920204e+00 3.378861601046544649e+00
5.009456506766030159e+00 3.368474561321072258e+00
4.157233444229734509e+00 3.372409983474512707e+00
3.686384885934115285e+00 3.338853129026835731e+00
5.236756482190300765e+00 3.423008754131081410e+00
3.985960305626826461e+00 3.365499270356842931e+00
4.187407668279109707e+00 3.273821420187735587e+00
3.195824133068012163e+00 3.356024255848990556e+00
6.229257150489877048e+00 3.383849903850373764e+00
4.304492507427555736e+00 3.375037611594459364e+00
2.935220021433681215e+00 3.410822594191908141e+00
3.987722120602777309e+00 3.357730585735967388e+00
4.849494158012265466e+00 3.317779153651732038e+00
4.662812625892949647e+00 3.348183755829366337e+00
5.884707164740075491e+00 3.332740471521788095e+00
2.668069314428110239e+00 3.364742442076596340e+00
5.367816220664558990e+00 3.349663739820935238e+00
3.902501488497957638e+00 3.325884284191101159e+00
3.141523549235944124e+00 3.324346243035753101e+00
2.864127050256390916e+00 3.343355730171204687e+00
6.493722996686010163e+00 3.342585122150112387e+00
4.788500397408630427e+00 3.360436294542613833e+00
4.833207334783764075e+00 3.315667698492864357e+00
5.593772194126814590e+00 3.401156881620171379e+00
4.808256910978727205e+00 3.344808426368281129e+00
5.941743834826736403e+00 3.370964850315973038e+00
5.680346571711914372e+00 3.405596160929281080e+00
4.765424638341356989e+00 3.329113799186633749e+00
2.978128470658440552e+00 3.275376390258231130e+00
4.469273565450956553e+00 3.366028491159356317e+00
3.982265930395626263e+00 3.350646678329393779e+00
4.814297810209420270e+00 3.306162327318507010e+00
4.706515112204649576e+00 3.371491347836952812e+00
3.607620466085645017e+00 3.368173442844033083e+00
3.840850123501889257e+00 3.327606788061849841e+00
5.788600141021859713e+00 3.311152000083817271e+00
2.781351998990364116e+00 3.221407302851717169e+00
5.694321921222209149e+00 3.308335658935324108e+00
4.126879358630424655e+00 3.325913531341378349e+00
2.266104610500113026e+00 3.392077768001795945e+00
3.689519519553233984e+00 3.375563986890839807e+00
4.228354427964601925e+00 3.360440070891133502e+00
3.055127851205295286e+00 3.331539757823925640e+00
6.324124065695773567e+00 3.315176619978471351e+00
4.151379201847675837e+00 3.338086296712727830e+00
3.523255848037236238e+00 3.348573141913901985e+00
2.869532686770202456e+00 3.303764230471521124e+00
4.688937435934391829e+00 3.284470481535770592e+00
3.511324677203512046e+00 3.371940165819145907e+00
5.791391255617242884e+00 3.344631591327820175e+00
5.424168787101180556e+00 3.332366656189229115e+00
4.479242166361041555e+00 3.380014786236608781e+00
4.460819225191881898e+00 3.270848848946813714e+00
4.082496304203210968e+00 3.337523463916897803e+00
3.252145777995795850e+00 3.381911101031333189e+00
1.762933645064429067e+00 3.355456903936360646e+00
5.727493954145691291e+00 3.358888545885583277e+00
4.152727008533092068e+00 3.325903724081111346e+00
5.415640310950352365e+00 3.323466652369655439e+00
2.771141995986521334e+00 3.400326114495201058e+00
5.105995535320952072e+00 3.358745429113098702e+00
7.297893962633142273e+00 3.236519884394366109e+00
2.709457564815291430e+00 3.288540818728091786e+00
3.237447187224615774e+00 3.425227396732677398e+00
2.395417302511932967e+00 3.389396015400488071e+00
4.450693777531538053e+00 3.325937211714153907e+00
6.532760461473070102e+00 3.384995074334546938e+00
4.113078601669331036e+00 3.343909335827248253e+00
3.577484414736885832e+00 3.356866498846251989e+00
4.832225406854697702e+00 3.344921194877371828e+00
5.940752001259749449e+00 3.296626568737538232e+00
4.006695149348145080e+00 3.399944311162316879e+00
4.871148127110959791e+00 3.373186913159541778e+00
4.564310709431784296e+00 3.314494880932196796e+00
2.691904151021187186e+00 3.276991843414124528e+00
4.507619095036717205e+00 3.315427843560410093e+00
3.268798530749652986e+00 3.408765690770342527e+00
3.981140312478876453e+00 3.431355801635060043e+00
3.654015055733752515e+00 3.319196049518945646e+00
4.830628895566796643e+00 3.376727840249121648e+00
4.470036095110581975e+00 3.278564869241429314e+00
3.434769073047838628e+00 3.368828892471056324e+00
2.349013153816788879e+00 3.324204034916218742e+00
5.726256169621394498e+00 3.362270758569517515e+00
3.030198921294332770e+00 3.374049159748069293e+00
4.696478828436979391e+00 3.330681555092768420e+00
4.942020166408077841e+00 3.193788377264900724e+00
4.426357620933069725e+00 3.270759813571397778e+00
2.504215775785232800e+00 3.340719548968155816e+00
4.754729203802652293e+00 3.337384085185111982e+00
4.235588135476864302e+00 3.342291891990281982e+00
2.667263592987109355e+00 3.331269066233679244e+00
4.996359280306056583e+00 3.346402251714387432e+00
5.711337886590682977e+00 3.349795776833171868e+00
4.586651760487468366e+00 3.334297490148113052e+00
4.244880978645532821e+00 3.137513250328938685e+00
4.798273662911108239e+00 3.348870194609283146e+00
3.570323140193005784e+00 3.363771735648740879e+00
4.313227893836320881e+00 3.420078328198350004e+00
5.857293255343027027e+00 3.401557292877331662e+00
6.299657285791513850e+00 3.382691545571010483e+00
4.144501465071916080e+00 3.377749411497923404e+00
2.922667391530798575e+00 3.345918758007619065e+00
2.773582285784305324e+00 3.301301602354109743e+00
3.845241616073822311e+00 3.350451297207842849e+00
5.283339236779218240e+00 3.344087034027045213e+00
5.126651283902996958e+00 3.353452728877194478e+00
5.586769811860157198e+00 3.346655112836287138e+00
3.990664809013307668e+00 3.377115901758635186e+00
3.398874903531354352e+00 3.401280756168661323e+00
4.020181918948305899e+00 3.355651659805833908e+00
2.904757075956378998e+00 3.337465365689717522e+00
4.596501880542410490e+00 3.359121944710539598e+00
3.329267547426572715e+00 3.420235092240403674e+00
3.791521356737724613e+00 3.372709022506897636e+00
4.060422372335731112e+00 3.342301395085635729e+00
5.155892787419017687e+00 3.419885855344892533e+00
3.660272268240313043e+00 3.293704694667527022e+00
5.044337495565423879e+00 3.333342601675232331e+00
3.045243031943036804e+00 3.350324365450963793e+00
6.439083346974162403e+00 3.365738046554095142e+00
3.676506271983224217e+00 3.259940476399717735e+00
3.809544079091812030e+00 3.361208553960030709e+00
2.049595206180652163e+00 3.383164681208508995e+00
3.087539738381399168e+00 3.366597695358422904e+00
6.912511710603990167e+00 3.333077250962604765e+00
4.649901136782047750e+00 3.366951149217027872e+00
4.462381122601037475e+00 3.371741476933656667e+00
4.754729203802652293e+00 3.337384085185111982e+00
4.738448295934400534e+00 3.479287239881871052e+00
3.339562205396351402e+00 3.379071302229176510e+00
6.346348251155915499e+00 3.336327079602526613e+00
2.341567070768713954e+00 3.509744424811932717e+00
5.042291054975913234e+00 3.342627131579415156e+00
4.729753650142371590e+00 3.307421592421877943e+00
4.576980176824697821e+00 3.348104039908936791e+00
4.538537664262871196e+00 3.386324404626161133e+00
3.708939925493714540e+00 3.326288102726219442e+00
3.464607999521088111e+00 3.365406554933625394e+00
4.277192789772368720e+00 3.349239218941286733e+00
3.741689036014046454e+00 3.369064861089710039e+00
1.656285980994890883e+00 3.423952743016556610e+00
3.123188067758852604e+00 3.342585709480452749e+00
2.653046551253960494e+00 3.348770427167896191e+00
2.361195811748387996e+00 3.433876970507898196e+00
7.204150277809123537e+00 3.459984326861980986e+00
6.888762346988118956e+00 3.352760971596386419e+00
3.544224830088930744e+00 3.379438076905532107e+00
5.688408877853134982e+00 3.383537493612605029e+00
3.712799150909637191e+00 3.334007438555443681e+00
4.166946762735678433e+00 3.323314761114930516e+00
3.122407600599338640e+00 3.371884241342951061e+00
3.887963802223767473e+00 3.533325875200540978e+00
3.105778193407125798e+00 3.345756504809573428e+00
5.412864550940247987e+00 3.278495367287479922e+00
2.017695299536523823e+00 3.419262418705619755e+00
4.963920389652784593e+00 3.335716069662287619e+00
3.791540800381940635e+00 3.349531894227184559e+00
3.023960378279025640e+00 3.342300823094371598e+00
4.632767843449763667e+00 3.338230598057623233e+00
4.250415085254111602e+00 3.387044686409289795e+00
3.910998861398367499e+00 3.361247862744993764e+00
3.799093718304372036e+00 3.375358839352212481e+00
4.067093843755085203e+00 3.432116660865181412e+00
2.321401534184006632e+00 3.313564254082449256e+00
4.642178094174360226e+00 3.394861633004645274e+00
6.089963950951615246e+00 3.373755201666929437e+00
3.429978385312304034e+00 3.371981409052193346e+00
2.034747688948272959e+00 3.297488362098656811e+00
2.496638007612244525e+00 3.328312453658511139e+00
3.240969315012206753e+00 3.390027670133374915e+00
2.644524937891292282e+00 3.359830422453986110e+00
4.732156521420639805e+00 3.374672700509282031e+00
4.252008948046463566e+00 3.351931097406173787e+00
4.043088296564690154e+00 3.370639312445141922e+00
5.813941648227485715e+00 3.369589441928163787e+00
5.938902425979853739e+00 3.294375117147176457e+00
4.135802975362346423e+00 3.379857604918137248e+00
3.058868811582609482e+00 3.336648939156131366e+00
4.017109217218618689e+00 3.360620523996003861e+00
5.031294152419759413e+00 3.334913872512585087e+00
2.231059092487612361e+00 3.401171831888296193e+00
3.634021088181666581e+00 3.372648040507200573e+00
2.740534863897321038e+00 3.359612880233443288e+00
5.711070534772458629e+00 3.349166213911232148e+00
2.550353767538817706e+00 3.417911443233705437e+00
3.853735993814939143e+00 3.399084486895803447e+00
6.248831927980861956e+00 3.373035058920743623e+00
2.924164566086824291e+00 3.354796076050953868e+00
5.790216754101199292e+00 3.306560061235621184e+00
2.871111733955701517e+00 3.383044305629938631e+00
4.087571717497230139e+00 3.348192118809090623e+00
4.146107965878488066e+00 3.354106971612430765e+00
6.469157966095515633e+00 3.329157830601383594e+00
5.363264829494011288e+00 3.317640694549857105e+00
3.356395545725280094e+00 3.319990955282057676e+00
6.727922284618097493e+00 3.427075287329906850e+00
4.146107965878488066e+00 3.354106971612430765e+00
3.044489236704661206e+00 3.415099466776492232e+00
5.586370085432006860e+00 3.345152808262104482e+00
3.774369203443268539e+00 3.364785705942162863e+00
5.021627818374034824e+00 3.526076183328124003e+00
4.235203478894802309e+00 3.335639326847653408e+00
6.787759164922346322e+00 2.916732162420306196e+00
3.380064098824788754e+00 3.343597201309829181e+00
4.226403572389341612e+00 3.382082115068859363e+00
4.631667593846098718e+00 3.357199125158364605e+00
3.097335401916428754e+00 3.438268671851905545e+00
3.993099844176574376e+00 3.361866789555125301e+00
4.015381094443432275e+00 3.394254045906075046e+00
5.049277081542965284e+00 3.452891447172452111e+00
2.826290505434884359e+00 3.385873004258857843e+00
5.029611849419990399e+00 3.411019337160568821e+00
8.003623026799978390e+00 3.400445093343293923e+00
3.557192999500935482e+00 3.350446068489154605e+00
6.484171191974951398e+00 3.296330905022208047e+00
4.580486255071153145e+00 3.412705208210352392e+00
4.345606863419094523e+00 3.387318032874803375e+00
4.157818371426481363e+00 3.365259140655080916e+00
4.874580508894826636e+00 3.351273579108328349e+00
2.849417700421138289e+00 3.340291717496698176e+00
4.437016436172923406e+00 3.394455038445443051e+00
3.458853705394905553e+00 3.332871994500190116e+00
1.925724909694298326e+00 3.322321036803054017e+00
5.241418612463165871e+00 3.464815194272990340e+00
6.447707985492792560e+00 3.332965426252518792e+00
5.422495102907627818e+00 3.337712312798250203e+00
5.014998284032526676e+00 3.334963204233265088e+00
4.527825105774859971e+00 3.395221582719867737e+00
4.441426770712463501e+00 3.419247828413845447e+00
5.067609799815252281e+00 3.388796694269121001e+00
4.018420375556544855e+00 3.428320102974175665e+00
2.520848303523590239e+00 3.327472297422823022e+00
3.963305756524506229e+00 3.501428996413264993e+00
5.226814399216658913e+00 3.350360423882463135e+00
4.405114369366319060e+00 3.294916877921942433e+00
3.332139219841668609e+00 3.342431734332930393e+00
3.048595109676851767e+00 3.238076789901225716e+00
2.611529005561071148e+00 3.331120403822330545e+00
3.938352256867533985e+00 3.368172141668565711e+00
4.307591231419025668e+00 3.370558048992687628e+00
3.013709154604711227e+00 3.381529360951058827e+00
3.153908552294745871e+00 3.384015060613990489e+00
6.776383687678048773e+00 3.350897194964322701e+00
7.497473211353765876e+00 3.345002945499801150e+00
3.666742372819876028e+00 3.368835164991657027e+00
4.558594286213791591e+00 3.353199372952647472e+00
3.807987330250872215e+00 3.313179026318295861e+00
3.611307271757922432e+00 3.391225639200877939e+00
3.858625130318528829e+00 3.481627421384852816e+00
6.517470293546296034e+00 3.405175785980463665e+00
5.335767747042567066e+00 3.319749439935907986e+00
5.485996613578547176e+00 3.342493203156663206e+00
5.216253860043578605e+00 3.653452744301548094e+00
5.755502879230363966e+00 3.362513700854692367e+00
6.391095904976747732e+00 3.406132129508657069e+00
6.083780762929328567e+00 3.355188908357670918e+00
3.636467317075295913e+00 3.347064427503954942e+00
6.780479407627111321e+00 3.355929098879159245e+00
3.575101009294580745e+00 3.389104406285535998e+00
3.812331344328240501e+00 3.285585194756400540e+00
3.882935977325716159e+00 3.304383093560214757e+00
2.526682108652225978e+00 3.314263664790488839e+00
6.216879359720268283e+00 3.333281871138727759e+00
4.801109718394085846e+00 3.313063190512400169e+00
5.685887099525435140e+00 3.214793057633120732e+00
2.457790253276286752e+00 3.405529566844953226e+00
4.398722655443876306e+00 3.312164437082969481e+00
5.074812592905089126e+00 3.389357545417449380e+00
4.116339558289524803e+00 3.344268398266985631e+00
3.977304148899788672e+00 3.352395030189578851e+00
5.524000858020536420e+00 3.357516534331535407e+00
4.666951117513975511e+00 3.346519007551788327e+00
3.580734413171691610e+00 3.364734816135373840e+00
4.330726205276599572e+00 3.422694660993158333e+00
5.687910610279116597e+00 3.333240798527331794e+00
3.427546214797262625e+00 3.373870094019023380e+00
3.849779507758514630e+00 3.392260269703689435e+00
5.282275766553718555e+00 3.341928157623228479e+00
3.372034919426317057e+00 3.344845244512065108e+00
6.153467836873067753e+00 3.329810013113964295e+00
4.768799453002005251e+00 3.419045959782139210e+00
3.609910433794471185e+00 3.324870266948133146e+00
2.991630076465903176e+00 3.361989680707023087e+00
2.937452461438292417e+00 3.309577343012627182e+00
5.439392517552026796e+00 3.372136219957013736e+00
4.311822275872198240e+00 3.429636660248902569e+00
3.943026691865219480e+00 3.298895942007121995e+00
4.662664066381697836e+00 3.497469176712886707e+00
5.971778081263758864e+00 3.300909384863951690e+00
4.449847716717716395e+00 3.330815757626803819e+00
5.402374680134657936e+00 3.356827943393592584e+00
6.071898001482117557e+00 3.324012847889469935e+00
6.016791002533451227e+00 3.357625192034382255e+00
5.325307721205582823e+00 3.325571544499600130e+00
4.406429068240178104e+00 3.281023522932618341e+00
4.759870108560280144e+00 3.312659108237298256e+00
4.371475861670644392e+00 3.368773654855467203e+00
5.653271679413415463e+00 3.366932070176818836e+00
3.255896033628530528e+00 3.335917390050554765e+00
4.522150719275190411e+00 3.327921007383751739e+00
3.606761893709613087e+00 3.397284968712310782e+00
3.882023179542724023e+00 3.309509092540888986e+00
2.774106532151454640e+00 3.355329413122472459e+00
3.691684941026167177e+00 3.378158321222339389e+00
3.470341450715388021e+00 3.340849812119014217e+00
5.645060928686067570e+00 3.367647694533213887e+00
3.586036317894412129e+00 3.409664475992666421e+00
2.179905355074230222e+00 3.376926642891194152e+00
6.255167816719616525e+00 3.314189042655502959e+00
4.925849082766210252e+00 3.351909647171977813e+00
5.478314764166892559e+00 3.366391554442519141e+00
2.973804151497033921e+00 3.303951345706355180e+00
3.163151315367866090e+00 3.306776236834943816e+00
3.894476508056992525e+00 3.357653532069812208e+00
5.649931311933496403e+00 3.298184495178086539e+00
6.035681763232314978e+00 3.329394238718399013e+00
4.167911051079774332e+00 3.347392337134721174e+00
3.466618054689201145e+00 3.330870284362405176e+00
4.057790179565722966e+00 3.285261997483106100e+00
4.403755933263898470e+00 3.445747705081145362e+00
2.696517000279841536e+00 3.375540429747665438e+00
3.459199939586230954e+00 3.356795346641954669e+00
3.352548824242751913e+00 3.313516593210575234e+00
4.065194560272688662e+00 3.341545935053307215e+00
5.503963554390378654e+00 3.383005858796818810e+00
4.752488875126701373e+00 3.358639352398349764e+00
5.208022130456679832e+00 3.299618181104882808e+00
3.915183815522343735e+00 3.375346803916082106e+00
2.848109237925129822e+00 3.359983494927370806e+00
4.593074595426537954e+00 3.228871863644784401e+00
5.773941211863470535e+00 3.400787917499636492e+00
3.584945118188366919e+00 3.258561566613465299e+00
4.913669777581224807e+00 3.351217412636150250e+00
2.907179308344971069e+00 3.375166337209049683e+00
1.988803341892288135e+00 3.296857144462014944e+00
3.332462950356422482e+00 3.327587769342329249e+00
5.510856042860598158e+00 3.371396598547083290e+00
4.601277757934451706e+00 3.336813664891322695e+00
6.432635811896941114e+00 3.325835304840009332e+00
3.059608134874284513e+00 3.377632935002008008e+00
4.872397391670125977e+00 3.359233701656314963e+00
4.135005343033979486e+00 3.316060798224657269e+00
4.688718759800533320e+00 3.321912224460060070e+00
4.272253266173231090e+00 3.416019708017882461e+00
3.159332680340917854e+00 3.324106560533711008e+00
3.861657081145141834e+00 3.384036283499930686e+00
5.102873499909421184e+00 3.350386759541968296e+00
5.477949176991590896e+00 3.351058288424073606e+00
5.429507419089131481e+00 3.374343477499457844e+00
4.967934776986874468e+00 3.413388141382394547e+00
3.825367673723891748e+00 3.383771065079443030e+00
3.689519519553233984e+00 3.375563986890839807e+00
3.236522691428990406e+00 3.359938094617302085e+00
4.217770286955087045e+00 3.375067116628175157e+00
4.237846229579194990e+00 3.359979718733653531e+00
3.961609828618946505e+00 3.318896303398313208e+00
4.368854038918541960e+00 3.374112352967878703e+00
3.133576889205469840e+00 3.345270646080144239e+00
4.388261363559364803e+00 3.380619644744436769e+00
3.967080796629666395e+00 3.368381658823297986e+00
3.432063286213427933e+00 3.291710910289673997e+00
3.670957858505096372e+00 3.305355100010303193e+00
5.049835903350204269e+00 3.398371534617927292e+00
5.585116472045493552e+00 3.277164843735381083e+00
6.433408337374748598e+00 3.464863353337052310e+00
3.607931230003200263e+00 3.342019037414993843e+00
3.171889329841869110e+00 3.268365709609637015e+00
2.303685763367905537e+00 3.365488856562707465e+00
2.283416115720623640e+00 3.352556856610530378e+00
3.054645940260543480e+00 3.338883691569181078e+00
4.312563594622254470e+00 3.360286003746050465e+00
3.891216342872472644e+00 3.428417680194593142e+00
3.307849190581130916e+00 3.385770046155424762e+00
3.477077601254447536e+00 3.319897429329966787e+00
4.144222172293025253e+00 3.411586778658782571e+00
2.565894384385821958e+00 3.380342308090398706e+00
5.601937318987533665e+00 3.401728663270575215e+00
3.901052591932888891e+00 3.349923378618970826e+00
3.538440225525973037e+00 3.300737919655989838e+00
4.963713807572337267e+00 3.390439084672535852e+00
3.261214946043784035e+00 3.348621970409452864e+00
3.859029622194050990e+00 3.376024088177494775e+00
3.790747580402159755e+00 3.409560862525322200e+00
1.848575270784703406e+00 3.319328264514866955e+00
2.592223545311146182e+00 3.389588793417140700e+00
2.743739900368792561e+00 3.378556921427607662e+00
3.096966723214669592e+00 3.337077720564547434e+00
5.701244986283933613e+00 3.337937329513822160e+00
5.336473805877783860e+00 3.335113914163315485e+00
4.038536211324446512e+00 3.373415549477167374e+00
2.993493975806877039e+00 3.338104623050354380e+00
4.449640035494410562e+00 3.346124727795150022e+00
4.709565872723599611e+00 3.365403920755088762e+00
3.527316555862961334e+00 3.306593164182073608e+00
3.489186964676782132e+00 3.365908194582503565e+00
2.357557886775315303e+00 3.276739571337796697e+00
2.945452529194877211e+00 3.294080265186937417e+00
7.101005502336887432e+00 3.383517715214152233e+00
5.287165192687029780e+00 3.341640788774572712e+00
3.821299623927805644e+00 3.329476069880752398e+00
5.559642506856738997e+00 3.505638805232016431e+00
4.060523577803255790e+00 3.388592444068865284e+00
4.182730196338618534e+00 3.345119370342658716e+00
3.269809138310268537e+00 3.428426961365903303e+00
4.955831447755537411e+00 3.370269992998319530e+00
6.317545138738658750e+00 3.372223788012796764e+00
5.719998238782921796e+00 3.342189295681041283e+00
3.468027668188689017e+00 3.296827503224333711e+00
4.212563965118767406e+00 3.374007279266703296e+00
4.109736683682787550e+00 3.428330047523143076e+00
2.911378582747846000e+00 3.332706876354277536e+00
3.756389452015152397e+00 3.273140417866503338e+00
6.698605315878336519e+00 3.332833906184582862e+00
2.050586645107765005e+00 3.288611980258966838e+00
2.969672420501109134e+00 3.348419164394254022e+00
4.187994857601715637e+00 3.336115664028377559e+00
4.499079926957011644e+00 3.449674273852645801e+00
3.058754918756607211e+00 3.451772117920402394e+00
2.522562890145122250e+00 3.323879436735642567e+00
4.684180687242732510e+00 3.280107360453842436e+00
4.754729203802652293e+00 3.337384085185111982e+00
2.740253455049195264e+00 3.367708109433320995e+00
3.449351344437869393e+00 3.373552856544345779e+00
3.894572030643300486e+00 3.348377392459828794e+00
3.724242704980516461e+00 3.315064901991762625e+00
4.981922250732710999e+00 3.307096579083612209e+00
3.076898620414842966e+00 3.356100901037925688e+00
3.236868174863621661e+00 3.280542469880324497e+00
4.083930802761166490e+00 3.327215797891891036e+00
3.308642932218490262e+00 3.288720132980547994e+00
3.949128013466394194e+00 3.404130268244688562e+00
3.859993832562398808e+00 3.343147555844250274e+00
4.076147842910621044e+00 3.487560804343339704e+00
2.937256936563268361e+00 3.345450633201971780e+00
4.239452710487127796e+00 3.333568110637649795e+00
5.487271479078962955e+00 3.452689797956353335e+00
5.616151059727189754e+00 3.419591908108084333e+00
3.297917224607127995e+00 3.393191278875219652e+00
3.277452237902040988e+00 3.395862798387736969e+00
1.913264579292186962e+00 3.312396212139468776e+00
4.917438558400657911e+00 3.294000077743561850e+00
3.412043864142938254e+00 3.363400350245036030e+00
3.730651609976700200e+00 3.418889667085217354e+00
4.935737846643242221e+00 3.317804381857591967e+00
5.500242877336218861e+00 3.236618937820884945e+00
4.944792497084931071e+00 3.551197520045761724e+00
5.567219655826859182e+00 3.349351562240165947e+00
3.874804752027144694e+00 3.279187284092171861e+00
3.845214930742093973e+00 3.336226647467074091e+00
7.150460333340243224e+00 3.364694288418533130e+00
6.321815797627163391e+00 3.326280611048126001e+00
4.090978221394011349e+00 3.328883189330475112e+00
4.022309484060284213e+00 3.353836393715310837e+00
2.584156257007548696e+00 3.221850755503731900e+00
5.598802150874091943e+00 3.344502811937188014e+00
4.907450550778149179e+00 3.319776717536350397e+00
6.901065071713756716e+00 3.481502666964748194e+00
2.849779579466623414e+00 3.384407068046876521e+00
3.819505081779480893e+00 3.361855270638383075e+00
3.270379259131198424e+00 3.337742903100646696e+00
4.416588977127582361e+00 3.343020847697506515e+00
3.794252330927823547e+00 3.304358398331482594e+00
4.111297276217196206e+00 3.344933141022918388e+00
5.499501765338141723e+00 3.246442791675812956e+00
3.184349363771097785e+00 3.388066380387724674e+00
4.090903680660039399e+00 3.405147181905549658e+00
3.529647406533930276e+00 3.364601614823243825e+00
2.621404069067104103e+00 3.359038110957629719e+00
4.542427306367557094e+00 3.441595605178782602e+00
4.763272465017613477e+00 3.380893901664969281e+00
3.390037682393960417e+00 3.371391927563248458e+00
3.335423980589038440e+00 3.287260126407975047e+00
3.684817795090893355e+00 3.356839613946954515e+00
3.462832964815123038e+00 3.396675569840180930e+00
5.159157117176760288e+00 3.340320856198199628e+00
3.792191508637298369e+00 3.360344364533296879e+00
4.936444102045064675e+00 3.367527551243022277e+00
