# Hierarchical MCMC downsampled to get 500 samples
# alpha, beta, mu, s
8.197842387052662882e-01 2.732944830433117200e+00 4.437644855528199095e+00 1.222999691302993075e-01
6.851279568232219175e-01 5.226250326982834871e+00 4.164675203202658160e+00 2.584097364858798374e-01
6.613535788390346726e-01 4.242801680120640739e+00 4.214298881059291624e+00 9.929581278841143055e-02
7.322966542574590454e-01 5.435457455778713864e+00 4.008654890875058996e+00 1.897691503867589835e-01
5.473260978916749675e-01 7.311961475020974710e+00 4.262602272129664804e+00 2.058461212698847742e-01
7.652316147028361826e-01 8.159839997110521992e+00 4.057679012387177764e+00 2.407103196055757621e-01
9.250917877418256552e-01 4.761867778651655669e+00 4.018676517729630859e+00 1.348965735095450091e-01
5.311010851771169605e-01 7.318621385226119713e+00 3.871170825497772583e+00 1.796216040457049301e-01
4.951969450885801427e-01 6.466827417697733615e+00 3.823270094212103398e+00 1.985706709794731739e-01
4.847850843379644115e-01 5.235134578755462620e+00 4.394695345162726419e+00 1.924616412369033747e-01
7.950117974483746908e-01 3.071007598401004568e+00 3.976808071043225645e+00 2.917860232930219455e-01
8.220727246648169562e-01 3.262134919116059351e+00 4.704532483003800003e+00 3.015416148032661336e-01
8.249665615340767699e-01 6.361178554311414324e+00 4.270172737848342948e+00 2.584231790985468402e-01
8.537009060057920706e-01 6.301879736545432209e+00 3.680106245616936445e+00 3.360640567461515849e-01
8.325801719554357661e-01 3.535138608927567816e+00 4.515888934357016993e+00 2.554601238623819826e-01
7.601578929389942729e-01 5.532717712134856747e+00 4.020316366540234831e+00 1.495303942772671646e-01
6.156030719650691374e-01 6.709942733928452085e+00 3.931338318835990719e+00 3.643770226457411776e-01
5.720196274535025438e-01 4.222884111330922785e+00 3.916467820196001259e+00 2.505460032732357845e-01
4.872704567744197690e-01 7.445569632224256829e+00 3.744723020706203886e+00 2.511857383975076852e-01
7.077467814348454844e-01 3.896120524193792622e+00 4.337076216149633012e+00 3.188610379087141178e-01
5.592585370883175200e-01 8.846885746040985765e+00 4.196401014958652809e+00 1.467362036919803991e-01
4.787210116282305528e-01 3.486102541088343276e+00 4.287606337358224273e+00 3.053825136570496035e-01
6.131140030267844265e-01 9.822668311847795763e+00 4.967606355483866309e+00 3.165649725905829159e-01
5.742976719176255962e-01 7.087856457058873794e+00 3.972961478468824303e+00 4.542260213940670366e-01
6.646078196694814588e-01 3.618696596521075559e+00 4.336781671307960551e+00 2.128729743787942941e-01
5.773761563969976862e-01 1.034460659514368608e+01 4.199778727710463677e+00 3.525121236068599062e-01
7.328433061732899656e-01 9.371370004524351316e+00 3.969768869897773111e+00 2.725007664996015322e-01
4.209126130614041505e-01 6.132137234211044508e+00 3.139148341489327088e+00 1.984893925777042878e-01
5.718163291514161140e-01 7.920350103230044070e+00 4.049882750701467415e+00 3.191391783321722575e-01
6.183820168395266492e-01 3.029114973771981134e+00 4.135080160859894605e+00 3.055009201008216380e-01
9.010764086127985850e-01 4.365439324506128926e+00 4.591191762338467264e+00 2.346076276143705952e-01
5.971688082866981606e-01 6.355477284855925113e+00 4.101276590604167716e+00 3.314321387785195139e-01
4.009016345242794044e-01 1.020223618984260128e+01 4.133296568471830135e+00 3.083240764500760900e-01
6.864450423276134972e-01 7.565578207199819438e+00 4.309170073892628849e+00 2.437723999305195788e-01
7.625356576785221607e-01 7.112976715634592217e+00 4.413090782390338696e+00 2.789748816060733105e-01
7.656264269866922545e-01 5.730589601233963215e+00 4.227297172693945448e+00 3.191306700165357779e-01
7.760218878656069963e-01 6.240079552476681890e+00 4.056313184793752136e+00 1.902693589043160105e-01
3.905731314910657059e-01 4.563559777093311176e+00 4.356272400318859539e+00 3.804865213786465250e-01
8.090925666272188455e-01 4.605606502152386206e+00 4.036854872640020631e+00 2.478331055597084165e-01
7.994754402410423344e-01 7.618122208329277889e+00 4.350449718034761659e+00 1.642396026133433606e-01
5.986413890171671248e-01 4.132346275589481088e+00 4.279101393110119389e+00 1.748961428706266863e-01
7.604155458202885853e-01 1.079633903165913544e+01 3.967021101178445530e+00 2.798567509923423624e-01
7.027233917609478908e-01 4.552502267625094134e+00 4.083072154443002866e+00 2.753607078030026467e-01
7.448020924881405547e-01 6.484330302518244160e+00 4.022651203566738332e+00 3.549310279670956358e-01
7.420927282627812760e-01 7.569048491266524792e+00 4.562836993323620582e+00 2.368679284227784843e-01
9.805106415950187726e-01 3.216332056566280961e+00 4.579857237597667385e+00 2.568302352841324021e-01
4.444642242968256940e-01 5.657102360465532165e+00 3.922401337511130848e+00 1.875588830475412028e-01
4.311609573781702842e-01 4.486330487258212152e+00 4.967480634424665809e+00 5.057812895499866901e-01
9.256294891267586866e-01 3.332361023928581467e+00 4.157786520961792576e+00 1.348041830368634786e-01
6.222334654707399881e-01 4.707758235857915530e+00 3.343548751402606989e+00 6.528516744282513162e-01
5.976333197948082709e-01 7.600573761537300577e+00 4.093243366504282221e+00 3.567271422644273104e-01
4.899063463423185549e-01 8.570649143101258360e+00 4.189767654283288678e+00 2.007533467275162131e-01
5.787797086403021485e-01 4.832535364062945149e+00 4.299088857591380375e+00 2.894977096334778177e-01
5.833032836063269944e-01 6.536052652367343896e+00 4.324723254851939203e+00 2.381405065326838155e-01
1.077715555813231640e+00 5.735264877671198747e+00 3.986100056093303312e+00 2.355232064016340998e-01
5.955233840241234144e-01 6.180995756029985522e+00 4.101210470830544352e+00 1.198835535471835939e-01
8.160350622733256731e-01 5.821351659291632785e+00 3.846416909545601115e+00 1.712255142257083085e-01
4.619063499778230941e-01 6.419802107311726402e+00 3.798972087112459040e+00 2.419482428518108241e-01
4.565238084937547347e-01 6.715350420955916277e+00 4.123866078414545555e+00 3.918742759139366427e-01
6.148122810569264240e-01 7.621475051797474976e+00 4.174737143190170308e+00 1.651147770679146642e-01
5.906775137940045717e-01 3.824632865827376271e+00 4.235593901295175989e+00 2.001513291894065072e-01
4.903449438338692845e-01 1.676456451753903210e+01 3.614942962979144525e+00 2.406004161529257945e-01
5.404432101692930868e-01 4.953416523603069166e+00 3.978304074718163275e+00 3.126609977107264182e-01
7.049363393023497792e-01 7.008733184057762244e+00 4.055186404771534470e+00 3.219986398858569188e-01
6.589335964832999659e-01 4.559485171645699886e+00 4.183380340125114394e+00 2.362048324395531196e-01
9.351968714631296864e-01 4.722134897788512475e+00 4.234196316080419464e+00 2.139802593159423061e-01
4.327686511821459692e-01 6.889542850167034160e+00 4.054461828390940603e+00 1.881756744677620941e-01
8.004545038215268304e-01 5.499850836640001184e+00 3.920066422458340138e+00 2.203217641674838911e-01
8.645132648618877313e-01 3.902147874500538016e+00 4.206759561169861605e+00 2.404528524248788490e-01
9.499089580819569667e-01 5.823006984496307936e+00 4.144617091771578998e+00 6.291203943338995186e-02
6.857714211494829737e-01 3.710441849820186100e+00 4.224218009930662987e+00 1.452472215582950310e-01
6.374610628048572591e-01 3.555435321763800616e+00 4.308992528587846316e+00 1.053747561822475642e-01
6.651526190166656693e-01 6.713642814210822429e+00 4.372674496481917750e+00 2.940311769741533743e-01
5.901884329786876160e-01 1.155358968224648919e+01 4.068013380151941583e+00 3.133522373780668890e-01
5.731933200341169377e-01 5.709380446493737438e+00 4.495243018680651126e+00 2.544116444287680134e-01
5.141903885444442102e-01 7.034623399311137781e+00 3.949430299097458796e+00 2.254261023842206169e-01
6.784086379680676071e-01 5.118971529863895142e+00 3.922216526285568605e+00 2.845818402497834465e-01
5.072646833168062974e-01 5.526576106592121285e+00 3.865054528516537413e+00 2.875952985112600890e-01
6.892277282429324359e-01 6.801876189994132460e+00 3.702446956814675172e+00 3.243348622856744301e-01
7.898121881109497755e-01 1.046372411052416496e+01 4.345735545871396432e+00 2.040427271068101789e-01
5.629854452678474397e-01 6.994799357560809838e+00 4.548055710208769753e+00 3.184448566365341571e-01
5.418415018059608013e-01 7.039725847562501748e+00 4.368807452398131730e+00 3.858347010677225519e-01
8.556018823684597985e-01 5.238748415751771859e+00 4.234855006025263435e+00 1.692769217275844340e-01
5.808915997232184658e-01 8.713800947286950205e+00 4.225641898220128034e+00 2.569731958098482316e-01
7.065389949690241700e-01 6.253833111790045862e+00 3.858755920635241310e+00 2.230430392475187817e-01
6.150999027757354520e-01 5.099802688720060928e+00 3.624367076162827050e+00 3.012507672625056587e-01
5.461507149482108803e-01 5.652119061596263982e+00 4.381457296955591829e+00 3.095235036093033076e-01
4.533798653029500469e-01 7.370808236654345258e+00 4.588723073215173365e+00 1.629031455872651524e-01
5.774370332476679302e-01 6.914426144036883493e+00 3.881876811414015194e+00 1.460715031821732957e-01
4.542443256982758859e-01 4.418567448185109825e+00 4.029069323150663351e+00 3.492757034152183526e-01
6.380471388741459915e-01 4.065349231178851497e+00 4.160182379938126118e+00 3.593994657442454721e-01
5.766661728607622717e-01 6.713015242955711059e+00 4.199328396563817734e+00 3.329965686233186672e-01
6.471967095262185499e-01 1.035676349159065524e+01 3.946399201151916003e+00 2.542603501605329441e-01
5.315499862316690471e-01 7.177439106160059090e+00 4.155011487845636786e+00 2.686989762538914417e-01
6.499195106696475932e-01 7.410187362880152229e+00 4.461632425403783131e+00 9.904813970129225376e-02
4.862344684920154592e-01 8.217769650630527778e+00 4.113488213780034819e+00 1.532417778115394147e-01
6.463659563959895937e-01 4.222586618474060138e+00 3.943646686489817643e+00 2.457034863962528071e-01
5.378089275863262575e-01 7.419710583051182695e+00 4.312764178250742653e+00 3.392940398357447984e-01
6.614332354520910950e-01 8.809164508873388755e+00 4.295694399707113753e+00 3.742220059730496651e-01
6.801636895553838658e-01 5.429860321128317402e+00 4.081011796461297081e+00 1.836797864036456562e-01
6.090252506047547643e-01 4.847375406873209336e+00 3.207259608293981490e+00 7.893732592882158894e-01
5.016191518623485113e-01 4.914136761872840431e+00 4.475631133303409115e+00 1.772019679538162085e-01
6.298396653091777875e-01 6.481820767851329101e+00 4.182413745233425573e+00 1.760885188987403871e-01
8.112612884801094770e-01 8.850091368576174844e+00 4.084865451406675341e+00 2.501063649185978344e-01
6.087225170714277711e-01 6.985524210696882896e+00 4.775328328980630310e+00 3.641223837399818475e-01
8.293799416471712149e-01 8.091694345274193623e+00 4.071721651188511260e+00 2.109518425682973819e-01
5.283753845132214133e-01 8.873520199833277999e+00 4.396706669610362717e+00 3.085590280499910798e-01
4.557765124302926019e-01 1.109798765090984318e+01 3.855723295093964609e+00 3.823654752860485284e-01
5.075402440241061353e-01 4.130613981486836117e+00 4.018302501797910153e+00 2.660750251578051784e-01
5.984704168646676203e-01 5.366789616670065932e+00 3.906667993471550027e+00 3.341270446030195629e-01
9.258914765556658377e-01 3.915918862537515643e+00 4.519514839760451430e+00 2.028896210415914725e-01
5.985789406112305144e-01 4.188806971681689362e+00 4.384889992556567861e+00 4.366104395151976236e-01
7.565345260135117877e-01 5.052428216579381015e+00 4.212925300363733250e+00 1.912148814829482124e-01
6.731503246297479981e-01 6.266482537520690954e+00 4.167064477073564532e+00 2.606011939663714916e-01
7.848703552177151987e-01 7.321059580135827360e+00 3.747581047634602758e+00 3.331640666038124809e-01
5.653876955480241495e-01 6.816731720247015680e+00 4.195758357310740649e+00 1.742077768564952445e-01
1.084775195154959793e+00 5.441440742885546022e+00 4.191879758627280239e+00 1.482249765049803991e-01
8.210646906435042913e-01 2.469268597763591977e+00 3.710038073877743869e+00 3.090935342524961382e-01
6.148297440962386951e-01 5.240960586143005528e+00 4.035036072582251165e+00 1.813684465397801815e-01
7.997556226223402343e-01 6.334986459596063213e+00 4.594695187026139216e+00 1.912553643469353526e-01
4.822240528180424812e-01 8.354930377760151572e+00 4.055248659519243404e+00 2.186012170373380359e-01
5.897372547387351727e-01 3.289311320245341452e+00 3.955778384411767767e+00 1.849093309789741624e-01
7.039920377617255864e-01 6.615743807193185333e+00 4.276829101635572172e+00 3.357716019280099773e-01
7.939494201017109898e-01 1.121076555190229662e+01 4.174706800284248231e+00 3.915461850411396938e-01
5.555335263131925272e-01 6.841879827788463153e+00 4.113506118225823016e+00 3.308767740525534462e-01
6.499467584581106738e-01 5.555795708939351485e+00 4.237768775239420194e+00 2.208266217731651160e-01
5.641729182924257735e-01 5.620405604988444104e+00 3.572276902256404707e+00 2.931434992437995102e-01
6.631714894838099950e-01 3.536805203059213198e+00 4.170035472978876889e+00 4.993761526625616898e-01
5.419166432080140261e-01 4.383611202469078094e+00 4.282250659884404342e+00 2.135893040354935601e-01
6.638637687831761003e-01 7.792476326609436121e+00 4.203664651222769777e+00 1.338600897813673751e-01
6.074310527605475407e-01 1.053884657894545640e+01 4.543450185691010113e+00 1.846500140117724731e-01
7.505360421324046571e-01 1.138100596128454711e+01 4.355877850665830664e+00 1.692222033975137319e-01
7.136929349975427161e-01 6.082563698837314625e+00 4.299629433506678922e+00 1.858663564444404670e-01
8.547420231258545664e-01 5.841520810350198545e+00 4.052988302005910981e+00 2.001649199359055442e-01
6.905836650762078310e-01 5.753556823744226278e+00 3.543734368732219586e+00 1.471431595703602824e-01
7.917857146176785488e-01 2.726963542333921353e+00 4.111816939531911075e+00 3.102775578829022329e-01
6.463953247769052002e-01 4.111245544958066489e+00 4.429900088282193060e+00 1.034058971931038906e-01
4.967123515366524411e-01 8.736741701492936940e+00 3.901199854991934224e+00 4.030971472205037154e-01
7.278840322959957421e-01 5.842167931040322948e+00 4.278119381432736290e+00 1.741201913879577567e-01
1.009029012733678954e+00 4.478160106387750972e+00 4.778213341128374481e+00 2.121365948326094375e-01
4.062254848492733994e-01 3.813077168496086689e+00 4.172361487548489123e+00 2.879979022709538983e-01
5.032252073417685656e-01 8.738532832822983210e+00 4.559318635387278107e+00 2.482905570417421326e-01
5.949307909018787255e-01 2.872248066950762180e+00 4.059295576718231047e+00 2.097431290386153613e-01
4.484022318063028978e-01 3.755976112039199677e+00 4.678515688535432204e+00 4.344127460509965011e-01
5.707357532462686844e-01 5.991773564972018740e+00 3.960621836010309593e+00 2.672533400559201633e-01
5.039024925903611285e-01 4.677583479455563520e+00 4.206747596846787118e+00 4.504837218469094906e-01
6.464817674213492182e-01 8.675913843641117396e+00 3.824755565107175848e+00 2.039850187750269495e-01
7.954154079048441073e-01 4.289132494678797869e+00 4.271292179860623150e+00 2.444798040678204387e-01
4.578651871686265085e-01 5.144870640688756325e+00 4.114058756289384888e+00 2.728506758925727249e-01
8.152323987748474332e-01 4.935441306998010091e+00 4.171719317330190080e+00 3.046364803940238009e-01
4.590927046893965024e-01 2.977785703275561691e+00 4.110725283854985257e+00 1.253408228825326765e-01
6.577514801572756920e-01 8.311690569359367231e+00 4.305610710908799987e+00 2.619177956500984283e-01
8.762205757313238363e-01 3.052292823407848132e+00 4.179504782998060719e+00 2.426340982635414034e-01
4.161899999271065353e-01 5.685508761482450879e+00 4.138475875933447234e+00 1.599297338918474753e-01
6.826315864230528829e-01 7.672731514078463988e+00 4.043678203264256865e+00 1.879794819043315302e-01
6.258530510403429448e-01 6.047682871636424373e+00 4.248054985675925543e+00 1.962945311666161041e-01
4.137535439350907285e-01 7.011357551146206291e+00 3.945056998178627872e+00 2.623971024306882560e-01
7.015431084797575378e-01 8.765235034977285622e+00 4.037462557730624901e+00 2.583578328228890442e-01
5.866370901712539832e-01 5.676496930617158654e+00 4.364336800856820631e+00 1.360981093380818352e-01
4.742763060485440385e-01 5.525503144587997184e+00 4.010092514199165237e+00 2.982390545854368691e-01
8.273699220485872807e-01 5.640669665931267396e+00 3.859127931818286950e+00 4.090818530392408836e-01
7.673208841737979569e-01 4.990177517842531607e+00 3.901352734998695393e+00 1.615818149942152837e-01
6.166731460389973662e-01 7.157857503865693083e+00 4.333512215917612487e+00 1.635462155738052203e-01
8.200010528050064584e-01 4.904858061592848095e+00 4.612204013451399298e+00 4.216655927069461463e-01
4.844549654775865966e-01 2.733007561987940814e+00 4.246347448691795812e+00 4.605971500773440863e-01
8.021596963474089126e-01 3.418262639417546822e+00 3.843584736210325037e+00 4.342140115144976220e-01
4.785756700836056865e-01 4.430291837889503981e+00 3.740898388413573805e+00 3.259679609450727433e-01
8.534618693908964104e-01 1.430909252947873966e+01 4.207401138430881815e+00 2.625414726045714464e-01
6.975416645897335455e-01 6.198341152706549728e+00 3.878792240203793540e+00 5.492257882826764304e-01
5.799361527460999977e-01 5.595740053626627741e+00 4.060435462850263910e+00 4.428138608437093282e-02
5.357900624665972167e-01 6.372944487863743568e+00 4.152134450910757835e+00 2.046275785933277802e-01
4.351784862733115711e-01 3.226761999003470827e+00 4.824113967792244217e+00 3.024687155017115603e-01
8.916439209591496828e-01 6.868820933879186796e+00 4.052239859320566850e+00 1.096410658661632898e-01
5.039003647328834656e-01 8.089237948019549762e+00 4.098099811719893459e+00 2.193923205271664512e-01
6.063904422477579548e-01 5.006643023784213220e+00 3.795493334028088306e+00 9.251899526324920686e-02
4.498982271106095054e-01 6.697537565083303335e+00 4.410409948814355552e+00 2.655927784688725812e-01
7.894238585846996559e-01 4.253458296920629600e+00 4.414792429512692351e+00 2.727802850609558627e-01
4.851497578049054349e-01 8.489857003306608974e+00 4.377318981652313035e+00 2.843960817221625748e-01
5.535925966525220288e-01 7.743656727132259832e+00 4.266266239854671127e+00 3.451589146702295774e-01
5.132718495787488289e-01 4.513436146792088266e+00 4.358448719902814794e+00 3.568690413982613663e-01
5.516174352858688179e-01 4.632362651048824276e+00 4.308000366444443507e+00 1.790058398309972709e-01
5.529701527599355515e-01 3.892847020616763576e+00 4.218554273050251879e+00 4.349385180463895550e-01
4.930761460462573798e-01 6.457334311838069496e+00 4.100026143776616117e+00 3.107672294273252644e-01
7.073473663795249999e-01 3.454921225701791165e+00 4.302124261191852206e+00 2.528985815974301721e-01
6.805315414366625015e-01 7.164629179458334107e+00 4.216373250407428053e+00 1.464724153122117789e-01
4.981140176619388571e-01 4.016143933148704548e+00 4.095281891239967109e+00 2.384079712911297277e-01
6.994511536786830463e-01 5.152759360260955823e+00 4.068630533577712427e+00 1.930072584410492120e-01
7.263261641087689346e-01 8.269161898292130886e+00 4.337938466416173533e+00 3.662097529119457961e-01
5.431413079430961188e-01 3.721627938390025925e+00 4.305365519650200312e+00 3.820893571892939322e-01
5.696843317302302534e-01 7.658710161491823598e+00 3.889070862908611481e+00 1.799966858250290347e-01
5.974936513563277041e-01 3.341896337422386676e+00 4.265032883340113656e+00 2.691334942348665993e-01
5.123379301982129430e-01 4.294149467646201757e+00 3.875995208250756274e+00 1.486493459019235797e-01
6.578588446370462473e-01 6.297416831360245659e+00 3.840631514061175977e+00 1.738940728561989002e-01
4.088908317301598316e-01 1.242925079550940382e+01 4.251118407080215711e+00 2.511887648858541766e-01
6.459497060119594458e-01 7.092551646617510919e+00 3.985545293638986575e+00 1.714231330757772787e-01
6.688153373958326542e-01 3.249981485768312695e+00 4.410271080324076998e+00 2.625782122839027677e-01
5.591880284320152050e-01 8.457188053921427695e+00 4.123536609775049655e+00 3.775548226984614120e-01
4.521865060513878820e-01 3.781471597903704129e+00 4.385011420277453276e+00 2.427533740787233829e-01
7.603029792229479833e-01 7.066117217451633792e+00 4.345507474057149544e+00 2.438756305970111171e-01
7.053904252139361342e-01 4.325960726098136533e+00 4.269040994546573486e+00 1.650841484206395371e-01
9.732832108587725628e-01 5.450462565467818266e+00 4.448967047343174386e+00 4.064651052444976931e-01
5.254112781480135830e-01 7.971643910074915240e+00 3.885731437042565517e+00 2.576146830305642843e-01
6.445412961726515455e-01 4.235338981306235873e+00 4.079096258171826861e+00 3.164558809422580166e-01
5.665574977462346506e-01 4.787799886091431922e+00 4.618619552458492095e+00 2.777743966492290384e-01
4.394614168703209200e-01 5.671418869412269359e+00 4.232457764423642743e+00 1.108886602175444686e-01
9.147688372441272753e-01 5.298270796355156520e+00 4.007179280611581795e+00 4.637885354186293552e-01
4.272797858005119576e-01 6.863526433580758201e+00 4.104861071934925221e+00 2.216194268514830590e-01
5.511359819673988802e-01 5.797781461536961167e+00 3.571799059846715529e+00 3.921116727999462426e-01
5.646627712993046444e-01 3.613923843820113113e+00 4.677825904874106655e+00 2.601273383771984804e-01
7.154105871860525490e-01 3.112582852790554799e+00 4.339234557072243703e+00 2.688931013653554358e-01
6.203827177668173043e-01 6.578030083147511142e+00 4.096078021707378447e+00 3.959706477675812297e-01
9.253431617176122170e-01 4.796423205018959912e+00 4.261137047027010460e+00 1.939866326142579422e-01
7.375606694210037340e-01 4.021588915863475222e+00 4.442248769535118491e+00 1.779023168182958525e-01
5.018625085468535474e-01 4.668094450921545402e+00 3.886206330715836543e+00 3.582419415459211498e-01
5.798143910061129835e-01 6.886576125691532546e+00 4.536620872210111344e+00 4.465336023181906144e-01
6.582711132731784431e-01 4.354630200327884282e+00 3.899165901575836646e+00 2.945127019334691232e-01
4.847606472986132342e-01 3.588235963949412355e+00 4.122627148225830318e+00 1.480741243961266052e-01
5.257915064470993771e-01 6.352782632519227590e+00 4.359922293887681377e+00 2.107860807167512840e-01
5.234260083984180190e-01 8.674868059766815520e+00 4.488551462891933852e+00 1.999461355844670551e-01
7.343586256231490195e-01 6.820872956633102113e+00 4.843251731724089737e+00 4.677395544617231060e-01
6.233823903663746613e-01 4.635241924576309458e+00 4.029097151740398175e+00 3.419109366460006405e-01
5.050391763160031466e-01 5.879536856355561447e+00 3.692686607511030505e+00 2.047289385963005914e-01
5.003023236474266611e-01 6.239114052371526498e+00 4.245768331867749268e+00 2.499249244192336961e-01
6.570253566527057831e-01 5.327574531033013372e+00 4.208266557607283076e+00 3.131116584812592696e-01
1.070918993648114048e+00 3.720422352820054179e+00 4.038428087878343398e+00 1.759378320479135782e-01
5.202545566659366738e-01 6.159024324069686251e+00 3.987958718086519028e+00 1.369854836327197289e-01
5.367211321630882548e-01 5.764552497057254143e+00 3.912619234463394768e+00 2.429325994756544871e-01
5.542719161111928639e-01 5.070435798468213129e+00 4.212311133523214401e+00 3.627830923615279479e-01
5.122774633673077282e-01 5.868984929960200603e+00 4.112448449137104056e+00 1.824398970681785914e-01
5.000445838417192368e-01 7.670453636677164511e+00 3.550157388891755694e+00 3.848272553845206723e-01
8.303381399991280887e-01 2.896808850415983461e+00 3.835936411298449755e+00 2.460255000536106518e-01
4.511114484592965157e-01 2.804214729825630137e+00 4.087055899320406027e+00 1.359698006220974309e-01
4.979384529608242849e-01 4.030946533265676202e+00 3.718690697981936744e+00 2.116166137215643450e-01
4.922485196940679097e-01 8.279439955930332218e+00 4.444392803241954404e+00 1.986514883212560922e-01
5.014533703289243416e-01 7.426369664014144334e+00 4.389397781690560940e+00 2.052578781043151168e-01
6.429641277606363836e-01 9.620239353002181915e+00 4.329836663275413500e+00 1.538806642794309232e-01
4.252310475104844611e-01 4.996743536550309450e+00 4.347358663599048434e+00 2.416074386067254831e-01
6.238015486304552271e-01 6.678958835504196223e+00 4.128401876399927950e+00 1.963722645876410100e-01
6.802279668878041807e-01 8.352823482213629802e+00 3.999143171459582646e+00 1.696649021903441357e-01
4.725303665242343576e-01 6.881569677297205700e+00 4.454164983860141369e+00 2.748269929713219040e-01
4.641305916510950480e-01 8.259948389197514729e+00 3.733867940441478517e+00 2.421448232896885322e-01
7.912014618500731178e-01 1.050755153861696201e+01 3.912930273740641063e+00 1.962936434202722513e-01
6.494060278263937835e-01 5.392117272822986251e+00 4.019460969508214632e+00 2.277875871548652453e-01
6.219102857920913996e-01 7.315876885359929638e+00 4.388222075546246437e+00 2.221449453677946939e-01
4.488177713614007192e-01 5.909277143814474442e+00 4.307972251471937852e+00 1.306545660813763499e-01
5.917087935549271149e-01 9.616675460380751161e+00 4.417367625833620970e+00 2.661438695296644563e-01
6.193497568665882191e-01 4.633593368325191975e+00 3.957796184215340407e+00 2.129003001253247929e-01
7.959946432536831873e-01 3.846265869399740467e+00 4.124235447414481115e+00 2.779383497525290125e-01
5.518548735776264147e-01 1.190507296415287719e+01 4.289360377837740934e+00 1.996395988012860667e-01
7.236471280504485071e-01 5.425165149750011295e+00 4.446045161475037588e+00 1.665186828421508225e-01
5.028817176573335823e-01 6.946997469720072260e+00 4.859771218899642697e+00 3.799971972276024457e-01
4.380082364274137663e-01 3.726434416451818166e+00 4.335673143681392894e+00 1.436422049369797671e-01
6.454781522837488295e-01 4.305997272666940212e+00 3.905222750557225453e+00 2.884456387722596493e-01
6.192609293529205416e-01 2.545275429049250082e+00 3.482932985386748559e+00 4.287224126899761845e-01
8.932036133865367544e-01 4.376831729102187651e+00 4.190650421843970186e+00 1.915585532980135230e-01
5.034860866122923273e-01 4.936429925686635301e+00 3.804297999783134987e+00 2.788791376492193441e-01
7.797361535237129493e-01 3.954904473388310304e+00 4.143179796934758130e+00 2.105493365575289155e-01
6.997296246319892887e-01 7.556568711190469578e+00 4.389003292001686596e+00 2.876537575928778123e-01
7.754762475543407474e-01 7.097988272616104766e+00 4.079272483063019372e+00 2.656261362731267561e-01
4.929613664902249281e-01 6.492100157504586022e+00 4.132469368615598881e+00 4.048788171842553352e-01
7.524636007964025097e-01 6.498585430641824701e+00 4.065500452250276453e+00 1.534551027800577505e-01
5.464470516210504503e-01 9.995278743460779936e+00 3.786160177726300535e+00 2.659530361891902506e-01
6.938124337338897885e-01 8.311519471851559260e+00 4.519777112453826184e+00 4.202911097952163333e-01
7.982661801994819228e-01 1.073123045907552786e+01 3.900155528363287605e+00 1.959660199859429852e-01
6.938124337338897885e-01 8.311519471851559260e+00 4.519777112453826184e+00 4.202911097952163333e-01
4.210424887915293901e-01 6.740603518250006587e+00 4.047662876494173112e+00 3.430395281766713822e-01
5.945269371855783636e-01 6.500778598969468192e+00 4.627785789017758056e+00 1.752732587019545929e-01
6.423836957317721197e-01 7.719584446798887001e+00 4.262871942913237788e+00 1.457594935343751175e-01
5.014585907133769505e-01 6.411329240577933852e+00 4.044729976567123408e+00 3.094462573974363084e-01
4.724155331112509515e-01 6.692710905319306569e+00 3.940653826440866148e+00 2.108210456016190726e-01
5.972244093360783435e-01 5.543718317206398183e+00 3.723931666502632520e+00 4.542350472585494070e-01
5.056879047217183176e-01 3.511524580238117643e+00 3.740633863030418560e+00 2.309080742259251862e-01
6.029587770224982268e-01 7.852898798178494566e+00 4.067191501082842109e+00 1.746092374142758641e-01
6.513039449074391474e-01 4.030272672745597973e+00 4.561824015235326435e+00 2.330359157749344323e-01
8.151115568838227521e-01 4.917130732921321190e+00 4.154313621299993819e+00 2.925729879793138033e-01
5.963519569428356037e-01 6.268591165537831245e+00 4.595091938651330921e+00 3.257024148793545848e-01
4.531068851635551842e-01 4.144330486159513605e+00 4.479447742371501562e+00 5.418374537462111729e-01
5.569313188940868686e-01 6.588055862276737784e+00 4.346349234330618039e+00 1.682780288946897351e-01
4.817328883908555959e-01 9.661124884622301678e+00 4.176883100183128583e+00 2.111778941580920166e-01
7.008452575673401741e-01 4.784176476804407940e+00 4.198974379117667688e+00 1.875554794549207094e-01
5.185249844855825962e-01 8.863269130822819974e+00 4.183209332638115896e+00 1.777449454530224404e-01
5.626213373553785591e-01 6.340444703867618159e+00 4.001743022965079000e+00 2.669860535833092907e-01
6.270215612879074252e-01 4.009985613379997815e+00 3.682087016668748269e+00 3.443550064654338216e-01
4.154742653905177940e-01 6.265108213781021895e+00 4.081271457506573164e+00 2.418547570666933488e-01
7.654065471551766420e-01 4.606522935588709622e+00 4.106989904489643628e+00 4.598454114009292715e-01
9.303852943420941601e-01 7.913308548595122005e+00 4.041165413192427280e+00 3.356144504908285531e-01
5.673853056235800274e-01 2.993568769238454941e+00 3.834471957692556110e+00 3.092318457527921671e-01
5.959898214331533772e-01 5.380522954698229832e+00 4.564749575486249711e+00 2.959092963150823929e-01
6.591199639638904983e-01 4.463702722409906620e+00 4.210311949593974923e+00 9.848542375815283467e-02
5.942015067358984437e-01 8.080408425876047573e+00 3.545545099509883169e+00 1.980357242318190880e-01
3.400130685783273599e-01 4.858504351719193259e+00 4.069361824567656605e+00 1.868273510579466778e-01
5.026940390747720588e-01 1.058929577916347853e+01 4.337672100146823695e+00 3.183155160450951704e-01
6.524543416556751740e-01 4.505111362938808206e+00 4.135365331763499519e+00 3.489738782350615964e-01
5.257540540334547652e-01 5.018609721717322891e+00 4.151659485964152907e+00 1.305936444606323465e-01
6.769863352281408897e-01 3.111924461718750479e+00 3.848740235396669096e+00 2.363723219348378701e-01
9.181738918633097768e-01 3.747193806004558425e+00 3.962822341572981077e+00 2.427410744325325387e-01
6.318368518634954745e-01 5.223004325211466181e+00 3.485018513260807360e+00 3.422618579791298909e-01
5.642747916704990985e-01 8.894972184396523929e+00 4.084991729845664388e+00 2.433484718432416261e-01
6.027374360597397285e-01 9.681026235302773841e+00 3.856965607997677736e+00 3.099947362684686292e-01
5.633371790104820809e-01 4.702033623923410843e+00 3.960784917518851866e+00 1.324002968670777713e-01
4.803249101964461865e-01 5.866567193934569602e+00 4.174004229985610159e+00 2.273414952964314950e-01
7.807772366432509381e-01 9.825984107241078291e+00 4.307530938220798689e+00 2.085957184791019658e-01
7.356937955814479846e-01 3.570283644861977024e+00 4.401138359297632974e+00 2.148914128417153679e-01
6.012407008445718182e-01 6.172678797807444440e+00 3.912497636883147223e+00 3.087987490078581976e-01
4.870993630884004055e-01 9.111765131537230999e+00 4.080494500361420585e+00 8.108865196866713032e-02
4.944140800243483347e-01 1.085096535400603912e+01 4.108298298757753209e+00 3.525458765187743926e-01
5.046794280754154371e-01 1.025584365475261528e+01 3.897239971904730371e+00 2.029827748729974290e-01
7.483617799791906222e-01 5.196854717824472836e+00 3.914449577743673636e+00 1.424573634587305293e-01
6.693544785470633141e-01 7.119018891134462734e+00 4.099312220853477129e+00 4.308544580633683618e-01
6.513818253584318096e-01 9.367962992849223625e+00 3.876533201919812655e+00 1.800626078639621652e-01
7.949596814160503344e-01 3.031513324142276034e+00 3.934554157008302688e+00 2.845191937919291369e-01
5.725008157808759712e-01 6.398584085506842101e+00 3.962469449838711189e+00 2.768898004856446549e-01
5.099303095638799688e-01 7.864956886757400234e+00 4.028200828340350981e+00 1.605971400955631123e-01
8.122786974798859028e-01 5.193040732159922790e+00 4.027770812531394462e+00 1.847999199052642316e-01
5.522592246988373699e-01 6.924711442028192998e+00 4.326920583828703037e+00 1.806106632751921237e-01
4.955278376562293752e-01 3.992252668332180843e+00 4.059621089596436860e+00 1.650184173718237668e-01
6.407191581111216783e-01 7.013157728236754984e+00 4.156794507909344460e+00 2.327164008941298989e-01
6.500006186599794900e-01 2.741862130377530793e+00 4.269350813780345533e+00 3.022336774652368829e-01
5.755586049603623744e-01 6.547695983463728275e+00 4.387396684672768110e+00 2.969940574397262334e-01
4.906743897579340374e-01 7.280022490100977350e+00 4.425130494959046423e+00 2.856596232502593424e-01
4.278030049436919446e-01 7.354608994115743315e+00 3.983697732039560790e+00 1.351389645645502680e-01
7.035201174238014943e-01 1.157496395693542368e+01 3.922076752130721378e+00 3.555543406875400492e-01
8.409181309296916984e-01 5.486693251435055707e+00 3.979459061911613915e+00 1.381968268588728843e-01
7.060452351497595869e-01 1.139624303016666751e+01 4.566964054712487453e+00 2.905605411359439838e-01
6.268816494427246200e-01 8.414550021710892835e+00 3.621277577241325485e+00 1.997455381776615524e-01
9.638428265376348669e-01 4.954159462381941381e+00 4.392741938837831484e+00 2.999720868781198257e-01
6.768444548993481913e-01 1.141481958176352407e+01 4.115936613709380687e+00 1.678834493695675889e-01
5.414440339932407031e-01 7.642967813233672025e+00 4.300984454200714069e+00 3.196217442120475871e-01
5.651909792075275885e-01 9.267247218735885639e+00 4.387008340076507196e+00 3.305074697030338515e-01
5.599546153740624366e-01 3.950990488117229305e+00 4.477202487357104133e+00 4.960348243005751057e-01
7.927243204204732496e-01 7.653725716504126808e+00 3.827821341437984248e+00 1.642962698100449703e-01
4.049736295661514607e-01 5.372174569043625780e+00 4.091154558396944196e+00 3.788544957962975412e-01
6.599181774415491253e-01 9.486789132353823817e+00 4.011355942241086936e+00 2.480353079050394705e-01
6.649973887367932601e-01 7.178027076719518007e+00 4.217060307143804643e+00 2.269195147130545764e-01
6.526664094252739856e-01 4.218772785742920028e+00 4.258728545906803831e+00 1.820277401794102023e-01
8.361418602060398664e-01 4.024540166999857504e+00 4.292091594271896682e+00 2.514936346196168793e-01
7.073486548310661259e-01 8.691798617611414812e+00 4.183985558199422528e+00 3.062422474712429010e-01
5.578763545823368641e-01 9.376517254205472440e+00 4.105266023242910123e+00 2.632533783144674899e-01
6.045079324322328862e-01 9.232839643332823698e+00 4.356434514087214716e+00 1.578085256323152052e-01
4.792134593766834705e-01 3.499952591761687604e+00 4.207661665255800543e+00 1.986553766953708666e-01
4.650797877296742877e-01 8.452031555370636440e+00 3.918307964799193410e+00 2.533691469769394633e-01
7.245866303446676371e-01 2.923296544256949847e+00 4.426857664136001347e+00 3.320094914561440569e-01
3.010460553088388225e-01 3.244593449872515745e+00 4.490209680569995143e+00 4.749342632059725400e-01
6.322326667935540545e-01 4.783881691162958916e+00 4.109965373568789992e+00 1.287222825996998665e-01
4.815396597777675813e-01 5.716364043594592381e+00 4.304144379563569878e+00 2.857434070343116139e-01
8.315301407011412849e-01 7.636199228739459777e+00 4.254898234766535836e+00 4.355063923232273260e-02
1.021227470820035510e+00 7.151190332219585777e+00 4.371578082746413685e+00 2.833457360858600005e-01
4.569741276742635971e-01 5.064007881628231011e+00 4.202595643478852061e+00 2.181734785163215729e-01
5.112023325506610538e-01 5.366444385819892915e+00 4.236718721351445893e+00 1.091530476773394792e-01
5.490400458106055037e-01 5.194321472530618600e+00 4.233993207896666000e+00 3.455404579652753272e-01
7.722590563239960515e-01 7.890574469310125849e+00 3.879372129446828854e+00 3.210960083330090531e-01
5.404760742624419301e-01 1.057648137092176910e+01 4.301355701061632786e+00 1.934162808751007656e-01
5.854334132024590076e-01 9.730667826266033771e+00 4.073386796755790407e+00 3.356450032994626742e-01
7.019946465531361479e-01 5.155982948181547343e+00 4.044137144973220188e+00 2.240076531780117453e-01
6.325178056672097204e-01 9.256844586613151904e+00 3.949440940620865703e+00 2.301393045936936388e-01
5.061706261942334750e-01 6.665062048160821817e+00 4.054114192349679513e+00 2.415762773679502873e-01
1.016800408975166548e+00 6.729614672668398967e+00 3.890723810139771643e+00 1.734863348881831857e-01
7.343118004858338876e-01 3.351493947474256885e+00 4.319104568908397113e+00 2.511940723909240614e-01
4.561877467782187168e-01 4.708880077528814212e+00 4.214637557630346087e+00 3.622459684240889044e-01
7.257887422165386626e-01 3.983603935440118260e+00 4.369262979012289883e+00 3.841726819565927098e-01
9.319921990568126313e-01 4.455301758760254138e+00 4.348480728038129683e+00 2.217936563623408297e-01
6.728060012242035315e-01 6.912659695232156842e+00 3.629440314000780266e+00 2.618227550753061128e-01
8.022235932508845480e-01 3.844622936681291847e+00 3.905948671876140477e+00 1.773386768014406367e-01
5.258752890768421118e-01 7.195333089557961692e+00 4.088313549954501802e+00 5.410880618766523709e-01
7.983688198434298888e-01 6.638772123349326648e+00 4.259960295063780933e+00 2.378624408214256025e-01
6.949492488675452773e-01 2.891930426214947669e+00 4.263447958605695476e+00 4.357911238141292665e-01
7.476727049773709277e-01 4.224023191113101205e+00 4.014260524421004561e+00 1.138181384279853964e-01
4.858466756333600922e-01 5.588337509407372394e+00 3.569627995787182151e+00 3.518240030108947813e-01
7.139623913425051649e-01 3.222548918349787073e+00 4.192151465323521897e+00 2.291036114956693792e-01
5.156344684730614913e-01 6.085195447427365956e+00 4.329888405097677584e+00 2.825124940266422469e-01
5.084978327398762543e-01 3.309414205933741471e+00 3.878951660368309629e+00 3.778175161533338100e-01
6.383909070675330977e-01 5.683598702486383658e+00 4.395877221376544242e+00 4.330382299366640764e-01
4.748345748411411105e-01 3.770564779906132813e+00 3.907385079181078247e+00 1.629767422379071184e-01
6.496255295612284320e-01 7.527310771791656308e+00 4.322130914894819931e+00 1.629406751372487472e-01
6.339388027629475619e-01 4.991647527019127395e+00 4.046032581640155001e+00 2.674979840776504636e-01
5.520871248611262105e-01 6.551375696624858413e+00 4.346315261854093670e+00 3.895091959607202003e-01
5.761721532032393345e-01 8.891116451996211367e+00 4.171569067692003863e+00 1.931298557533525639e-01
8.503284233937473680e-01 5.276990744822370516e+00 3.628821830928028014e+00 2.288559828908515170e-01
6.857671572261729853e-01 4.494371510301888861e+00 4.139612503167434454e+00 2.090204341458081205e-01
5.712091957777075679e-01 6.462189558844546156e+00 3.937776421095850132e+00 1.515960487359186426e-01
8.846086569479498785e-01 5.688651520456798671e+00 4.181375757434454776e+00 2.952357949424525008e-01
7.212949234084660155e-01 6.433155647627169849e+00 4.053316398364427364e+00 3.058778683072911897e-01
6.661970824588171469e-01 7.797810154573258323e+00 4.070194479163836476e+00 1.435757899131502036e-01
4.525477172736797615e-01 5.421384141860657202e+00 4.581674589160174449e+00 3.603907173851346735e-01
4.323113561963594087e-01 3.847216835824854630e+00 3.822103454606955442e+00 2.010621063329574576e-01
6.384939585348782254e-01 5.067013951374230274e+00 4.670304315565638298e+00 5.391895437348132036e-01
5.890585033738826581e-01 1.205626658108750782e+01 4.318722836685483735e+00 3.419677627883488391e-01
4.571690575349252605e-01 5.153751672482546731e+00 4.002181681036992345e+00 1.628864816771267987e-01
7.554900555830272868e-01 6.384373178407656724e+00 4.610365240479611160e+00 3.267370348913299360e-01
5.091410846215775887e-01 4.522241643715447346e+00 3.399485629413674381e+00 2.209728462780771729e-01
4.245257872876055938e-01 7.923671909106717592e+00 3.833458067971390104e+00 1.945069139424719651e-01
7.820600566347880589e-01 4.927585211510062457e+00 4.620796623115249524e+00 7.006061923785392720e-01
6.295883540670221823e-01 7.114650588565469391e+00 4.258412587892069112e+00 3.559363155561274805e-01
6.377427740708754289e-01 7.271784455492408483e+00 3.867163741053003534e+00 1.121995110923143107e-01
4.873448635510752025e-01 7.298538515698138163e+00 3.793969356823376771e+00 2.934465892081604688e-01
6.083284685980507867e-01 8.503455816691751323e+00 4.199770556236002150e+00 3.128334545161513547e-01
6.309559035820320183e-01 3.135503244559946001e+00 3.900315210288416434e+00 3.246730543174632944e-01
1.014167500284290258e+00 3.762094512430872673e+00 4.047123337730964998e+00 1.338191109592402062e-01
4.835309875633717613e-01 9.916640477210869165e+00 4.374723309540874183e+00 2.241962427759357501e-01
8.332316683991272122e-01 6.406915378224663726e+00 3.779094171335069419e+00 5.562624858889013701e-01
6.989706094976867456e-01 6.339791325118629750e+00 3.856463292360419182e+00 3.806637625755038834e-01
5.472066806807887041e-01 6.456721977281483227e+00 4.251409366610704232e+00 1.346903239798761254e-01
6.256249114552472346e-01 5.122636331254680542e+00 4.181319250994718573e+00 2.411276786175370335e-01
6.350166426092227479e-01 8.930824144089779537e+00 4.246058691416627617e+00 3.228338766893827927e-01
5.511617525689039843e-01 5.263511113271802877e+00 4.088730241041507618e+00 2.693542282781915542e-01
7.289990594299479154e-01 4.412990339846089682e+00 4.022837834249094691e+00 2.639796864936841958e-01
4.445934456049597805e-01 8.162495615330520593e+00 4.089178133506652379e+00 2.157842637441252376e-01
4.839142176398480433e-01 1.108153658501116645e+01 4.281541925458436815e+00 2.236608839737254661e-01
5.212783928728276228e-01 1.014870000833407104e+01 3.867156489079545345e+00 2.528767089745397878e-01
6.790320983723097115e-01 6.386037898116120992e+00 4.472024101286310227e+00 3.371757401910361329e-01
7.857296481475838368e-01 4.021551537497940920e+00 3.884245233909665806e+00 1.820968287297304589e-01
6.278921815609098678e-01 4.664640292387702836e+00 3.711263519978972081e+00 2.824124543943777321e-01
5.204126772819822611e-01 5.372832641055269143e+00 4.475495920631345825e+00 2.052037331382321195e-01
5.944537929969482271e-01 5.357531247381813522e+00 4.347370776342945220e+00 3.591794423764971267e-01
5.497641995993181041e-01 6.017785343997771541e+00 3.839570560018689349e+00 2.247603074141633628e-01
6.440249936954489662e-01 4.969891189415156063e+00 4.377221558360365528e+00 2.667070384980875231e-01
5.378152184327296137e-01 3.678915739601634094e+00 4.177300877400237589e+00 2.710049214793378569e-01
8.750388547675803652e-01 6.165152280930758621e+00 4.038742690623463361e+00 1.712321269745301633e-01
6.075754826452921531e-01 6.165878949565935407e+00 4.550331610688771455e+00 3.009658373905672035e-01
7.397545957650191184e-01 3.932434841617218346e+00 4.236988287426543209e+00 1.856019044709530941e-01
7.058821294546673286e-01 5.676913822929529729e+00 4.085500048012958629e+00 2.132844128705764508e-01
4.762244020623833674e-01 2.608305335637790101e+00 4.142120579095233346e+00 1.610156954659219541e-01
6.218597923719038079e-01 4.992844795711495642e+00 4.397736976870381120e+00 2.480504295811803150e-01
7.808182521965636447e-01 5.536567922072971548e+00 4.129794352421216175e+00 2.049657095078970537e-01
5.651486696268300802e-01 4.433066526277809061e+00 3.887082514466506211e+00 5.656306245466161675e-01
4.464696403895974663e-01 7.161125828666531135e+00 4.372661215365834408e+00 1.999490755578733348e-01
8.766517930387999202e-01 3.286636900937870642e+00 3.392467319924503233e+00 2.486182379096833761e-01
5.061480129404155592e-01 1.333807649054427635e+01 3.796537744237702405e+00 3.020474304652657760e-01
6.174363042440101923e-01 3.963260427386476437e+00 4.041658142472421389e+00 3.343339139796471238e-01
5.840544507241743899e-01 7.628620801466242440e+00 4.655938070155244191e+00 5.106330741421096775e-01
1.055667902099249211e+00 3.560867684687756274e+00 4.582852679386695272e+00 1.946435015747904895e-01
5.721775245267330945e-01 5.472016729695114989e+00 4.253017443392015373e+00 3.171451799635786051e-01
4.914565595921078778e-01 3.683715479555351724e+00 4.698703595666032129e+00 2.977064313684840702e-01
1.124926792838861767e+00 4.083792635052033937e+00 4.158615067073100136e+00 2.342272536817205375e-01
5.927767667879232372e-01 4.384877761546535524e+00 4.068944854080329243e+00 3.127241668787630324e-01
9.698217027386324407e-01 4.081336205193483835e+00 3.945732520737127658e+00 2.743245919532669719e-01
5.165395044398228830e-01 3.138375457519199330e+00 4.108926643156751268e+00 4.255145355733062074e-01
6.642314438687099143e-01 2.975330132245420423e+00 4.236591245925678706e+00 2.292642253903315885e-01
5.061555842418320461e-01 5.248842607257085291e+00 4.264918333321417343e+00 1.805891802782410016e-01
7.852524532940202695e-01 7.625920673818842310e+00 3.914349379087608938e+00 8.811209418500537405e-02
4.769000865769963959e-01 3.707153826034809807e+00 4.103021796834406487e+00 2.263545362784186998e-01
4.541058906235445058e-01 6.208032673526607148e+00 4.202249217232723488e+00 2.378692429973675582e-01
6.701698405419753701e-01 6.976872874723523132e+00 4.118980479887239809e+00 1.595881404343845178e-01
6.480861623828670925e-01 8.352710546565395688e+00 4.226394096582136939e+00 1.900533553454330504e-01
7.211883453239879005e-01 3.165870771014213769e+00 4.487671509864124886e+00 1.718084260605057534e-01
6.092442737413846787e-01 6.589993513914135015e+00 4.157324361075430907e+00 1.991660316458828683e-01
6.390358019511012122e-01 4.402302830999620831e+00 4.173716878836305710e+00 1.431225971633075522e-01
6.093955984540705417e-01 3.268215761541196862e+00 4.034422741113494304e+00 2.095309388327765143e-01
4.581243012362475886e-01 9.352070684470165318e+00 4.174856876790992821e+00 2.788512319410951790e-01
5.119360334192420980e-01 8.957132611789303311e+00 4.096041659796402890e+00 3.701359314279453749e-01
8.634981660291790595e-01 6.614942146535963019e+00 4.380010183742952812e+00 2.473607142931898983e-01
6.416683175186833621e-01 3.666804202764029519e+00 4.232345612973733573e+00 1.889116764295077633e-01
6.904898052370826989e-01 3.986410301932810540e+00 4.105562767419344894e+00 3.030680670687061484e-01
6.169755061593554801e-01 6.728067163776965565e+00 5.042757934654644281e+00 2.526032063410783013e-01
4.336448744192537008e-01 6.227431263577193121e+00 4.557565382426603584e+00 1.651689110030291063e-01
8.041508971492512536e-01 2.636528440039449972e+00 3.911902116980988442e+00 2.350040581547726548e-01
6.489515274446613358e-01 4.761057552959345074e+00 3.770159685870585697e+00 1.433425121840315453e-01
5.577697881205784247e-01 8.120324708256086765e+00 3.851742164107899935e+00 2.168840988653454593e-01
7.785278154617820690e-01 3.596878278963491660e+00 4.130023040493411735e+00 1.712800416557862249e-01
7.439436015306190031e-01 3.202692954040196049e+00 4.560833806880910224e+00 2.503294343161596158e-01
6.910112739829219475e-01 4.242911755797051931e+00 3.728851462913758574e+00 4.257462847382939564e-01
7.407111937759167652e-01 2.963717338859353845e+00 4.426004673951972279e+00 1.442565575037004777e-01
6.299912215781194869e-01 3.458280187513941062e+00 3.951163566248612646e+00 3.982191884260817272e-01
8.051645055818669183e-01 3.795322600236426425e+00 4.591896989747454860e+00 2.499297267122848609e-01
4.900790858443719866e-01 4.721464089328581970e+00 4.324104356924963533e+00 1.923266077711278665e-01
7.927818365701017056e-01 5.094174043667103469e+00 4.272397405447256880e+00 2.292409576032552743e-01
5.222482605536304945e-01 7.159278599944375543e+00 3.515121666741381823e+00 4.361920304282453920e-01
7.078941176999407059e-01 4.517732303396252647e+00 4.151020937284092049e+00 2.083138207633298544e-01
6.234385157928288290e-01 5.454386059896339844e+00 3.637012349242278564e+00 2.705306458907111300e-01
5.107280033204651959e-01 4.413103992957206678e+00 4.314036494966325463e+00 1.506837941211332521e-01
5.683217410317055185e-01 6.266549937079014754e+00 4.132922607287517813e+00 1.571192768996849676e-01
5.678952675940217576e-01 4.834351336073115846e+00 4.312396559754306580e+00 3.413211256671323524e-01
5.967131270346326399e-01 9.509045187239534513e+00 4.124442709622423209e+00 3.440173830629673080e-01
8.223307430708040044e-01 4.979283699732906854e+00 4.712430131783834852e+00 3.743267935847447991e-01
8.125466885427832242e-01 6.996203761600339632e+00 4.318799658367079353e+00 1.834178710701121762e-01
5.190788446719597493e-01 8.152037703283639303e+00 3.759147763740693371e+00 3.509217158149474103e-01
5.975707876654807738e-01 5.731972704412878095e+00 3.785624065702049457e+00 2.103065126721205824e-01
7.170116645617549134e-01 1.069369894987988268e+01 4.049964458299069925e+00 3.193318306625465008e-01
5.320601925457753012e-01 9.884392974489594863e+00 4.713042872199839195e+00 4.449732962425806404e-01
6.326628901727811005e-01 4.945734409670970777e+00 4.093809110013022057e+00 2.035260138925191753e-01
6.965804469871044180e-01 3.100931172527457313e+00 4.468842196426279223e+00 2.709920597528407415e-01
5.814875621538807549e-01 4.996463363219254106e+00 4.216400250462726262e+00 4.727796235490827059e-01
6.052236870387164291e-01 5.377539585721897275e+00 4.097250903760739860e+00 1.638458052746055715e-01
5.427625393822449462e-01 5.844269501306385450e+00 4.159063107163748718e+00 2.815945590042792102e-01
4.640685074710999558e-01 6.898224280322975410e+00 3.650444440317713202e+00 4.288930501800267692e-01
7.075684881025704476e-01 5.855422056353698501e+00 4.331199066398528252e+00 1.547289631721714964e-01
1.026663179333022535e+00 5.710532228438907509e+00 3.598862022061146249e+00 3.102021144516379225e-01
5.355353777316324004e-01 8.183817727137988385e+00 4.142993740524182122e+00 2.062518566314820445e-01
7.067455157190191128e-01 9.712969906354894434e+00 4.427038417796591574e+00 3.427845838856724003e-01
7.375810932362082406e-01 8.293735144803719095e+00 4.063466198827924813e+00 3.419043673095424896e-01
6.434919933874205800e-01 6.075449272715256477e+00 4.384297060992390804e+00 1.743581107561222865e-01
4.924935526236075001e-01 8.412108903020623529e+00 4.599988138928009285e+00 3.479658706753006592e-01
7.299173776369238809e-01 7.266349860176926967e+00 4.388045354833086442e+00 1.731621587314776944e-01
5.283045727684422266e-01 8.654430028376600248e+00 4.065375432140799106e+00 1.266466696135988279e-01
5.780307931800781063e-01 9.372578050818988871e+00 3.394955372878785127e+00 4.973606015592347829e-01
5.009070224778660041e-01 5.860669554667294001e+00 4.204889918552303207e+00 3.167086446301247138e-01
5.329488531421319175e-01 4.629627916793387143e+00 3.981573335848707540e+00 3.050576558632350777e-01
8.869745568450102535e-01 4.893121519332355618e+00 4.258670029378695432e+00 1.593430899864000660e-01
6.309298145398958280e-01 9.154834991555194534e+00 4.163070643522623016e+00 2.525523086652476934e-01
6.682253446841595057e-01 4.565969536933057960e+00 4.200113915591941804e+00 2.042176868301683879e-01
