# 500 (alpha,mu) samples from hierarchical MCMC for Bepridil + Kv4.3
3.095642667507114698e+00 4.867151755113531486e+00
2.457122285486298185e+00 4.860992471796961922e+00
4.228576018099062139e+00 5.127049371117533560e+00
3.372926321522625059e+00 4.896593360326470190e+00
3.133699893144178183e+00 4.259787115027028115e+00
4.641264566379295076e+00 4.807911764562430967e+00
4.129309648936460242e+00 4.897876699700214331e+00
3.839477382558616370e+00 4.599602284482538828e+00
3.208399135740367392e+00 4.748084406861716289e+00
4.047528304371780905e+00 4.849664352002463374e+00
3.256007883857232166e+00 5.060927410740157839e+00
3.420299536371389504e+00 5.024252264490977282e+00
3.136463428935423181e+00 4.760700535451635851e+00
4.015673438444849808e+00 4.805761211772733077e+00
4.394105306212205520e+00 5.358225756911775051e+00
3.707323132148858669e+00 4.208641299910104827e+00
3.581276992838048567e+00 5.285101222170003332e+00
2.417762469354826305e+00 5.184488090925944093e+00
3.687457070962943728e+00 4.884012482773627539e+00
3.944062380834103099e+00 4.863584529908084875e+00
3.175110593823804894e+00 4.680357277793854465e+00
4.311923033846484898e+00 4.705551725297271837e+00
2.973510087100332377e+00 4.290843805245933673e+00
3.492153342393206295e+00 4.929180745791298612e+00
1.983165775623444649e+00 4.803262900409577263e+00
3.535654080923182896e+00 4.766744690398168949e+00
3.070943411878682472e+00 4.377623927370874135e+00
3.286815789657044906e+00 4.845445888462007744e+00
3.143110826046919826e+00 4.509314697675435468e+00
2.619776780467244492e+00 4.780292358268544817e+00
3.554346414809720578e+00 5.010952580929704858e+00
3.632616079761538774e+00 5.166774272759200315e+00
2.785367132638100429e+00 4.741108443215142465e+00
3.093661108327485643e+00 4.889850852948466553e+00
3.359257343408592167e+00 5.130163685509693927e+00
2.650877076969170076e+00 4.741247438805979542e+00
3.896479309139996516e+00 4.501908997359566733e+00
2.750051737583938838e+00 4.844099266662219350e+00
3.734830636326559095e+00 4.617590232854287713e+00
3.309095279100009890e+00 4.415886042443566417e+00
3.336096606380666962e+00 4.871271634338357082e+00
3.171072190044456285e+00 4.582149223562047347e+00
2.509975747090998688e+00 4.639905669220114603e+00
3.253899990618173810e+00 4.653720935302257722e+00
2.679862645940239929e+00 4.413850950593708689e+00
3.553018560167867435e+00 4.879713366207962366e+00
3.920028133286009631e+00 4.976662346661148817e+00
3.042920426465345773e+00 4.887859392919963852e+00
2.791732432456918378e+00 5.146644041865077845e+00
3.123060200185676205e+00 4.673685453870897177e+00
2.994285249924986569e+00 4.727772285670678087e+00
3.969590717680960612e+00 5.011914117735497776e+00
3.802235671679400131e+00 4.749324628868905052e+00
3.157381027046059163e+00 4.718015873413847316e+00
3.785383265124762531e+00 4.925938712550814280e+00
2.557927738003381801e+00 5.030170899335196566e+00
4.160407709312123004e+00 4.928195366648749243e+00
2.996723378353010947e+00 4.391778214537623626e+00
1.992517932981140882e+00 4.434716397012878453e+00
3.593355962802034398e+00 5.106231744643853432e+00
4.271822156795019865e+00 4.924015378844591062e+00
3.893533308121784664e+00 4.966248607422692807e+00
2.783291684220695394e+00 4.665597473307363963e+00
3.460641426106652929e+00 4.909346084641879493e+00
3.491878370570442147e+00 4.864725083640920822e+00
3.418592386532082195e+00 4.773173924740081731e+00
4.038499036661440833e+00 4.834843017381190933e+00
4.387520511306753690e+00 5.277101697294574123e+00
3.451409269449082107e+00 4.374648234268622815e+00
3.524505547410755391e+00 5.154211571152520932e+00
2.183158700195501289e+00 4.449922921810779641e+00
2.800798459519959760e+00 4.341611994437897692e+00
3.254463270661214214e+00 5.288387356604548728e+00
2.790169228513767141e+00 4.982924980659325875e+00
2.626774643163996004e+00 4.997175644103480252e+00
3.240782933115342157e+00 5.091066586714606323e+00
3.889442351247421215e+00 4.804092778973802602e+00
2.799833413574610574e+00 4.808606523395321908e+00
2.433149147543371971e+00 4.075281151259439127e+00
2.572372985048083649e+00 4.227279666455732610e+00
3.508299741808489802e+00 4.885955532029599979e+00
3.906127532366738375e+00 4.914240906633750683e+00
2.611605798474158302e+00 4.715539302623849238e+00
2.810546819554692988e+00 4.457151662893203969e+00
3.283236023146967053e+00 4.832298023284876010e+00
3.494448499180454970e+00 4.675617097932247113e+00
3.442875114859669239e+00 4.774325480919502596e+00
3.032926980290578722e+00 4.981594987047150980e+00
3.459068769626324258e+00 5.126050980983062999e+00
3.363224685864228292e+00 4.659168432019601624e+00
2.632296521913463749e+00 4.919275299604521479e+00
3.721355953693549434e+00 4.843384627582974389e+00
2.565689700783032823e+00 4.844388469220441529e+00
3.306589797014103826e+00 4.944832151825524491e+00
2.467111125197872123e+00 4.690162674478138172e+00
3.378884044344124149e+00 4.687165548574440344e+00
3.062484228096075345e+00 4.702012225990815253e+00
3.779378793587602647e+00 4.551073988041499874e+00
3.387722002817760369e+00 4.953110609419280053e+00
3.408647732495183824e+00 4.521388244912079024e+00
3.419667786018800726e+00 4.626478431518598278e+00
3.345304422969161973e+00 5.338460821975425041e+00
3.491237859198799143e+00 4.942374373932862497e+00
3.921221415657265563e+00 4.776181655397119918e+00
3.654332986752772960e+00 4.829461955417681196e+00
4.064829775333982376e+00 4.855510786509437793e+00
2.814414165480611629e+00 4.935308958724659689e+00
2.445635547227314355e+00 4.926496505655359570e+00
2.846527168019505005e+00 4.124356155133442670e+00
3.628942301964261485e+00 4.694971997941368436e+00
3.144834931508377451e+00 4.859858881524790064e+00
3.263254138597149190e+00 5.018008213510880111e+00
3.513875608105795134e+00 4.415812720968530947e+00
3.398534468445548296e+00 4.691295975347241409e+00
3.189114988324638134e+00 5.007358828639373094e+00
3.364429968568630969e+00 4.625013050077522614e+00
3.604595607902183474e+00 4.377379313338337852e+00
3.653243512797800019e+00 5.663973509872236356e+00
4.555397228376755869e+00 4.871284327919579660e+00
4.206832883267982659e+00 5.163599776796110596e+00
3.394071281486107594e+00 4.914333378183249224e+00
2.566695980964469381e+00 3.951799831278009822e+00
3.453734480357775638e+00 4.641953177600358416e+00
3.653933321620029595e+00 4.710474409358371695e+00
3.152057669147019681e+00 4.643459903651293352e+00
3.345267334187917996e+00 4.941043678135298656e+00
2.869094846587304293e+00 4.644373210018733822e+00
3.282102405996806915e+00 4.623381987093726941e+00
3.432097832328565801e+00 4.805958715437505191e+00
3.846104077595707160e+00 4.492148791691555232e+00
3.447890470970651045e+00 4.999973970289772751e+00
2.675270554969811698e+00 3.998653057365178842e+00
3.324669528314683209e+00 4.896788221498062477e+00
3.240095410007205690e+00 4.815672961559399390e+00
4.961196879233466639e+00 4.910652845238174358e+00
3.337462815710311670e+00 4.886122906147927658e+00
3.408454621638287385e+00 4.574255338008653027e+00
3.151073333231493745e+00 4.450035476996798245e+00
3.118505037708509953e+00 5.015716601678954056e+00
3.218559531318384792e+00 4.841029823108159214e+00
3.506755995660807201e+00 4.965862184352073605e+00
3.342827958407617928e+00 4.690600669112785504e+00
3.831963047146707435e+00 5.095008184853477395e+00
3.077965421130889556e+00 5.064528349988923317e+00
2.626312463924210139e+00 4.762717133449467788e+00
3.824825523070501276e+00 5.107810922292610023e+00
5.357434162192178384e+00 5.091910636661165945e+00
3.800974728472862552e+00 4.513500941027538182e+00
3.583691330892571081e+00 4.584165849698473849e+00
3.816057938334719513e+00 4.844299823693668294e+00
2.739630661629157693e+00 4.861983232672081101e+00
2.323566074538117032e+00 4.442118762221986650e+00
4.368039188418564756e+00 5.053449580634437055e+00
4.195219402894775129e+00 4.647436858451700736e+00
2.979115287353346186e+00 4.840364699167833962e+00
3.703168612386343206e+00 4.841897156763527832e+00
3.746558046768007078e+00 5.076638242529399214e+00
4.821941528204296112e+00 5.172379492615180929e+00
3.122691035131996085e+00 4.611126091058039833e+00
4.025030980515186485e+00 4.875971320757435556e+00
3.511919306548925590e+00 4.763078670635106704e+00
3.020551551697050474e+00 4.799101282818821979e+00
3.730487703251963438e+00 4.542251870146597703e+00
2.815521848752732925e+00 4.689866531074929235e+00
3.429861412444878077e+00 5.210726725061586073e+00
3.622516248072998657e+00 4.558309632229017083e+00
3.128007339503651618e+00 4.772548223184776894e+00
4.457218937747855492e+00 4.601872967108284307e+00
2.846886474877950768e+00 4.817351399018423130e+00
3.939635025900025234e+00 4.853169081010217489e+00
3.687037358851445568e+00 5.022349666785308919e+00
3.318625059674045197e+00 4.657774765081581947e+00
3.669089742684444211e+00 4.720910900962895340e+00
3.007980294984147207e+00 4.422032823850022609e+00
3.331034732540000931e+00 4.780941583079600932e+00
3.286950523231165988e+00 4.684333663503045919e+00
3.254681981262246726e+00 4.868321679549179493e+00
3.277079185461290400e+00 4.977454646325521814e+00
3.550429670852988107e+00 5.086677877502645551e+00
3.380705256289459282e+00 4.772472955870820321e+00
3.612640261744083592e+00 5.401892002414722782e+00
2.877209966206831115e+00 4.727107643753534205e+00
2.663911278530548099e+00 4.636225508075177082e+00
3.520198420992526778e+00 5.202481509463671827e+00
3.325459696471469329e+00 4.709619879804111342e+00
3.256029549310840654e+00 4.612978139840899772e+00
3.345880954950895436e+00 5.195445976821420508e+00
3.110928520209641057e+00 4.530543171470656993e+00
4.022153178970762077e+00 4.536188561199733016e+00
2.875915147293931273e+00 4.049779591007768964e+00
3.567478930612562049e+00 4.784741291766004601e+00
3.716573378038069198e+00 4.476331684707751890e+00
3.485522847249117540e+00 4.778997890533224435e+00
3.285237499942866179e+00 4.708144318679281959e+00
3.134051959861961389e+00 4.658761748363272837e+00
3.885078074646129753e+00 4.638582161510180768e+00
3.378636488332262822e+00 4.714145399568153927e+00
3.261576550274406294e+00 4.871629285967782330e+00
3.054305045589460033e+00 4.782579144449304209e+00
4.189646905666738697e+00 5.119755702028910171e+00
3.454311614355353832e+00 5.099349073109682884e+00
3.307973344992982234e+00 4.642495010063820260e+00
3.205789494375598458e+00 4.708077520061938692e+00
3.145389124038169282e+00 5.270211339751555535e+00
4.078306856752590193e+00 4.468778613253388876e+00
4.637694021334198169e+00 4.837918194080317313e+00
3.649650569013118684e+00 4.831628282891113457e+00
3.423306408300410997e+00 5.036923914598437690e+00
3.363904558349450014e+00 4.789885305946222971e+00
2.738422901938352361e+00 4.657461935382777085e+00
4.003478826943483782e+00 4.426269812868011577e+00
4.125211599574414301e+00 4.713402314373715818e+00
4.015673438444849808e+00 4.805761211772733077e+00
3.102251921716128624e+00 4.834163316213637707e+00
3.652446817548859137e+00 4.662627285757218409e+00
3.406237414004667841e+00 4.292994436371882827e+00
3.836291291634747580e+00 5.006136617591594451e+00
3.105617947515746380e+00 4.784826399192747104e+00
3.262116841775225318e+00 4.811312621165420467e+00
3.329052484700806502e+00 4.638629451175826368e+00
3.439296997315102189e+00 5.073426908168092275e+00
3.415834350697014354e+00 4.918323892951710796e+00
4.147946444711078762e+00 4.836391090002893911e+00
3.660049227524590165e+00 4.804196449407945657e+00
3.416334337947289690e+00 4.685509678398076083e+00
2.678166538817172260e+00 4.168350115130318834e+00
3.234381414783583875e+00 4.921208180781799335e+00
3.356694094582340693e+00 4.316351827836088617e+00
2.843518406872454829e+00 3.936247923149517547e+00
2.795266455477108725e+00 5.132192600040507813e+00
4.471306560104014061e+00 5.099101890815212812e+00
2.382450645549841983e+00 4.507664597963040976e+00
3.065119202855898006e+00 4.700875699684058162e+00
2.735173598360350677e+00 4.928802321238046069e+00
3.774471403160097882e+00 4.974767477483557521e+00
3.174630066060334599e+00 4.646973848213924008e+00
3.073689012370967699e+00 4.965874765880414543e+00
3.389940104134394616e+00 4.741279331710823719e+00
5.636923309716102004e+00 4.977297322843496907e+00
2.294966957349348302e+00 4.697593126361150340e+00
3.293587200945862659e+00 4.945105952984844677e+00
3.438271116179153708e+00 5.146246945151603747e+00
3.018056321253026031e+00 5.086148808971509006e+00
4.014490571199015534e+00 5.039633214197209554e+00
2.756627789366685732e+00 4.823185809399415547e+00
4.292152713753853099e+00 4.641551816459266178e+00
3.993464577934941140e+00 5.169485564517009912e+00
3.881551430026473071e+00 4.763090551063348776e+00
3.514864751570028201e+00 4.997864644717143534e+00
3.235440393714986929e+00 4.984107923801696316e+00
2.714521873132957452e+00 4.397868499795398733e+00
4.572646548998142713e+00 4.523853009564728467e+00
3.586978077440662105e+00 4.514453148216841960e+00
2.952394550585550892e+00 4.964230784655041084e+00
2.977225321320744911e+00 4.877401520637398846e+00
3.460311671708938164e+00 5.005113177848108386e+00
3.177417416447775089e+00 4.628520924433510153e+00
4.148429261436957560e+00 5.297068011969814805e+00
4.265504211610458896e+00 5.081129540997324945e+00
2.971534818226599484e+00 4.926396092927507020e+00
4.578626233794720335e+00 4.780979122745854681e+00
3.172218069085404490e+00 4.593606783826547080e+00
3.159235043860203263e+00 4.628623603796536479e+00
2.944231926726555315e+00 4.963942404859436941e+00
3.844353008153168272e+00 4.897727160656173417e+00
2.971256582382353351e+00 4.620133428323104141e+00
3.569536862099695007e+00 5.175720679241134548e+00
4.170834179030844524e+00 4.761970491067242683e+00
3.771204748998661316e+00 5.030189121636069238e+00
2.975866142329672837e+00 5.447502187540975704e+00
3.475056965806591958e+00 4.793689379510895243e+00
2.783112232576254730e+00 4.546081359951542389e+00
3.131449356686232033e+00 5.214969080317146677e+00
3.429877071333978567e+00 4.782761326691225889e+00
3.573418676982482722e+00 4.612211263003761275e+00
2.654157972579533009e+00 4.135757455316221076e+00
3.045087438818980807e+00 4.707409250277877710e+00
3.488592775105504362e+00 4.861370912834119373e+00
4.084569391744435229e+00 4.746996844443486019e+00
3.465036838327284041e+00 4.824831683135279548e+00
3.588681858596655339e+00 4.961119980085844539e+00
3.693806754525867042e+00 4.986985016990662878e+00
3.467876013867755347e+00 4.983903371909151225e+00
3.213472403189165938e+00 5.086390885520880367e+00
3.048130995102380059e+00 5.160620717348933795e+00
3.121018841862580828e+00 4.915028234600318235e+00
3.232082135287894342e+00 4.507370252724280490e+00
3.196595776959541446e+00 4.815463857443667450e+00
3.922121158419697551e+00 4.454906969064650113e+00
2.759872876760956828e+00 4.608137027786896489e+00
3.315357316862117543e+00 4.908262052971716471e+00
3.465104150786099790e+00 4.969204685330985249e+00
2.694418713896839179e+00 4.921441517741807381e+00
4.017109317024405435e+00 5.123727273621179634e+00
3.155816382510671314e+00 4.540820151731625565e+00
3.175543037721011874e+00 4.925775893844387632e+00
2.743091747600167274e+00 4.571689044069185748e+00
3.158396226125584239e+00 4.620322186382129992e+00
2.748423252037841547e+00 4.548289892268866375e+00
2.992250750343451227e+00 5.060031870583263647e+00
2.103622652078539712e+00 4.950787133258319983e+00
3.376920760833380886e+00 4.571076315388758360e+00
3.860920293512675627e+00 4.597143089501106950e+00
2.834679484538513261e+00 4.986824435858689064e+00
3.838643837254177349e+00 4.466506578257082971e+00
3.609901141642621880e+00 4.963478607930598585e+00
3.049907614274183665e+00 4.693769627605687944e+00
3.722516290928984173e+00 4.724123632988019850e+00
4.020619455663528186e+00 4.972357220215874563e+00
3.764987782678323569e+00 3.678271751325638217e+00
4.287129252350641906e+00 4.683240707382871015e+00
2.985762604433741974e+00 4.837262201585770249e+00
3.443764841636046903e+00 4.303909201641299198e+00
2.265987389315222700e+00 4.802408531714237760e+00
3.084882136872373337e+00 4.217872954414866093e+00
3.845298557685083995e+00 5.008059287945439308e+00
4.119649610730061084e+00 5.170927749001046791e+00
3.534785703973267523e+00 4.729777982683885718e+00
4.211391956799038994e+00 5.146643910172815417e+00
3.893936305005158083e+00 5.012785691843889779e+00
3.358683180128040568e+00 4.722336186141564696e+00
3.254307557447120303e+00 4.939890781335306791e+00
3.010124677539425697e+00 4.831275901841838305e+00
3.206308461206568872e+00 4.207004965014924380e+00
3.711359256000629436e+00 4.807175195868433448e+00
3.191784539838157464e+00 5.168808966112297121e+00
4.666672452488354494e+00 4.886388358941168519e+00
3.014207456757982850e+00 4.875390036021410189e+00
3.172870420638534306e+00 4.370333876409512541e+00
3.847337935002963505e+00 4.572364785903531903e+00
3.823166084022094680e+00 4.878520133597381125e+00
2.565439120477826851e+00 3.811395816027429273e+00
3.817060086616566483e+00 4.587578129589234166e+00
3.491014323806340691e+00 4.304902589850095218e+00
2.677462466125091201e+00 4.764340845100888622e+00
2.800307677046137478e+00 4.431272459677019881e+00
3.958603263040683995e+00 4.767579524770780175e+00
4.758766961333932954e+00 5.266525200262179851e+00
3.620730900118517059e+00 4.954389354982143168e+00
2.975052823210488917e+00 5.007813328694555643e+00
3.805124397146404380e+00 5.481017779170184845e+00
3.099186802311950650e+00 5.009205345655436403e+00
3.382228329417807711e+00 4.977204329354274925e+00
2.527557086821283328e+00 4.853976327414496694e+00
4.093758144164707069e+00 4.597973368794195714e+00
3.198230171893635454e+00 4.433788363731121507e+00
3.052181102628170883e+00 4.511528716135474681e+00
3.507718125476631421e+00 5.054843948164562839e+00
2.911712826613582550e+00 4.979149002573322491e+00
3.185816418945396133e+00 4.451175091702321396e+00
3.934833797766230656e+00 4.924460934744870677e+00
4.209252339257611553e+00 5.045635574686275326e+00
3.184352226385716023e+00 4.535760846042609096e+00
3.158396226125584239e+00 4.620322186382129992e+00
2.996083229043845719e+00 4.938508880104476084e+00
4.147467424606392505e+00 4.566899750292338744e+00
4.129670723721782899e+00 4.993818104341534614e+00
3.586087374110024317e+00 4.466201817982714317e+00
3.666034935558844854e+00 4.979845401389651371e+00
3.416812443001620458e+00 5.078264806008127685e+00
2.711831621969539086e+00 4.622118191669956744e+00
3.442670630971261581e+00 5.005453812098239474e+00
3.907147409864538012e+00 5.139876218927327933e+00
4.258347300495384680e+00 4.460499596585589366e+00
3.591517779149813183e+00 5.259454368640898103e+00
3.473881670381292697e+00 4.431185016103210472e+00
3.774927551914056600e+00 4.800368455463759787e+00
2.469668098366610387e+00 4.916966006083328011e+00
4.067352859920180030e+00 4.921438004604065775e+00
3.166657404709881884e+00 4.660951513908221600e+00
1.817134539915171265e+00 4.644817486411516150e+00
4.174036328768755411e+00 4.871231402530150412e+00
2.795365149032221552e+00 4.414685812557333833e+00
2.986300878121229463e+00 4.693973489870923110e+00
3.121079788502360675e+00 4.892901466659400178e+00
3.073510411816875898e+00 4.957657854032674116e+00
3.631076774840834798e+00 4.853380965741937558e+00
3.519156330749196648e+00 4.768121260247061066e+00
3.169807501414047657e+00 4.505135969491240289e+00
3.261941975406633887e+00 4.623840090645352952e+00
3.401391376783095222e+00 5.259294697523703377e+00
4.312145663635202020e+00 5.007666569208295115e+00
4.221334750671647207e+00 4.983015546936734097e+00
2.767201905666806461e+00 4.746565878602031496e+00
3.029569756930408975e+00 5.075764989935991345e+00
3.278236568758491565e+00 5.141350685809157994e+00
3.387862648902517648e+00 4.693866075702462837e+00
3.804976081353294681e+00 4.573876576349075407e+00
3.195135212236783762e+00 4.654178062170588603e+00
3.856221542596127705e+00 4.846013527593886927e+00
2.384924696944075606e+00 4.145989892788703557e+00
4.237700077677596155e+00 4.621709283890610642e+00
3.085480708669519512e+00 4.601283280867884073e+00
3.034650825466624013e+00 4.474864462722911718e+00
3.209211060176488051e+00 5.202886957422739655e+00
2.166928584664860047e+00 4.497970138103431381e+00
3.854300821005130828e+00 4.963920916479958478e+00
3.932068909126918754e+00 4.594513855855859141e+00
3.106202631926898050e+00 4.615416332957751777e+00
2.859544008665550141e+00 4.676500363277398264e+00
3.003380479721583285e+00 4.937758633911688122e+00
2.199010971261947223e+00 4.697498333717355479e+00
3.564210075365670249e+00 4.904359430538114850e+00
2.706344070654899348e+00 4.075241365941876026e+00
2.000253893083391965e+00 4.788564755814525675e+00
3.087068705553322356e+00 5.023378947848382126e+00
2.032278604491312812e+00 5.337427306063837307e+00
1.502724591962294909e+00 4.050503467534892543e+00
3.552494458316396653e+00 4.911367886244093484e+00
3.458769421717604153e+00 4.489172796706398572e+00
4.067810978343210593e+00 5.036658766122804387e+00
3.144869594863842988e+00 4.525041179243231682e+00
2.712165201238205814e+00 4.546121903941084952e+00
3.045890593551671355e+00 4.796001541961581793e+00
2.330980058696095814e+00 4.767340880271538239e+00
3.695185419790492976e+00 5.052758771863691045e+00
3.449070275968816102e+00 4.884504773337702055e+00
2.330378514627121866e+00 4.695154772491460626e+00
3.114324563101272147e+00 4.825650136857936090e+00
3.081281124784663650e+00 3.962960842739066791e+00
2.911053298865753369e+00 4.451527905749057545e+00
3.061919057483065920e+00 4.969027608045871958e+00
3.401116114823492520e+00 4.481833891838384432e+00
3.295846480276427126e+00 4.792699109965173676e+00
2.972446475443718761e+00 4.518100459499911459e+00
2.043847847948130347e+00 4.962089904604655821e+00
4.081456698912459657e+00 4.966359094784460027e+00
3.366526936275343829e+00 5.024398854249066737e+00
3.519815576484448538e+00 4.564033109215404949e+00
3.647945929247218277e+00 4.844369783354140147e+00
3.769480852995623632e+00 4.561237148175758094e+00
4.162220699116812028e+00 4.749902240639801931e+00
2.678930169208907142e+00 4.853619324233219956e+00
3.159150608404219351e+00 5.449859681152886992e+00
3.333611680135252886e+00 4.504500849517358851e+00
3.193426503518321358e+00 4.842813769208204278e+00
3.812583288415437366e+00 4.852737384655112507e+00
3.491082767158905753e+00 4.965771207095493800e+00
3.716480794876067861e+00 5.025097456625604586e+00
2.280967793899080664e+00 4.307374991246677887e+00
3.677542915282496327e+00 4.785741484432529447e+00
4.154208556763864024e+00 5.066470911290793744e+00
3.578293834072379997e+00 4.700177305478474565e+00
2.774383503933234518e+00 4.477399607718705710e+00
2.429499520295259618e+00 4.853243530687688434e+00
3.014107976146326973e+00 4.914114136018160828e+00
3.730487703251963438e+00 4.542251870146597703e+00
3.539876178931371964e+00 5.035720549881958163e+00
3.408238300163906054e+00 4.331644242982933157e+00
3.516874856280057582e+00 5.166480123238460287e+00
4.236601275195510219e+00 4.509964777921288359e+00
3.246405310353759344e+00 5.093221523851512167e+00
2.746539241378874063e+00 4.331792586834069425e+00
3.245752326106307262e+00 4.136660160569880063e+00
2.747999318631981769e+00 4.655168301965677102e+00
2.566924273291149916e+00 4.187811596244715773e+00
2.890907596132876289e+00 3.886687481048932913e+00
3.878438147417163862e+00 4.611986571944062696e+00
2.804721829337023298e+00 4.474897956354594086e+00
4.155481212952367720e+00 4.078994885452395636e+00
4.292367862420619851e+00 4.911090468644039753e+00
2.286589319328103720e+00 4.571126016430117289e+00
2.520741332612626007e+00 4.908647360887495203e+00
2.810805364356287139e+00 4.885367735026348690e+00
3.007980294984147207e+00 4.422032823850022609e+00
3.507941667462642243e+00 4.812464797246105874e+00
3.051338515650188210e+00 4.341462040910235132e+00
3.789198783173806095e+00 4.658783754377923358e+00
2.703393991154558140e+00 4.628167552915960492e+00
4.176454705175434157e+00 4.956031902941823830e+00
3.707947274485142941e+00 4.621544454137658242e+00
4.559165750840858955e+00 4.966348008127567937e+00
3.240493713389022812e+00 5.020326162019216554e+00
3.640308908801840992e+00 4.343322888523143632e+00
3.506633922347798027e+00 4.897765863423758859e+00
4.140310730647663640e+00 4.636096973962961165e+00
3.528894107942718961e+00 5.045411984008069339e+00
3.226976957222891684e+00 4.931073299851760794e+00
2.892871332827137376e+00 4.955092333388655845e+00
2.554569399588653589e+00 5.132026547411233430e+00
3.037758647714741578e+00 4.647431301136530912e+00
2.728481121715996327e+00 4.837338910506301382e+00
3.114266685078178387e+00 4.803325322119110119e+00
4.331515045121679286e+00 4.989255898943381951e+00
2.889290501091807517e+00 4.418658655710986594e+00
3.030879231878184310e+00 4.464782491159738242e+00
2.630993501157258940e+00 5.049656817180972368e+00
4.196416358471871888e+00 4.649494315168147374e+00
3.495391165755788787e+00 4.316966985320020989e+00
3.609304798549525017e+00 4.944393832499535790e+00
3.503973279241031413e+00 4.574121078695526421e+00
3.532830967436739744e+00 4.976002327659663216e+00
4.318542705234643009e+00 4.994241599193459891e+00
3.337457731869736044e+00 4.795086833791816439e+00
2.483206403015478347e+00 4.702680520107683115e+00
3.425250083825549297e+00 4.551258309084589726e+00
3.486071528888349480e+00 4.971739263876299830e+00
3.812271812347001188e+00 4.705676632654061109e+00
3.277776436064983034e+00 4.697735440706674481e+00
4.084134692104593789e+00 4.976624748343890126e+00
