# 500 (alpha,mu) samples from hierarchical MCMC for Bepridil + KvLQT1_mink
1.430175741336284556e+00 4.960358754851065477e+00
1.385122006655199245e+00 4.963727272590530148e+00
1.015083320973409364e+00 5.034072514776935847e+00
8.957681298857926855e-01 4.662753296487458066e+00
8.931939840111853268e-01 4.361447718004600738e+00
1.129671152068544293e+00 4.885646275178102904e+00
8.981570098984132944e-01 4.591260845193128048e+00
8.936873943415388766e-01 4.637431266496209403e+00
1.006795383511027264e+00 4.347398335850800599e+00
8.911845106423775809e-01 4.569848219918262622e+00
1.101656562047427901e+00 4.855209864950257526e+00
1.170991084865612653e+00 5.053317525770082419e+00
6.167178920946991827e-01 3.620314653586538256e+00
1.148329565835723542e+00 4.927117643153677840e+00
1.564182994540710414e+00 4.622981914431010253e+00
1.242805174212397112e+00 5.148541974762561146e+00
9.333191648088694503e-01 4.664038246665456633e+00
1.444653776255794497e+00 4.962902417759701201e+00
7.159559052355519704e-01 4.809414672246326461e+00
1.213923094235111799e+00 4.838835441837501250e+00
1.463468715169834011e+00 5.048848447237620718e+00
1.966954271433632329e+00 4.969717937306777245e+00
9.876148145187999550e-01 4.614852531908442579e+00
1.281350170086079210e+00 4.936191574623917333e+00
8.228818882405929402e-01 4.840201606492198216e+00
1.237750243191022337e+00 5.621887408012583798e+00
1.297796838091020977e+00 4.597481828002935700e+00
7.997894843605597437e-01 4.449084919437234831e+00
1.073657450787836032e+00 4.824841611641792483e+00
1.903611237303815873e+00 4.609140763724239420e+00
1.453215344105528661e+00 4.847563337394319660e+00
1.440565064807899809e+00 5.019954551906848472e+00
1.529633015742526858e+00 5.124177696525401338e+00
1.262541454553651743e+00 5.238642813079508187e+00
8.285883081121493410e-01 4.502344182973033071e+00
8.639100413708998838e-01 4.504855822762248607e+00
1.015945923941967255e+00 4.564248861098258558e+00
1.313858323009541529e+00 4.530758210176381695e+00
9.458981902128456021e-01 4.971087497643703834e+00
1.181222486833462204e+00 4.828572959332389836e+00
8.255880988337165327e-01 4.470228403126787597e+00
1.097789688649698503e+00 4.482476913797713181e+00
7.641539387931470806e-01 4.482124740135880359e+00
1.119217939182779009e+00 4.307295858788981135e+00
1.079473734826845943e+00 4.588792628330684131e+00
1.176026305546505224e+00 4.687702231387425478e+00
8.250244758034858128e-01 4.841116769041791557e+00
6.901833910161668806e-01 4.089746704862988302e+00
1.491409382748357659e+00 5.042155619715818382e+00
9.785191453104669090e-01 4.520093270579265798e+00
1.711290313293485355e+00 4.893759003171018307e+00
9.137405316971570768e-01 4.574836545130100518e+00
1.137849441023281560e+00 4.885328943274299895e+00
1.096115812638314368e+00 4.642231762250201399e+00
7.270768561779217265e-01 4.415711201501972383e+00
1.176151657571561149e+00 5.033104792368215286e+00
8.435281156635927591e-01 4.588372431333457513e+00
8.658836688098984213e-01 4.472934792721591002e+00
1.031767831415983050e+00 4.695465580282433216e+00
1.448065486427331017e+00 4.638790628248179893e+00
9.245540647157323155e-01 4.550070588984603148e+00
1.240713684566049579e+00 4.910278267143270980e+00
8.560264865451303606e-01 4.912454183140511077e+00
9.681484804431403912e-01 4.586525427732608406e+00
1.038428239500746253e+00 4.636685788310636269e+00
1.210288894988015063e+00 4.866073264844475332e+00
1.550408357333222797e+00 4.857993576183812223e+00
1.531682940342091959e+00 5.052325877581895774e+00
1.411836562173245380e+00 4.944664378907410729e+00
7.623027615994248940e-01 4.701781787360114429e+00
1.171664490247248391e+00 4.842333083477880606e+00
8.626782390953702251e-01 4.701394883370465294e+00
7.175533179177047138e-01 4.451679471644461650e+00
8.177106280014559969e-01 4.406675773321326872e+00
9.421526241355598907e-01 4.851820780269505917e+00
1.538757085981204753e+00 5.327455767762474537e+00
5.433092080431664028e-01 4.297368183847102507e+00
1.600196107401050449e+00 4.790521723931428610e+00
1.492305977428077801e+00 5.064547380954478761e+00
1.140491662731035083e+00 4.700280502046428666e+00
1.645098637797443031e+00 5.037463470686014411e+00
9.770818874705297086e-01 4.877621036521579967e+00
1.028266410562529654e+00 4.462024128168800452e+00
1.085146568253280375e+00 4.867936150200137924e+00
6.720018608882049049e-01 4.645155226818759253e+00
1.414771943855476000e+00 5.000599300521840540e+00
1.012344042184575077e+00 4.340592961154542628e+00
9.796840823304794332e-01 5.033820636060615250e+00
1.051783312490573108e+00 4.661045863015435664e+00
7.536939907494643043e-01 4.566303156592647738e+00
9.372575434792335125e-01 4.762071950253056407e+00
6.970010428565343030e-01 5.005246814965161661e+00
1.192991201012315372e+00 4.864666620234153527e+00
1.138891952196039892e+00 4.705194975471536978e+00
1.465017640608107907e+00 4.806376704230277852e+00
1.423112825575718610e+00 5.011539666538564752e+00
7.592281075225580933e-01 4.709550245380371258e+00
6.893864633048394364e-01 4.553470875075536384e+00
1.046819690487313714e+00 4.752648276968854724e+00
1.328144107815496078e+00 4.754186970137455504e+00
5.167478410338048889e-01 4.076588400322345151e+00
1.515349987219090089e+00 4.821879233402015075e+00
1.257777757540343488e+00 4.807922331033546826e+00
5.993064861286887535e-01 4.308066239171462364e+00
1.313053364883838725e+00 4.092129469332875580e+00
1.462922846880336802e+00 4.840736666622412088e+00
9.779737437369218078e-01 4.768514389811504550e+00
8.417220554481228412e-01 4.698404593164711152e+00
1.128854316631894283e+00 4.663107723372202251e+00
7.743052260050506952e-01 4.699435368157936388e+00
7.035939529372187140e-01 4.368969401676340070e+00
1.137544659275550041e+00 4.701339435480014650e+00
6.360625540570414849e-01 4.141242060524184865e+00
9.623166484638623341e-01 4.927585926856134613e+00
7.037013693131005665e-01 4.624806373928056047e+00
6.120600263933037022e-01 4.568028882211525143e+00
8.105103043047392486e-01 4.038504105457920268e+00
1.248503400233283323e+00 5.088679241117687546e+00
7.267382260634036584e-01 4.781818061372093531e+00
1.365390206772399972e+00 4.863474446765408743e+00
2.181458099806222073e+00 4.987009511663305972e+00
1.403641182618915240e+00 4.587067860435559474e+00
8.585640180288420797e-01 4.660991884604730906e+00
2.651311615390942400e+00 5.292715121997718875e+00
1.378535203545262711e+00 4.902846764480181641e+00
7.897785241483158414e-01 4.759444026063828659e+00
1.211060471606886457e+00 4.717869039826407374e+00
1.136316723766760406e+00 4.616411479418184527e+00
8.219179960511403538e-01 4.336923807981190038e+00
9.241573916777396924e-01 4.878122425571273624e+00
1.272401096759505634e+00 4.893972382000317367e+00
1.274652875629029625e+00 5.341448764872558819e+00
8.068924848958316520e-01 4.492350506759359874e+00
1.498527982566203676e+00 4.889376364508005501e+00
8.641752297946017070e-01 4.741834371540416093e+00
5.782740198052219727e-01 4.405065425088952047e+00
1.021891383445290957e+00 4.634445473089092715e+00
7.287538810163602943e-01 4.059882957266540693e+00
6.637130553878874961e-01 4.625342662766028567e+00
6.090798874145983977e-01 4.045735345230220048e+00
1.115536383281210409e+00 4.716211677516888301e+00
6.714677129294148727e-01 4.148244046620574110e+00
9.191561489057991086e-01 4.449261721394450753e+00
4.990167737983439156e-01 4.187152897563113818e+00
9.259625681886972659e-01 4.880827609427096370e+00
8.852106352335690209e-01 4.530912826224568590e+00
1.041300250175253961e+00 4.912478413102457253e+00
7.572166749170156086e-01 4.484527722397293914e+00
1.117347373148148471e+00 4.656580139842796839e+00
1.751106473902159122e+00 5.045579144194171306e+00
9.535685966555554893e-01 4.375323539647872018e+00
1.217927777246236909e+00 4.797280734312428407e+00
1.506936481064886646e+00 5.143937513111428217e+00
8.549472344378271638e-01 4.378766266075635905e+00
1.219231133612865836e+00 5.118826153597244577e+00
1.091208297243302372e+00 5.025811807014877175e+00
1.340660887047068872e+00 4.791038376383240482e+00
1.035165851503713208e+00 4.852004967214001319e+00
6.565156404250562794e-01 4.232909685551205392e+00
1.206998699510814621e+00 4.903733250349876727e+00
1.104737563089637220e+00 5.021771931544308565e+00
1.269510717153925716e+00 4.806327251762786190e+00
9.694326069445854399e-01 4.320230153757342428e+00
1.553513172808898446e+00 4.244210177372397474e+00
7.542547201558701397e-01 4.510912937355403329e+00
9.370740387048812625e-01 4.941803164884610133e+00
8.313245364343140320e-01 4.807937603893018164e+00
1.498940542352557692e+00 4.755210482582051590e+00
7.578862248470892293e-01 4.574211140514240270e+00
8.147437240401631531e-01 4.735555174167211945e+00
8.566634900196331559e-01 4.562006844275376949e+00
1.269438066134159326e+00 4.872970055714952231e+00
1.054514723086046768e+00 4.770839523765235235e+00
7.031959634968273365e-01 4.392765862956506062e+00
1.268462732720589070e+00 5.026886023348517085e+00
1.809056329503704541e+00 5.057109805067939945e+00
1.644451731756517709e+00 4.861661130028036126e+00
1.193001147073099233e+00 4.794295971699828129e+00
1.072300412535453384e+00 4.672891659508618289e+00
1.138601500322172333e+00 4.794482129405856163e+00
9.000186520010268199e-01 4.914423902212919693e+00
9.720796394112989347e-01 4.849055332955011899e+00
2.083947497224416967e+00 5.253329491801266293e+00
8.600686162293783577e-01 4.660694115060532106e+00
1.535960092012210509e+00 4.952417046148874569e+00
9.008898780417153862e-01 4.632057398777202906e+00
1.321689735124745635e+00 5.082023983939432554e+00
1.074409547285056332e+00 4.110739417975050713e+00
1.046210582576023285e+00 4.715091752892774934e+00
1.388834571402430162e+00 4.781121704600974631e+00
6.167911378977125603e-01 4.497237479419965211e+00
9.844969735206948735e-01 4.126532862417300329e+00
1.742143267034401477e+00 5.124856786801267994e+00
1.342196593342172450e+00 4.881850374749795662e+00
1.124428748969025893e+00 4.872110564772008878e+00
6.844589378183876249e-01 4.061239911480509335e+00
1.158803729759146250e+00 4.591347621099812315e+00
1.115282322570711138e+00 5.051939687653757893e+00
9.361877249884107410e-01 5.000944772833124219e+00
7.682013300495862396e-01 4.416839321666514273e+00
1.876628082849964185e+00 5.311115532419050211e+00
1.257268510102091952e+00 4.909818863789300991e+00
1.297750353616625274e+00 5.116628848538236518e+00
6.716898766405081656e-01 4.486855841602893413e+00
1.225258499398118817e+00 4.191797039952343873e+00
9.558602877567594636e-01 4.703658865537206246e+00
1.090686938942742046e+00 4.888293993253708614e+00
1.153750583720980050e+00 4.530384098177377084e+00
1.326613623512818307e+00 4.904292158714209648e+00
1.111813474953986969e+00 4.832242381782275942e+00
1.590132778576222039e+00 4.473224252615562335e+00
9.119746988385454278e-01 4.759133946170765128e+00
1.004081317006026097e+00 4.886951107968512176e+00
5.452231202173011271e-01 3.174542341176214144e+00
9.788843496973465008e-01 4.161390260924016538e+00
1.350214280702602299e+00 5.030534787728565327e+00
7.396537825516533715e-01 4.335813361447549141e+00
9.261965498512231276e-01 4.596304402014435908e+00
9.327603842853550153e-01 4.998413866425787333e+00
1.279862981736860528e+00 5.037439482694349380e+00
9.466331782963123276e-01 4.716176900890958201e+00
8.791406144893397778e-01 4.928856046875452535e+00
1.598743123068210981e+00 4.839985100320014944e+00
1.136032448644017645e+00 4.457122961712419951e+00
6.422978569013646499e-01 4.401062019423151561e+00
1.151422392524321214e+00 4.918909586628668507e+00
7.138711087074864903e-01 4.125723192668734107e+00
1.279372913359876129e+00 4.935596088614429888e+00
1.084539842867516590e+00 4.880280803779084131e+00
9.352795768271954246e-01 4.446137231935357370e+00
7.696816410285542975e-01 4.512908189816827509e+00
7.332219228672520739e-01 4.448835843083579711e+00
1.149360800396697746e+00 4.796901607003498214e+00
6.508455318410064638e-01 4.204937301281018058e+00
1.402665679552759004e+00 4.880390180005309553e+00
1.053911510445965094e+00 4.958101868382774668e+00
1.168311994214344507e+00 4.721214969197636613e+00
1.103477745544271471e+00 5.048191102397840524e+00
7.685727567059614795e-01 4.680327085240136853e+00
1.467055619707840597e+00 4.861050231951579370e+00
1.052324286381192353e+00 4.798713869214402905e+00
1.205765255958717308e+00 4.330632911651255412e+00
7.701071605850234869e-01 4.218642151722352018e+00
1.031865856447649499e+00 5.060279572607015552e+00
2.148723352219767513e+00 5.247439204177537064e+00
1.031528294467023210e+00 4.725249846029417888e+00
1.082111545080078230e+00 4.449284270648286466e+00
9.368097965197303978e-01 4.431627823389548304e+00
6.504960955897555186e-01 4.293733170179400815e+00
8.891932258524510857e-01 3.638599317505660569e+00
8.957785436812266688e-01 4.935361386491305069e+00
1.099418672002696384e+00 4.925733572448125486e+00
8.833844488594638777e-01 4.969799570007586098e+00
1.558625454074111127e+00 4.730843866309785817e+00
1.309907937133114819e+00 4.816457585495251159e+00
1.393212513373371930e+00 4.338710818930527680e+00
1.128947382778637376e+00 4.897413433586032205e+00
8.393927406121824975e-01 4.772975036009520444e+00
8.287000791047135495e-01 4.414342652746011453e+00
6.423513275631649311e-01 4.299202167941103880e+00
1.013110654831233637e+00 4.377805861778410801e+00
1.531682940342091959e+00 5.052325877581895774e+00
1.176921859380809510e+00 5.044383226237665774e+00
8.858462697533574515e-01 4.569542914682093837e+00
1.365390206772399972e+00 4.863474446765408743e+00
8.301683204987477804e-01 4.660998004442217457e+00
1.388114226249043570e+00 5.106569119097931875e+00
9.128936158414779900e-01 4.651695816103425862e+00
1.625637750207481469e+00 5.107612637671100408e+00
1.266394845884955878e+00 4.826781273193058830e+00
1.026432989555872144e+00 4.939381833083030138e+00
1.507407929211750597e+00 4.793229793675511274e+00
6.346342060225376169e-01 4.876636890873988328e+00
6.707360610906180076e-01 3.851625285344814298e+00
5.572454250606694304e-01 4.548424352977908036e+00
1.859658773112349284e+00 5.020715007041900435e+00
8.499275530570810089e-01 4.813926695757477781e+00
6.475669397707209951e-01 4.891253729938178196e+00
7.720715399836304282e-01 4.697237470594035180e+00
1.044033858005630533e+00 4.810058586794397684e+00
1.849769011386100059e+00 5.132540565354088535e+00
1.684468480996493600e+00 4.791995284301558300e+00
2.157084442507643196e+00 5.114727011262033329e+00
7.843140214284854972e-01 4.899392872805442778e+00
1.176007586036900143e+00 4.809621570203867158e+00
9.666342630312292350e-01 5.001358184953899055e+00
7.852171549483994983e-01 4.570744443006094393e+00
1.177611859403691064e+00 5.122398724174130002e+00
1.485087010078286696e+00 4.856456641518617445e+00
9.474760072158530111e-01 4.665522422058753449e+00
8.795965624528347959e-01 4.710146387311065830e+00
1.236781628913018238e+00 5.105789740427629120e+00
1.285631323245436164e+00 4.923606152236069455e+00
1.361536917608786812e+00 4.847130765347973380e+00
1.883263921897699866e+00 5.035534321954115100e+00
1.265855189105413725e+00 4.822393897741972246e+00
1.190711415439068999e+00 4.611882041348972727e+00
1.206129376305176581e+00 4.647960940795310414e+00
6.793974861237306317e-01 4.417970198837628537e+00
1.003583916400940801e+00 4.478206853272006072e+00
1.235286193363315022e+00 4.823277967022889356e+00
7.710098236248348336e-01 4.754278889408249498e+00
1.394197645288099308e+00 4.993998877404342451e+00
1.069740009075180964e+00 4.614877450368553014e+00
1.030997960439103078e+00 4.799886727007815601e+00
1.593935511877571320e+00 4.814785374654655392e+00
1.280197585618499945e+00 4.836375175353549771e+00
1.001834267330383721e+00 4.858157321412756247e+00
1.073220432955648285e+00 4.765850719779058942e+00
8.308664697352072803e-01 4.283052349012802296e+00
1.136814590985212980e+00 4.677765921120571768e+00
1.178217778167580443e+00 4.886735514412549719e+00
1.243709456362198429e+00 4.786007318948288791e+00
9.217529006946831860e-01 4.642070279829765944e+00
7.154328274755037409e-01 3.745488824424984653e+00
1.109269703196169798e+00 4.616857609290550002e+00
1.344940173601659517e+00 5.007868236042846810e+00
5.950771346368969317e-01 4.219444161834466911e+00
1.443806647516715946e+00 5.013049464061335669e+00
1.255778014258748687e+00 4.584762807825607744e+00
9.534555655929133344e-01 4.923933949606986715e+00
9.052598459779279683e-01 4.822375501879689885e+00
1.520534602684481484e+00 5.132669567565847579e+00
1.174556875178393689e+00 4.681620877118965574e+00
9.944247426873200624e-01 4.900421463288219037e+00
1.569228063903111758e+00 4.748889408894442887e+00
1.087132893127257249e+00 4.933037398074562319e+00
9.901519630586504972e-01 4.707399881204278103e+00
7.547910115319305113e-01 4.506990045343399309e+00
9.539789172318641208e-01 4.837997883078623218e+00
7.827151541144091729e-01 4.875309891129889550e+00
1.449386600354668042e+00 5.047440545300543313e+00
1.309549097984578747e+00 4.877723455490012405e+00
1.052343147271772805e+00 4.963491367819681699e+00
6.419792682758651559e-01 4.408105671491860278e+00
9.815332618022175604e-01 4.692522602877841287e+00
6.594814429628435004e-01 4.443817410795734446e+00
9.372607227683285025e-01 4.572951524407712576e+00
9.158672600063424429e-01 4.743709667642311167e+00
1.232558286164330719e+00 5.039729864189777864e+00
1.149840800078349545e+00 4.778207614695286765e+00
1.147337837961787566e+00 4.723739667899802264e+00
9.686804113851842368e-01 4.815597871593259249e+00
1.061118383741879390e+00 4.966273100467629931e+00
1.979741598339814557e+00 4.786308308849454463e+00
1.576661129525404714e+00 5.093079421535379403e+00
9.494327920053923231e-01 4.742127193982121014e+00
1.345857310594210876e+00 4.846810962423775848e+00
1.200682063552098722e+00 4.851998199250753707e+00
9.070508799922472054e-01 4.778211672606921923e+00
1.666240611227077562e+00 4.441492216138410498e+00
9.129152579041425186e-01 4.537595612454301097e+00
7.558158139180107815e-01 3.935497692245684576e+00
9.652313514284659446e-01 4.264687694120824268e+00
1.439185618697958580e+00 4.726489403382999832e+00
1.260515798429887369e+00 4.715714270299919519e+00
2.418529010789810307e+00 4.972910849876829964e+00
1.173240942789280483e+00 4.981683689323953779e+00
1.243117109788668184e+00 4.903595534996044947e+00
9.461164254808841489e-01 4.592901148628274477e+00
1.061332486605351288e+00 4.749345713427689297e+00
8.701786582371334733e-01 4.457996505238966733e+00
4.764586938971169805e-01 4.142286415476591266e+00
5.750689683099181604e-01 4.277252860505972087e+00
8.975602411494035815e-01 4.421374855095274725e+00
8.124209929691378340e-01 4.005266222682558386e+00
1.838512048809978205e+00 5.000229131928357162e+00
6.704936603408784279e-01 4.345654793156088935e+00
8.776392472602794204e-01 4.992343937643938467e+00
1.270611336684695614e+00 5.063147457196773615e+00
1.653832112168894808e+00 4.924100576331673196e+00
1.016097902897410643e+00 4.703709416724263015e+00
8.969241682998404519e-01 4.798499328560049015e+00
6.836420176531824433e-01 4.244210325291756902e+00
1.104192648653926856e+00 4.594976455591152309e+00
1.182266117645425219e+00 4.360057545729131512e+00
1.590084490388226746e+00 4.813486363647412780e+00
9.883263734279287283e-01 4.662848306135358278e+00
1.078577200154487548e+00 4.967794307124950848e+00
1.418432529453138358e+00 4.997708476870918126e+00
1.251679710376302213e+00 5.005107937898269022e+00
1.183796835169917294e+00 3.804616579298058188e+00
1.361314416477554801e+00 5.007981852515893451e+00
1.723723154494944954e+00 5.179938433583261670e+00
6.551602728594740910e-01 3.843769080613920863e+00
8.930906690382877100e-01 4.489397943797254875e+00
1.100072866237618463e+00 4.846129842115005637e+00
7.393959946919116399e-01 4.316995315321872972e+00
9.967997945321919184e-01 5.172300548897849737e+00
1.121497072488467861e+00 4.639345401935812241e+00
1.183634583323038836e+00 4.282914130614795312e+00
8.793732780391061432e-01 4.604188546728596343e+00
9.351637606846839867e-01 4.368375293342703358e+00
7.470491145070478067e-01 4.395451217006686839e+00
1.013202267100197451e+00 4.876805350603357070e+00
7.358585770932911663e-01 4.500550972416513140e+00
1.676603770874498078e+00 4.862604980037460223e+00
1.700981380375009788e+00 4.784245535901077595e+00
2.020696400672397530e+00 5.200555876732172678e+00
1.590580906821182694e+00 4.943802587933614490e+00
1.514032568509178001e+00 5.076626069576300360e+00
7.177595633675351028e-01 4.561558884419359750e+00
9.515462673377703684e-01 4.552207154018568680e+00
1.323617623089792028e+00 4.646387414206825106e+00
7.444246589430673078e-01 4.720570729403733345e+00
1.466099290468238392e+00 4.961340776574007627e+00
1.130498955121022053e+00 4.829966726498023277e+00
1.069880451942251565e+00 4.898364017946660987e+00
1.094092627214594549e+00 4.708598320607120691e+00
1.094776968311511833e+00 4.617093915853095254e+00
1.129469804900438579e+00 4.805240577233924171e+00
7.151063948545410831e-01 4.631461584362872586e+00
1.370597347782046560e+00 5.017655510535592001e+00
4.697807987913560912e-01 3.083820054051105153e+00
7.348593777856466946e-01 4.267232976788474019e+00
1.031074612090006504e+00 4.780243553292720549e+00
9.536040860142700470e-01 4.455588956878468565e+00
1.946935266137887366e+00 5.047474530719164854e+00
1.494433598558816634e+00 4.744016321647857026e+00
1.335879725230344039e+00 4.514092437064971541e+00
1.096422194553425378e+00 4.712862075509717030e+00
6.882866465453906235e-01 3.411060334062343991e+00
9.022027051289830402e-01 4.736288330722560502e+00
9.952013152394850737e-01 4.612095987757387050e+00
9.348190535364785392e-01 4.682898802875095079e+00
1.423622054871696685e+00 4.625979258710022357e+00
9.818087758228138950e-01 4.993806599378763700e+00
8.752546603344563136e-01 4.891015580580882371e+00
1.196633959851935769e+00 4.558304515421151670e+00
1.100495668288943296e+00 5.096060197247188839e+00
1.031767831415983050e+00 4.695465580282433216e+00
6.509572303534870708e-01 4.350930235380957356e+00
8.448666164300984160e-01 4.624865656027531635e+00
8.387986630316430769e-01 4.504997905883262099e+00
1.124237430431216378e+00 5.081457357353882820e+00
1.508317073254790142e+00 4.929461270212376789e+00
9.291110824769364118e-01 4.702902347573496122e+00
8.091084094238404356e-01 4.574764870751796941e+00
7.042321765815500179e-01 4.063379622888002807e+00
6.106375970831490196e-01 4.723240365085566772e+00
8.771901657597778179e-01 4.827857998749370161e+00
9.818087758228138950e-01 4.993806599378763700e+00
1.026618468248736704e+00 4.893845846917174391e+00
9.205068048770440603e-01 4.826761100975751617e+00
1.269088864724656096e+00 4.850385692337307653e+00
5.471228127240785888e-01 3.440964402909661324e+00
7.456400848916221458e-01 4.522097362673990872e+00
9.583545563287819702e-01 4.328525120529549852e+00
8.220559529935067555e-01 4.672528374660595674e+00
6.467443481329843147e-01 4.640371593992002275e+00
1.086068890306494117e+00 4.830611657628229416e+00
1.374751332751802835e+00 5.047466776256928966e+00
9.670004068225747096e-01 5.018475162608870832e+00
7.968031411848073287e-01 4.251901144326429183e+00
9.721890278558878995e-01 4.736211303895135671e+00
7.905623247660349406e-01 4.750734182660631078e+00
1.187682697849312685e+00 5.044908505724567505e+00
7.548806668650055451e-01 4.494666942600716197e+00
5.729481132634940410e-01 3.999194146461819255e+00
1.067452602781030491e+00 5.013033095433192088e+00
1.341305182951164854e+00 4.958594571428477593e+00
1.479393787539822425e+00 4.256068472595869068e+00
1.217927777246236909e+00 4.797280734312428407e+00
1.016295247427253301e+00 4.727341455774404011e+00
8.058392889408205750e-01 4.625701231429835580e+00
7.497170597716941165e-01 4.747942866347960589e+00
1.901046847998039135e+00 5.025101057187227660e+00
1.779201225125053742e+00 5.301055504727282930e+00
1.451295461195047487e+00 4.877408247959600374e+00
1.314624874431459922e+00 4.784984802167980611e+00
9.504471233648503770e-01 4.886485580712159660e+00
8.996313428640592136e-01 4.685165929126481998e+00
7.706736517077803494e-01 4.586049511734843875e+00
9.559388147050076334e-01 4.769855513315422790e+00
1.342076873580259733e+00 4.920451969198037290e+00
1.398884210736562661e+00 5.004122063875660942e+00
1.493533367106317344e+00 4.962069102786405672e+00
1.155915458992645251e+00 4.700438375759049769e+00
1.143162881087251392e+00 4.760069380732112165e+00
1.286483294651235232e+00 4.921759159305500120e+00
1.687102614014941881e+00 5.078819875446093590e+00
1.113089396750405857e+00 4.467568923639319678e+00
1.326613623512818307e+00 4.904292158714209648e+00
5.660043089677987416e-01 4.189615453548371171e+00
1.412636073861121222e+00 5.072108379967580127e+00
1.249033791134150917e+00 4.840928787183774062e+00
1.889219575853907873e+00 4.723101847470211112e+00
1.204583031158192208e+00 4.832566810395855228e+00
1.129364913212057120e+00 4.864026113853430644e+00
1.116385432397482003e+00 4.716765843352232146e+00
2.167807620779195865e+00 5.114586560566121598e+00
5.598673712051651652e-01 4.462331184552409624e+00
1.008894221252534251e+00 4.851411711580580821e+00
8.250475706853014346e-01 4.721984217094774117e+00
8.555081234322235995e-01 4.442747922386224069e+00
1.850999714267917318e+00 4.743655415977623413e+00
1.078366210188058893e+00 4.737993503012335239e+00
1.484924072045149535e+00 4.983149018466789038e+00
1.191401975665933977e+00 4.420605967832522687e+00
8.381321980406141181e-01 4.711527822236527996e+00
