# Hierarchical MCMC downsampled to get 500 samples
# alpha, beta, mu, s
8.965629237983155919e-01 7.303372974717216692e+00 5.376104218008324942e+00 1.716173531055638080e-01
7.063459049213779428e-01 5.075379380081455949e+00 5.367421153237976306e+00 2.067579638108661966e-01
7.805974018089385513e-01 4.109087885584651545e+00 5.498143471697591878e+00 1.965751853288692230e-01
7.480208831636464550e-01 6.829225567459970669e+00 5.681897466773126126e+00 2.741024782285864103e-01
4.958631773992334124e-01 5.435534001463802056e+00 5.728329301214856173e+00 1.503655318329555901e-01
1.210844644857519192e+00 4.320635996055455230e+00 5.169700795056006548e+00 2.699304725824676621e-01
5.472047888692979090e-01 6.327270480152605181e+00 5.527735757854886245e+00 8.165022823880219160e-02
6.319622614801769789e-01 5.671976575640414353e+00 5.593647117422575477e+00 1.171020065689079293e-01
6.437405562482547694e-01 5.402313332238582788e+00 5.813766061138728958e+00 1.371735669107266575e-01
9.550414647012382963e-01 3.094559447640100824e+00 5.555869362672137157e+00 1.379394450187947929e-01
6.707308052169467238e-01 6.026998507055639998e+00 5.604694082130027510e+00 1.359406417577975479e-01
6.742704245667743290e-01 6.327866003236618297e+00 5.524624330774836167e+00 1.925943744935914581e-01
6.141224786386316747e-01 1.011111687614593713e+01 5.459833522132201189e+00 2.107511701112517732e-01
6.362196201017309427e-01 5.535284901012960113e+00 5.607579006357400253e+00 2.853875779247603273e-01
1.065327250981028318e+00 3.032925723850473432e+00 5.715953218554744808e+00 1.192062149031411361e-01
9.021631199504784870e-01 5.218591360269441815e+00 5.367844626207440406e+00 2.047676835978515242e-01
7.915168178505780361e-01 4.717147258283858058e+00 5.789880232906197577e+00 7.419133229635677118e-02
7.863209165309196225e-01 4.564223668782932286e+00 5.348014374091039080e+00 1.408469586088564873e-01
9.153973229575184112e-01 5.591202850628560483e+00 5.284599609318973990e+00 2.380676311771749709e-01
7.292751827640922002e-01 4.980131217135070010e+00 5.220055643672264267e+00 2.204062787385580591e-01
8.248754679256192768e-01 3.349690120390506731e+00 5.557634013986263888e+00 1.879937378841973483e-01
5.793853156661636916e-01 6.017885000642884563e+00 5.351654347642692322e+00 3.131025299721303390e-01
1.030294870094701221e+00 5.060276933641578267e+00 5.681335402296713966e+00 1.337804698284071059e-01
7.964890432832483214e-01 7.788041271082306594e+00 5.435206507246840069e+00 1.206279838467700372e-01
7.581768178877817954e-01 4.882110038059313872e+00 5.713594160581330073e+00 5.792746630691109067e-02
6.529540543196969971e-01 8.629082448890024182e+00 5.545561882158808409e+00 1.338242674709727020e-01
9.506972648474292242e-01 2.996417415116557681e+00 5.563593310224120181e+00 1.038221873786470684e-01
7.578326752629541696e-01 6.949528091189693946e+00 5.515099627141497152e+00 9.604686304570811406e-02
7.694771370022662760e-01 7.554431304921720880e+00 5.630991729422870407e+00 1.352810186091409905e-01
9.782943301486295429e-01 4.107614401498762113e+00 5.507898496509659125e+00 1.246925570636962244e-01
7.927861359662703444e-01 5.411695224503902502e+00 5.580889028865756885e+00 1.333746786943118545e-01
5.580666269169141103e-01 3.963304468836026828e+00 5.568126372250759459e+00 1.480320260296070778e-01
6.128309129846000181e-01 4.130046263584766564e+00 5.747885773307363166e+00 1.580981151805899709e-01
6.292041136324373340e-01 3.746205396420369205e+00 5.744488568084654467e+00 1.010958663151442782e-01
5.203200071341305133e-01 3.687503933990181615e+00 5.714373988281875150e+00 1.337587856528511532e-01
9.095756730042448002e-01 5.803518499702622790e+00 5.595882537172989224e+00 3.104653787676848187e-01
7.491553174626867095e-01 4.431273626942849653e+00 5.760785495791959754e+00 1.011403603727911438e-01
5.359240660518916899e-01 1.005012755570878724e+01 5.402927106962179593e+00 1.331037445923625162e-01
8.352217857447360450e-01 4.992542290547023143e+00 5.672707606175023010e+00 1.192435745742824460e-01
6.754433968456022841e-01 9.869325394123899642e+00 5.562191698166411236e+00 1.398049831133943710e-01
8.329680182929407595e-01 6.638219711524793176e+00 5.410555381137263531e+00 1.195102044329734159e-01
6.859229879471621105e-01 6.975990368740050407e+00 5.406439639847176792e+00 1.754460836343806340e-01
7.227001068777245685e-01 6.272219965056111235e+00 5.225411478448539704e+00 2.997696190725080978e-01
8.189518196951618423e-01 4.705432261719841414e+00 5.591491769520171573e+00 4.067601223905489838e-01
6.167240456488203293e-01 4.282224159815231523e+00 5.803585586485391801e+00 2.561833873693540320e-01
6.088586692550523871e-01 6.953235174255379292e+00 5.443423232605254292e+00 1.046835411552216738e-01
8.549550611023533087e-01 2.273562547718547044e+00 5.453200886802705760e+00 2.234083896595231156e-01
8.904402945988759699e-01 7.475994498001791833e+00 5.421072700069704098e+00 1.160371952599849321e-01
8.962652868146583351e-01 3.360086517765285219e+00 5.560690576999089529e+00 1.122140933268877677e-01
9.905820346722380432e-01 3.358375206774242727e+00 5.265291846928969122e+00 1.685760790321507718e-01
7.078554269465228144e-01 9.180398845706793765e+00 5.493663138705476179e+00 4.497286817092914502e-02
9.381361940921659759e-01 8.782363426540664264e+00 5.800493142524822510e+00 3.723001264140933242e-01
7.101098983953194610e-01 6.181739789871548929e+00 5.388785766920033637e+00 1.891125145311940703e-01
8.897373843533766813e-01 5.553762897789981778e+00 5.206272368545199036e+00 2.957324568172951529e-01
7.348875493188463670e-01 6.410763173578474472e+00 5.734969241826705755e+00 1.537745181492725655e-01
7.529927254872771369e-01 3.331670903380279380e+00 5.449965154736479356e+00 1.501539859779036368e-01
9.223099965775339859e-01 4.316202360126487392e+00 5.879860732875261675e+00 2.666312541310039697e-01
6.445899969570796362e-01 6.035440509580862312e+00 5.560530973551173872e+00 8.981299769565506685e-02
7.516984669334921820e-01 4.389379906582998814e+00 5.781249493647621307e+00 3.987187849824311847e-01
6.073213546783178263e-01 1.697731137615274122e+01 5.351622698538852418e+00 1.218183104226988334e-01
1.574434202297770424e+00 3.596322237654301812e+00 5.808738681951323812e+00 3.594288591073488415e-01
5.980125618065618154e-01 6.824871903543993312e+00 5.597241403490518685e+00 1.132720967790590838e-01
6.247238268581143394e-01 7.277967623492934024e+00 5.194296841036389445e+00 3.253971872613627969e-01
7.859271890388906945e-01 4.391238636889323033e+00 5.527476613717239751e+00 1.781949736533892659e-01
6.283504011499028152e-01 7.570752017237489362e+00 5.790429733229447429e+00 9.259541364835355282e-02
9.029842484830634675e-01 5.232836188292635526e+00 5.412316027294433951e+00 1.518654460360006064e-01
8.314631653475684780e-01 3.678657974904588901e+00 5.823863885115286187e+00 1.970205387496141713e-01
7.322577070967390966e-01 1.124525477868939127e+01 5.568038219618685503e+00 1.098698423339750374e-01
8.690526123659828572e-01 4.875165084119039705e+00 5.477917791507826095e+00 1.749494239022689746e-01
8.332928366842820012e-01 6.044389748160990727e+00 5.782228672806950520e+00 1.779788427855006905e-01
1.086278251837164310e+00 5.137343067003190100e+00 5.566554076167684606e+00 3.537735999834697442e-01
9.564255880170212665e-01 1.249880977379276636e+01 5.645564827266862373e+00 1.377992339643104858e-01
6.757018143510817865e-01 3.337962346385944468e+00 5.887868423758962244e+00 3.010667707396263992e-01
1.051158868815313063e+00 7.310083941969901744e+00 5.517811476577402452e+00 1.061914714640713187e-01
5.406068682005819026e-01 1.015322250539946580e+01 5.365478597726510479e+00 9.227189130946134021e-02
9.365793420539912928e-01 5.224013311071055377e+00 5.881084839021647248e+00 9.539858226146710751e-02
7.527962854481522470e-01 3.562699969764631547e+00 5.298881343361835583e+00 2.189481513160986548e-01
5.686160151426740139e-01 5.121269713977542715e+00 5.491434595284565567e+00 7.674596645650733073e-02
7.356096637383801040e-01 3.559474951077922000e+00 6.079466219962877283e+00 3.643710906454282195e-01
5.916789580738510690e-01 6.675012459276239873e+00 5.900539715985902767e+00 2.146876147609839969e-01
7.313907059253844656e-01 3.710897403342864997e+00 5.649276202951261538e+00 9.709523057820274028e-02
6.149496858600645988e-01 3.785657832085781216e+00 5.498153788754924776e+00 8.361158553267925009e-02
9.633176536024113945e-01 4.825081399917427127e+00 5.738740803421410241e+00 2.125374938807396141e-01
9.809603914987606865e-01 3.921905538277327352e+00 5.533625323572423760e+00 9.558316052486683090e-02
8.107685476304262728e-01 6.342913178961834042e+00 5.550749388234598847e+00 5.077254237972565754e-02
7.239563574315922567e-01 1.545073703991619496e+01 5.272721298110797150e+00 6.474762592847904674e-02
7.738137315193550636e-01 7.199813092908716072e+00 5.696936223661346332e+00 9.456474667860753636e-02
8.956274364014026323e-01 1.139332356263770407e+01 5.658791637648476147e+00 2.618345772747391470e-02
7.283339387320005853e-01 8.097258755186594215e+00 5.712767114412931946e+00 1.651245238770730484e-01
5.288802076360281657e-01 6.781590981792218642e+00 5.417910977823618524e+00 1.169488465610367817e-01
6.531508036246786997e-01 6.627552838448705685e+00 5.542278261262973515e+00 8.100584261241608464e-02
7.779162768635283776e-01 5.629700174036511129e+00 5.461278346095684633e+00 3.175423694492326421e-01
5.337250550994254716e-01 6.226773426070137951e+00 5.916298822672898972e+00 2.676275407258466021e-01
6.090357118786948742e-01 3.462600549982984610e+00 5.939571325836318749e+00 3.329647200917575378e-01
7.634016442212006037e-01 4.922893722487496682e+00 5.513036988442081565e+00 1.020710291968273120e-01
7.567194593544745995e-01 8.866215516025020449e+00 5.593196354367952594e+00 3.036487417645057363e-01
1.371531503666043150e+00 3.416357120797232749e+00 5.777117357701702538e+00 9.888535308264304047e-02
1.001397137208445809e+00 5.589821166400167129e+00 5.673193124893546546e+00 2.306796601209435416e-01
7.926045741295365543e-01 5.455973009251464667e+00 5.769746759343433062e+00 2.875886286406438841e-01
1.180313398344627229e+00 4.936843743137565355e+00 5.443086560077546210e+00 1.365073032233179440e-01
4.046051102602831739e-01 4.070172673325718193e+00 5.605986463785956886e+00 3.701788332243718255e-02
7.935024680732272184e-01 8.623212106487526896e+00 5.615305493794084946e+00 1.356796247218635953e-01
1.351970098814714527e+00 4.894715797696080450e+00 5.873251485317816822e+00 1.487093957543502154e-01
7.274222896979762876e-01 6.898407684824769959e+00 5.617681104545056314e+00 1.600814329068828701e-01
8.868305850693672943e-01 6.138536288807724617e+00 5.895503080224592019e+00 3.009583267389985273e-01
6.112009196134436939e-01 1.341303591329801748e+01 5.734714197789735124e+00 1.376758000123749492e-01
6.824639789845647897e-01 4.016739008300120872e+00 5.361884081188006412e+00 1.699846348502111471e-01
6.021882890708822877e-01 1.037648454727118441e+01 5.557631310902882760e+00 2.065392158187360216e-01
7.302688489071618161e-01 6.735298264865179796e+00 5.692212105488593465e+00 1.702160891906696061e-01
8.817303543010728273e-01 8.329636398959310739e+00 5.770053637398289581e+00 3.096732815892441204e-01
6.158871328341732898e-01 7.208566297436027170e+00 5.097519482116675604e+00 1.833441273380199410e-01
8.123703826132789851e-01 3.889878392739760216e+00 5.480519631103304867e+00 1.594068953994336180e-01
6.777922241145937221e-01 7.285692373052021331e+00 5.650121866127019388e+00 2.757673691993260401e-01
8.658525579441781472e-01 5.354712522354040161e+00 5.776796976288775198e+00 1.815484794082606046e-01
7.271231594078622074e-01 1.444615546104191850e+01 5.459862433206470023e+00 1.942756649833112248e-01
6.653442306112951066e-01 3.256902885724481056e+00 5.608038496803970929e+00 3.311177014416938347e-01
9.133342513408024832e-01 5.227065132245082069e+00 5.608519866879081661e+00 1.656823615771823577e-01
7.049477633285173850e-01 6.170374642083316985e+00 5.519690074838416116e+00 2.582987088417978971e-01
1.165018231110531710e+00 3.403438764837996455e+00 5.871189842501565614e+00 2.050449786530280094e-01
9.892683073463701682e-01 6.085440213005472998e+00 5.600989660680144588e+00 1.701258935556965723e-01
9.105589878101950640e-01 3.247611491326459543e+00 5.913329716921737145e+00 1.848862724019369186e-01
7.560295153002208890e-01 9.330153534568029983e+00 5.562543634632879375e+00 1.595026395798829488e-01
1.165018231110531710e+00 3.403438764837996455e+00 5.871189842501565614e+00 2.050449786530280094e-01
7.688495915043773721e-01 5.853049205010883327e+00 5.486691796150971356e+00 2.819009401387304048e-01
1.035567550808080384e+00 5.892487998062782673e+00 5.769041414998926420e+00 1.014279720285870823e-01
7.507977733753375960e-01 6.608183434830801062e+00 5.655910608968589770e+00 1.042358261870090785e-01
5.453950396472233564e-01 7.810878422336291038e+00 5.591534997418062147e+00 3.439781287271568289e-01
7.299101321046173041e-01 8.755867264314421305e+00 5.531342614453571116e+00 1.651277196605953068e-01
8.611963041294514731e-01 6.376120091622553332e+00 5.637264549945181002e+00 2.108773765903659003e-01
8.907913073719740948e-01 2.898568370104884107e+00 5.646248501163435130e+00 2.436428374945611430e-01
9.677339545358258910e-01 5.648503219156335575e+00 5.421801921679276326e+00 1.506489614342759742e-01
6.053852508826933487e-01 3.994573429862002811e+00 5.812561624965516316e+00 1.908523730154206011e-01
1.029433297230836653e+00 3.355581074173753287e+00 5.432149946502502935e+00 1.288377236421662797e-01
1.657174886321757246e+00 2.941629892264973289e+00 5.487309017818279955e+00 1.093166330547967052e-01
7.213719298472891506e-01 9.909816088053585048e+00 5.513781487219461930e+00 5.469668998173753405e-01
8.128993838406668448e-01 4.697843431194954178e+00 5.077837958809057639e+00 2.364109223775967550e-01
4.980749870180232741e-01 7.942143024926577866e+00 5.419073435648514625e+00 1.266939652537762695e-01
9.170918005591813804e-01 6.056586315992130487e+00 5.208325224316224578e+00 3.139255357019156145e-01
8.569117466852010923e-01 3.491151799030329794e+00 5.634076870525224656e+00 2.072087061253090889e-01
7.743030636268926070e-01 5.463068311223344686e+00 5.438781850868357637e+00 1.650523961406612783e-01
6.918914764620841540e-01 5.738870084662858417e+00 5.937750316782355320e+00 1.668646498157676239e-01
6.250851279790348158e-01 9.362899700702186578e+00 5.409135060601640177e+00 1.975591482795359677e-01
7.392418985994557712e-01 7.300144391617495288e+00 5.670850847985189347e+00 2.579192964469114724e-01
9.195392989837199993e-01 3.606603525016813805e+00 6.213039161964972301e+00 1.720754297546130684e-01
6.055571910487141940e-01 5.694840992120100864e+00 5.335156786325413236e+00 4.451684392478973962e-01
5.668475975572481174e-01 8.521734341862529760e+00 5.456913041532307496e+00 2.230524291139202864e-01
7.646468711985610067e-01 1.046735267046554263e+01 5.786885206246896729e+00 1.767452486553770796e-01
1.091592927722256023e+00 2.876144442866866324e+00 5.582648792736130794e+00 2.465919568658270222e-01
6.413609267388440394e-01 4.641797667756796031e+00 5.624649305334243898e+00 6.748623866979604202e-02
6.538738631746369157e-01 3.414970420905797166e+00 5.393788975008431130e+00 3.634991161372639890e-01
8.499349008657869353e-01 7.706782213172843399e+00 6.058356245755605052e+00 2.088219216886446350e-01
8.271222612202305813e-01 5.140160475616269764e+00 5.797718463308346948e+00 2.321208559100921553e-01
6.780271391706287343e-01 7.209008670469880364e+00 5.764446505168935531e+00 1.075725128378202389e-01
6.970668522291839642e-01 3.899243098456812717e+00 5.572697201682430546e+00 3.601643134565760823e-02
9.441719827142723842e-01 6.603368001376071383e+00 5.949983168015749335e+00 1.982386693539772426e-01
9.077888205423402246e-01 4.066350968249146547e+00 5.723166181480594084e+00 1.066982949490007382e-01
6.981194876318674858e-01 6.027186969787107884e+00 5.590617425294806431e+00 1.880733587733905421e-01
6.158370760104991959e-01 6.816111774240413368e+00 5.514994965192798304e+00 1.586729218632434990e-01
1.019333462641695887e+00 5.790015099850933211e+00 5.670900091542203647e+00 1.263769519103312700e-01
7.895016328618729151e-01 1.250968718451193951e+01 5.304125126116424838e+00 2.454144738672225379e-01
8.754760161611570002e-01 5.120695516906120126e+00 5.688176903529823747e+00 9.943422285143013739e-02
6.044259862013029450e-01 4.771642836034184931e+00 5.768546235833081681e+00 2.398995315066383971e-01
8.053807657058100755e-01 3.799097669935566746e+00 5.505203960419303044e+00 2.965564449737304042e-01
8.251050044163100727e-01 3.158237071235122428e+00 5.677419722974316407e+00 2.100072249342982977e-01
7.070332461393558088e-01 3.210809278514557885e+00 5.410625544949398069e+00 1.635432983197250278e-01
8.169248297425731886e-01 1.241757374430097016e+01 5.555550155676706403e+00 6.657834586001905308e-02
7.955183658433624405e-01 6.426147223347304482e+00 5.492365596298323993e+00 2.285078942452261619e-01
5.867067596590884726e-01 1.155264098991192512e+01 5.451285080514112202e+00 2.509357185351420161e-01
1.080557754345905508e+00 4.904998819990439962e+00 5.630644253932527654e+00 2.114329296013408854e-01
7.885361363482680241e-01 1.151563081574186320e+01 5.464255864642137972e+00 2.462770200642590557e-01
1.144288170954008477e+00 8.285697854352413572e+00 5.523058429643895373e+00 3.563991590058496750e-01
6.541457468382608775e-01 5.914931977635214722e+00 5.283706313783048891e+00 2.329866236617521291e-01
8.503990854375660380e-01 3.578208695718665844e+00 5.503310834434230969e+00 1.451739307950691837e-01
7.253605858508598292e-01 5.472293761520385047e+00 5.456483215407898157e+00 1.720448582998280185e-01
7.613967886440264898e-01 7.347987647080494789e+00 5.195087749789607301e+00 2.508318152935392620e-01
7.116674558157504160e-01 3.140990864051648401e+00 5.535793583305115284e+00 2.676653658776296241e-01
7.657836462940544875e-01 9.330541511396601706e+00 5.799328099343114218e+00 1.192576452120763797e-01
9.011811516373845476e-01 9.269525577024513296e+00 5.608903513149543052e+00 1.346430284305963065e-01
8.861444539003081600e-01 1.160650345952510598e+01 5.596273184965830261e+00 6.169975490359350806e-02
7.261501123837430516e-01 3.488769039781748571e+00 5.138287156576130776e+00 1.598437819713439678e-01
1.075330285658576246e+00 3.267928543128486574e+00 5.534179397157282132e+00 2.534399822364667432e-01
6.555093427614202550e-01 3.736306142504114192e+00 5.420711167707695566e+00 1.468002110657490866e-01
6.898442197229963657e-01 6.278498811444543470e+00 5.463666203963183143e+00 1.999476627859092526e-01
4.560268358370249686e-01 7.452522215999382027e+00 5.399903080508692277e+00 1.622149299251218479e-01
7.461204508804950564e-01 5.178160986093314655e+00 5.413066592240106445e+00 2.617219519266426042e-01
9.482353401286405248e-01 5.004095526023151663e+00 5.603704193712245818e+00 7.385890371606496085e-02
7.340509731057655030e-01 6.054936081227839217e+00 6.066633074985540830e+00 2.575375883880530736e-01
7.819065560240190393e-01 6.839536260251383837e+00 5.637989398361106019e+00 2.137594898353039063e-01
7.450047142316997828e-01 4.446493784979383967e+00 5.247489307569393802e+00 2.745576494551671409e-01
9.306721394079412457e-01 4.637895929458334621e+00 5.338406618721875496e+00 3.009210387758338712e-01
7.452522493590821862e-01 8.409193611109449407e+00 5.456931692535525791e+00 1.279770782363815196e-01
1.150276438428161407e+00 7.554757115102177956e+00 5.874502908440874194e+00 3.161366953749200071e-01
7.834437160180800497e-01 9.048297877695695490e+00 5.309129369215138006e+00 1.142630185254772668e-01
6.029042890771664220e-01 4.916964981348363573e+00 5.489704662652270528e+00 2.158350838081210532e-01
6.032530757033952584e-01 3.481871439578842153e+00 5.657137787685199370e+00 1.741910502208554590e-01
9.068607253395036816e-01 8.943821924111050592e+00 5.500519541423449787e+00 1.806424084763784688e-01
6.327731471367854521e-01 6.301424147142801857e+00 5.559572675027576238e+00 1.029632919075773034e-01
1.271900334996660886e+00 3.435216091783696246e+00 5.675533382720442610e+00 1.043329499376214886e-01
7.431405612990666931e-01 7.872115109420837697e+00 5.515307904115911874e+00 2.361314255075713242e-01
1.055452251972668787e+00 5.487051550524883581e+00 5.842260766502143987e+00 1.234702584993164209e-01
6.819857763507738424e-01 1.190535403478185117e+01 5.593798893756416035e+00 1.769637172762902888e-01
6.270077080505795930e-01 9.074026776883725276e+00 5.497018674270874428e+00 2.997822128458076385e-01
8.876661585109031360e-01 4.457534479249467552e+00 5.594783938288069081e+00 1.496960637855618836e-01
8.226238404964837381e-01 5.949799140666308439e+00 5.632308370998677205e+00 8.491747183653834685e-02
7.386116615845885747e-01 7.572522438870842088e+00 5.450591262626179656e+00 1.011490769152111058e-01
1.014430055124418084e+00 1.303674473967197756e+01 5.436462298366398826e+00 1.998568640559559295e-01
9.919710699154856703e-01 5.125038720350637789e+00 5.700103033237287953e+00 1.042743250911492281e-01
8.577935246840844297e-01 3.691864116253230410e+00 5.891755509642534250e+00 3.182242335998866634e-01
7.208788491660448328e-01 8.922668401546971495e+00 5.998811295764035378e+00 3.811156269567100296e-01
7.207522867769208252e-01 4.027273624802968577e+00 5.408150813508543209e+00 1.611639883333380596e-01
9.179664460509033841e-01 4.556339221736150691e+00 5.662396618233288770e+00 2.015126851649474138e-01
8.590165518496625241e-01 5.457271578760418684e+00 5.678521331257528892e+00 1.121722581131749941e-01
1.078351826813161329e+00 3.150484465711832716e+00 5.435228354194196143e+00 1.509486405306381951e-01
1.143095548472927492e+00 4.301955893495412298e+00 5.539480460564156772e+00 1.461995251716926569e-01
1.646513441274508827e+00 4.113132653129722094e+00 5.346604012558669794e+00 3.139264058063861995e-01
7.710884992861641862e-01 3.163532826574120271e+00 5.461022579952534706e+00 1.773505259452041183e-01
5.628144044464493678e-01 3.634150805961541053e+00 5.600995849549161854e+00 2.372266137944261111e-01
1.003292552617744748e+00 2.514473789519813707e+00 5.564934633273619369e+00 1.263260012680948174e-01
9.497773607985594557e-01 5.665626148490394698e+00 5.638353949396068820e+00 1.356210047568492949e-01
9.617179319405168014e-01 3.733056699311274151e+00 5.762191233206502616e+00 1.273999582204791703e-01
6.424405678891231819e-01 3.682902715259250392e+00 5.443099609906973058e+00 9.934527717635693866e-02
9.126710258906409745e-01 5.077185387212010070e+00 5.908947295657990928e+00 2.160409608672215209e-01
7.670231787374665045e-01 6.731430840463136889e+00 5.623306649694322701e+00 2.035229371079952387e-01
6.507422580446320381e-01 1.115553035714871832e+01 5.561960354283277397e+00 1.267906398883461572e-01
7.414550942256026289e-01 7.020311165109028195e+00 5.568297191513885913e+00 2.439480716691084794e-01
8.656539213979963510e-01 5.627537761046659703e+00 5.430099416563762382e+00 9.474821027261291773e-02
1.306709051585691395e+00 3.289763180253672648e+00 6.161404740654997880e+00 2.664349396894259425e-01
9.447271018974491286e-01 7.090069716626894447e+00 5.434955419887631756e+00 6.724106606454426094e-02
8.772538633517747986e-01 5.931359520902023341e+00 5.666975859647333635e+00 9.857797557089956197e-02
6.781331652161155521e-01 5.953501496811742122e+00 5.596489712845163389e+00 3.118405767592089539e-01
7.656167071927009182e-01 9.016410675058345703e+00 5.428332149833053677e+00 2.635580093803044921e-01
6.867527539191197183e-01 6.116775668882982409e+00 5.460570417466408699e+00 1.471797432215587176e-01
7.682542322818689540e-01 7.999868425862874055e+00 5.690766184799696426e+00 1.557031391076768578e-01
6.826811104875453173e-01 3.210097203677539923e+00 5.970462312473654443e+00 3.908065217102962841e-01
9.968529047529895992e-01 4.764989123031637241e+00 5.443190185619666721e+00 2.330447884969356065e-01
8.724130771578285648e-01 3.655079373891886974e+00 5.567850889910489265e+00 2.040620490092589501e-01
8.026315129560710471e-01 6.102519805222113902e+00 5.577217835790993838e+00 1.735723474466054350e-01
8.187212762448866643e-01 7.912657503089046251e+00 5.534616194571488457e+00 1.623787400761033672e-01
7.994121776457380202e-01 3.783996539578422968e+00 5.464199774296680800e+00 2.709818641382487625e-01
8.569207742384566950e-01 5.063026705455442311e+00 5.869937379496380281e+00 1.783791105276453792e-01
6.424963779872761016e-01 9.118118047113036084e+00 5.509252492120450206e+00 2.034829813203887228e-01
6.846903174494084476e-01 3.920805084867775570e+00 5.772736037655555208e+00 2.714986928776968456e-01
6.728982250105604024e-01 8.880611915675130419e+00 5.664935742384483497e+00 1.948494566962919172e-01
9.074767650169537347e-01 2.955533286053048769e+00 5.787967126308861232e+00 7.498429606606665798e-02
9.553577741211177754e-01 5.512126948496411494e+00 5.629295517031667195e+00 1.233893747832590232e-01
1.122725317792973465e+00 6.982528363231002011e+00 5.875659665962963629e+00 1.397347526653658079e-01
9.652420578918224914e-01 8.450335363828823887e+00 5.753657915357978325e+00 1.408639056864817996e-01
7.089477981234243442e-01 5.275260178777199549e+00 5.484746236411438325e+00 3.210981426201595657e-01
1.048355468045941707e+00 5.750052343979034752e+00 5.737602672003402127e+00 1.367465934408289563e-01
1.148305767751237161e+00 3.009966352640323528e+00 5.751654563970067358e+00 1.945921161799825383e-01
6.542893611601333648e-01 8.778884164771360687e+00 5.493717202747868456e+00 9.756505986348637527e-02
1.045775395256271389e+00 3.788573515147264814e+00 5.372339283163396040e+00 2.509091960362245244e-01
8.126233407094943795e-01 7.209859978858994545e+00 5.778583371932785262e+00 3.552106089550113865e-01
9.397876735888248678e-01 3.372040623857449404e+00 5.582013155382766101e+00 7.113294321198139480e-02
7.515359745785626933e-01 7.411652372790230814e+00 5.710622805353663622e+00 2.606021901234660820e-01
9.503114421201448447e-01 5.805757589228074167e+00 5.714924996775200050e+00 9.863541484141542803e-02
6.491714401718200467e-01 5.274051339898559121e+00 5.602472145082049160e+00 1.064260203187200882e-01
6.622735509522521546e-01 5.325245751148959705e+00 5.616450215639051891e+00 6.821234576717472020e-02
7.758340853088686595e-01 7.009279946683022899e+00 5.618443915020577606e+00 2.366655556205590760e-01
9.700442460239095954e-01 7.034492976695062794e+00 5.746475171758568479e+00 1.201531086943952442e-01
9.266107422057842102e-01 3.975537056840764194e+00 5.457203027280966623e+00 2.359095866045552992e-01
1.036789266648877161e+00 3.581290138538187229e+00 5.318282889753023213e+00 2.580042779397902497e-01
7.369723504199602315e-01 7.234082377497701444e+00 5.535980501719050650e+00 1.133464460495100246e-01
6.835156839970794040e-01 4.320519663480119732e+00 5.985118787851649635e+00 1.709452125499688058e-01
7.886819910325419958e-01 6.667629548742850076e+00 5.775818483321214281e+00 1.059778954989842870e-01
6.136117399467702072e-01 5.784153875557902502e+00 5.622350777764538066e+00 1.184559572458706439e-01
6.106013655736488577e-01 4.146018710317403766e+00 5.734038437590188941e+00 2.224720181930126550e-01
6.644398259666495221e-01 1.107592850361764292e+01 5.442958748273023950e+00 1.479784608538869395e-01
7.564942873478700536e-01 4.970650342762987783e+00 5.613286385795630551e+00 1.780240732524308866e-01
6.483736856197566123e-01 6.581462025303798313e+00 5.416892599689507648e+00 1.680068797893293220e-01
8.045737633155198854e-01 5.432527641478593239e+00 4.756558611649607471e+00 3.023826469856887855e-01
7.338550283148949083e-01 4.431158437209141709e+00 5.807566732933127973e+00 5.635632969839956541e-01
6.397838978384562392e-01 4.947206144467890532e+00 5.560590901400241037e+00 1.285948646294338971e-01
8.081381488420745773e-01 3.388389559138762497e+00 5.611392899786745936e+00 1.362472725108797023e-01
5.890235198291277063e-01 5.804483910786866652e+00 5.252268722485330166e+00 2.579998562443162613e-01
7.440521716274701713e-01 6.220964009768185754e+00 5.719835541254824740e+00 1.245092776536561169e-01
1.077515342237026053e+00 3.542911288107279955e+00 5.676106543040144281e+00 1.426750056953121626e-01
5.451135984121169287e-01 8.155634657014429578e+00 5.410568992380559550e+00 1.856356466670044392e-01
8.344855282161997012e-01 4.659480322583906542e+00 5.465434408459650228e+00 1.396722419335036658e-01
8.498866499139077213e-01 4.851760819588176510e+00 5.722866983030932886e+00 2.189115511284292215e-01
1.166461278290664705e+00 4.760817118249661917e+00 5.704451444042974551e+00 1.956560197756584407e-01
1.140205318210032015e+00 3.575967736188980339e+00 5.609720468722444231e+00 1.857339629780116741e-01
5.421024978707537079e-01 4.236050811271442562e+00 5.796335257321228340e+00 2.294731220116816295e-01
8.049484604417552758e-01 4.396327428401224147e+00 5.464614480789400375e+00 8.585187762593306238e-02
6.894143817005152775e-01 8.608462071783694824e+00 5.412604939989020814e+00 1.244088334906404414e-01
1.048829000198026939e+00 2.710217379353653033e+00 5.285784198122366995e+00 2.789786299235082478e-01
9.034697864786433996e-01 4.807177010929717831e+00 5.546062096803079378e+00 8.230815197462146293e-02
6.091733977309434778e-01 4.744300269210493859e+00 5.493581649166177527e+00 2.670967940995197520e-01
5.313551347292236882e-01 1.137729176001283982e+01 5.408797301164919524e+00 1.311432703169289615e-01
7.463601382074518398e-01 6.506749443515410292e+00 5.581168553256824261e+00 2.189055356480288372e-01
1.539282865253112309e+00 3.649279924739704306e+00 5.586464611670667324e+00 5.580616938079525219e-02
6.512082598037173264e-01 5.531357891751603972e+00 5.480610927454202752e+00 2.919000714468590330e-01
9.422925083307913674e-01 3.959731898167228703e+00 5.476233929383427679e+00 1.022051242458538872e-01
6.328838684562507755e-01 7.395251188991217361e+00 5.177986120349070909e+00 2.441703324024226684e-01
7.834466975698938240e-01 5.168541352590386495e+00 5.519029406190591125e+00 3.454104530857050603e-01
1.021310323234394302e+00 2.293262858635258361e+00 5.549707058589193664e+00 5.546266696738501312e-02
9.131566450925658884e-01 9.866387380815544006e+00 5.722639725370477493e+00 6.889829712768129333e-02
8.109221607576218016e-01 4.811410238376785387e+00 5.555071530153054660e+00 1.005628960025934382e-01
7.418746629951717964e-01 6.052906208400163912e+00 5.384884328532017150e+00 1.949988297557805617e-01
1.007486574202644203e+00 6.179166655250477369e+00 5.541194539873622205e+00 1.330598532513328214e-01
6.897554966301122636e-01 5.680686157113909118e+00 5.247659287460417765e+00 2.379179222714057351e-01
4.771893604711842651e-01 4.768306619019453407e+00 5.474152937526139517e+00 2.833112032710097816e-01
8.499763615559885466e-01 7.329314287391415661e+00 5.561535649469441900e+00 9.873844089914812772e-02
8.334564069285813614e-01 4.033519214377924378e+00 5.840451897372865631e+00 1.608957225429512861e-01
7.160406361208321302e-01 4.360089273485558081e+00 5.592649670283152297e+00 1.024778162375186430e-01
7.242158135405799557e-01 6.569313481450667958e+00 5.736473312413045811e+00 3.066567310502210653e-01
7.938930721988310957e-01 6.234080914423573816e+00 5.194639559116032146e+00 2.704431417146601624e-01
6.464043605806637505e-01 5.657704871874916108e+00 5.601486986492309583e+00 1.014825082401981798e-01
6.406563588485847394e-01 6.418757830571705902e+00 5.634865265163269576e+00 1.106271989282394119e-01
7.117874523172108558e-01 9.489459837176550394e+00 5.489536391455467346e+00 1.275093840613672480e-01
7.252227715873403868e-01 7.737062984083903139e+00 5.500021861035555126e+00 1.277563133939244866e-01
9.631444233570274349e-01 5.106102283004410936e+00 5.481708900075086710e+00 2.014168511658703253e-01
9.745416274729753470e-01 3.694993640132461898e+00 5.570051000092839821e+00 5.026593021713774562e-02
8.647654198185343866e-01 6.050820171020209415e+00 5.685147512011225146e+00 2.154198301390595482e-01
5.090582286266169820e-01 4.632320186392625772e+00 5.634592496076118451e+00 1.113385422236388977e-01
7.604673373551367188e-01 8.958571429818427134e+00 5.611205591395575176e+00 1.727110947275444230e-01
6.498625587586195351e-01 6.818724919681370622e+00 5.588730739658175573e+00 7.706942437630588671e-02
7.517634961457702047e-01 6.728509266413492895e+00 5.592882407480559870e+00 4.390335029442207077e-02
7.114783931575686671e-01 6.113259042342095384e+00 5.643318880930952020e+00 4.849884086680137513e-02
8.326183037507863816e-01 4.304655862814610323e+00 5.702707474991036030e+00 8.450023974382953051e-02
6.347095078198417006e-01 9.333914701502415312e+00 5.391602185178455464e+00 4.284291019290243918e-01
8.874669481390362602e-01 4.467574231490524461e+00 5.512420264469449549e+00 9.271561433411737441e-02
6.130986585193696214e-01 6.027333527992698947e+00 5.459471145817858861e+00 1.659869302904474764e-01
7.220883510632839508e-01 8.733642002641037294e+00 5.142651966310393341e+00 2.804581769921815071e-01
7.698795550259447396e-01 4.517258292402635433e+00 5.554951664693090763e+00 1.417076199965089933e-01
7.043092816643237164e-01 3.701256733354156836e+00 5.455040438192459540e+00 6.895057066355195219e-02
7.271208086618452526e-01 5.263963421093125206e+00 5.617110277700654741e+00 1.216670145674843828e-01
8.250099766132070744e-01 5.490276592037939274e+00 5.101180003647942662e+00 3.149943855621207822e-01
5.876150957017957088e-01 8.913530643869325587e+00 5.710375323899525846e+00 2.631778739042560100e-01
8.892516571278255011e-01 7.574893132557193987e+00 5.739717701671469996e+00 1.717066425635605242e-01
6.816581154566360157e-01 8.775918896414760084e+00 5.093637768674367017e+00 2.801861910395614386e-01
7.248066731906491755e-01 7.356312546917044060e+00 5.575782191203348503e+00 7.360678530074915571e-02
7.018125656317122374e-01 5.699544017763787274e+00 5.481491495602406339e+00 7.528393343893173550e-02
8.991874838702398343e-01 6.399485907680023900e+00 5.471121916010952546e+00 3.654254148329151852e-01
6.228997080261686747e-01 4.885126750323490974e+00 5.541156031299170337e+00 1.438600747886409348e-01
1.339581549604182298e+00 4.647332580574724759e+00 5.458059091983987976e+00 1.286084681425831433e-01
7.959258323480448150e-01 5.517203428354722661e+00 5.769369906309386842e+00 2.056995066874023337e-01
4.720335784728813544e-01 3.229003335023842514e+00 5.350988816547618043e+00 4.451613647137064311e-01
5.135723697630696361e-01 4.390314609438761728e+00 5.678893176293934530e+00 2.338578899169708181e-01
6.339532549385827886e-01 5.446691915745496715e+00 5.194895859565649587e+00 2.030626986970449632e-01
9.005812376310959877e-01 5.268614618867351496e+00 5.706572741036840313e+00 2.665924235561837330e-01
8.574879701999009729e-01 6.237224307642748045e+00 5.713852562102830213e+00 1.471195849046783299e-01
6.300982095976153108e-01 6.269124953141667511e+00 5.762077008667220390e+00 2.245816308247910453e-01
6.367114358260624885e-01 6.338248749485131839e+00 5.760215731777734050e+00 1.177182716398930962e-01
6.907360103349581282e-01 6.433464338540229477e+00 5.555374086463434224e+00 1.389131988256928074e-01
8.904211841630106372e-01 4.554466857480401920e+00 5.355546756669368413e+00 1.046056480360762209e-01
8.361382986248049320e-01 4.092197685530790885e+00 6.051899501301133633e+00 1.971972085985697620e-01
1.204775088024859775e+00 8.498890699288649486e+00 5.379859829046835351e+00 2.224122575256093359e-01
8.588657746190764275e-01 7.627484597560546753e+00 6.202048866251960391e+00 1.588901069544811084e-01
9.067995294301167686e-01 4.548644851539306977e+00 5.674510481102492676e+00 1.035505650770040809e-01
1.182012628670723764e+00 4.068209160775012379e+00 5.134772869549903085e+00 3.289774946690972590e-01
5.749550110900162325e-01 3.262076547153901274e+00 5.904902874133724389e+00 2.586927219427733737e-01
9.243879696313884731e-01 8.396415285790675753e+00 5.601440658957899110e+00 8.910488929615051346e-02
9.984554336475612857e-01 5.177995194743517438e+00 5.247892391520104560e+00 3.986407860317126572e-01
5.754287995010070045e-01 2.781324992635189730e+00 5.525627599806633761e+00 1.591230822780253240e-01
7.097828611976677582e-01 9.249538406798562207e+00 5.115815832075885083e+00 2.958438973756629675e-01
4.260877946288498808e-01 5.531690829663768127e+00 5.254651504345557278e+00 1.495575021765123691e-01
8.802528243238160188e-01 3.876194772823057910e+00 5.502871337532914353e+00 1.656519565701227159e-01
7.616993570403649549e-01 5.998525603306416265e+00 5.457386184171833854e+00 1.031062311751343719e-01
6.831779571533607154e-01 1.191745640705019227e+01 5.539880720080271104e+00 2.406230276627832620e-01
9.081167361167996610e-01 3.809450836103935423e+00 5.452160533900962669e+00 8.637245770399953892e-02
6.687697162243904092e-01 4.642032852084421179e+00 5.357799354480423659e+00 2.134706241014855954e-01
1.033456474048044971e+00 6.712818407340463089e+00 5.640564538397227601e+00 2.164011791327871415e-01
8.547925145388918233e-01 5.119221244881310362e+00 5.568166140257200247e+00 1.827572040268737319e-01
8.454849354991872401e-01 5.613300715817587161e+00 5.157402543522582761e+00 2.742344565898769959e-01
1.147507602425280160e+00 7.415340897318084323e+00 5.804461457675473390e+00 4.637114580498265526e-01
9.203256995551565289e-01 3.585041434156263751e+00 5.363248176088760033e+00 1.355597820874401560e-01
6.103379809981059889e-01 6.213342630221454499e+00 5.713407606735218636e+00 1.176050839235298351e-01
7.041209479085782652e-01 8.840188411394489520e+00 5.384908850652085022e+00 1.485724146403432644e-01
1.182031989433868224e+00 3.938127411531699096e+00 5.911466106108753671e+00 3.365729348938095167e-01
7.312704958113801501e-01 7.193835739740401358e+00 5.801320645000452636e+00 2.663512252840327665e-01
7.782615605210250198e-01 6.405581594004314816e+00 5.613253253234563367e+00 1.054425731980628417e-01
6.217697800274928355e-01 6.649141739677269847e+00 5.515726190091226222e+00 3.857987335588892175e-01
6.578513150198446180e-01 6.267014162727686966e+00 5.553256818596264743e+00 2.380071801622596905e-01
7.516474538269790617e-01 8.022148245087670659e+00 5.991982773584944688e+00 4.605561622594552817e-01
8.627109386955013060e-01 5.825752097552783226e+00 5.676557979796247544e+00 1.698135821676224622e-01
8.003986353959967603e-01 5.365279495286516820e+00 5.666675542113967623e+00 1.849799988164509412e-01
1.156840900840229613e+00 7.033157273724421010e+00 6.167469630616333909e+00 3.430864794358554071e-01
7.298543643344017617e-01 5.115905154015398359e+00 5.546915246735047766e+00 2.623340484717624488e-01
7.353645559006392052e-01 6.497803350974868941e+00 5.147834762710441936e+00 3.099963811254635160e-01
8.674431696076841947e-01 4.390003040315964000e+00 5.518464653359321126e+00 2.261818358950302421e-01
1.129263223580058373e+00 6.770627563036162755e+00 5.677116666832472625e+00 2.449125262943138703e-01
8.006452853892053190e-01 3.782646365123156329e+00 5.313764388451875043e+00 3.157815272097780901e-01
5.288397226678325236e-01 6.756880214945581997e+00 5.428193760137879131e+00 2.716641366083432096e-01
9.262199838351912184e-01 6.206484141868489068e+00 5.589477622703738824e+00 1.320520621504297221e-01
9.069520979877926381e-01 2.721233816675387995e+00 5.577854923090341366e+00 7.729627464797644842e-02
6.916310062585111496e-01 9.854376295992523183e+00 5.765625559895422469e+00 1.517893662765453788e-01
7.525048012768894568e-01 3.512424857033470627e+00 5.518769206242780889e+00 7.966252818060039209e-02
1.572231617316439012e+00 5.249165956842295699e+00 5.824209734783439174e+00 9.477134204912611437e-02
7.097026319940088479e-01 1.017747715042169609e+01 5.559375780408995382e+00 1.098422112561069641e-01
7.859483481497112622e-01 9.260598224676131807e+00 5.384918062076705425e+00 1.727959146451221728e-01
7.080919935000579146e-01 7.018545800335147966e+00 5.311563001400494421e+00 7.169115972448094620e-01
6.424913748021664484e-01 6.173526709549393310e+00 5.098974746038452466e+00 4.158872570701578342e-01
1.113010486061305038e+00 4.483117199717767676e+00 5.539561081863898728e+00 1.161593896768452899e-01
7.979259713178261659e-01 5.997824014922276348e+00 5.916922362601489738e+00 1.284376395926712655e-01
1.030513764430085688e+00 2.658233682195651149e+00 5.442406417796203932e+00 1.369312529990085181e-01
8.962852519474052704e-01 1.068039510953086157e+01 5.628865224015236812e+00 2.638047788436462815e-01
1.023546617299005312e+00 4.207265238438477439e+00 5.892673933720440793e+00 1.178701998642292664e-01
8.413578746633160188e-01 5.821288058769928497e+00 5.591265318656616579e+00 9.735134877112967822e-02
7.660596918193155469e-01 3.546233585274857436e+00 5.512137879856587652e+00 3.911015584055275163e-01
1.152264232582165704e+00 6.772398392479792584e+00 5.660398863429814575e+00 2.166190436121956386e-01
6.994734736452097312e-01 1.188055357683862034e+01 5.446947985989794461e+00 5.525315215734105667e-02
9.235614606773031587e-01 8.968277592385941688e+00 5.638344337103548654e+00 6.532955798577819162e-02
7.143516717123935544e-01 4.697088676625366332e+00 5.565668101172595250e+00 8.229831281207727889e-02
5.266194043316025919e-01 4.131675088849203092e+00 5.770487741708051566e+00 3.987706709739631816e-01
6.857872142124949999e-01 1.052290274956153127e+01 5.532849567138286240e+00 1.251149847179958141e-01
9.271517079267023176e-01 5.569964285754153366e+00 5.528824898154431011e+00 2.811718557135979846e-01
5.595292140792034186e-01 3.965292529254204723e+00 5.669908454560915523e+00 1.889519932920451506e-01
6.946119953489301446e-01 3.685878304994621768e+00 5.309076090339643450e+00 2.367296939756673990e-01
8.732053841417284357e-01 1.190496430103335790e+01 5.965468954409366198e+00 2.428809161852841791e-01
8.902937190826549774e-01 4.246622217229439222e+00 5.647312902825499137e+00 1.719449906799639660e-01
8.897753657141278527e-01 8.698274052006555124e+00 5.493852979127756164e+00 2.228090835936994418e-01
6.808047578867163496e-01 4.932287128415611122e+00 5.087492420672472093e+00 3.856549826296498118e-01
1.026032180855660947e+00 5.530947184960942842e+00 5.561557613358056429e+00 1.139683796426362861e-01
7.913822715319515089e-01 7.883440491731187549e+00 5.649617138552412321e+00 1.019498004573152483e-01
9.169000872684894832e-01 4.704596060252701051e+00 5.504315252695962890e+00 1.675126477927350865e-01
8.918001599124861789e-01 3.201671507473100586e+00 5.598987528039851114e+00 1.290234190046509188e-01
7.001673260174923197e-01 4.740693307796866485e+00 5.709557339186986269e+00 2.186741429138519544e-01
8.896748864472964202e-01 4.870209847426393068e+00 5.542535157902747756e+00 2.629369212637382436e-01
7.274318139542326200e-01 8.944859993242330276e+00 5.817612054264490240e+00 1.960955258241784960e-01
7.578928140451950402e-01 3.744973335434534700e+00 5.507162078372578762e+00 1.473189675562943113e-01
1.127486449809980362e+00 4.049389810527878275e+00 5.428597459319000507e+00 1.674130490747876010e-01
9.631453686846386253e-01 6.615713527365037372e+00 5.341268707222787349e+00 1.210073352365256816e-01
8.932509981763296913e-01 6.527499876667022249e+00 5.499919516378536599e+00 1.939092455841828766e-01
7.192887448686928753e-01 7.801625815045809986e+00 5.738424866877258168e+00 2.521380456747607246e-01
5.883331712912330813e-01 1.000699277355250061e+01 5.554681545954655242e+00 3.256716249133011498e-01
9.421183717859480389e-01 4.897816846903180199e+00 5.436388277908529076e+00 1.413351656469822581e-01
1.028527958845070867e+00 7.309234259539992173e+00 5.542132431075770249e+00 1.222658285195577232e-01
1.118729623386087724e+00 6.816476196654657649e+00 5.738223395115520375e+00 4.546085198152923779e-01
8.161123116645977449e-01 4.253409051063886892e+00 5.568505584181856705e+00 3.756488006956900660e-01
8.001702735255564747e-01 3.697446761375333679e+00 5.509184496621683635e+00 3.749450047370098127e-02
7.503491398497051934e-01 5.902629221908717305e+00 5.442991543025266665e+00 1.289351645464450191e-01
7.287107283088556375e-01 7.613735555396526244e+00 5.561369946578823331e+00 1.897408634158000984e-01
9.012115941989954360e-01 4.803343898629872655e+00 5.200632595092982591e+00 3.380469113288505634e-01
7.922974183846491769e-01 4.648241634079691487e+00 5.548218368629123987e+00 1.886795133869037244e-01
7.185415856697370263e-01 9.423470752182458554e+00 5.364025436266636859e+00 1.236344174308483257e-01
6.844292854857434438e-01 8.063197455894211885e+00 5.150410516714135412e+00 2.368184044682253298e-01
9.047162513913250548e-01 6.044731377794502869e+00 5.556383920400517873e+00 8.850873854942964414e-02
6.770255323855980389e-01 4.565128094855666063e+00 5.345969985859052365e+00 2.088653213694143251e-01
1.032034257507082220e+00 5.389476660861768131e+00 5.621860291257187114e+00 1.986974132747977850e-01
5.556646537922335094e-01 5.433520412170374847e+00 5.573712604096050072e+00 2.033382764404021714e-01
8.264524366289907054e-01 4.845970752520925018e+00 5.854462334183646810e+00 1.794768913483124895e-01
7.296407894309885345e-01 3.563411043061915251e+00 5.539752377312203713e+00 8.981633232741736972e-02
7.010283281583589154e-01 6.183222432285635506e+00 5.562835177804598352e+00 1.450041705097540046e-01
9.211451995104181778e-01 3.315665728031040427e+00 5.580181810369646556e+00 2.080925974180884430e-01
8.897319894865535206e-01 4.477563912333764051e+00 5.467752666781806603e+00 1.708783051873409842e-01
8.522519010878475409e-01 3.958840153992159827e+00 5.362022900194995501e+00 1.598558594208190631e-01
1.081247375596643634e+00 5.346446188625245455e+00 5.799465778668732696e+00 3.802701312341961737e-01
8.538310954621689541e-01 4.387127309126938712e+00 5.563391846895531678e+00 1.587085963152067847e-01
8.193085150355994273e-01 4.464611248253200770e+00 5.573429802487368079e+00 6.961906813368105851e-02
6.947497541743532512e-01 4.090197275070790006e+00 5.580495065403172639e+00 1.496528076665288864e-01
7.768442110364135456e-01 5.041413433041249448e+00 5.246892351801450083e+00 2.765397637640640838e-01
8.074644240319144295e-01 6.007388154227286670e+00 5.555547911318614140e+00 1.370564750981374813e-01
8.855566292926083660e-01 4.028095487194061519e+00 5.732136865878997511e+00 1.886334564236043787e-01
9.505908549306921751e-01 4.536849105148063721e+00 5.629055902301629999e+00 1.389279296011013964e-01
6.784680020103225351e-01 4.503352255892142608e+00 5.489946352612490976e+00 1.793263881357365919e-01
6.530068944955034205e-01 6.115237646186423959e+00 5.688366174800128405e+00 2.051766499738069405e-01
6.642313089192179998e-01 4.977902843896852225e+00 5.797696232530739735e+00 1.867775940983756322e-01
1.007251139671268669e+00 4.625647802067309300e+00 5.631712230399899433e+00 1.953634050646110287e-01
7.294925772389068142e-01 5.761729067534939297e+00 5.437152228452644565e+00 2.209606402912441536e-01
1.088640999126506248e+00 6.297942996450853315e+00 5.728457755199139356e+00 1.787423798114554652e-01
7.025168273393195273e-01 5.242912315744599816e+00 5.477813549035611906e+00 1.958675265677989885e-01
1.026599334563158772e+00 5.851413245603309221e+00 5.355023444531879839e+00 4.125911301220591687e-01
8.486522162217957632e-01 5.746765791495962006e+00 5.552000535951800764e+00 1.009138906311755068e-01
7.549704249393206501e-01 4.472824767925562384e+00 5.870737989859590833e+00 7.082470760956388611e-02
1.074345568697833375e+00 5.775884074698115711e+00 5.767585292435363442e+00 4.323902229265947916e-01
7.110010036501472896e-01 1.560575517832002035e+01 5.553424445874572513e+00 1.630213550677251100e-01
1.160237629525908032e+00 2.749663269422330192e+00 5.685288526505306805e+00 3.436081583792831018e-01
7.946110175889974370e-01 5.669707990190532954e+00 5.478789744445991872e+00 2.568467764990468583e-01
7.057428805623997548e-01 4.433917286795150403e+00 5.719207841329685849e+00 1.319597674672645937e-01
5.917387409084049477e-01 4.872191735537212409e+00 5.480714910506439885e+00 6.997315522656959164e-02
8.750306316072102852e-01 5.967472782966629197e+00 5.688138323427765819e+00 9.299869319525805311e-02
6.751237334398736412e-01 6.811021618043826997e+00 4.958593846570933827e+00 2.538250948473824153e-01
5.276344583019704215e-01 5.777512481620177276e+00 5.566798113295956973e+00 2.001492596011542058e-01
8.071992825352840573e-01 6.839710206196013331e+00 5.370517360748959135e+00 2.754855732601553253e-01
5.935597794832214724e-01 8.667627682334325456e+00 5.204532454588784773e+00 2.028900504537828886e-01
7.651310833242337406e-01 1.517189541968093636e+01 5.527379548071881921e+00 3.324302903980263513e-01
7.060774043479691731e-01 6.021425639906290428e+00 5.383751225162626497e+00 8.966679376102158761e-02
7.641158487127549526e-01 4.919740560773553817e+00 5.231373330232636398e+00 3.256204257769115817e-01
6.782352011098029543e-01 1.152196378118292230e+01 5.495960681218330812e+00 1.182162521768452684e-01
7.855343152724668654e-01 6.407135339255751738e+00 5.465925060754556419e+00 9.500772067095664131e-02
1.113281883717323950e+00 4.170280487849874262e+00 5.529205216586975169e+00 5.633282728482309071e-02
8.798631354935958493e-01 5.225552526353975935e+00 5.333671532239604218e+00 1.944866778209406455e-01
7.666032835656205746e-01 5.492040606640598455e+00 6.096208100607652725e+00 3.009057961986947305e-01
7.417807108297546081e-01 6.884495678106036465e+00 5.632115039170836113e+00 1.120026847977449169e-01
6.286446020594712580e-01 4.055441341079433215e+00 5.713431309265724956e+00 1.681833726463810019e-01
8.435819969739997148e-01 5.342758319515604981e+00 5.609170365761002586e+00 9.382563702573375186e-02
7.359856222315250829e-01 4.325373091596544484e+00 5.736238799044492964e+00 2.113000096509798920e-01
6.402303180836892427e-01 5.810838100531092287e+00 5.471725267721317287e+00 6.358596277984304712e-02
9.166031628292486966e-01 3.585131560079954482e+00 5.213893023265515403e+00 1.356388111059041168e-01
6.710926605141174228e-01 5.119217165046522133e+00 5.538783047874285437e+00 1.090987710956760892e-01
5.973643541669381163e-01 8.868468225229410251e+00 5.493256103486011455e+00 1.757621802160281022e-01
1.035958109746794475e+00 8.105491368905727967e+00 5.477574889703389793e+00 2.081199402380827235e-01
8.833176750138168609e-01 5.129358994490333501e+00 5.468581860947710815e+00 3.164104831799907647e-02
6.443622098099587303e-01 5.180733631412153706e+00 5.148356234043564683e+00 5.431017458387876751e-01
8.903128014816934499e-01 4.712106470110411394e+00 5.083078947416644233e+00 3.044742354272877982e-01
6.745640560994974333e-01 4.969872561329626848e+00 5.308680380775159691e+00 1.093849689234569628e-01
7.817242922418434770e-01 6.203346836633920169e+00 5.539538333782294544e+00 1.643974576726725534e-01
7.487990871388796599e-01 1.088300044448512338e+01 5.467223389026443670e+00 1.312382732542915764e-01
6.859466306388105616e-01 8.081718819230122364e+00 5.651164206430249415e+00 7.565374908057817538e-02
