# Hierarchical MCMC downsampled to get 500 samples
# alpha, beta, mu, s
1.933798565985321405e+00 4.839637463780236182e+00 5.768727713681720992e+00 1.407198377080194907e-01
1.693387376620851148e+00 6.324720463937958392e+00 5.740852563802024022e+00 5.932495261493537370e-02
1.515619324874862839e+00 3.927451376715415776e+00 5.588359719176182239e+00 1.645801691840232395e-01
1.453576505512540029e+00 6.057637791540934735e+00 5.839594955498690787e+00 6.712281254188891266e-02
1.272324869972683015e+00 2.566763880392989972e+00 5.599256545827155485e+00 1.389452184332722884e-01
1.260108246646317820e+00 3.153072929241523603e+00 5.764006129415955471e+00 1.830830260184644065e-01
1.444595584059120696e+00 4.776398302052409228e+00 5.806471002678736504e+00 1.468010713079886398e-01
1.457447922283823694e+00 5.405714527887203857e+00 5.783073819539588989e+00 5.863330613577087680e-02
1.818668613293761283e+00 5.414466872847948586e+00 5.752021144762399452e+00 5.686578980944195782e-02
1.458120993694252743e+00 6.306031918122314117e+00 5.712750381155478507e+00 6.279313416612380960e-02
1.566024590662725036e+00 6.675844519590850901e+00 5.686478153887093434e+00 1.584734384944730956e-01
1.244096228964753692e+00 3.035120714508396489e+00 5.703083709917254218e+00 1.761606210842160680e-01
1.572802582843217056e+00 9.156456104093788184e+00 5.609029127445145591e+00 5.287067513409751673e-02
1.130747850357715967e+00 4.400063186759618716e+00 5.776268380883692544e+00 1.157806321312949693e-01
1.634601232605512822e+00 6.572573597524371536e+00 5.716330476452477605e+00 1.119329923102683061e-01
1.150100026829452116e+00 5.924385486204288398e+00 5.474125587398729564e+00 2.379479102722293626e-01
1.438292086249448376e+00 4.976370246172525214e+00 5.818400621565971598e+00 3.423899156230515439e-01
1.817000320414117853e+00 6.610758339864215571e+00 5.870812597425055124e+00 1.045729243685423610e-01
1.426942109065326036e+00 4.331276487766128724e+00 5.686145567332745898e+00 1.693913572683742041e-01
1.479605229420703605e+00 6.666434405958780118e+00 5.757896542373956095e+00 1.463728713335938347e-01
1.265923455371962270e+00 6.251779561157513321e+00 5.701607025514348059e+00 2.013606198464012453e-01
1.376293674732158578e+00 7.982772826448383263e+00 5.878059016678055748e+00 1.477492976901698674e-01
1.273789271017071956e+00 6.159801991396304466e+00 5.796345345885451472e+00 5.612758993683075737e-02
1.725997581361490063e+00 5.647389914653600407e+00 5.712813845111107902e+00 8.126922254377413890e-02
1.139395739974936594e+00 8.332058225783615768e+00 5.682433058282184923e+00 1.902573236466262863e-01
1.113123421684835357e+00 6.419154686811266330e+00 5.681275460922289966e+00 4.518054538565308836e-02
1.630644106363320800e+00 6.219355035551504152e+00 5.834277585825952350e+00 5.199462052083622665e-02
1.211613249403908910e+00 4.168872363623487232e+00 5.586145279355391402e+00 1.549301296128739180e-01
1.690164544210431163e+00 5.731639082601217794e+00 5.535357512809403246e+00 1.401552423845792428e-01
1.394268163133432381e+00 7.357268772840404480e+00 5.736534690336061892e+00 4.845475604793526847e-02
1.862381038432089131e+00 4.451905732608503641e+00 5.732201422220182252e+00 1.412159046037750887e-01
1.402646141239356714e+00 7.809320312707464851e+00 5.727976376410428117e+00 4.686353387221581235e-02
1.385686565148435134e+00 6.403531487219460416e+00 5.757913603610318454e+00 7.346692060168813487e-02
1.632996226410959428e+00 8.885973883843272247e+00 5.949241278774831443e+00 1.703515593966185016e-01
1.665182962179548642e+00 8.108340989175369273e+00 5.825321260546582280e+00 9.142684165393295814e-02
1.904459405402048056e+00 5.586975807257346105e+00 5.726053062144202954e+00 5.898726250450798958e-02
1.080560071366427177e+00 6.437010118537977554e+00 5.698257451998824941e+00 1.447244875350920668e-01
1.511478178453410814e+00 7.587756518687226226e+00 5.596390610588280801e+00 1.118740661826465588e-01
1.448535679444498570e+00 7.363527994179428937e+00 5.446406311466950534e+00 2.709877492096965934e-01
1.281476298588191121e+00 4.949427607478570579e+00 5.752572400956008636e+00 1.379772090203451596e-01
1.507120134725882021e+00 3.553175860100452610e+00 5.590362961584635748e+00 2.178618795504697614e-01
1.390229355040077053e+00 9.682270997711162508e+00 5.687113910489258295e+00 7.551971962566902952e-02
1.827699394650211362e+00 1.064244049023898597e+01 5.825449479631128469e+00 9.880003150303309778e-02
1.211070921374645781e+00 5.168450775859916746e+00 5.717304082033063395e+00 1.026025758935898841e-01
1.055126848157600383e+00 4.767349730050557177e+00 5.745817448806256778e+00 6.228469578601043138e-02
1.408035749225149402e+00 5.614701453534415521e+00 5.730890378256948914e+00 1.207334249260338388e-01
1.119840102485937239e+00 1.025465327057185050e+01 5.743243345926949850e+00 1.254353426666763860e-01
1.445589550569556181e+00 1.030699857481634574e+01 5.743767049196455865e+00 2.271516598313081947e-01
1.676835528867902436e+00 5.836210226379012767e+00 5.648633356693035346e+00 1.094301430306441614e-01
1.777882420873498459e+00 6.900340175209836779e+00 5.760557981044047260e+00 9.604425573648592285e-02
1.333834184460321204e+00 5.108228462561310579e+00 5.818226222930778846e+00 1.625774591719298945e-01
1.140664447488295652e+00 7.544051307461673517e+00 5.664715249954013210e+00 6.773510303334068228e-02
1.498129110337321102e+00 5.832449372900974538e+00 5.729764111855556230e+00 6.480977799483357560e-02
1.322604718962962611e+00 4.618757164700547868e+00 5.585438661541511252e+00 8.025376124112579279e-02
1.750018261584337598e+00 7.525046702415899347e+00 5.728464995209274768e+00 8.824885963304929248e-02
1.727497655942419108e+00 7.672174616979528849e+00 5.719440863231069372e+00 1.234099079048587289e-01
1.969474057172159398e+00 6.809518764760265519e+00 5.806472511604612308e+00 6.395529136288513605e-02
1.478402886093497903e+00 7.591719625676140559e+00 5.654622841347431539e+00 9.763707168241785028e-02
1.493177498499731692e+00 3.451659182715482110e+00 5.637041325637321521e+00 9.776060191454209736e-02
1.193854428577271864e+00 6.167623081715497335e+00 5.781583330826511435e+00 8.216284689411675057e-02
1.300381747407802990e+00 1.002226831542702712e+01 5.695706838821018358e+00 8.329050923267530826e-02
1.286805415158466470e+00 4.926607625332475315e+00 5.834207355971857467e+00 1.105395845601148674e-01
1.947376670826681533e+00 5.624888896942804806e+00 5.797926621740246311e+00 1.335578317543891225e-01
1.318081252545573179e+00 4.908421797035155798e+00 6.032480033440407396e+00 2.061680965866319881e-01
1.616480965560242566e+00 6.852633466774859627e+00 5.701313481378023518e+00 2.392750442542378730e-01
1.694113620049005231e+00 3.771825766698837956e+00 5.666056266234850369e+00 1.972583961999280211e-01
1.511188257819173097e+00 5.317502129871985339e+00 5.814744610903769484e+00 1.114486297268470760e-01
1.570096948600037789e+00 4.812972402248593795e+00 5.623936913849306052e+00 8.970629319898326681e-02
1.589653872988614047e+00 5.926999935713578971e+00 5.886391796837747492e+00 1.949308378511153961e-01
2.702533512347640610e+00 2.347632277371274778e+00 5.755416698539560727e+00 5.807074834609744773e-02
1.844424092100180212e+00 3.580378794930627162e+00 5.627909356287068121e+00 1.583148274393624266e-01
1.858187905388307914e+00 3.983570385111044665e+00 5.512534772980950848e+00 1.091320037496019274e-01
1.754564282543718434e+00 4.081162940478741952e+00 5.751956169771117899e+00 4.628642156436941352e-02
1.350589104822545350e+00 5.943356818513686690e+00 5.735865820642068513e+00 1.322398857220052903e-01
1.658082365927496804e+00 1.327366099843946401e+01 5.870664186335518231e+00 1.367968597880631632e-01
1.534520610035639887e+00 7.794726482699932291e+00 5.684541931293182415e+00 8.088424284439728329e-02
1.329024420771068637e+00 5.033450350606244683e+00 5.795833867955430208e+00 5.839315368106814952e-02
9.881957433367192234e-01 2.991550681353045249e+00 5.601066597478030928e+00 1.865703438738281206e-01
1.277946872732673489e+00 1.379350315808516392e+01 5.401862264122605950e+00 1.426563535281793194e-01
1.484402058396118385e+00 8.285719606854643260e+00 5.677633475709121136e+00 1.166336315670304102e-01
1.363179812388203960e+00 6.482891406970358261e+00 5.798828549766661844e+00 7.573206363072065850e-02
1.689245766076747923e+00 5.951025979856379600e+00 5.553928462850427294e+00 2.656115254369875167e-01
1.533392607979358502e+00 3.794858549459311448e+00 5.810662130645015466e+00 9.418905122381199257e-02
1.157830161163314608e+00 8.373348728524959483e+00 5.883669675677272615e+00 1.886491749731389334e-01
1.382081929799483744e+00 3.779438403419008274e+00 6.020669221165673157e+00 1.983659853744683399e-01
1.622664170960107288e+00 6.172572323968897656e+00 5.863750872005105919e+00 9.889976925538342123e-02
1.351636600086205897e+00 3.274381839350288814e+00 5.801141582812030961e+00 2.389480182488571414e-01
1.162392991735673675e+00 1.018852903063461746e+01 5.834802596897024074e+00 7.517413726197530455e-02
1.421775618225271876e+00 3.928750446169989807e+00 5.797617800558416690e+00 1.215293615359943347e-01
9.365915696520407119e-01 4.005763075719415589e+00 5.665456492146182299e+00 2.334956366530953065e-01
1.647758422354513641e+00 6.597730619589603052e+00 5.754238049603207728e+00 6.782099515540450374e-02
1.127021935735639913e+00 3.993359484052104058e+00 5.751332612417060730e+00 1.062620677265929681e-01
1.552099102566818267e+00 6.495563647694617693e+00 5.636717004916151907e+00 2.005015090437581582e-01
1.564399760377793047e+00 2.766608844049550875e+00 5.704034823337685189e+00 2.036701118096397312e-01
1.243134333783737500e+00 4.812851112532086972e+00 5.675853719239161599e+00 4.996266273917433776e-02
1.355618239410258719e+00 6.507495772589914296e+00 5.635642466451617594e+00 5.186376342475249035e-02
1.266258973325394610e+00 7.714866646793709926e+00 5.998666324215240486e+00 1.621385430229432267e-01
1.429559700556114921e+00 2.693214714862037340e+00 5.793232946932551641e+00 5.706252330828068958e-02
1.355043335640399471e+00 2.657756493914626539e+00 5.715287089890311201e+00 7.603883347004714022e-02
1.969204578790259674e+00 8.382256120285953571e+00 5.744725612538928772e+00 1.659748913665165249e-01
1.589295004267593958e+00 3.637595833137719392e+00 5.581581736346943323e+00 1.335774185196244579e-01
1.846639064916957063e+00 3.548802008774199379e+00 5.882046099295117791e+00 2.735794753819433267e-01
1.402816112512262459e+00 9.134100955970490432e+00 5.672372614084234321e+00 6.545333320516331932e-02
1.202917452106574636e+00 7.721439949860945617e+00 5.406759181373904433e+00 2.684990005245218025e-01
1.089485757455931791e+00 1.605525015299179259e+01 5.582216707147449775e+00 2.028290112399109835e-01
1.581118255256587002e+00 6.206676569328796411e+00 5.802748489212085303e+00 2.142165102176173952e-01
1.227578831131126647e+00 9.679827263493555378e+00 5.665074055698680944e+00 4.336585050037612687e-02
1.436328909844434509e+00 5.302354543198137371e+00 5.736782805895150439e+00 2.109383072436763762e-01
1.751088725964698556e+00 6.967647456145797946e+00 5.768381696604794939e+00 7.453986020480027341e-02
1.308213301261373696e+00 4.169976244237345142e+00 5.829603035890269958e+00 4.375999303331056661e-02
1.719550986416451988e+00 9.928340698786525920e+00 5.721346793565429856e+00 5.732147993174669526e-02
1.378914813768820968e+00 6.289009735942936885e+00 5.719338634179103487e+00 1.116039492496596897e-01
1.997074014868082337e+00 5.121391310560323262e+00 5.729088496069984160e+00 1.070061258816269456e-01
1.415510564469619537e+00 3.116262618572574361e+00 5.608331271953512775e+00 8.333832142049324432e-02
1.571932579794173668e+00 6.122929192765808715e+00 5.687164435990633038e+00 7.366094484341828563e-02
1.302001230967400058e+00 8.883395426620786850e+00 5.553990038928309225e+00 1.817822117371544199e-01
1.450968417018368983e+00 7.836094669049264105e+00 4.959212502372270848e+00 3.325422815837911772e-01
1.529024150690993178e+00 4.550232754566956750e+00 5.696853014136883608e+00 2.665195898965665999e-01
1.441128626064580587e+00 8.536239997446388728e+00 5.789840230451920533e+00 4.007763286169914452e-02
1.624148347676444892e+00 3.422341718524499754e+00 5.617335490294351530e+00 1.195267497627956754e-01
1.216959230402563152e+00 7.981549434011405708e+00 5.560674843068254880e+00 9.987834472455539570e-02
1.243717736717234068e+00 4.952561512161499202e+00 5.756597505544166715e+00 2.793848556845284214e-01
1.249239834831473495e+00 4.316770355634017342e+00 5.743415823190700209e+00 1.519276223766394263e-01
1.542498696511045875e+00 8.835965468694762848e+00 5.722205629533219096e+00 1.621880338255044240e-01
1.624489180004894173e+00 3.093787870100574988e+00 5.668741677973558879e+00 1.329025878077598755e-01
1.174675924947860217e+00 4.559109554409879195e+00 5.648373336931007849e+00 8.939700039420271638e-02
8.597033926771011636e-01 4.734260716092693499e+00 5.819207980474081943e+00 1.249138498762825678e-01
1.224469375535634841e+00 7.086162253390149601e+00 5.991931576257706560e+00 1.074037745587011761e-01
1.645807837824160069e+00 5.106810534098116250e+00 5.594958321519265532e+00 1.957612838075538653e-01
1.536568611811579554e+00 5.831195472313063455e+00 5.756349197862456357e+00 4.133601032312934215e-02
1.425768530976113890e+00 6.220230381775166073e+00 5.696747200382693777e+00 5.410579095933601423e-02
1.300514994983424710e+00 7.713866340015706591e+00 5.683362838092266500e+00 1.297178958832778950e-01
1.174472538685239265e+00 6.734258950183351189e+00 5.826276566442335714e+00 6.569518305196915542e-02
1.516195653593795489e+00 4.909497444171215363e+00 5.630046577661264706e+00 7.931494764916180440e-02
1.420950864930239810e+00 5.300616115001620443e+00 5.614288889406075178e+00 1.128767219347952405e-01
2.022980758677471513e+00 4.520127863555716274e+00 5.818489825701881557e+00 1.394852742989566574e-01
1.302266913093112599e+00 6.964599071871104385e+00 5.704465633765810395e+00 9.071885546844288273e-02
1.330236548227949012e+00 5.800528062327559908e+00 5.441013895647238918e+00 3.839874067543143643e-01
1.716575391427088260e+00 7.721730154649348421e+00 5.782236676494666661e+00 1.166281214867915528e-01
1.750186116173793271e+00 7.659684000284507910e+00 5.690870310522686104e+00 4.127697466802726645e-02
1.227314088649855250e+00 2.962220215162612913e+00 5.853809950968551057e+00 1.340475593644666064e-01
1.726790315996356240e+00 4.483698768902171672e+00 5.893769657198192569e+00 1.052724617908704086e-01
1.359404850434559942e+00 5.310494553523603223e+00 5.732840288208019608e+00 7.155090252987313104e-02
1.499500858426671801e+00 8.442583493186038623e+00 5.628219855873362931e+00 7.661253447149621310e-02
1.734907020042275150e+00 1.045798752569406531e+01 5.697059150770840574e+00 1.134821096970900361e-01
1.504979150717109526e+00 1.336926623194576180e+01 5.712728944379229290e+00 8.516332019005756759e-02
1.081505063957557411e+00 9.807714866765827821e+00 5.632205060332983848e+00 1.059021044879325663e-01
1.328855040532809229e+00 7.193140199957150038e+00 5.809733709417177039e+00 6.362816949928833121e-02
1.522727286678288827e+00 5.802968575724368527e+00 5.737830898212605391e+00 4.857979351707308879e-02
1.471595133063904992e+00 8.872036359490222068e+00 5.718630426019007729e+00 1.422774718275635619e-01
1.429290316483463830e+00 5.617340214555162525e+00 5.824973810302036092e+00 1.359945090993802397e-01
1.700834950522524869e+00 5.954621602849580420e+00 5.619909992521739284e+00 1.038672698864725741e-01
1.574659610278061450e+00 9.203447652623054864e+00 5.396660605861231197e+00 2.242128923671938001e-01
1.612402940025395415e+00 8.194687251561459718e+00 5.849650281351933323e+00 4.156973116972537130e-02
1.158851101648291193e+00 6.674137245937552088e+00 5.709843998644789309e+00 5.390254356690944715e-02
1.314731471587147427e+00 6.227865478307816005e+00 5.899139953626084676e+00 1.514242271758050040e-01
1.067421458637958898e+00 4.977410325696037141e+00 5.837114418699385965e+00 1.305157561896476692e-01
1.117399838890851260e+00 4.654432140754511948e+00 5.749857908645882532e+00 6.051431643395702165e-02
1.468514295383367418e+00 5.592868462685016695e+00 5.804652545794405150e+00 7.686835020045484912e-02
1.513629975292658525e+00 6.741386204175859653e+00 5.626000745098201250e+00 4.403314764898812184e-02
1.398229349247736009e+00 6.677530606418128123e+00 5.815157936715068310e+00 4.168582676273664411e-01
1.394385059675590233e+00 7.746808027622014592e+00 5.889668845170683120e+00 3.946681735748551190e-01
1.338449144456152373e+00 6.132907499746282909e+00 5.612233880601682046e+00 6.249337733435651743e-02
9.840142579434459913e-01 3.892016844003794773e+00 5.874364995935104083e+00 1.381669187599208481e-01
1.918895450481755027e+00 3.984143323624451227e+00 5.810404454561258092e+00 5.602313990868765248e-02
1.604956471817524433e+00 7.775386121764423564e+00 5.795650637961448304e+00 2.090549250022224748e-01
1.546729076149202520e+00 4.628268913576496502e+00 5.735487405705964825e+00 3.482891702701054193e-01
1.273240082215037372e+00 8.000710024453759672e+00 5.712688313978481425e+00 1.615976181802073475e-01
1.743745683644197797e+00 5.910087698393212463e+00 5.942236353577917463e+00 2.558710737087131482e-01
1.329405569619431793e+00 5.079634700290339033e+00 5.709730552783224944e+00 1.092650086443091029e-01
1.318300676986874365e+00 4.004494767324486837e+00 5.803833786149537488e+00 8.297254460245198637e-02
1.939193907547172913e+00 8.402171044078588835e+00 5.672764910443059527e+00 1.300987363320605661e-01
1.259678253976489248e+00 3.789587954352553911e+00 5.976735766061484156e+00 1.900556824216743101e-01
2.109315845654508692e+00 4.297269587009298952e+00 5.774784903014634985e+00 1.095335636635806076e-01
1.403834074115771102e+00 5.685044825550175318e+00 5.747787364381129471e+00 2.726021229578516614e-02
1.353903019834431731e+00 3.278344551394769990e+00 5.826243013804104365e+00 7.499416432249741971e-02
1.530691715137099562e+00 7.946085605922156070e+00 5.738095786448067948e+00 7.402336217541115315e-02
1.658658518476713972e+00 6.807925379511629238e+00 5.952364122671271573e+00 4.060864773624252577e-01
1.694845408399323627e+00 3.666831400466695534e+00 5.417588077742349739e+00 2.256638352752616539e-01
1.192800244307209212e+00 6.669594499737742765e+00 5.598396417496702249e+00 6.880407090893339572e-02
1.881953944868582917e+00 6.412168764650845176e+00 5.533355733587474568e+00 4.899031809048423614e-02
2.019058125013885263e+00 5.800752862206723037e+00 5.758501000288401173e+00 7.872567497148971749e-02
1.315852515737172546e+00 3.457320498408246401e+00 5.639515071044723271e+00 1.602196425511935862e-01
1.332487244704566143e+00 3.783336109734993791e+00 5.895596514369447760e+00 8.874670353214883511e-02
1.380781391103946376e+00 1.154394621596620141e+01 5.852918279206082097e+00 6.017928947262035644e-02
1.566267028002078066e+00 5.230291970973691917e+00 5.841724715663594303e+00 1.210617969534820981e-01
1.762340789340732794e+00 6.618065154263182315e+00 5.623068642535074879e+00 2.130542843994699675e-01
1.349513965771669044e+00 7.261599930949469872e+00 5.707995326065783637e+00 1.677910640608362702e-01
1.245578131571942526e+00 5.734218917108442781e+00 5.793528068451087698e+00 8.376212436623281521e-02
1.658930470366021481e+00 5.690249102009569349e+00 5.844506110156427958e+00 4.695109489749590970e-02
1.544704254033980151e+00 7.907259894785614307e+00 5.600228996758246147e+00 2.853636847225074491e-01
1.649190715877952185e+00 4.039963694888663248e+00 5.637669742510905913e+00 8.983311295837168031e-02
1.446501993305359335e+00 4.114778373603944495e+00 5.724495452134203965e+00 1.145027618824376592e-01
1.296094064508327648e+00 7.064303971563756335e+00 5.643541406594551724e+00 1.487077679955544351e-01
1.519133693934652918e+00 8.274692120128758432e+00 5.826839548549396675e+00 8.340817301303569964e-02
9.459327104508675754e-01 3.928316398625745887e+00 5.689202580668514919e+00 3.052697128726486464e-01
9.373646230147965053e-01 5.038565932563638938e+00 5.721560308241485870e+00 2.653881436703738883e-01
1.643699482728538275e+00 6.217755700985968303e+00 5.708605613055136807e+00 3.786525678666641248e-02
1.473963928861656170e+00 4.635623800877819889e+00 6.080839343084252668e+00 1.834843505788633644e-01
1.740126820502024163e+00 6.694023591153602126e+00 5.775535470905265534e+00 5.855994996399718766e-02
1.003598091620695465e+00 3.485875289498329366e+00 5.838627771617638906e+00 5.729712466216401595e-02
1.722523299547688902e+00 8.593493818577877974e+00 5.695924685440080459e+00 6.826009351026002259e-02
1.345290931244275345e+00 9.685566945777068781e+00 5.780605182169130885e+00 5.351253267458484786e-02
1.738658983632571875e+00 4.500398012314646756e+00 5.668958577428404588e+00 6.258481125653440891e-02
1.477866345143869387e+00 7.572726869022229579e+00 5.741990575615704806e+00 1.869735448498731079e-01
1.407852064723974284e+00 3.635300083839469565e+00 5.800226903763998187e+00 8.473084699137221898e-02
1.485575941878776396e+00 1.138654224986897212e+01 5.808557897567436790e+00 6.838366040586583983e-02
1.114747101772050497e+00 6.896189407129653226e+00 5.821932427971070467e+00 6.732050042245046884e-02
1.621421864147742919e+00 6.585745590816306283e+00 5.777854752331436750e+00 1.078096374623976061e-01
1.627311433477138802e+00 3.726671085477173406e+00 5.910854193604428986e+00 1.434827573222305641e-01
1.364936441536148237e+00 5.540774570076659522e+00 5.673057864116978877e+00 8.872366954056459809e-02
1.611788411802586918e+00 8.557342437789859702e+00 5.818671859999038354e+00 1.168160162264671731e-01
1.519017158396283929e+00 9.856773556336783315e+00 5.757682345604685281e+00 1.317653161925288752e-01
1.569255360627520801e+00 4.459215091440944079e+00 5.665329925327247551e+00 9.916023705098470087e-02
1.464314870943453029e+00 8.201093304711861265e+00 5.648238642723634406e+00 1.944017018519346995e-01
1.788975598017590762e+00 3.810463700093855710e+00 5.733079693431859525e+00 1.736900798953163461e-01
1.659120871253519258e+00 5.647240899699767169e+00 5.714103879194012414e+00 6.548278984861100049e-02
1.611348216879375350e+00 1.233666651752045418e+01 5.431345818956386573e+00 2.723464306493016407e-01
1.740619754408982978e+00 5.593152333937379872e+00 5.542723054554581807e+00 1.084293368502677601e-01
1.650346398233980771e+00 4.596866591415237124e+00 5.734989564008904139e+00 7.891969372534692051e-02
1.440165845002799649e+00 7.649473144917253720e+00 5.367087919035989252e+00 1.495137668896897309e-01
1.414603622917180337e+00 7.180025910556193658e+00 5.605696851247315315e+00 1.949740217976109191e-01
1.562278093700846471e+00 6.327653687043353514e+00 5.485466828739523848e+00 1.365308070479804015e-01
1.662278560877610278e+00 5.938950804860338550e+00 5.731689118881718947e+00 6.985894418854077248e-02
8.615692025963447298e-01 2.959541912349914039e+00 5.697154172981780285e+00 1.445644856600874495e-01
1.501908164719288230e+00 9.202090906432573547e+00 5.691496521125675834e+00 1.536223188837548548e-01
1.401038035383551650e+00 5.087018671097834677e+00 5.675432561767660644e+00 1.023830934321692254e-01
1.367505035369953825e+00 1.026297270777427073e+01 5.756445947056326062e+00 6.093590626860780068e-02
1.908454906785377547e+00 5.024492096150746434e+00 5.722474602733071514e+00 7.458845836931254913e-02
1.623111562829768539e+00 8.069572425394932580e+00 5.764796464492313532e+00 1.438661936241018846e-01
1.369216012553187589e+00 5.060286267652719161e+00 5.838960857952028682e+00 1.894195278363738355e-01
1.164610257090377132e+00 6.387102554161867118e+00 5.699058858586094622e+00 8.030058737487250076e-02
1.801396365311582759e+00 8.488782623839050245e+00 5.647098039463713803e+00 1.121562374446973404e-01
1.204548939436934862e+00 7.989570925169272364e+00 5.645713732860128786e+00 4.722605726606343007e-02
1.514922578157046118e+00 7.040391077430074418e+00 5.770011201042389182e+00 6.655725988238314628e-02
1.430627991460711401e+00 5.709102023180497198e+00 5.704448619921664410e+00 1.673461470457318079e-01
1.579063698166065510e+00 6.613132765089414278e+00 5.830449961113900237e+00 1.159343642503579686e-01
1.212693421588219689e+00 5.678399679919281517e+00 5.820476374268030106e+00 1.247771576028343515e-01
1.129310108230339615e+00 4.099103545750841349e+00 5.723103681043247626e+00 1.664546088396352264e-01
1.684539325783233066e+00 6.901034352588020226e+00 5.741385065177341041e+00 3.492541024735767302e-02
1.822491001308175651e+00 6.874297000858270223e+00 5.602027674091870857e+00 6.619649032794087951e-02
1.866841283230951998e+00 6.301657913416786272e+00 5.785822877991654067e+00 3.511182807014920360e-02
1.647932574773292469e+00 6.010457477431996764e+00 5.908079290173668952e+00 8.585774559883356527e-02
1.311554968572211655e+00 4.147955348380039098e+00 5.601988073573698657e+00 1.315657605760748861e-01
1.822427372987929672e+00 5.226541690960642583e+00 5.623881141479573742e+00 6.099332042152624811e-02
1.705130694588093965e+00 4.560163989825504416e+00 5.670250147592978074e+00 1.306098067715814326e-01
1.484100657992746486e+00 5.349736308600435919e+00 5.552201436278423330e+00 7.022270650117468094e-02
1.986052853836404841e+00 9.229195004806493685e+00 6.212472611099113529e+00 3.221179949344860072e-01
1.824679316678146757e+00 1.202559147119396599e+01 5.781461311010161808e+00 1.581875499093287341e-01
1.428453503391062362e+00 6.433305498823255419e+00 5.758963330654709445e+00 2.791167522133403689e-01
1.603041545288078407e+00 4.693780184112705811e+00 5.745943038241783540e+00 4.102525022825562195e-02
1.175867534904631917e+00 5.996720207967884519e+00 5.637048730899106630e+00 1.141468969499533359e-01
1.387979121742216826e+00 5.442853788216865496e+00 5.802866456317684829e+00 9.456889437727655778e-02
1.177398952287206590e+00 5.064453216760640863e+00 5.726965426062868403e+00 1.220432381165858365e-01
1.675430543208767942e+00 7.049108030520981671e+00 5.551001470895090328e+00 2.013030887632553667e-01
1.402591777204114765e+00 5.979959615365970649e+00 5.760262941626425715e+00 1.073824419983624295e-01
1.881160665861117298e+00 5.505902951311891336e+00 5.707377808306839384e+00 7.658195217097001073e-02
1.234831871484064925e+00 4.487014792257358664e+00 5.926696631737277343e+00 1.188067060942787079e-01
1.435626136593755930e+00 5.870677944821226291e+00 5.582580831145870448e+00 1.328449572740811879e-01
1.180282917257772679e+00 4.789650716341487424e+00 5.691201388717804122e+00 9.104254508288385506e-02
1.132207072913514523e+00 6.763660859030911077e+00 5.604565542294579927e+00 6.718404295189381314e-02
1.669158435309560096e+00 6.312128330953257205e+00 5.855650736810850354e+00 3.844326360089717620e-01
1.599726297395338781e+00 8.872445880976501442e+00 5.709712028089874103e+00 8.290448741067932281e-02
1.116830055694966850e+00 4.195514166992224681e+00 5.619169864812692872e+00 1.433275896658662008e-01
1.414788976197892456e+00 7.796874945398479362e+00 5.742444647761425713e+00 1.280751598642408950e-01
1.071165968738174934e+00 3.343007974125148163e+00 5.755649566035747178e+00 1.265803099221439465e-01
1.372716562416992803e+00 6.802798486736928218e+00 5.675921528234822766e+00 1.127873238376045084e-01
1.384326872641203465e+00 5.433216745212429366e+00 6.016120883570549971e+00 1.925105417373846328e-01
1.676342491661963807e+00 6.017550460714585547e+00 5.571511634752199349e+00 2.648787609096150408e-01
2.082944186774902562e+00 7.255300498633371120e+00 5.795426507612869038e+00 4.138962903391003867e-02
1.777160336972185783e+00 2.716136171530951327e+00 5.666858010746558705e+00 2.616321261896948913e-01
1.479708764798201903e+00 8.581370931752719144e+00 5.659897593380198266e+00 6.876953706003992306e-02
1.171561783188334704e+00 4.432523812858113033e+00 5.550613424070463431e+00 1.087449622255160647e-01
1.481453219581695180e+00 5.183133416953002559e+00 5.671334116793328661e+00 9.434020817758170807e-02
1.473737358924174679e+00 5.599452148179983269e+00 5.678844578186944325e+00 1.107612477378678573e-01
1.237931340066502628e+00 5.466697339851746662e+00 5.809105991076165765e+00 7.655630598228124750e-02
2.108709566952009506e+00 5.194782475931877030e+00 5.898942169296887528e+00 1.109149468835722296e-01
1.573861144820667413e+00 8.056924185830492746e+00 5.676633472240016687e+00 6.486461775072761837e-02
2.008668854114253222e+00 5.145503357822061474e+00 5.548807146956935554e+00 2.392259768033953016e-01
1.450407751002711132e+00 7.137844423656021675e+00 5.833833894712767254e+00 1.661790932008761768e-01
1.507690919204022872e+00 8.835323995562994526e+00 5.915902863850367233e+00 1.933691708295791345e-01
1.347124423142842309e+00 3.468385275054820305e+00 5.781082545314186305e+00 6.346027752702576574e-02
1.323411380664784254e+00 1.379503347329472085e+01 5.683433328010991659e+00 8.652935842188051729e-02
1.264440933051733662e+00 5.910098269705935436e+00 5.621680385776089750e+00 5.395654049636952609e-02
1.583550221121427848e+00 4.890850521865892198e+00 5.723917320801655606e+00 8.759911571604077352e-02
1.719240154974411849e+00 8.438542855618408112e+00 5.776741181866006158e+00 4.476584216328698129e-02
1.623275633524146944e+00 4.165450864022367305e+00 5.531392361556815018e+00 2.111419748208656078e-01
1.134170163341833071e+00 8.417964160058692968e+00 5.627666167855897683e+00 1.076429550581638195e-01
1.331862124522394941e+00 5.291698045286595153e+00 5.937372286073959060e+00 1.167541558917786909e-01
1.291007639744925939e+00 6.841881137240101829e+00 5.686636830628733819e+00 6.017211278638796845e-02
1.513945969243039924e+00 5.360197111708601803e+00 5.566659091267055715e+00 1.130476276040358885e-01
1.739995273403243115e+00 5.261598695350727439e+00 5.854973371565772133e+00 9.350961010088684744e-02
1.222575933732621856e+00 5.155130020220823894e+00 5.623548284568038902e+00 2.734546028258671435e-01
2.047258909114790804e+00 3.069537208106676296e+00 5.614965211460736683e+00 2.236405675173189500e-01
2.165474221284828360e+00 5.568092864765462835e+00 5.579602319176911074e+00 2.024386351033778952e-01
1.794788916879161755e+00 1.181616415372427653e+01 5.721222050088175415e+00 1.412219209869136904e-01
1.092071616079292928e+00 2.142291888001175870e+00 5.555468958311805316e+00 1.403151072088835438e-01
1.322971873933759035e+00 3.652432145589302515e+00 5.742921622280380944e+00 6.329421906486382143e-02
1.570300544361282302e+00 4.021279853644074365e+00 5.685573641960149693e+00 2.019114669729524802e-01
1.474254475516536766e+00 9.239216466137650130e+00 5.918931573955432235e+00 1.970100110229045243e-01
1.090952283931874600e+00 3.868867870236719408e+00 5.670050784752416639e+00 4.990091265075093097e-02
2.037823066766219160e+00 3.354809809833600553e+00 5.755413632541128699e+00 4.565355828008291900e-02
1.645190965272120387e+00 3.940473909820947362e+00 5.745218441890445504e+00 4.881307155027095335e-02
1.777177752855835902e+00 6.237953825423647736e+00 5.747859802242854421e+00 6.810890301485389431e-02
1.310469804601102073e+00 9.885220163185636011e+00 5.904928071416310154e+00 3.454180006185451068e-01
1.185024850861233103e+00 7.782136829035717795e+00 5.695978301311164671e+00 1.160248347001134606e-01
1.736163841866536606e+00 5.661621168877990051e+00 5.762880884129526038e+00 4.046742784705892326e-02
1.240851501329614415e+00 2.886274860947384724e+00 5.706753617073355933e+00 1.147374370640336094e-01
1.537606319768629604e+00 7.372268083546591022e+00 5.782851663769876360e+00 5.270197777353373414e-02
1.134923530615980836e+00 3.822412521921271455e+00 5.629498981889949683e+00 1.093183426697998256e-01
1.434279916884864559e+00 3.706708957406545935e+00 5.793676905950955636e+00 2.123259074038550409e-01
1.475884318997470634e+00 5.391511082602952420e+00 5.724874500338468231e+00 6.212783889905176132e-02
1.463660522208268588e+00 4.926742703827503789e+00 5.769344838416913035e+00 8.753367188432278900e-02
1.568058857538858986e+00 2.314996444595354586e+00 5.624574350703356096e+00 1.505427849842140287e-01
1.590156638243130471e+00 1.018803499310604188e+01 5.682250040537493163e+00 3.468669800018109317e-02
1.264453188043499265e+00 3.986882033529378866e+00 5.712014742438787707e+00 7.482545678215114793e-02
1.606250703055288387e+00 9.317449405334114587e+00 5.775758230198463572e+00 9.992137983228444043e-02
1.370715451730576628e+00 5.500459657117517942e+00 5.683315354024112587e+00 2.704149041313785862e-01
1.633914599686624003e+00 6.465213653611795230e+00 5.703381109746700872e+00 1.038348336545381612e-01
1.867002450700958827e+00 5.745279038921181858e+00 5.765411550069790003e+00 7.613629067188476540e-02
1.348051661638003829e+00 6.909326756353647347e+00 5.665505287276412005e+00 3.282498214147852589e-02
1.752309475953991225e+00 6.141087960300279924e+00 5.704968715532859669e+00 5.315170950875520994e-02
1.220008539435423200e+00 7.507902592634753347e+00 5.728790077264732439e+00 1.172422855751205362e-01
1.365042273372826465e+00 4.229385360793999737e+00 6.169885303887364003e+00 3.524729390147617880e-01
1.967747676866038908e+00 3.752194843012690573e+00 5.666659417238609997e+00 1.127612682009003497e-01
1.427218862644194175e+00 8.568353222554904391e+00 5.665401630377397524e+00 8.383251604246613753e-02
1.549818146105732319e+00 7.529509090919440872e+00 5.701208468262136897e+00 6.180139396298914289e-02
1.618014181446399968e+00 6.189347285471039406e+00 5.973065471573725915e+00 2.674781630472429228e-01
1.896098697012396306e+00 4.414580765875742330e+00 5.534711932259217093e+00 1.806037317620354243e-01
1.263468403549324437e+00 6.463258024994068762e+00 5.660351317588157904e+00 9.304438925474638189e-02
1.530769440894174993e+00 9.690489387273299116e+00 5.751972412394306566e+00 1.000362014776339098e-01
1.670030835209628028e+00 9.147601589074396244e+00 5.713340253393305090e+00 6.904491530636586161e-02
1.426914466465448950e+00 7.876935103637030977e+00 5.857280355209852019e+00 6.766450621293786105e-02
1.308219537783002151e+00 5.872935189615579255e+00 5.798140378610891155e+00 9.587501683918558948e-02
1.422392595194603926e+00 8.393219871758192951e+00 5.784766677727343875e+00 5.175445667189618182e-02
1.335738966786265580e+00 9.312923415545514061e+00 5.893761045057204662e+00 1.741434189655133580e-01
1.455147244257599448e+00 9.082885596191122346e+00 5.802804161566464280e+00 1.216987032569272487e-01
2.306696930480140129e+00 6.176818386073410494e+00 5.706972999225764731e+00 5.068613882024999850e-02
1.632790047294488955e+00 6.804290626803640940e+00 5.667832624703447841e+00 1.073758342836203944e-01
1.646208626302607891e+00 7.744739324116198809e+00 5.821814572547244993e+00 6.250967996629863688e-02
1.297436991514127946e+00 5.842526061560661788e+00 5.724937388607741262e+00 6.624129407684596627e-02
1.617171883432372947e+00 7.380620407129977245e+00 5.649762097425140794e+00 8.426721740366385771e-02
2.034565524750033383e+00 5.588274065891680742e+00 5.808508786467474039e+00 1.794628975149685779e-01
1.707195672963058852e+00 8.093531024101705995e+00 5.712004688161036015e+00 1.244959657856543056e-01
1.373327992710323464e+00 3.819860096286743723e+00 5.697695794103614375e+00 6.342218503308431898e-02
1.779978846856373753e+00 4.757839318835376474e+00 5.733247657280197807e+00 5.619115802755009909e-02
1.711779412158980218e+00 3.745901501063585659e+00 5.677280734308868482e+00 6.560936078831103302e-02
1.689411580247977884e+00 4.562395067699810625e+00 5.791708710689651873e+00 8.696426781803855144e-02
2.254377546191433712e+00 3.831976132124273349e+00 5.623808004704740071e+00 5.823695206735458874e-02
1.388642091268018186e+00 6.958690729877577752e+00 5.701115579262012290e+00 7.561517274142068312e-02
1.752935530985238577e+00 7.408115204419723376e+00 5.961911306987157211e+00 1.146522140259614853e-01
1.205963647530908567e+00 4.186989365618490666e+00 5.626125231328643395e+00 1.125242500545806795e-01
1.594224658523876847e+00 7.247386959850465438e+00 5.757481809848761678e+00 1.383409928178118697e-01
1.562279984933319987e+00 8.335563080167430527e+00 5.988769042021076849e+00 1.857095750540148082e-01
1.909893638858179088e+00 5.155386124550093818e+00 5.661339382176935331e+00 1.006678362580240571e-01
1.948379963566970297e+00 7.661018025598611558e+00 5.643577246849039497e+00 5.989856880891620411e-02
1.301144335166256827e+00 9.441249958681378729e+00 5.848650914654966115e+00 2.141906077580164325e-01
1.579172736465347615e+00 6.329612479960640137e+00 5.637312448075589622e+00 9.082196782589736783e-02
1.372613139263194615e+00 7.932726684392890526e+00 5.777823153211221197e+00 2.197833060183770892e-01
1.604946903319014240e+00 8.530102177681460063e+00 5.659096575091439263e+00 1.166969871214237342e-01
1.633954514108773015e+00 2.265657121945507058e+00 5.738305450607856351e+00 2.189823732102132436e-01
1.215848166143538522e+00 6.579182513844013869e+00 5.702174250318813975e+00 6.530482343431467940e-02
1.681273712073385607e+00 7.032142070239391529e+00 5.796554894024795956e+00 8.279397736750525316e-02
1.352373860129504335e+00 7.694959636326307972e+00 5.719392575693829528e+00 2.076347996432909848e-01
1.424895443810896722e+00 3.366708228152810456e+00 5.791430245242690233e+00 9.761260215584971478e-02
1.999143666206355530e+00 3.866271671479204919e+00 5.684861524360776741e+00 9.646070890776889395e-02
1.660569583030345964e+00 3.907699896939910378e+00 5.714639813385745448e+00 4.126052764808520179e-02
1.471002650851802152e+00 6.908240417860533000e+00 5.726868209412423916e+00 1.115286859932049790e-01
1.369754118939792820e+00 5.679392914234243861e+00 5.656481169184086610e+00 5.814367622036162309e-02
1.628635941235076823e+00 4.716833947317461195e+00 5.713618996896763669e+00 5.770269886762922906e-02
1.530350896942682004e+00 7.215237628314252305e+00 5.988845623374083438e+00 1.064202558424555273e-01
1.473297982120748584e+00 3.448490099315792090e+00 5.824646552936396660e+00 1.525493841699682440e-01
1.693176813164783967e+00 5.206078643394699945e+00 5.798689218004813739e+00 1.749139538889662726e-01
1.436296350233047914e+00 5.646538854064726110e+00 5.658892784874677950e+00 9.480957821030350230e-02
1.541931170390484329e+00 8.167620081955288214e+00 5.582611195156825801e+00 1.973866917978066848e-01
1.682676382528989434e+00 3.404119743073393156e+00 5.725127056204611264e+00 7.240572164197547900e-02
1.315825141179491231e+00 4.394647945694313051e+00 5.752431730546017974e+00 8.973833821910333353e-02
1.517654775699832204e+00 8.160501724608032248e+00 5.841052607924821061e+00 1.151983243396411949e-01
1.714057806269045248e+00 5.015387848393712211e+00 5.789398338263826993e+00 1.071940467719347673e-01
1.601630006505920356e+00 6.003236204639879503e+00 5.701160911811547827e+00 6.298686822056490109e-02
1.371999541752761287e+00 6.265778071498695923e+00 5.690614306629731445e+00 1.303425166659009649e-01
1.601091167491653922e+00 4.081454589242064834e+00 5.527035958477168442e+00 9.889910444837657355e-02
1.307551766896123624e+00 5.315527550178805072e+00 5.740508617044883799e+00 5.682127399642409454e-02
1.276885347345077193e+00 1.161247284577545180e+01 5.921133853783326018e+00 2.270850718839281801e-01
1.891100498060376944e+00 6.446451736691459544e+00 5.711396418656630836e+00 7.850915032894235923e-02
1.853981020654966061e+00 4.693910492186539329e+00 5.783617877750214298e+00 1.052568010714287627e-01
1.300238152943084202e+00 5.867054283072179466e+00 5.967824929291318803e+00 1.550119882109177172e-01
1.345536742013434539e+00 5.725669103815010708e+00 5.806108991816521403e+00 5.605823029700566368e-02
1.671544090103082691e+00 8.099937923230706716e+00 5.706627386041925654e+00 8.151951723259236171e-02
2.080454839418042656e+00 3.028484591397212267e+00 5.892140154230547822e+00 1.171605811505598421e-01
1.929201328229327439e+00 4.406098159493238242e+00 5.861213527805430701e+00 8.573384157722624410e-02
1.486308870225469425e+00 3.926148784348208576e+00 5.656882662738071055e+00 3.722817242916319491e-02
1.224222641353570173e+00 8.211617968739359341e+00 6.111410176628030655e+00 1.893264834577234601e-01
1.642786061315395285e+00 5.378075075806531657e+00 5.862761291814065245e+00 2.717277761126750679e-01
1.505468302332252373e+00 5.275041522598963084e+00 5.724113745544809007e+00 4.597606861712184856e-02
1.449265984170284405e+00 6.918437717606309434e+00 5.698694143407415424e+00 4.149380115724148055e-02
1.252715669780552377e+00 3.808563323569154058e+00 5.744661233457520666e+00 7.697595263555906397e-02
1.874783620709580712e+00 1.159828877918618062e+01 5.794057454574849331e+00 8.042973973552330902e-02
1.825109769081462385e+00 2.742607374227847838e+00 5.251194304525333756e+00 3.886223757949309743e-01
1.207412343801387289e+00 3.821113130957402682e+00 5.630618340412348211e+00 9.808591910758882038e-02
1.427825073669544365e+00 6.633552673096340335e+00 5.651094392676283995e+00 8.415074068354813641e-02
1.307630901832649073e+00 4.085144880868081252e+00 5.785596789780679927e+00 1.306287422272704168e-01
1.679016011446127887e+00 7.090695782294046623e+00 5.602075522315050904e+00 3.685879383679168120e-01
1.433672881038622782e+00 6.282421553625770372e+00 5.847943283307847295e+00 6.802580555575010735e-02
1.613521413290201822e+00 3.239387875236642511e+00 5.687906571454824700e+00 9.991837232268116487e-02
1.350248854799752207e+00 7.297066494868346354e+00 5.739223413920087502e+00 7.169634785099773810e-02
1.258829760191852776e+00 4.047928460336436274e+00 5.753179375509101412e+00 9.740913110725379909e-02
1.806683652865895162e+00 3.904312131711676237e+00 5.692817686427326329e+00 1.721433214193965333e-01
1.865378335207434901e+00 7.825143453914652270e+00 5.707324887661329171e+00 1.912273363266350779e-01
1.000766010617016644e+00 4.725331291356449803e+00 5.703039375994740645e+00 1.036550930577701535e-01
1.462544631593982292e+00 5.374710151379400891e+00 5.718338724326620159e+00 5.816720698946049872e-02
2.305433285904718410e+00 3.444522909032834868e+00 5.670587611016691731e+00 1.033504054026817970e-01
1.559128668916271776e+00 3.859763393538686138e+00 5.885382196093845053e+00 7.452057352672201984e-02
1.450426154584995242e+00 1.581799393408532062e+01 5.859164413118224779e+00 8.955161496286521972e-02
1.140960272121924080e+00 5.512194024274096549e+00 5.655535798545440862e+00 1.026655844908990339e-01
1.468478799936112633e+00 4.903520854251487648e+00 5.660420657439592773e+00 1.065153187453733163e-01
1.099278502577399008e+00 3.379918799747100078e+00 5.790471512000933352e+00 1.081256038191908408e-01
1.479787930704727028e+00 4.612689909538373101e+00 5.576070786104247112e+00 7.606962745470878529e-02
1.642170693898068690e+00 9.970511790049899403e+00 5.795542448022909632e+00 8.106207914670926495e-02
1.734102809410821955e+00 6.956652156052079761e+00 5.755518575669289483e+00 7.323350377606356598e-02
1.380968366278748638e+00 3.837930582904865773e+00 5.621787186364023192e+00 1.878914705266488960e-01
1.334805964505927811e+00 5.564096898005605141e+00 5.861062524530935569e+00 3.565448360764373881e-01
1.859843763457109223e+00 4.561296831129672213e+00 5.884031431353861308e+00 1.386495916889283753e-01
1.732790733658610582e+00 4.133796055748657494e+00 6.116512615626597871e+00 1.905347722324379212e-01
1.420139913984349134e+00 7.350155415462086061e+00 5.679339336538669514e+00 2.606558352980347659e-01
1.462343251520993093e+00 1.092287801918380730e+01 5.753782273217694865e+00 1.539200390950921649e-01
1.476288946020000825e+00 4.390501068400769924e+00 5.439709750638713537e+00 1.847521042150198356e-01
1.542082811707518042e+00 6.744248905210671552e+00 5.839993958147684516e+00 2.586304961304316530e-01
1.601433594868127530e+00 7.470350770272553120e+00 5.839727322334203663e+00 9.232752792867264524e-02
1.284386286035788416e+00 6.220765526013315672e+00 5.748366002120185669e+00 9.508812218202569722e-02
1.428429108737378161e+00 5.584947780439763143e+00 5.815182194701525198e+00 1.960194128808842584e-01
1.134653007445641792e+00 7.823847122305443769e+00 5.566898412817585573e+00 2.048810292678545641e-01
1.287900853475755225e+00 4.676026711910414413e+00 5.606654931383533658e+00 9.890708344524654083e-02
1.480157736744813324e+00 7.636874140312999160e+00 5.671474954182274431e+00 1.521662192501055388e-01
1.590217649021374635e+00 1.141035873407646406e+01 5.701824817769963083e+00 1.382007076674994228e-01
1.195711587181495172e+00 6.221017466549117358e+00 5.593774857361725417e+00 6.759604640052421787e-02
1.585726964648582316e+00 3.539135987945869477e+00 5.504810596236557885e+00 2.657238396665506097e-01
1.798023724069652163e+00 5.777363675026943035e+00 5.909746319179712160e+00 1.370176678218008592e-01
1.432413743124896000e+00 7.683882068242986918e+00 5.727229796387620198e+00 2.826244600053564593e-01
1.307520081443005688e+00 1.236370247964596025e+01 5.660976414949255187e+00 3.848752254016126612e-02
1.172646876269829885e+00 5.391058361047970315e+00 5.423536230225768584e+00 1.127552075051749814e-01
1.512933151308963442e+00 4.894128059349962534e+00 5.653550100940450740e+00 2.608386563273216163e-01
1.412501759692550651e+00 3.568569182520349603e+00 5.647490715463659328e+00 8.296803554780442236e-02
1.299591226226385787e+00 7.843398514240107033e+00 5.594932914364162180e+00 1.582131522530050294e-01
1.379929539245538628e+00 7.371773205621519942e+00 5.799253729956154402e+00 1.800933753539338822e-01
1.364783099995628968e+00 8.534378504616256578e+00 5.956042622175359291e+00 1.006170790521872527e-01
1.538198729043903867e+00 6.914432951938599636e+00 5.946557255291455846e+00 1.093014417483244433e-01
1.409185920740761988e+00 1.064776340196931237e+01 5.931670160806083558e+00 6.043863239507172441e-02
1.207881531107826811e+00 2.791231999645695794e+00 5.689725301273017344e+00 5.982327056515170105e-02
1.598540401032695124e+00 4.920180601707922818e+00 5.304675959539808971e+00 2.702330487669859505e-01
1.483364118365404938e+00 1.100218054303036652e+01 5.694209949626213074e+00 4.803841740829033896e-02
1.339669056671048075e+00 8.706234757240117972e+00 5.720230581744310427e+00 3.044140003206499134e-01
1.058630667536577086e+00 3.883385180352548982e+00 5.843674469323199894e+00 7.208871519354821678e-02
1.383541531354954168e+00 7.849353263637953049e+00 5.753677294520821661e+00 1.272697687388109899e-01
1.270219638905005111e+00 8.999934994416767253e+00 5.623951868787219865e+00 4.164178583551199353e-02
1.616595055524237212e+00 7.290971924159752149e+00 5.620763923885080615e+00 1.521547289922220991e-01
1.454519455521297022e+00 6.838796694008760113e+00 5.698842866543951224e+00 1.277701350053341012e-01
1.840973881221362518e+00 6.233731057296501454e+00 5.731480475303516897e+00 9.631560183589529811e-02
1.888050381165703673e+00 5.795359619228293901e+00 5.742637766069345062e+00 8.837564088531055240e-02
1.445678352431690072e+00 4.073594616100495891e+00 5.771251619436428726e+00 6.808037381041887048e-02
1.411108878530579647e+00 8.231253493922555009e+00 5.744403673165771274e+00 1.498666299575266425e-01
1.481823671981162827e+00 3.883690825060057694e+00 5.820134252399651764e+00 9.045007527399759328e-02
1.728480563670710790e+00 9.374236595055608134e+00 5.715564265349406980e+00 5.002959363752280952e-02
1.467615504308682928e+00 7.631228308053624509e+00 5.695709416484258547e+00 4.793697563586209881e-02
1.359858333104668526e+00 1.038620022993034731e+01 5.763067433360710368e+00 5.782391384880553736e-02
1.346073257275848034e+00 5.921078077512356153e+00 5.545226273559407559e+00 4.326647459080120162e-01
1.692426248725916071e+00 5.388825398412235401e+00 5.690335229263680183e+00 1.866986274090070008e-01
1.235807264587506449e+00 5.593528730011942507e+00 5.637889140002228849e+00 1.175389316263997785e-01
1.258324640078265944e+00 7.380734468268224546e+00 5.899522154527129914e+00 1.132769923204814955e-01
1.769189319250477288e+00 6.342054164532772376e+00 5.557787179311722170e+00 1.931461862979346744e-01
1.422295368770083446e+00 4.820219327669270193e+00 5.792329223449190323e+00 6.305483357950732171e-02
1.677862456562099203e+00 5.732709452811485917e+00 5.761630324052934959e+00 1.247587894547914911e-01
1.149765726951057276e+00 6.496160382304238645e+00 5.587176457532211593e+00 5.141673032739431382e-02
1.222401040005030692e+00 7.657574018169349905e+00 5.812514125651603969e+00 1.934830529670102384e-01
1.483378099580332288e+00 4.392283149639470530e+00 5.675860375814527181e+00 4.304181815903862507e-02
1.578027889830148522e+00 7.115776139403006795e+00 5.818494794179308371e+00 1.183775920272252952e-01
1.591835213472046817e+00 4.840917118397310759e+00 5.806640698330480355e+00 1.033048083164579134e-01
1.633218242409514964e+00 6.277010096457328103e+00 5.659367874538372867e+00 1.442308018398552050e-01
1.494676019287541902e+00 1.765976245474337603e+01 5.749726653867645254e+00 6.573277575616824631e-02
1.384512253312612406e+00 5.670403643348453926e+00 5.662779333637802281e+00 1.106958164857962945e-01
1.654554501344418505e+00 8.482722248229963569e+00 5.703323266922757817e+00 5.966198932980411318e-02
1.176568201637437916e+00 6.587487155410284068e+00 5.648041401833099329e+00 4.618228263096939290e-02
1.558399740869883754e+00 4.833756972719065459e+00 5.900674715955604555e+00 2.079153560125103495e-01
1.217088401955845445e+00 7.789679418493871133e+00 5.542880316724206224e+00 2.575671205250636975e-01
1.464093912378478857e+00 8.064836438769448890e+00 5.939956345711566499e+00 1.461400875057399240e-01
1.434687577721108998e+00 4.766048600887176079e+00 5.748910651721574894e+00 1.475249853395937949e-01
1.375138535014470920e+00 7.531951895843418399e+00 5.719514594533834817e+00 1.843039379958334445e-01
1.897707252790487686e+00 5.212141396781029279e+00 5.821067709523195077e+00 6.514166943607388460e-02
1.797002097149859257e+00 2.673496726357514675e+00 5.741937360790038802e+00 1.329798190068831598e-01
1.416811105698327022e+00 6.731053112894935353e+00 5.642858109523486654e+00 5.964534829066948235e-02
1.380724382121734095e+00 4.560473230074589601e+00 5.692161403030882916e+00 1.869670261926840993e-01
1.586229339359035428e+00 4.176526962714633306e+00 5.778898597572925233e+00 8.548916702792767885e-02
1.564774528998235770e+00 6.643718363154053286e+00 5.836290872578699052e+00 1.081395368296233783e-01
9.093458604850974680e-01 2.738896297154995274e+00 5.374062064897946023e+00 2.381488559615592138e-01
1.486308870225469425e+00 3.926148784348208576e+00 5.656882662738071055e+00 3.722817242916319491e-02
1.610630300731598963e+00 5.079819549349886998e+00 5.899653035119417410e+00 9.354065763522388666e-02
1.368382945018109309e+00 1.096198842117581940e+01 5.634176111573370171e+00 1.261322202603472609e-01
1.724330354038527524e+00 6.980017732919399087e+00 5.891566093523055159e+00 4.893137549593905011e-01
2.107078675286700786e+00 1.212340421532583967e+01 5.859703094840363669e+00 9.834200849657033505e-02
1.031640431636720034e+00 8.519189900053483200e+00 5.802613773688399590e+00 1.095129152309862047e-01
