# 500 (alpha,mu) samples from hierarchical MCMC for Chlorpromazine + hERG
1.306038932342016512e+00 5.998650360016633876e+00
1.184077511122322068e+00 5.959622514275197958e+00
1.609173890496912840e+00 5.998356738405602684e+00
1.526054314081278784e+00 5.934168645074571202e+00
9.657761024675490802e-01 6.026774952941134522e+00
8.384564278424621042e-01 5.835373983901297024e+00
8.560714788522922891e-01 6.128341359905104646e+00
1.865643166258414087e+00 5.976407837597249362e+00
8.316186999757028131e-01 6.229449785131333073e+00
9.461112581694197665e-01 6.470459215681520604e+00
1.066622404069798247e+00 6.142466599478616729e+00
1.248918841606995844e+00 6.007847162454840628e+00
7.764118108830340148e-01 5.962360453689129258e+00
1.537004234985234419e+00 5.896110403021087798e+00
1.549710769615292749e+00 5.576056672593488805e+00
7.343398124440084773e-01 5.921425668436661738e+00
9.126107710185377142e-01 5.789939203474756546e+00
1.008572998491268358e+00 5.946995313818941753e+00
1.009562840151519980e+00 5.985057163365627986e+00
1.212602198386152352e+00 6.457746996450079102e+00
1.352393025209578603e+00 5.968365954108124427e+00
1.247249422481333969e+00 5.832084961083168650e+00
1.144943346589616162e+00 5.927363918892282868e+00
7.555858713928463866e-01 6.040014030348309859e+00
9.321581342418067129e-01 5.860756536943720008e+00
6.945995418219885753e-01 5.944878461987686435e+00
9.249043074979202972e-01 6.013136248779162862e+00
1.285318241786602478e+00 5.869092480334686890e+00
8.114559483077563584e-01 5.945836943070673009e+00
9.425461461554729414e-01 5.850689365028925337e+00
1.034861310194003625e+00 5.971109542897054645e+00
9.542644250657088545e-01 6.026821116883930962e+00
1.425682412191437543e+00 5.913958425291847121e+00
7.834327253188373419e-01 5.796925103827478054e+00
1.270934152082391799e+00 6.154068663662973115e+00
1.301015821446568577e+00 5.818692512794864768e+00
9.280896117666784795e-01 5.874106864516248194e+00
9.922335553934024110e-01 5.805804200407727045e+00
1.098566028994861776e+00 5.806003127729693070e+00
1.179046954626031818e+00 6.117443436030350234e+00
1.013473802286824821e+00 5.577763733873672969e+00
1.273181644484249864e+00 5.975599849638697059e+00
8.308844347432742250e-01 5.960760615182035593e+00
1.257741681948324919e+00 6.009424616670502317e+00
6.410056944738631302e-01 6.310296341735775805e+00
1.675369256005075913e+00 5.738084763920682008e+00
9.231811851676530178e-01 5.860849908568900091e+00
1.010689941479120391e+00 5.984052517420481720e+00
5.895863620260444193e-01 5.923768943329839942e+00
1.238496815121124195e+00 5.686774400848235267e+00
7.338878058664292103e-01 6.047746029236070520e+00
1.022045628581385035e+00 5.955675991265430902e+00
1.006824444456680956e+00 6.001040838418806089e+00
1.075378900177606400e+00 5.858538097677285172e+00
9.906993253869593730e-01 6.019845954932706356e+00
8.453204648837714386e-01 5.983308887937250020e+00
7.610069437211244292e-01 6.020138404440537272e+00
8.023069456873436200e-01 5.918802581046640476e+00
8.372792378877621511e-01 5.813144559330163830e+00
1.224211603848473828e+00 6.044857646191792000e+00
6.389259630341259655e-01 5.859814432126064787e+00
2.399032086800229724e+00 6.001241282832167734e+00
8.433309052260374861e-01 6.002416490881077316e+00
1.249867335373646027e+00 6.008102207926165228e+00
1.088694114405596824e+00 5.926235339707612404e+00
1.837748660816196145e+00 5.770654770275879031e+00
8.644574260224766604e-01 6.058846751377089390e+00
9.456432020713452236e-01 5.765476122906321166e+00
8.944830434941106745e-01 6.282149555191476331e+00
1.035343494852737800e+00 5.707213193761362824e+00
1.059080279101467958e+00 6.376015298372352369e+00
1.064477996409204819e+00 5.881409946678535228e+00
1.137462946638866157e+00 6.274277255145970678e+00
1.437486471072999539e+00 5.838597191680279685e+00
1.405773779482941022e+00 6.207936855359589501e+00
1.146543725711245854e+00 6.083433963012007339e+00
7.833861592958522024e-01 5.842786058938526317e+00
1.608104252179886950e+00 6.079541658327482168e+00
1.303396276908971529e+00 6.064698823760527269e+00
1.006127133503807336e+00 5.734834655917640411e+00
1.000159047139683288e+00 6.002244609813847553e+00
1.118984391874091155e+00 5.992805567243633114e+00
1.172208698079553191e+00 6.003425202049138321e+00
1.452585406202356211e+00 5.875538645322854414e+00
9.154582201007157582e-01 5.848220304334425634e+00
1.041703512386979780e+00 5.956339492646070433e+00
1.116232586884464917e+00 6.105532301481701118e+00
8.286975729369268073e-01 5.997292436366445934e+00
9.699144022995270786e-01 5.913192032813928911e+00
1.209920768208457842e+00 5.989774688876926767e+00
1.046816334761543343e+00 6.064536858840936517e+00
1.115571675958954234e+00 5.968199103851103970e+00
1.198367866767703127e+00 5.935135281525664830e+00
1.378537504072639752e+00 5.941371180935627550e+00
1.021244733374511604e+00 5.817804304280596916e+00
1.098054196557134876e+00 6.149694261175580046e+00
1.132824224696373339e+00 6.175837562721874896e+00
1.157303352982918421e+00 5.906435683720084207e+00
8.832592087668768022e-01 6.022412778995657412e+00
1.190168023896700067e+00 5.970071222580049408e+00
1.107551270105044061e+00 5.579968823821936930e+00
8.745932185499967204e-01 6.004765639415073686e+00
9.610376620907707945e-01 5.966228335845931596e+00
1.301707319656139505e+00 5.682314672274076273e+00
1.283922714431702472e+00 6.021399555164903106e+00
1.037512398590487050e+00 5.973884332822109400e+00
9.811151961658967080e-01 5.944396546514103541e+00
9.913610752857852093e-01 5.820181899946936355e+00
1.073387665017623727e+00 6.106568035104914749e+00
1.137080113690992045e+00 6.007702982141040593e+00
6.849428816769077555e-01 5.920655375938024712e+00
8.097257462993778798e-01 5.496117557080274274e+00
8.095311463842984612e-01 5.910728486986149832e+00
8.174321272207794031e-01 5.796009750245204373e+00
9.182253807197788831e-01 5.924051479950386501e+00
1.170887189719756138e+00 5.901253415308109318e+00
1.282290280929534676e+00 5.987619255450384870e+00
1.644951455607807089e+00 6.092284429097418297e+00
8.960228162970820254e-01 6.113863096206983094e+00
1.047609641205920372e+00 5.803568343281321873e+00
1.125909005832585574e+00 5.927282246362486795e+00
1.222298445729140370e+00 5.898560467998342993e+00
1.274200870069750469e+00 5.913851265777573474e+00
1.203500816200555601e+00 5.904795972206333232e+00
1.047093350787227317e+00 5.845091648332856771e+00
9.521743158417760311e-01 5.990282676322166822e+00
1.299205922995309237e+00 5.821303468994455166e+00
1.117325920334775180e+00 5.897169685925216065e+00
6.807288383174179280e-01 5.890168891107549598e+00
1.310076935877854565e+00 5.636017589365868830e+00
9.737557152759442891e-01 5.852671991487583547e+00
1.717923464077437234e+00 5.867832227184117677e+00
7.593207707791289618e-01 5.942704099105341697e+00
8.883896506418457184e-01 6.108859857694167950e+00
6.173239872151830010e-01 5.931484405157917195e+00
9.058603033954601980e-01 5.940717619084339596e+00
1.166955144176779591e+00 5.963929656401480095e+00
1.422973109090793997e+00 5.949833018334424573e+00
7.371158570385741848e-01 6.087453906241150570e+00
6.091862476042129160e-01 5.916726188955212962e+00
1.028881691719785607e+00 5.743751488917336445e+00
9.223909717711611389e-01 5.866387401347053832e+00
1.222755302678889100e+00 5.967530585825151057e+00
1.176229277171791043e+00 5.584755145788657060e+00
1.274200870069750469e+00 5.913851265777573474e+00
1.389807716324470421e+00 6.232873426282986351e+00
1.045524423089967847e+00 5.884621214857379989e+00
1.070358873151170842e+00 5.872045364853475391e+00
9.564546962234670158e-01 5.874329337712262955e+00
1.080050416031876015e+00 5.741782242689280835e+00
1.173289264975599044e+00 6.086414259171254670e+00
9.245576314743085833e-01 5.934084248001783024e+00
9.257062176500663320e-01 6.024791941186935951e+00
6.660926971920403394e-01 5.849419255299201481e+00
1.204029464662539572e+00 5.989557750143794657e+00
1.652249511620898170e+00 5.920790943100203485e+00
9.533975526443735360e-01 5.787087984108228333e+00
1.239926034682478750e+00 5.972879951969839674e+00
7.214931909160673396e-01 5.697011806664345812e+00
9.045160417759988691e-01 6.044873478714515969e+00
9.885425781556704816e-01 5.784452622798054833e+00
1.091589823032412587e+00 6.000689548400117701e+00
1.147417467356656395e+00 5.771328224511990790e+00
1.222016140864154554e+00 5.926766552583361047e+00
8.914332354711080875e-01 6.022580480270830705e+00
1.078841169220167595e+00 5.785288439423977636e+00
1.281187755726338917e+00 5.839179209639864254e+00
9.218594887067576016e-01 5.856055453330469618e+00
9.924352830314565610e-01 5.894798292841100462e+00
1.253818301585637229e+00 6.215679379769460944e+00
1.219026857244400075e+00 5.936134578518605487e+00
8.340784806607308699e-01 5.710240663661467764e+00
8.276816009301063426e-01 6.000963489991821831e+00
1.177075868139450421e+00 5.857227988792112150e+00
9.720687327901460506e-01 5.724005175719284466e+00
1.433546888567954092e+00 5.837433216305507599e+00
9.008283846700072539e-01 6.369366219028973042e+00
1.190391939218340633e+00 5.942626072158309292e+00
1.243853114331177068e+00 5.886219253713347754e+00
7.739894151290682700e-01 5.784762395741355867e+00
1.404575305554691234e+00 6.040839803403699193e+00
1.337708668986132610e+00 5.960687374638071745e+00
6.162622946030648086e-01 5.949196170888644275e+00
9.058603033954601980e-01 5.940717619084339596e+00
1.231941608673150945e+00 5.901088506937097300e+00
1.306111861136282526e+00 5.777197710322898416e+00
8.489189167995347951e-01 5.951402871130633265e+00
1.076932615362660384e+00 6.151223116351951958e+00
9.165988058137806149e-01 6.192731148145154130e+00
1.242098149871230683e+00 5.980103200809455011e+00
1.108618661712562625e+00 5.723991837599411880e+00
7.684569625647263980e-01 5.829661778520477178e+00
1.381953646644575873e+00 6.026931390093516860e+00
9.265116500376773256e-01 5.733975558845424203e+00
1.144836259118085842e+00 6.005639925522209488e+00
1.053560240482449784e+00 5.837282880552677078e+00
1.108303695993771765e+00 5.741529257898688954e+00
8.558948321543856652e-01 6.057094764456534719e+00
1.083526921971742274e+00 5.813451551258785877e+00
1.211179722607680809e+00 5.760123011121541126e+00
1.295960569013389740e+00 5.804800997581884836e+00
1.088808631857955289e+00 5.965531152689979244e+00
9.930036340765605596e-01 5.778326570792344796e+00
8.571916270291549678e-01 5.813052133363707519e+00
1.119500198752565234e+00 5.886407756808658576e+00
1.562299302656732891e+00 5.953775574271052307e+00
1.286401196274256087e+00 5.952650714152770028e+00
6.805950707744061745e-01 5.643987282616369505e+00
8.492946574275543892e-01 5.874097492990633995e+00
9.334843434835400355e-01 5.960434467264394520e+00
8.651422690024184181e-01 5.584170120773402246e+00
7.327372315369212741e-01 6.160625341940230371e+00
1.277203982108287450e+00 5.722972624439240263e+00
1.051842751384359786e+00 5.764755405702308266e+00
1.377572660723324516e+00 5.956369668147242002e+00
1.606515772060629343e+00 5.996838618857779579e+00
1.530548077561716402e+00 5.918965116042712360e+00
9.096098880539037479e-01 5.834573469111552058e+00
1.074461480198821928e+00 5.878186674847647453e+00
1.006206691504219375e+00 6.027712859803425971e+00
1.247021982636026260e+00 5.769685526587192470e+00
1.800745926429612842e+00 5.942862942650598335e+00
1.072704477656722499e+00 5.858238576976644296e+00
1.076030507971246664e+00 5.782638462027735571e+00
1.176726862294056541e+00 5.973334444215853800e+00
9.280572810792386829e-01 6.038193211961880635e+00
9.812297297917896843e-01 6.027411551211016238e+00
1.026061255299936192e+00 5.953543205649608261e+00
8.389714257700522371e-01 5.726463030110976682e+00
1.223644437936107776e+00 6.110419979523640244e+00
8.557194589547026942e-01 6.091307806219369958e+00
7.247281235254325882e-01 6.026763330401951002e+00
7.043820738152830607e-01 5.740627908966409620e+00
1.070845151385432681e+00 5.857810109805249077e+00
8.937893532400851271e-01 5.921888154457838560e+00
1.389600296676301250e+00 6.006398492885912432e+00
1.086386459662517456e+00 5.906468697484628549e+00
1.319826173367447009e+00 5.781430265074130048e+00
6.494239558205986418e-01 5.960244534212343126e+00
1.043846312281623501e+00 5.956181036656214012e+00
1.206188353923189682e+00 6.000967892267272674e+00
1.444723734174055751e+00 5.809339613672759306e+00
1.100921924879731728e+00 5.973582323482549583e+00
8.840066465820246577e-01 5.839336166540061157e+00
7.886843502937618267e-01 5.904573206107605721e+00
1.111389936831080893e+00 5.931567132137510079e+00
1.387683704284246478e+00 5.886076136641921863e+00
7.652276793359660267e-01 6.010325335780542844e+00
1.181757833957987502e+00 5.910442570199885282e+00
1.192146626784159613e+00 5.969082632348327699e+00
1.016014984113508879e+00 5.977688085594222045e+00
9.092505722330427309e-01 5.994200307231643876e+00
1.064538628949131427e+00 5.917332331281615510e+00
9.686503675847030204e-01 5.733901717343029780e+00
9.753649162210167312e-01 5.929979053852910909e+00
9.881076938713451163e-01 5.839386496313489161e+00
9.183328212934306345e-01 6.101105758335283014e+00
1.301789243860838274e+00 5.984940521608360875e+00
1.000921804072086863e+00 6.210657439025933257e+00
1.205140418225493670e+00 5.776377773930491344e+00
5.655001228659490842e-01 6.055737139437444405e+00
1.205955365748344388e+00 5.942020832029061950e+00
7.951692728725070491e-01 5.987832720944450848e+00
7.227427358197351381e-01 5.679217983940593406e+00
1.443775667528433893e+00 6.258209812910512149e+00
1.246636624686607853e+00 6.401223990207848047e+00
1.635061751394946805e+00 6.004950728486615041e+00
1.475871151883394461e+00 6.065928154530489280e+00
1.076030507971246664e+00 5.782638462027735571e+00
1.626309642680697110e+00 6.122805359523335156e+00
1.088168550912094190e+00 5.789681321602776265e+00
9.465513972906026696e-01 6.005519802347262903e+00
1.214170433907424851e+00 6.037746429518690228e+00
8.751300449650715185e-01 5.762260845558137667e+00
1.091502605295953998e+00 5.931896658886735452e+00
1.094051513995139890e+00 5.997010518093151887e+00
1.461018425213872263e+00 5.971048367307167481e+00
8.042466042925017211e-01 5.732162286364210324e+00
1.140858505876060969e+00 6.001849466630230445e+00
1.206127371805612247e+00 6.293302054460086836e+00
8.085958027982671492e-01 5.893607655967489478e+00
1.506194036018785987e+00 5.980894866629996365e+00
1.255484364362982497e+00 5.847811323521122873e+00
7.064045511325796056e-01 5.957509020631086116e+00
8.636512428848702738e-01 5.943502442677857545e+00
1.010142930051278531e+00 6.192660131318886485e+00
8.176270492894661679e-01 5.855522371606072696e+00
9.137812649548219257e-01 6.038828053116934491e+00
1.117755903789887650e+00 6.098725760391446649e+00
1.201755223010913864e+00 6.202441405843900135e+00
9.123052557194656353e-01 6.105790707611207679e+00
1.063888838004185544e+00 5.772171156926530600e+00
1.298971643015488064e+00 5.587996466668107232e+00
1.088577717932438738e+00 5.944021545359296610e+00
1.271827242721298434e+00 6.037504896232943175e+00
1.239317036194914623e+00 5.806634280054549180e+00
7.209825367134312657e-01 5.776497147713267388e+00
7.990287555205783931e-01 5.880724291152773731e+00
1.272761464197223580e+00 6.310208626502443963e+00
8.525629062791929558e-01 5.768085464220225056e+00
1.066838073369552609e+00 5.982443412668820848e+00
8.449507858975667807e-01 5.961510739834373851e+00
1.527958026395985103e+00 5.837549617952880965e+00
1.104704350900096443e+00 6.001672700303137375e+00
1.309290849710182947e+00 6.379894180991996677e+00
1.056362682976390133e+00 5.763462865929154688e+00
5.868076743952911345e-01 6.054128751538177866e+00
1.014981549341716471e+00 5.787305211272933292e+00
1.091589823032412587e+00 6.000689548400117701e+00
1.148173802189834891e+00 6.101564213139258008e+00
1.278888769789551016e+00 5.945507972597655844e+00
1.821474767544216222e+00 5.810844402616901050e+00
1.248220558241224243e+00 6.008653508450312764e+00
1.441104851555693900e+00 5.922688731771730275e+00
9.999093754751168239e-01 5.974212429111322109e+00
6.837060091313870158e-01 5.948048226163579422e+00
1.269581839852493843e+00 6.002354931840187646e+00
9.724528709610060773e-01 6.009885186207413632e+00
8.947234071654397436e-01 6.076967373067069467e+00
9.472673601638892382e-01 6.139056615012456142e+00
9.004869525637551053e-01 5.676208866981454548e+00
1.003679681865413675e+00 5.719382799525877914e+00
1.067880564850666403e+00 5.968710887626361483e+00
1.044908109037199440e+00 5.680308087322706534e+00
1.173735598359083587e+00 5.971253467238149426e+00
1.036505711348913783e+00 5.940170931421562273e+00
1.254684214704579581e+00 5.950374503869879206e+00
9.153915102609404553e-01 5.788813333923519266e+00
1.058947747603705247e+00 5.931652413851683292e+00
7.942534854247611520e-01 5.820534918682381154e+00
1.051134045785024007e+00 5.803948090820230554e+00
8.725811034955048839e-01 6.031170778158835510e+00
1.019163885441873862e+00 6.007804698604047644e+00
7.766418930841746393e-01 5.602922577163847784e+00
1.098173501202636793e+00 6.104403557465181152e+00
1.102602360966608241e+00 5.985526109872815859e+00
8.534776447843800407e-01 6.068278340659019499e+00
6.907329832519804036e-01 6.104536579992815071e+00
9.984302080510749633e-01 5.893287605811439178e+00
1.206203697005322484e+00 5.834905560279382897e+00
1.105405935207202539e+00 6.063505874056199119e+00
1.415887787170721612e+00 6.190801783300826422e+00
1.129711930547442789e+00 5.904635285452253690e+00
7.500301586695459211e-01 5.886048382415328462e+00
1.127012095768525457e+00 6.041509598532167402e+00
1.110958068160906143e+00 5.983426301689368287e+00
9.933266694435162192e-01 6.017096157286581537e+00
1.260011410135387866e+00 5.714992202811262523e+00
1.335007554026021115e+00 6.012899124987958643e+00
1.149588275293145889e+00 5.952611369847427447e+00
1.161701751148812800e+00 5.971761981496981342e+00
1.440425509737467413e+00 6.021467225410919610e+00
8.191377211191191998e-01 6.041255819194890186e+00
1.182421890658668540e+00 5.882194589103995064e+00
1.093558601442281564e+00 6.010547222241421572e+00
9.184522106734926972e-01 5.930162022639513530e+00
1.023949870349936564e+00 5.896694078298134301e+00
1.206874717134401198e+00 5.942126943752519708e+00
1.005672935645286037e+00 5.971488983978551879e+00
1.084278884587570380e+00 5.765335332436203331e+00
1.201451682606965221e+00 6.122390458358816900e+00
1.472568565605157476e+00 5.839572398917889373e+00
9.639284892916468728e-01 6.052027767621227738e+00
8.468281579716945284e-01 5.799289941511180935e+00
8.776199278106392443e-01 5.947985372024732875e+00
8.957322736847440625e-01 5.921356608090498241e+00
9.326177158739591411e-01 5.884941528478428552e+00
1.612966123122350881e+00 5.930901906634863607e+00
1.054987591491966414e+00 6.019524080828665191e+00
9.382300349751326873e-01 5.986339840069392793e+00
1.256894455693369439e+00 5.847439658178091193e+00
1.010212177373971842e+00 5.981857366220522110e+00
1.057819711852569400e+00 5.947642803767667630e+00
8.502999625947088580e-01 6.087819401611358039e+00
1.401311435693915586e+00 5.910751755991089595e+00
7.846725204803639553e-01 5.926532570769175834e+00
1.181743912425609722e+00 6.065959902813832905e+00
1.013709645232089507e+00 6.013977576240627343e+00
1.225172394520107622e+00 5.863345388564563443e+00
9.939175896095702178e-01 5.823935209455077811e+00
1.159734025538694535e+00 6.081500110184745900e+00
9.706056957196904644e-01 6.357460381052591813e+00
1.760530309997351273e+00 5.790216844484683101e+00
1.067947257579071385e+00 6.036029604167238993e+00
1.360273491615320074e+00 5.906944153213190773e+00
1.882613305885075361e+00 5.933974976097471377e+00
8.796030573765861726e-01 5.594775221747986471e+00
9.500312185058025216e-01 6.031411366909022576e+00
1.032573039748258648e+00 6.060240102500088710e+00
1.121251523712480047e+00 5.949566423452452568e+00
1.022969987698498784e+00 5.864472675828697135e+00
7.846613255152400379e-01 6.039595362457145455e+00
8.916696437808362408e-01 5.981706729917434018e+00
1.180128419326459621e+00 5.560713778971298815e+00
6.050912353145458944e-01 5.889486213701689898e+00
1.237318457774928548e+00 5.935656663175872261e+00
1.179157361824289652e+00 6.236906080915062489e+00
8.061139049885295282e-01 5.631585206680971289e+00
1.048458293972870159e+00 5.822480306463866384e+00
9.430828093199093987e-01 5.808487884846479155e+00
1.273025712078142968e+00 6.234195261235175423e+00
1.192843646390468804e+00 6.064425826514574069e+00
9.676219454778277607e-01 5.952657055463419944e+00
1.211959323780651410e+00 5.844070233403356518e+00
1.106931736908890906e+00 5.909556557897472473e+00
1.047093350787227317e+00 5.845091648332856771e+00
9.285405070508465641e-01 5.900235360841471710e+00
5.616681904225194755e-01 6.088035280862693632e+00
1.219841096963736993e+00 5.832899367673101132e+00
1.220430783370046068e+00 5.812895204786538095e+00
8.265364578170699694e-01 5.759805667226797432e+00
1.103433330331515805e+00 6.044503470022556613e+00
9.115556630988906894e-01 6.023074272490345216e+00
7.894568180272846236e-01 5.982439051863670088e+00
1.109443175445947283e+00 5.852899397049498020e+00
1.444723734174055751e+00 5.809339613672759306e+00
7.301001498404071643e-01 5.888466587639279659e+00
1.179844920513810402e+00 6.035271821865248576e+00
8.657042262141940725e-01 5.985059845662089373e+00
1.125968984361689129e+00 5.903125916042533561e+00
1.582718769762418098e+00 5.956008264808147601e+00
1.209941719168096341e+00 5.967504902278076173e+00
1.319576772608347826e+00 6.053478039449889714e+00
1.129452908069087602e+00 5.712556092136070518e+00
1.169252334709593555e+00 5.846027040049460943e+00
1.892239847825708532e+00 5.872512922001585700e+00
7.955643970642938267e-01 5.849471176987790066e+00
1.200551882536925241e+00 5.882163654847800238e+00
1.359504971303757470e+00 5.936488322703854514e+00
9.543043710484901965e-01 5.806917202179970872e+00
1.398612235355251698e+00 5.966567303731448391e+00
1.122029575124330991e+00 5.765616262423761462e+00
1.124300955759403031e+00 5.947669393458687281e+00
8.703098002886662243e-01 6.710475042382368471e+00
1.236795089347928700e+00 6.061822781266704041e+00
8.119234304458144980e-01 5.852591088871892389e+00
9.588820826301031053e-01 5.931825876599240210e+00
7.953192231444555782e-01 5.786419065473261014e+00
9.499360995524730455e-01 5.962452195366814145e+00
1.325637970413241495e+00 6.142809489254101862e+00
9.951116772379824393e-01 6.248486872477758247e+00
1.056199226582150930e+00 5.789669437382765516e+00
7.344821267369329165e-01 6.055361965123409185e+00
8.389879395440320575e-01 5.881826148375750130e+00
1.051432405002586057e+00 5.916993189567081757e+00
9.905074922813055238e-01 6.061479836069197269e+00
8.085958027982671492e-01 5.893607655967489478e+00
9.249424608678925575e-01 5.845872867703588049e+00
1.232438628627882560e+00 5.719941142956930236e+00
1.026281248442051375e+00 5.927434348546666065e+00
1.032573039748258648e+00 6.060240102500088710e+00
1.443483194153358795e+00 6.132661305509567562e+00
7.836559484280924970e-01 6.161425763176677783e+00
8.574108779061109242e-01 5.823810245574018829e+00
1.111578637222618848e+00 6.297055610855956331e+00
6.862947759658306612e-01 5.847011053482064291e+00
1.128297052189365379e+00 6.054484787186440009e+00
1.353023830572112951e+00 5.868755684482010793e+00
8.551139500196502929e-01 5.893806063086892699e+00
8.118696486929578571e-01 5.843533183623229377e+00
1.283418652938870919e+00 5.387944581293448110e+00
1.227179345655537324e+00 5.942808519083739860e+00
1.045032142355105442e+00 5.865459580228463921e+00
2.001298282732733913e+00 6.050149668849947204e+00
1.495091245698242366e+00 5.917426757116343694e+00
1.601226236825064930e+00 6.028878883989786885e+00
8.046290137668666853e-01 5.968985880278090406e+00
1.116945321156515902e+00 6.037175924891569068e+00
1.286181096643377542e+00 5.931779299659104332e+00
1.196306981227026833e+00 5.925746933342850298e+00
1.245709422332569760e+00 5.902918650562400060e+00
8.851368743946455009e-01 5.724384184282030219e+00
9.086416544910570492e-01 5.972655116905114525e+00
1.120561232759218706e+00 5.795863540141086290e+00
9.714525621333067740e-01 5.994114611989301622e+00
1.310564495445213140e+00 6.051838515108804550e+00
1.114994334474300519e+00 5.901110673541328566e+00
7.473273622885496792e-01 6.223298106099007576e+00
1.070467607071828864e+00 5.740742889896873535e+00
1.097898869068212324e+00 6.517360769482468008e+00
1.126442531271204528e+00 6.003889264724732833e+00
1.424541237475296152e+00 6.031963907628168364e+00
1.584484162847534128e+00 5.932519435602293001e+00
1.469754466251796288e+00 5.995197076960303129e+00
7.631540055719601146e-01 5.872107771727936409e+00
1.016497525041520467e+00 5.962773420504729138e+00
1.075822153293261030e+00 5.908133914063145475e+00
9.096930906223034130e-01 5.815973573027076071e+00
6.958459268835522904e-01 5.768566236632263866e+00
7.981913777561520096e-01 5.964914475720087594e+00
1.061518583990793907e+00 5.628383931263107876e+00
1.928198425531424842e+00 6.017110964155839348e+00
1.196244042001372465e+00 5.811362731667358617e+00
9.582835233307903655e-01 5.732306346934087138e+00
9.573338707884387899e-01 5.995397830852152943e+00
8.853226393055475540e-01 6.019543981341104910e+00
7.537305328642929236e-01 6.087130459457859466e+00
8.621786271190240436e-01 6.207381097451737162e+00
7.089307058567118069e-01 6.065983059510114295e+00
1.148105381261795621e+00 5.985267912848993177e+00
