# Hierarchical MCMC downsampled to get 500 samples
# alpha, beta, mu, s
1.869302834739887231e+00 9.752744510999713512e+00 4.042127518790452179e+00 3.531422777592320150e-01
6.969121156329366462e-01 4.206791703598017129e+00 4.049208136680825909e+00 3.900283494466968981e-01
8.271167458667895156e-01 7.780497643560329912e+00 4.004448397884408095e+00 1.772888647436055842e-01
1.212448133123164018e+00 6.932068556399526571e+00 4.215650196850986298e+00 1.976643077994690301e-01
6.783637083283015068e-01 5.450307112446819424e+00 3.808959572371469982e+00 2.200599296627704926e-01
1.512370895379498537e+00 5.882138750542684313e+00 4.155677202437322748e+00 1.286923928466905953e-01
1.530221456066779506e+00 3.017696802368856623e+00 4.032452171774878025e+00 2.900630082937875054e-01
2.065061345657512870e+00 2.944241072296092110e+00 4.078197816572166623e+00 2.380863110455499199e-01
1.853475669100714818e+00 4.416294651633364765e+00 3.726146914642933350e+00 1.734725942214761507e-01
1.469387696689490097e+00 3.012540649928291625e+00 4.066311745541141498e+00 3.162120628418456092e-01
1.013069367583953051e+00 1.034967397926754451e+01 4.247289111326654876e+00 1.523911922280955233e-01
1.646943675319679778e+00 5.211089707123390369e+00 4.514096033913153505e+00 1.413675263397174975e-01
1.139599354819236021e+00 1.135205919038636857e+01 3.876142421689181106e+00 1.689276582084679734e-01
1.372945849446741473e+00 6.972479981430904417e+00 4.210237910957234320e+00 2.271082186152186266e-01
6.964523632660877261e-01 5.631129122061321546e+00 3.966663401613109041e+00 1.324084395940776371e-01
2.224435673975263317e+00 5.458818239524597438e+00 4.195321225020984812e+00 1.525781982198173570e-01
5.617275450930897529e-01 5.294191974875319673e+00 3.508680790579719044e+00 1.464109893906511972e-01
2.869513747488583011e+00 7.460070752248750381e+00 4.402525943919218143e+00 6.212172586663177593e-02
6.735013630318873457e-01 9.135336704746382708e+00 3.981490448041101970e+00 1.767274661538185410e-01
1.547350407793396831e+00 3.786430048661705072e+00 3.530051846478924560e+00 2.996010132922286018e-01
1.325767010281407199e+00 3.420952457229181398e+00 3.974047702588316522e+00 1.121416893805229353e-01
1.075979111643988739e+00 7.495214736659412402e+00 4.242551588641426896e+00 6.382109041710838371e-01
1.724851540168715669e+00 6.916370408700504235e+00 4.217346257248788532e+00 2.003397084919708859e-01
8.165735531559971117e-01 7.221102582788198276e+00 4.047543218113501595e+00 1.968039049889622749e-01
1.994493349423137385e+00 4.200790332164132224e+00 4.471555309409485979e+00 3.244728792863844080e-01
1.130728939503002017e+00 3.279706292035258652e+00 4.148626791867734198e+00 4.306053380545230014e-02
1.432458996271365859e+00 5.700689550632871416e+00 4.337008897194097656e+00 1.683542091384998829e-01
1.024547772375041577e+00 3.099920920259151558e+00 4.141562779257059290e+00 1.724296186522561447e-01
7.384826285079729713e-01 6.519858513869895233e+00 4.028756424548328496e+00 2.076867497365259829e-01
6.771764215328511805e-01 6.526381506542082711e+00 4.130637310109550597e+00 2.004283244242448525e-01
1.479126721307730374e+00 8.442308489118802939e+00 4.191679595216911025e+00 1.539812660387236964e-01
1.119090249308145157e+00 4.862451166936046398e+00 4.230138095094523543e+00 1.748188373634174675e-01
1.933659490107012768e+00 4.413208080945743461e+00 4.353734838724602874e+00 2.951423125630650221e-02
1.138749637869015841e+00 4.021011321205639533e+00 4.543912801404061064e+00 4.096712978699391106e-01
1.201438699622020545e+00 2.809261265126508089e+00 4.204212845744220495e+00 7.056427674566997932e-02
6.393705149480943817e-01 6.978633073090453998e+00 3.870135170206101538e+00 2.596295420309295832e-01
6.988819418631753155e-01 5.295021383836300721e+00 3.821700275081346909e+00 1.931861048167985428e-01
8.359848078283029782e-01 1.082476916614434970e+01 4.149162137466665179e+00 1.964569973548963289e-01
1.695351875766249128e+00 4.572796069376026118e+00 4.450594793373547908e+00 1.886111603934384207e-01
1.572648213461220079e+00 3.882436306717512942e+00 4.110852059110070122e+00 1.211358952408354839e-01
1.079167627211108149e+00 3.266310273397882380e+00 3.748098223653240968e+00 2.139135077281630881e-01
1.159417710606162499e+00 7.350882766212462727e+00 4.337773950594267625e+00 2.953466138402182084e-01
8.973073175176333738e-01 9.999557664500200005e+00 3.513433396952676979e+00 2.200971163357946514e-01
9.568324495904668714e-01 4.840709281656344842e+00 4.193721493819515977e+00 3.804281698254098343e-01
5.988637894380732796e-01 6.867842534986638547e+00 3.776782346783612354e+00 1.182047374735500089e-01
1.997480080254179224e+00 4.322876252653957252e+00 4.464140937658222619e+00 1.170794255434866316e-01
7.600019494346283988e-01 3.303965524177884028e+00 4.178673058439414056e+00 1.776155618033621320e-01
1.252533480315094927e+00 4.206094648352782350e+00 3.948986614960633190e+00 1.115898838285396821e-01
9.833530949231750196e-01 6.717748391837639055e+00 4.291696526423839586e+00 1.562445183809019755e-01
8.417348286293823145e-01 4.853496127127560733e+00 4.068450397230855664e+00 2.623999685488604960e-01
7.022913707355465940e-01 5.412860498817985366e+00 4.087332166260302380e+00 1.127638991951092629e-01
9.483540205211610230e-01 5.161337263957333832e+00 3.941811946720774618e+00 1.417545967763900183e-01
7.804405586355036561e-01 9.342649510981228644e+00 4.155262421453262967e+00 1.123167944177847349e-01
1.583356005070179817e+00 7.787046641898412780e+00 4.297036582678657624e+00 3.373360771764200017e-02
1.318880892224646217e+00 4.944938363981486340e+00 4.370573239210484573e+00 2.202300585972116198e-01
8.842701776984642770e-01 1.074996519197210176e+01 4.101155108012853212e+00 2.276983155534945125e-01
1.011558528495874798e+00 4.484193701311715685e+00 4.043508140345060120e+00 1.374753794493596970e-01
1.539998359944913187e+00 3.301566614268108601e+00 4.360136496931723116e+00 7.358697670670530377e-02
1.875062197092761007e+00 5.435228489854763367e+00 4.153936381793152499e+00 1.244511479444227880e-01
1.429291303372293820e+00 2.989087331039997686e+00 4.108306948305330941e+00 1.534299891770944113e-01
1.121895190236540163e+00 4.820498642877346640e+00 4.298424144446611805e+00 8.282839034834338365e-02
7.866854401246869966e-01 3.042099790260469838e+00 3.550163256256919642e+00 4.602632719747467016e-01
1.309116733472635241e+00 5.803215669000516108e+00 4.238849797347789661e+00 1.290369495307313319e-01
7.995542790293140856e-01 7.507984793038645854e+00 3.801989074192802409e+00 2.228609156458050133e-01
8.939256495332899011e-01 8.622127966210937799e+00 4.240171607626024297e+00 2.010877837169214311e-01
8.545831847147662419e-01 4.831227980320354831e+00 4.229488758902712142e+00 2.681166894502016729e-01
1.421725894333387252e+00 2.630271791917468072e+00 4.267750955899639820e+00 1.090051010093105593e-01
9.922527328350991827e-01 6.806524683506938622e+00 3.594363701917314025e+00 2.530867532010770971e-01
8.718612944196730830e-01 9.019082598830570063e+00 3.863033441563678672e+00 1.695365878394585191e-01
7.546300745301169899e-01 3.025942157989544690e+00 4.443614178796422287e+00 1.765414773390116543e-01
9.491837840806244264e-01 4.643145561379832031e+00 3.744471854648226739e+00 2.313604457704348250e-01
1.706732365830177400e+00 3.949061822674718059e+00 4.161354448569414721e+00 1.217635175868074793e-01
1.043273577717043654e+00 6.329999335836756558e+00 3.980953055022404374e+00 2.464648300385881008e-01
8.690616852215387045e-01 3.181000184850668155e+00 4.291357840218318564e+00 1.383628999042812446e-01
8.195509278071044790e-01 5.341601498876798360e+00 3.947544991018160587e+00 1.281442703544116712e-01
1.100015332932056555e+00 5.564261805359159929e+00 4.111542378235341744e+00 1.782553158867428711e-01
1.285128725162832497e+00 3.666343163281955420e+00 4.146271670640133244e+00 6.624671495764201945e-02
1.137008040749231563e+00 6.062984950013836638e+00 3.357274017704661606e+00 3.212171992937671305e-01
7.718941197267145116e-01 3.889207596829358238e+00 3.888431728679728305e+00 2.363487155520065941e-01
1.686876883535622706e+00 5.392269737148824404e+00 4.608316368124317108e+00 2.222891318995878218e-01
1.438781403520421831e+00 1.041991876118025040e+01 4.444692717189571596e+00 2.379618192182240133e-01
1.050347327864154412e+00 4.261021217587299681e+00 3.779131591522297828e+00 1.518507997135997711e-01
2.270934470213837209e+00 7.350209804308424744e+00 4.427044502957598660e+00 6.212935049672121957e-02
8.694075702244573600e-01 1.155821076342531484e+01 3.959105503096040035e+00 1.174884953632076845e-01
8.387934362072357874e-01 4.499384314054892364e+00 3.518071486855808061e+00 2.687188265865995129e-01
8.900475045094627946e-01 2.514909286747965211e+00 4.022965625982153348e+00 1.555610497045957774e-01
1.314990694014971151e+00 4.415736133725340906e+00 4.259950644575384970e+00 2.487048854012632870e-01
1.367392010635596789e+00 4.285968274423020752e+00 4.138685672337050647e+00 2.832300954454761155e-01
9.154436162635721796e-01 4.176977575337496695e+00 3.848955428889748731e+00 1.465383833652215417e-01
2.141905492459464266e+00 1.078924478566720779e+01 4.459197488248621610e+00 6.651336834131461873e-02
1.686989904587967715e+00 3.973274440300316179e+00 3.966884373847681999e+00 1.088513732925004279e-01
2.316883942799755403e+00 4.074656202477079603e+00 4.563054986019300152e+00 1.658111866390871991e-01
7.436316679080411385e-01 9.745571679609785321e+00 3.875063650635103496e+00 2.022080680746115300e-01
1.100589267025976259e+00 7.133734582741101171e+00 3.855182613507244227e+00 1.708934864823906941e-01
1.255097021340415786e+00 8.118594880476456055e+00 4.023963420753029041e+00 2.051564757689357810e-01
2.088449768332809597e+00 6.164605603386995369e+00 4.494844773465270116e+00 2.107128943880246796e-01
1.822647496392199029e+00 4.219123241723167439e+00 4.362758664136062059e+00 1.181014128600346019e-01
1.428110484945364078e+00 6.740305112339690652e+00 4.029824619020470067e+00 1.792174281441955841e-01
1.107698131504581296e+00 7.256667038167456063e+00 3.996814104438192849e+00 3.120615121688919968e-01
1.002766978010582566e+00 6.980070076928096334e+00 4.015589150287713238e+00 3.081727923119362278e-01
9.960392854545451202e-01 3.937923258660544157e+00 4.233924088617329495e+00 1.625503854397311598e-01
6.644936011461226588e-01 5.615414505827206249e+00 3.088436618469129868e+00 2.768315771097528688e-01
1.237715953302759520e+00 3.907848437483376625e+00 4.345031034683199067e+00 2.550790850021962264e-01
1.329918735266932828e+00 6.182653600686369266e+00 4.114164899996310076e+00 1.880086648210632094e-01
1.936066119020767751e+00 8.016811442463398052e+00 4.236831704576685453e+00 2.173430120337586369e-01
1.759174935902301007e+00 5.950085877352709218e+00 4.150529385763093160e+00 6.415195804586379391e-02
1.329967196904705551e+00 3.785651865769935842e+00 4.319097950879375425e+00 1.532594628853428953e-01
1.625876053832917112e+00 3.796073586453914572e+00 4.358396954186403605e+00 2.184418003186996415e-01
8.286060399243566632e-01 5.020348978358926573e+00 4.330103485095706972e+00 4.336256129330012810e-01
3.154342211768937254e+00 5.160300342602053725e+00 4.358475019794238570e+00 2.844496686258107115e-02
1.327134967043354097e+00 8.364028624636048903e+00 4.105883939703218743e+00 1.687418691200603393e-01
2.562899716255479188e+00 6.310622651578578157e+00 3.802071957764414201e+00 1.997842324084149745e-01
8.614626471043014266e-01 7.626265005880222603e+00 4.140890098084072157e+00 6.892713157253385625e-02
2.308534603999887302e+00 2.596538186518284164e+00 3.572829547611502399e+00 5.561714354342272015e-01
8.473769352301754321e-01 6.496086540292022704e+00 4.027089080957456879e+00 1.034121306858856171e-01
1.538864914592752653e+00 7.740140515382093689e+00 4.278968696005941652e+00 9.874489112058071338e-02
1.383287000398796263e+00 6.363021583283323679e+00 4.129516993587277085e+00 1.220968396483215895e-01
2.463121109016397803e+00 5.758763270337810880e+00 4.333912564582104388e+00 1.362552581055002932e-01
9.260231175830873074e-01 6.256853966246064047e+00 3.807560968214934505e+00 3.371176591525288369e-01
1.015684118420137949e+00 5.703519903527352497e+00 3.694718809167350848e+00 2.335956882008961011e-01
7.946345100446632337e-01 8.977053901762236165e+00 4.082698666498877138e+00 1.134037838994447212e-01
2.124830145180269358e+00 7.686474814933383470e+00 4.159334232513624663e+00 1.705287274619341209e-01
9.260231175830873074e-01 6.256853966246064047e+00 3.807560968214934505e+00 3.371176591525288369e-01
1.100866096821804918e+00 2.442679470305562983e+00 3.869630201615910092e+00 2.177081417205992686e-01
1.450861568120601408e+00 2.827387387096657712e+00 4.560307213116848501e+00 1.179165657945647760e-01
1.229064562689534679e+00 8.453452687774220209e+00 4.026996222499211520e+00 2.012536925747751559e-01
1.046872976866805915e+00 6.186805817914676098e+00 3.445621308705367980e+00 3.235952016905499495e-01
1.496961240965415829e+00 4.146527970454673806e+00 4.169392533380837484e+00 1.568509874203383447e-01
9.236281299858257743e-01 3.090196359484155497e+00 4.504694340470004832e+00 4.645454492197770846e-01
1.181756409399921548e+00 3.564084800360915573e+00 3.724633382603597109e+00 2.283792157797292499e-01
2.477882317005681401e+00 7.061535215357009676e+00 4.367803268493083202e+00 5.849881767003599353e-02
9.902733897285435072e-01 3.672657744054827589e+00 4.059965923270811849e+00 1.801236763678879249e-01
1.727784535966392587e+00 7.217785446904558810e+00 4.452857690337810759e+00 1.308586502497830761e-01
1.019323510879035943e+00 4.534262164299688536e+00 3.747696612601583599e+00 2.151022146336515894e-01
8.758307587406349848e-01 2.955420880941090456e+00 4.158302647091788096e+00 1.282009988510766640e-01
1.162429881887892646e+00 6.446496815114274526e+00 4.193976034799772989e+00 1.630203463244925266e-01
9.272448978372065387e-01 4.055278626932282471e+00 4.230615754767869774e+00 1.049465457871706781e-01
9.709030079735798680e-01 4.606110018857251909e+00 4.007294233633568403e+00 4.327164889433167683e-01
2.153539251527983200e+00 5.997843981759303666e+00 3.938533548466791157e+00 2.616758617199611558e-01
2.569740809365208545e+00 3.426068893344234922e+00 4.372432894320626318e+00 1.745418646754506864e-01
2.094637716407906858e+00 3.146291140116972862e+00 3.759357522838854937e+00 2.730875145417930305e-01
1.503491877003432897e+00 3.500652117103398631e+00 3.988275847308580424e+00 1.130528024799305475e-01
9.131652195843343867e-01 7.066169138264440264e+00 4.119767983702049996e+00 3.072866927258130487e-01
1.329731156498596967e+00 5.954872057654777784e+00 4.250386534227983404e+00 1.313029654489732967e-01
6.929164476814668738e-01 1.826466371619048701e+01 3.705997337707956252e+00 2.241585233549494294e-01
7.142039237316850642e-01 5.862034885141668816e+00 3.317296668142969196e+00 1.892726651757282164e-01
9.930691021545193786e-01 8.076213797220132662e+00 3.852615835764338748e+00 9.245011535826011539e-02
9.453183285724570117e-01 4.573282078738442280e+00 3.837860011375255453e+00 2.301739774429399088e-01
1.234563807872687269e+00 3.664472182353633922e+00 4.310445624365923933e+00 6.316872800897796458e-02
9.079483778061296917e-01 8.353965455314058985e+00 3.527968973582359169e+00 1.548107474047925591e-01
6.154047020765763820e-01 5.256859923130566159e+00 3.738164651974325459e+00 3.783822496188028739e-02
1.830343986048111660e+00 5.219105761103955743e+00 4.181536484827338640e+00 2.470427961741150369e-01
1.048566081348603074e+00 4.197492690971408535e+00 3.936120298947368923e+00 1.555482128630702454e-01
9.664917019811494203e-01 6.409099255764369119e+00 4.237189262150341307e+00 1.796739547110088042e-01
9.347082467303389208e-01 8.735690838481993126e+00 3.785836435397367250e+00 1.328267507770215516e-01
9.018001949006317908e-01 4.483820056910873930e+00 3.481967517595917716e+00 2.197093208582492907e-01
1.217476142436840103e+00 6.693129018308797917e+00 4.210343213497310444e+00 1.096542904720031186e-01
6.197374255837121426e-01 4.988601712214922657e+00 3.835186937038282284e+00 2.068619133252038167e-01
1.379196202062902721e+00 4.275037700868903556e+00 3.925936111797407868e+00 3.040399422383074368e-01
9.641674077032682533e-01 1.047604393514310850e+01 3.780789928423215596e+00 1.749947018565961576e-01
9.800395051868204810e-01 7.414509495017706620e+00 3.625569225730534306e+00 1.740942043766570690e-01
8.069383172757252920e-01 4.775004523172993842e+00 3.921583380094233018e+00 6.582600651703574002e-02
1.431621700309339662e+00 5.520734069278784517e+00 4.154545587538563289e+00 3.999007371418047269e-02
9.518519651292518535e-01 4.466371163951752266e+00 4.634817455700807720e+00 2.769648392798476078e-01
1.137413784498380931e+00 4.492079396365218358e+00 4.023437825050462102e+00 3.109743658116893017e-01
3.015925681338527120e+00 7.200176062285742695e+00 5.066080348645225939e+00 3.386433876883911953e-01
1.607407057338175571e+00 2.773646419557170617e+00 4.471239947926724412e+00 1.420268809772088359e-01
1.037625264722116247e+00 5.894847940115662155e+00 4.146696514766018637e+00 1.610017385910139931e-01
8.565521760167326137e-01 8.192116792591107810e+00 4.069326441268991346e+00 1.676077110948843152e-01
1.486256452948109485e+00 5.011303696135747110e+00 3.963958589453122183e+00 4.525780538270227082e-01
1.740239840367458823e+00 7.157644499414832495e+00 4.057805674793444339e+00 2.422430702331035690e-01
1.245194968388135592e+00 3.690894578430965467e+00 3.784172355980829128e+00 3.934577140008866381e-01
1.465008456143650495e+00 3.216901380643538033e+00 4.067853704537775172e+00 2.251281562570863759e-01
1.398684262817004642e+00 3.994148022527920006e+00 4.429205230181481490e+00 1.408329737544172233e-01
1.211719628122072345e+00 8.268775262222625599e+00 4.036557945092835276e+00 9.779935825297338126e-02
1.521572452994256253e+00 8.559439227914969806e+00 4.136938684930385968e+00 5.188365028730394790e-02
2.021979310573001953e+00 9.120798630952796415e+00 4.327262150053622136e+00 1.145903821038149195e-01
5.535669376289236165e-01 8.881866045419885225e+00 4.136386230140597142e+00 2.339394346681351322e-01
1.407100530456558474e+00 4.168363692568570755e+00 4.094696199817316362e+00 3.422350471218599255e-01
9.987701382590560284e-01 4.855425547018910493e+00 4.279630434606317202e+00 2.546566853248141693e-01
9.484110191206966967e-01 5.393434465445500869e+00 4.274981961421064014e+00 1.203487441252955870e-01
1.070103548022799611e+00 6.968045688891518097e+00 4.028967998591507893e+00 1.973196158721367555e-01
1.421481194063374920e+00 3.387709471249841897e+00 4.179058772938896382e+00 2.013602758657326020e-01
1.467887472778499403e+00 4.948983446705471856e+00 4.215571691977851643e+00 8.136574765331981707e-02
1.316747104966231374e+00 2.630059915703812479e+00 4.248626900397596273e+00 1.024370395249945831e-01
8.486614519793246325e-01 7.997059931973772962e+00 4.296039194785000959e+00 1.950887228246120375e-01
8.692664214027174818e-01 6.776770660151069769e+00 4.425578255978365405e+00 2.012977111788510076e-01
1.024096702761298161e+00 5.823489374682374375e+00 4.365674427798836632e+00 2.740587513293946675e-01
1.772073416984621286e+00 4.612774284042965967e+00 4.308783501241835623e+00 6.166125468224079031e-02
7.554989024056254499e-01 2.984791035720625096e+00 3.906814592734403124e+00 1.887709189459668702e-01
1.571763641211606943e+00 9.166687701528395849e+00 4.335313658683338289e+00 1.135977873682485623e-01
9.854410215071894852e-01 5.791401555488445041e+00 3.560768745723232431e+00 1.461355133449532828e-01
1.142493232429670158e+00 5.074382326296149159e+00 3.950048185145937474e+00 5.073144737242017699e-02
1.081241381954012093e+00 7.496333077177146365e+00 4.312469672869823967e+00 2.185924915296820759e-01
1.314685673330885374e+00 3.912191521205071076e+00 3.940566382172055349e+00 1.227941201132208004e-01
1.115241473985190801e+00 6.965892560082075136e+00 3.269492981193908410e+00 2.376385399157103506e-01
3.571286610564238240e-01 5.984456648039207849e+00 3.282829279034893410e+00 3.046771114530141267e-01
1.186381826338525070e+00 7.120607954238749038e+00 4.142692315704722184e+00 6.852128024877143786e-02
1.868959914133812683e+00 8.243236748832057259e+00 4.379057977475738106e+00 1.818103117634514709e-01
1.873639392263758863e+00 4.688930995119694245e+00 4.142327023205994330e+00 1.989087789968049247e-01
9.938621424014493222e-01 4.555720559258103819e+00 3.829734932751728937e+00 1.301720721721499052e-01
2.171615712221667494e+00 6.782438524255390178e+00 4.428160080049462266e+00 2.324704319094989535e-01
2.369657033576029193e+00 3.534460021495422488e+00 4.457928322722041869e+00 1.779503824362781150e-01
1.062005182643986911e+00 6.722166435374091087e+00 4.224715334285927604e+00 1.042686501631127222e-01
1.006691620405060883e+00 6.848778594989576973e+00 4.036895712846791717e+00 9.304667964536109115e-02
1.195198175806099217e+00 6.837629066396793576e+00 4.114022046092933316e+00 1.703056943434857473e-01
1.930729369222207614e+00 2.843713487830255016e+00 4.155221934086287483e+00 2.226839020774081662e-02
7.045410741033308888e-01 3.533990074742104248e+00 4.510153750505060621e+00 3.444870118011696958e-01
8.955092000886439862e-01 6.142922694254047578e+00 3.843514582912368027e+00 1.005318290224062605e-01
1.521714484712650028e+00 4.400716072211793062e+00 4.226821650211153525e+00 1.620212927434103167e-01
2.782359605576576023e+00 4.568656066452035702e+00 4.135471881496615154e+00 2.313243857646580526e-01
1.129654583863382911e+00 5.292309712357983642e+00 3.930723076630412205e+00 3.375692495487040978e-01
6.511201766289115289e-01 5.501862012495364773e+00 3.206412821992378870e+00 4.444425759476093862e-01
7.238773260605116944e-01 9.353492172111835146e+00 3.303770917250340666e+00 2.539231376526325246e-01
6.585325766500258471e-01 3.862879814132404110e+00 3.774422047664169888e+00 2.170114211825739936e-01
1.746282906664283319e+00 3.151911925691655014e+00 3.987760856635790052e+00 1.485330420000411378e-01
2.074092903663635301e+00 3.446637924417264465e+00 4.249990124485711895e+00 3.084328135754199618e-01
1.676544403616471612e+00 9.011407086675685463e+00 4.381349838321046519e+00 2.605888513652184213e-01
1.031380748644539658e+00 3.546937216631885992e+00 4.088417871517149749e+00 9.794855808764672822e-02
9.270308736130949967e-01 3.560898405723907700e+00 4.008317074208107123e+00 9.146500237924255761e-02
1.266574085677993011e+00 3.983936970836198466e+00 3.851504395268967151e+00 1.817803632307022910e-01
1.519516983351663963e+00 3.031076184685597585e+00 4.027484030131698312e+00 1.815786652496157727e-01
1.554973776141070685e+00 7.616035595657039359e+00 4.177378085457528201e+00 1.797570244827244590e-01
1.339347752249233192e+00 7.999898156761786616e+00 3.883770331900149753e+00 3.493095479382606339e-01
6.777128538276578906e-01 5.031115855169472795e+00 4.464551042580846563e+00 2.493241601016114306e-01
1.967421424421620602e+00 5.902649338825537662e+00 3.477945477941337682e+00 4.640671796586684494e-01
1.112921486259509596e+00 8.140337646182372211e+00 3.660874693759167187e+00 3.873614835680017632e-01
1.187539767079485387e+00 3.400451641180247009e+00 3.870674583849676775e+00 7.371095985122375072e-02
1.247950530292853522e+00 3.559018608182087373e+00 3.374918480757143513e+00 1.793738484539098010e-01
8.277643825186669080e-01 9.418773071444409339e+00 3.909359584289346046e+00 2.333947891285919063e-01
9.410017802015225863e-01 6.135300374948954527e+00 4.167012301340344393e+00 1.183806790931163366e-01
1.735235398173085475e+00 7.936407579462938067e+00 4.995537725769990445e+00 2.368221531705551608e-01
1.058309992380210840e+00 7.354707729475320477e+00 4.046607142604088381e+00 4.515980811160029695e-01
9.529578224597182734e-01 4.144724931239308852e+00 4.159063759443332842e+00 1.350567836530277566e-01
1.087576115555754175e+00 7.301775287251496493e+00 3.939677815198332489e+00 8.317987210579816382e-02
7.796394460953237626e-01 3.304704363851447280e+00 4.334123920912385408e+00 1.914611583154936514e-01
9.205218804196984017e-01 3.107187481669701601e+00 4.102259764110185003e+00 9.133507869702089943e-02
8.365848266891143803e-01 2.395077232684804880e+00 4.416991038358802690e+00 9.426458606845344868e-02
1.306288805288002175e+00 2.629656368128661104e+00 3.953855016338025941e+00 1.480752023215004543e-01
1.714011070649662072e+00 6.963472507410000567e+00 3.969454009749660450e+00 2.831225964882386203e-01
1.319978181898302294e+00 9.963699511712603041e+00 4.396893147362342269e+00 2.190096247510857075e-01
1.879326740950898689e+00 4.725003569535421555e+00 4.337028424636623747e+00 2.452699623695356879e-01
1.040316900574155046e+00 9.753733721809064505e+00 4.259148809747116182e+00 2.749045324542429558e-01
1.486989198838738702e+00 1.018243833619517069e+01 4.372426307994787820e+00 2.601254701212540876e-01
1.247969504857618261e+00 6.710572457075094199e+00 4.297080315882257473e+00 1.668541610556691090e-01
1.790764592170571268e+00 4.421763294961156276e+00 4.181693848530874114e+00 1.022042917920075733e-01
1.092852043849747545e+00 4.824648841369261199e+00 4.146644161463345135e+00 2.058183132837773099e-01
1.464668553884335367e+00 6.150294252948691920e+00 3.718590370387445887e+00 2.575370591691272248e-01
1.962685401560268605e+00 7.023196263528316940e+00 4.587030586521035680e+00 3.498566823120665137e-01
1.595978650095783546e+00 7.739067508051695299e+00 4.376831339514212438e+00 1.434369749405935979e-01
1.340091010082387069e+00 4.381078783593826742e+00 4.309216014548912455e+00 2.734470803816377860e-01
1.840217937140555815e+00 6.002071045592847653e+00 4.240103083425185382e+00 1.548442836656340471e-01
1.193817194758235889e+00 8.240574474938476612e+00 4.172729262997180832e+00 3.720221921170778767e-01
8.362488851031044668e-01 6.342647919378960886e+00 4.175591275378172540e+00 5.569028331097352069e-01
7.858610787167612521e-01 4.854755341908301602e+00 3.834055241195499786e+00 1.415227696210386854e-01
1.493622939990864928e+00 5.689690751271212932e+00 4.338438338396682248e+00 3.886311489888285009e-01
9.095445865342067782e-01 5.670216062484819908e+00 3.983698823575449577e+00 1.499841184344635758e-01
8.599169388634694267e-01 2.431377686216815270e+00 3.695362574233048480e+00 3.409785216967213817e-01
1.078497227904875455e+00 7.842050433790771713e+00 4.037185527920240879e+00 1.333183657586573534e-01
1.047595269281612840e+00 3.232886438185528899e+00 3.903473021662418052e+00 7.743950979367747456e-02
1.010180610305547066e+00 3.677389512049266784e+00 4.341371237246746340e+00 2.678173569917635111e-01
1.862411068621854682e+00 5.737147327040597489e+00 4.497335109745227655e+00 2.115604246906239716e-01
1.126841364811443480e+00 5.020662915418099281e+00 3.497106003415174857e+00 2.985707275358862045e-01
6.290488787272765503e-01 8.568259907440847201e+00 3.702436011131705840e+00 1.428717658511542421e-01
1.520501007853999109e+00 5.970494706870042023e+00 4.309645340283582371e+00 1.033746667942228303e-01
1.581921445588050146e+00 6.514318982817321135e+00 4.266108537680976198e+00 1.692528979697833780e-01
1.094170120024274828e+00 4.376458115729644938e+00 3.856112313525879909e+00 2.520317613821982383e-01
8.852359536572913523e-01 4.822094732739902412e+00 4.145013045330037116e+00 2.131264066163363613e-01
1.766472562813370617e+00 3.996650371683409197e+00 3.630684634064030192e+00 2.377430778843959147e-01
7.444179814640372594e-01 7.063740390920837164e+00 3.400363063169781430e+00 1.796343269982076107e-01
1.131383185833189309e+00 3.027481171414257322e+00 3.552030625881080983e+00 2.581418915246415646e-01
2.201620919380988806e+00 2.415944535552891015e+00 3.523994197043167187e+00 2.466104272189084956e-01
9.744890348516127565e-01 3.172161282099668966e+00 3.622516262757125904e+00 9.996094878871987499e-02
1.528387328708884940e+00 5.075383892976041977e+00 4.110808668386362719e+00 1.237843866089293754e-01
1.440224895656959658e+00 7.873240411044659659e+00 4.102469844654650366e+00 2.780394475704272561e-01
1.156177318951384869e+00 5.564748378792434558e+00 4.276080739833634681e+00 1.457960956690791676e-01
1.974565488356296861e+00 2.363247754535894085e+00 4.496128644953363285e+00 1.832199327621412133e-01
1.377075036209330472e+00 5.860167398489400270e+00 4.071600614216918324e+00 1.980793228701088204e-01
1.685414637001316107e+00 6.574420287350970504e+00 4.259082752153298124e+00 1.147316000397258784e-01
1.959568980920709969e+00 3.755459295322033153e+00 4.484189516918190677e+00 1.365794503250248038e-01
1.133338774441285945e+00 6.652958980310754278e+00 4.382387588232107056e+00 4.663208975266598943e-01
7.955668254480632307e-01 8.634576559809126195e+00 3.734928366922347642e+00 3.359912390246850289e-01
1.156881398731482102e+00 6.866408009343793140e+00 4.196954097290767294e+00 2.374463755781502650e-01
9.993974382507554433e-01 3.467970206158088597e+00 4.159141889698145356e+00 2.684787035951577416e-02
1.374363114325609425e+00 4.362004177442631025e+00 3.840913626691570659e+00 2.340807545537040846e-01
1.789030877676198283e+00 2.649660949951107014e+00 3.890230381126919657e+00 2.378108465695509266e-01
1.147716207642318409e+00 3.359550955489462254e+00 3.986961757722411903e+00 2.119312118976942882e-01
2.854683971886979421e+00 3.689504578625789843e+00 4.369863947470807197e+00 1.180420011560569804e-01
1.292995431274702733e+00 4.876086133776869502e+00 4.118789553182024221e+00 2.133628332132909700e-01
9.499766208520431521e-01 3.574857226120395026e+00 3.917261761678861642e+00 1.166827514387299980e-01
2.243774052945811448e+00 3.256354638309452376e+00 4.464805857806986467e+00 2.705142391552021741e-01
9.920624344137244366e-01 8.579470446575081510e+00 3.814790915185271913e+00 3.638277281145487763e-01
1.518577791298261426e+00 9.104582166567876556e+00 4.318373474707657422e+00 1.442630011693274705e-01
9.384020387062147472e-01 4.289210304449685651e+00 4.134424540735499143e+00 1.772248872920334506e-01
5.843927706077579609e-01 4.175205559270156463e+00 3.395427364358939215e+00 2.980579069049144048e-01
9.176534273135839026e-01 4.452072477652205151e+00 4.077930742493212968e+00 3.425355754423294874e-01
8.173303165908766266e-01 8.454643540000551738e+00 4.094868138525221468e+00 8.903768263335920530e-02
1.140359150196552207e+00 4.172448597872216780e+00 4.095958923550148789e+00 1.310235501106957190e-01
1.592417513795100659e+00 2.655164940226444337e+00 3.888438651751615627e+00 4.357730967637198083e-02
9.803016705030179745e-01 6.522775724288582211e+00 3.985095441194622889e+00 1.212985935190955961e-01
2.293987965550818409e+00 3.929410664834372291e+00 4.174534539651892473e+00 2.329086453003000878e-01
7.255423574918734575e-01 5.122815528623284820e+00 3.536113410756272835e+00 1.345417838963305912e-01
7.927786909497449575e-01 7.925687007854496535e+00 3.827849659199464405e+00 2.110275157668040080e-01
1.267175055540147088e+00 7.436890154252447260e+00 3.748409666183482702e+00 1.778121825473974460e-01
1.425061819432956511e+00 9.745016684387323380e+00 4.448215364625584201e+00 3.726846490158951530e-01
2.181025988894897960e+00 5.013529378509883117e+00 3.918850780105338050e+00 3.850205706218212121e-01
8.825663053026993055e-01 4.891321690623077423e+00 3.810177913685920625e+00 3.276488949647260451e-01
8.082989444007354640e-01 4.694422694166080490e+00 3.970221371903589258e+00 4.369115271703239989e-01
1.376795321750004630e+00 6.221544925968528261e+00 4.235816316905358647e+00 1.384337239357577576e-01
1.654847590830051729e+00 4.638373202578719656e+00 4.289637591117918092e+00 1.017298710684962498e-01
1.752705686816213415e+00 9.253269303909457122e+00 4.305538725478704087e+00 2.022018458027077248e-01
1.523539820257536093e+00 5.776866896302911947e+00 4.252147580260775328e+00 1.584191065700389645e-01
2.184344235086469244e+00 9.674256689902582806e+00 4.551841640669469058e+00 1.970768230569225621e-01
7.196793869212544381e-01 4.525400216619529736e+00 3.638614827866980761e+00 4.284759709954199525e-01
1.813569142867274886e+00 1.174435078214033368e+01 3.862045502277416276e+00 1.758197624818356175e-01
6.822309802782359212e-01 4.348747559622509584e+00 3.861407941754142481e+00 2.788305809600007401e-01
1.345576045277743438e+00 5.645848809004596625e+00 3.990454403034975339e+00 4.596076026706295142e-02
1.403148875561516240e+00 6.278777168040555523e+00 3.930352141885073980e+00 1.574056570239542041e-01
1.470096537602344489e+00 7.543926149330641096e+00 4.212374241450000056e+00 3.198238904657839665e-01
1.319687039336451928e+00 4.310582523724970194e+00 3.901764287420057986e+00 1.446071442675323504e-01
1.717837392315323619e+00 4.856742632213814304e+00 3.770602017608717382e+00 2.655867158333060640e-01
8.944250177468463514e-01 5.848838425432292709e+00 4.439191156894294110e+00 1.274451710236493562e-01
8.777847200127010252e-01 4.690199544429209055e+00 3.748934883694674092e+00 1.141549308989039391e-01
1.014345755811260963e+00 6.199736996387458454e+00 4.219462505696553123e+00 2.198493809102551877e-01
7.292989022800387966e-01 4.651020840285410962e+00 3.635620715742672093e+00 2.982950008331120562e-01
8.990591024078359306e-01 5.916107735465784501e+00 3.917523872318818157e+00 1.849703257750299201e-01
2.001253947868947058e+00 5.168411287402971510e+00 4.347081929464627237e+00 4.390983982628783588e-02
1.116512962808245746e+00 3.467933051910042863e+00 3.763928511313043401e+00 1.939065785528026886e-01
1.674359641390662956e+00 4.226998999318385408e+00 4.329746423793032761e+00 1.970151718378476136e-01
5.027766594097164976e-01 6.474622221638687947e+00 3.868917121308727669e+00 2.630662786958541388e-01
1.742507760219314639e+00 5.779069759312596588e+00 4.367437522803668593e+00 1.661736125450826718e-01
1.790372931047718774e+00 9.279772792255682745e+00 4.059331541999570803e+00 1.271438481525089537e-01
1.080014737990661278e+00 3.758693221107273885e+00 4.203819870463887831e+00 7.462901000850746813e-02
1.168669057230516950e+00 4.447540474454514836e+00 4.305472369559327994e+00 1.272854617715246106e-01
1.216103975189641417e+00 4.055628043933177551e+00 3.808635840825591146e+00 1.320107968186773340e-01
1.476493515296041226e+00 4.925216811279369722e+00 3.612240812162694770e+00 2.937502382256620415e-01
1.086052069997703873e+00 5.556846246632176189e+00 4.175515973111303403e+00 1.701810056054292308e-01
1.192085684449787131e+00 1.049364859141274486e+01 4.251196179250051443e+00 3.710327355503625357e-01
2.262533043231334862e+00 6.468434885226465703e+00 4.162323761545406064e+00 1.106722634540502487e-01
6.711219191991562028e-01 6.767721517934985442e+00 2.617018300675198361e+00 4.681919708128757796e-01
6.757544252451757050e-01 4.903628139784224516e+00 4.249293860636470299e+00 2.402789673824753947e-01
1.703722744959004443e+00 3.484072046045612936e+00 4.018883699693416744e+00 1.999343760534223469e-01
7.454598855265845980e-01 3.790592592020907592e+00 4.220217081229166389e+00 7.788185027337664323e-02
8.475721645388566428e-01 5.593485597880055948e+00 3.790392656629639312e+00 1.452254535598716534e-01
1.185221953252303617e+00 3.709254441888471199e+00 4.606045705573224680e+00 2.927347881387469819e-01
9.212536594589620931e-01 5.890706149036078365e+00 3.236895312204366437e+00 2.431540638786954533e-01
2.073698472744202270e+00 4.424083485525560633e+00 4.405163901912338531e+00 2.211555564773969862e-01
1.071855558756688032e+00 4.839962238416136486e+00 4.095266640933454383e+00 2.199224111633377721e-01
8.892176431050178298e-01 4.038863794896393244e+00 4.007583789753013548e+00 1.620602353974762433e-01
9.819583892750475274e-01 6.220448664022267593e+00 4.181308101419961787e+00 1.994400558467194773e-01
1.489198053829351220e+00 7.037606769957143626e+00 3.848510057810463625e+00 2.738259265246054674e-01
2.493010032023914579e+00 3.420185222667154079e+00 4.504298082516725366e+00 1.551239592270511891e-01
9.352434993461614665e-01 6.050830149302679040e+00 4.131587881819162256e+00 2.109861087284527759e-01
9.486345279238810324e-01 5.831108255758167047e+00 3.710294322103327325e+00 2.052804216482513877e-01
1.314941897731675358e+00 5.226889732937927135e+00 4.360151029280379120e+00 1.677792107334447613e-01
1.483920999217564374e+00 4.991551801840826030e+00 4.338822194946782673e+00 2.291829978991791750e-01
9.745634529960496284e-01 6.786793997585617966e+00 3.979299549697749239e+00 1.020640724431262913e-01
1.905265684711655361e+00 4.525814913541752915e+00 4.069703409256976379e+00 1.119005178392111499e-01
8.851642982012455363e-01 1.040358124715726262e+01 4.063474205230452441e+00 1.292683044862968367e-01
2.128408132640633443e+00 6.703964737508133709e+00 4.555643151007318536e+00 1.772052191897498519e-01
9.691833248155178326e-01 5.717051286260280918e+00 3.932179429468348086e+00 2.052081731836303824e-01
1.314278758094242550e+00 6.253411959424077793e+00 4.098310054618887754e+00 1.671173998943021044e-01
2.462366849550782888e+00 1.152694689925019134e+01 4.503286272017024139e+00 9.674663937601452046e-02
1.106913049497849411e+00 9.640168869570572951e+00 3.870844801626529552e+00 1.078201763049230349e-01
1.376928510407631867e+00 9.396434205357165226e+00 4.664903102478921149e+00 4.069920324472460216e-01
1.363312932815490486e+00 4.802749922463372734e+00 3.964031455094791490e+00 2.729295456916201457e-01
7.606694751003640897e-01 6.222519880344767884e+00 3.726876438571209871e+00 5.716168762103079892e-01
8.206732895829407237e-01 3.180139904682082186e+00 4.040671159621750164e+00 1.159859617559234335e-01
1.243708063887290161e+00 5.643729095834611797e+00 4.143635349955971492e+00 1.562494291831288962e-01
1.568201542696013639e+00 8.227846747227726354e+00 3.811579814650848164e+00 4.405778027542819331e-01
7.394333328419595563e-01 6.716835196265344976e+00 3.928240651612082246e+00 1.904556093773514536e-01
1.487808398229996998e+00 4.163700063156312581e+00 4.093445389425885317e+00 3.176168914859952563e-01
2.058420893490668035e+00 5.255171348746719318e+00 4.474668874844392796e+00 1.567812680634875777e-01
9.004999232899733030e-01 3.957846650210566697e+00 3.900009786331951833e+00 2.633134969313495333e-01
1.665974826749127224e+00 5.361614296704703797e+00 4.296998512227022893e+00 1.797783135340832172e-01
2.238061724985651146e+00 5.252593240091878890e+00 4.420384328589899603e+00 1.453547361013856898e-01
1.108073017078725853e+00 4.107520192687987404e+00 4.353414318901334568e+00 1.014730221676665295e-01
1.348230597916968865e+00 3.276140289647995196e+00 4.393528901036847678e+00 1.016485900762894024e-01
2.602907531611247105e+00 4.056290826092562085e+00 4.374076832900608558e+00 1.396791970090751622e-01
8.357614961052841629e-01 4.590637590242666377e+00 3.918545318144938783e+00 2.061121750530819641e-01
9.620204145852390143e-01 3.737732607121398765e+00 4.102132257734087517e+00 3.154816152475373725e-01
1.401565461706534288e+00 4.962408344943713523e+00 4.185671532482795776e+00 1.307944611304452942e-01
1.638567647920047721e+00 4.438863621357118205e+00 4.316457466889541017e+00 3.259947693850161199e-02
1.106751348465339513e+00 4.961632423171153938e+00 4.047826111464888577e+00 1.471957483857204985e-01
1.150513478068792228e+00 4.565876788359584104e+00 4.195671698808757455e+00 2.733703164266953478e-01
1.769889479062980442e+00 3.688639358050670225e+00 3.954700575316651090e+00 2.183180322416765629e-01
1.806653702396850969e+00 1.095905637908673924e+01 4.137841999851874952e+00 1.100014169186044055e-01
5.466594539532046992e-01 4.426260113777845007e+00 4.031697449315078785e+00 2.691420329240712950e-01
6.800224358451939510e-01 5.533279804268995683e+00 3.889565381396951516e+00 2.614901316432308165e-01
1.017551552355346223e+00 3.857314819530849981e+00 3.817147735824486077e+00 8.695881626212191573e-02
8.058270435077101723e-01 2.828585626597587943e+00 4.004757128971228042e+00 3.507791746761037555e-01
8.564309211670211308e-01 6.151003132793154471e+00 3.900772533945970899e+00 2.975575323709116482e-01
1.493806284909493742e+00 4.438844860588654129e+00 4.334282106901862441e+00 3.161196775750543808e-02
1.827144811147599412e+00 7.711930084792009588e+00 4.302375714688194464e+00 2.875998470267460139e-01
1.430024958040102545e+00 8.225558006335752737e+00 4.321224585808575824e+00 2.751425861811162554e-01
9.045054687379370240e-01 7.159982232696849636e+00 4.263939085172825827e+00 7.623852187524673973e-02
8.509280582503501167e-01 2.533720685502390157e+00 3.554236640530281210e+00 2.576598211785837700e-01
1.544057954417636047e+00 3.258483380562749332e+00 4.402198680783257601e+00 2.185178826383114281e-01
9.314414475521570758e-01 2.427738945810423044e+00 3.533666941522676019e+00 1.537090848663971998e-01
9.391882237506136155e-01 3.138552844545802856e+00 4.050338141064203867e+00 2.482575160155256477e-01
2.145363085718227314e+00 4.280431025081629315e+00 4.065917211383791141e+00 1.132600223074837209e-01
9.671733446445537341e-01 2.762287587022979274e+00 4.305816821198129141e+00 1.476639945956368660e-01
6.998951121171940182e-01 5.845137433123598569e+00 4.074319212715126426e+00 3.418086707823800863e-01
1.610499088286860836e+00 3.040286320019828903e+00 3.850042829649363174e+00 1.694863191310679029e-01
9.876210371985313374e-01 6.049550786443636419e+00 3.787102185968254542e+00 3.446844615308499726e-01
1.019880588485246875e+00 4.861635953108697450e+00 3.986316041572563584e+00 2.321455084408035330e-01
9.982438932703017187e-01 3.505714967822925576e+00 4.304328659304323956e+00 1.876255453598324185e-01
1.097984632838629793e+00 4.395065189684683737e+00 3.958802911586441375e+00 6.792673247160133099e-02
9.955118411425663005e-01 8.602699819831748584e+00 4.256580240523382130e+00 1.787273250266787350e-01
5.106844169379696208e-01 6.176031670273811613e+00 4.318361348683818157e+00 4.011156155368844622e-01
9.224371046183511558e-01 5.463060525320552863e+00 4.059708508444574981e+00 8.765865054266280820e-02
8.688472778222384729e-01 8.013350751532280825e+00 3.684733903864785276e+00 3.687099347463574373e-01
1.644981416523759066e+00 2.786365583102981436e+00 4.282817007493773254e+00 1.833651400293125899e-01
1.315346852652044429e+00 7.359141575893771936e+00 4.092841644251422828e+00 2.784888599856996660e-01
1.914721891479477245e+00 7.183637390083778662e+00 3.849830193993061478e+00 2.326569214954445908e-01
1.507902331365361004e+00 2.844748030756747870e+00 4.424530312370818841e+00 1.303147573207234233e-01
1.093765079593490563e+00 6.032093640945547008e+00 4.139123587180994157e+00 2.065083780236334488e-01
8.751838234653774862e-01 7.764178754143073569e+00 3.910969892330993236e+00 5.842996976235497186e-01
1.076109868926222068e+00 5.499045361850448010e+00 4.250479333989409803e+00 1.068805275698187507e-01
2.196359405054670866e+00 5.539636818938251217e+00 4.595162429473925059e+00 1.830318109783078684e-01
1.448400431831021518e+00 4.413520291243258953e+00 4.028775883887867337e+00 7.413332374333722607e-02
2.407651916714411033e+00 4.558787519244344999e+00 4.099942462181384251e+00 2.004103208956319604e-01
5.288825789009323763e-01 3.814982034480311146e+00 3.862549811654313991e+00 7.751962602827315585e-02
9.160899264381106022e-01 6.929834593470058479e+00 4.087394867593046932e+00 2.038786703346308349e-01
1.750356036982054775e+00 3.630758113474306548e+00 4.198804193132619211e+00 6.540402171415879429e-02
7.234848771945681101e-01 8.636327675942036208e+00 4.011389111840117927e+00 2.288152543540576123e-01
1.532937499290138117e+00 4.109005262431464800e+00 4.044733009426235704e+00 1.905861384144150183e-01
1.937899590398006300e+00 5.111417089140549486e+00 3.560319270263815117e+00 2.657934614422489128e-01
7.569583301048029567e-01 3.889710692979471141e+00 3.592105130411380465e+00 1.426980292094602865e-01
1.488661710496940627e+00 5.606337998188682725e+00 4.421381035990093800e+00 1.802736043019033396e-01
6.727757483758337598e-01 2.879589417180532074e+00 3.459865689663185417e+00 2.691097352320706015e-01
1.357613336692740091e+00 5.633578483734130060e+00 4.143798389257113080e+00 9.804281831845673700e-02
1.415843723057411463e+00 5.017294082569404345e+00 3.623886948499252636e+00 4.091134419427829294e-01
1.651864850612570379e+00 5.951894741199344807e+00 4.300256265638380704e+00 1.157890647261149708e-01
1.729878060049010902e+00 7.099047967852520458e+00 4.288258470002856981e+00 7.056131715875621491e-02
1.589500179512403522e+00 4.270908188787649884e+00 4.117402477090789326e+00 6.898730572924013926e-02
9.536849123645874116e-01 7.672075826412944721e+00 3.841982879303306397e+00 1.741826779427032290e-01
1.292252780735277495e+00 6.402768231071766181e+00 4.196299157803910163e+00 1.363139014983170139e-01
4.959055936527132502e-01 8.904779346019788377e+00 3.709830494560576231e+00 2.022796657888838168e-01
1.769583775349723220e+00 5.138724076566705712e+00 4.206815900885087167e+00 3.666338685055525737e-01
1.223859317557164594e+00 4.709676324142379578e+00 4.264693529077828948e+00 9.068061181827490047e-02
1.286139386380084293e+00 2.850566148666603183e+00 4.078367025120292588e+00 6.145221337979640125e-02
8.580859589865730275e-01 4.579183627131556023e+00 3.929805593066484803e+00 1.458354960054683291e-01
1.623144885268694493e+00 5.143394118495645095e+00 4.361963922169902474e+00 1.013714584032169158e-01
1.508991070070709206e+00 7.426150280947346971e+00 4.145290623158988552e+00 2.301318523811424210e-01
2.135640267320925823e+00 4.495132923549765458e+00 4.343303361173184385e+00 1.495704865812941819e-01
7.038958076427866972e-01 1.353670903225962796e+01 4.015668127258604336e+00 1.955261783348564986e-01
1.093555737713517217e+00 5.606251712250020169e+00 4.074327141179800549e+00 5.240415749949681179e-02
6.531912919965097153e-01 8.628714866685019302e+00 3.823172996277824254e+00 3.595492726501593461e-01
8.048501439438836558e-01 4.876784218278316096e+00 3.989801413607833691e+00 1.341208250897728549e-01
8.154407321994183722e-01 6.023455731273461566e+00 3.437656509240138991e+00 1.616142367005362901e-01
2.124778830139247177e+00 6.804385835254580961e+00 4.269724465645801104e+00 2.340750703098540275e-01
1.169222997261249564e+00 2.872769702075215648e+00 4.063578923526939946e+00 1.939107709820181713e-01
9.524178303835419968e-01 4.815300507974385802e+00 4.019275186857035109e+00 3.998839796976368099e-02
1.651773581679527148e+00 6.287340621183940215e+00 4.492350661295935410e+00 1.702681924260112112e-01
1.810771290173610382e+00 5.307492182798574376e+00 4.345302299935474011e+00 5.817500897126198778e-02
1.817295286756627881e+00 7.327501281624935636e+00 4.334120322654304580e+00 1.008725582911420837e-01
1.090015959578000126e+00 4.795194014794063264e+00 4.230745795347748306e+00 9.336777168860360687e-02
1.251909885955873714e+00 5.058413105912145546e+00 3.958438136561503562e+00 2.404866190910744383e-01
4.709699488385040711e-01 3.419023107977603004e+00 4.057945299669978745e+00 2.055168343468218028e-01
1.441624093556469477e+00 5.267506647648965590e+00 4.301015336021242419e+00 1.536683208481054996e-01
2.085724293412129615e+00 3.287686638468178657e+00 4.399183508611524296e+00 1.859790373335038494e-01
2.455063570411883056e+00 1.003251990222556778e+01 4.173953126377731415e+00 1.977806227454370069e-01
1.019992163572557065e+00 3.272000520009891389e+00 3.755020217770003388e+00 2.581009170391733720e-01
1.247981748660516921e+00 3.704393246004415108e+00 4.423275930309269022e+00 4.002616332872760974e-01
9.080532081033811931e-01 5.043894680678999265e+00 4.043470860568692871e+00 2.257395177700378675e-01
5.166007128912318835e-01 4.272797631546623620e+00 3.362361351805031262e+00 1.691605895738246823e-01
7.576834520156805475e-01 4.755259482709855767e+00 3.900235222690289216e+00 1.477111495404540009e-01
5.280620250908923952e-01 4.514394941325029720e+00 4.499796333530643899e+00 3.866522255165507072e-01
1.153277241627460592e+00 6.690488647796747124e+00 3.934579264761242534e+00 1.981441607061268928e-01
1.583750518148410835e+00 3.176214762209188969e+00 4.256861599008760599e+00 2.744157661732979370e-01
8.260013783114051877e-01 6.274016061190052618e+00 3.906400199832996467e+00 2.346605321937690336e-01
1.866667916980804476e+00 5.348959337691891136e+00 3.690500605604355666e+00 2.038716042193476075e-01
1.000807245726760275e+00 6.306849874147595791e+00 4.324784451348380188e+00 3.069744625691048778e-01
1.732346913044940706e+00 7.262746541753236862e+00 4.132220416711095190e+00 2.157957702160425151e-01
1.271583003979761317e+00 5.714671040270928870e+00 3.972293083824256943e+00 2.298506308668438747e-01
1.445938767395094526e+00 4.716177010385915302e+00 4.187448624172573020e+00 2.176917312141640193e-01
1.174909918928993768e+00 3.285498892181315966e+00 3.957175047877314444e+00 1.518451419609730124e-01
2.177448530525605719e+00 7.618493737289170120e+00 4.018358161955602803e+00 1.230476350383504086e-01
1.041625255538685790e+00 7.294770229865138234e+00 3.999476916278977612e+00 2.288340037539728922e-01
1.180427868333591590e+00 4.909853845441819686e+00 3.803268782908479029e+00 9.737040178060366036e-02
1.725045447615817018e+00 7.139521264422878488e+00 4.269936288478712427e+00 1.152146362708439536e-01
1.571368060803365996e+00 6.863209476444556145e+00 4.607812555000994514e+00 2.269064720243238464e-01
1.405994651543804430e+00 3.879730891061464959e+00 4.159908406710891349e+00 2.663985460372650382e-01
1.021856395351659952e+00 6.137398990772328311e+00 4.060087252228257171e+00 1.423786001447304161e-01
1.682140305266475622e+00 4.709801628860603273e+00 4.243899252493026353e+00 9.780468544927271857e-02
1.144826824230155582e+00 6.220736830978162324e+00 4.219061315015044222e+00 2.595028990278921421e-01
1.013449509680296012e+00 4.088199823697089563e+00 3.964633467451748938e+00 2.788773575974076713e-01
9.416921336508785600e-01 8.194820630619586765e+00 3.929426483306766915e+00 2.874349106863275383e-01
6.049422495342590134e-01 2.713185500544098350e+00 4.409804035067315553e+00 1.267623502487981169e-01
7.610869304068919039e-01 3.851168518578014677e+00 3.443820972890340837e+00 1.186095845658043657e-01
1.900695155900633981e+00 9.524795996311343771e+00 4.149226227228774100e+00 1.125126625498629324e-01
1.670885353319975675e+00 6.108540514412537981e+00 4.250459997818268221e+00 1.295189602848697275e-01
1.766856102464315459e+00 5.308398574713666385e+00 4.252491706034302155e+00 5.751835545617653422e-02
1.704662894811753260e+00 7.725670906136447691e+00 4.239875174846932104e+00 1.565340903178418785e-01
2.348727945603858114e+00 6.478980466660511084e+00 4.322421650515559932e+00 1.035375518619614382e-01
5.664118389326924241e-01 4.325267342658182024e+00 3.324122059522656158e+00 2.258943943172617985e-01
1.109588801736190344e+00 8.078024529582656044e+00 3.558329424025996612e+00 2.142403323618190802e-01
1.730758962501408149e+00 8.244746697030979732e+00 4.319683366461926077e+00 3.071265607617350568e-01
1.053005358033923144e+00 6.630118330531402648e+00 4.290355018903890816e+00 3.932327522603920600e-01
