# Hierarchical MCMC downsampled to get 500 samples
# alpha, beta, mu, s
1.281837016438923449e+00 8.093656209680450075e+00 2.966056383297436039e+00 3.073409302930362741e-01
1.573187995483297685e+00 6.712146207755488980e+00 2.843943667842081524e+00 1.977788477336007711e-01
1.140091577506086917e+00 4.019577123732466006e+00 3.285755626824752529e+00 2.307233191163506891e-01
5.277953250671776342e-01 3.499014867116188032e+00 9.933524197380176890e-01 6.190951210996662457e-01
1.390327318965145942e+00 6.446135036629450532e+00 4.632500941036622466e-01 1.463379997519589082e-01
2.209202769258664212e+00 5.308512688164162441e+00 3.131007262504395872e+00 6.047976501527276005e-02
1.812745210263333906e+00 6.657411372637818125e+00 -9.190287469697338008e-01 1.141633192462239016e-01
1.016121751317385913e+00 6.311380248693495787e+00 2.793460030951415263e+00 1.407388022896698399e-01
1.654827662467730720e+00 7.870896192040748751e+00 1.650081652551994793e+00 1.931713846459135742e-01
1.762174471781133844e+00 5.645971392145433754e+00 -1.378435605188611746e+00 2.521852202133603171e-01
1.516933163815070706e+00 5.198405520195769292e+00 1.879883896819474209e+00 2.065771648971542196e-01
2.387299472536136946e+00 8.929705948410520122e+00 3.489099034948442757e+00 2.940206837701710985e-01
2.338192537834014928e+00 3.323046318302916635e+00 3.925755339539373612e+00 2.589814679870235115e-02
7.457642287452749263e-01 3.498497902864146969e+00 1.229052860634186395e+00 3.527263726423095491e-01
7.055361169801400711e-01 4.549837873378652198e+00 1.507327927321580274e+00 2.490240226480955332e-02
2.545007065333180218e+00 5.345202502198274530e+00 -9.378543883758057031e-01 1.745591207950152324e-01
1.675693780382649045e+00 2.838620121279874731e+00 3.648923040487638048e+00 3.120553663983079984e-01
1.222592503195664149e+00 5.493637389594701936e+00 2.465286395396333319e+00 4.753377135670857068e-01
8.184790836934190406e-01 4.580028463373944092e+00 7.233905371832609621e-01 1.197486798985546302e-01
1.628530344202785418e+00 4.155408483353383531e+00 3.458618964499687198e+00 1.364402469932551876e-01
6.989069530586989876e-01 5.898893395035696763e+00 4.001485095735379804e-01 2.029996372863083764e-01
1.416421773365791337e+00 7.086726421984263169e+00 3.942544280619813879e+00 1.723444430978518793e-01
1.175257699421113466e+00 4.170926355699407395e+00 3.586591133337297954e+00 2.734433445260789353e-01
1.879002607364137933e+00 3.840756298363969368e+00 1.355783061752912522e+00 3.081347322551205581e-01
2.244734512801863868e+00 5.068259997295778696e+00 2.181087113873419359e+00 2.092436978407254122e-01
2.051123456288808988e+00 9.701267041439157524e+00 -6.175159393422066101e-01 4.836656325145256841e-02
7.790980650377763439e-01 4.570755026784102171e+00 3.657087632285257683e+00 2.489718636633581061e-01
3.151864629755609659e+00 6.628144644534457619e+00 1.670481193512751705e+00 2.553624332476931436e-01
1.220665838786694435e+00 5.580448793991089396e+00 -1.096839087472687435e+00 6.721113118426520761e-02
8.265930514301113030e-01 6.384914352003253413e+00 -1.017380648880296112e+00 2.080991077321789062e-01
8.771810856267285850e-01 8.078915939822076453e+00 3.187022985982112200e+00 1.402940896620399336e-01
1.490544784182336047e+00 4.649937607164342346e+00 3.039857702192583222e+00 4.344974472137576593e-01
1.061389640186404248e+00 3.274145531949811172e+00 2.656220683675839744e+00 7.652799659683950928e-02
1.842253983724050581e+00 2.512487233625822824e+00 -8.187792291554504276e-01 7.696670197251091750e-02
1.962466748060094135e+00 4.550163764145924716e+00 2.149077203372203204e+00 1.842727619895369873e-01
1.270479571018542586e+00 4.436876026566202391e+00 3.866544048041624215e+00 1.063039641516437678e-01
2.257414734732284600e+00 9.046695923449222576e+00 6.524895380009176904e-01 2.506257002424380209e-01
1.028351187866619165e+00 6.321909980661825301e+00 9.463840393870349699e-01 1.084708296322887400e-01
1.539843624783996390e+00 8.781997147649320823e+00 4.503603627507804852e+00 1.373942990839165379e-01
2.281862069430623752e+00 5.022303867524809284e+00 2.535764799161194460e+00 8.747610240225264788e-02
1.032957354391110139e+00 2.838382237688968690e+00 -1.565412768910412478e-01 4.105688058889301884e-01
1.738974880230916620e+00 6.043512375972719397e+00 1.879345195805925739e+00 1.356657388059431257e-01
1.855998389191142239e+00 5.445124177850266811e+00 -1.231401998046581348e+00 3.207272195136994797e-01
2.405553389818113619e+00 4.444892762794634855e+00 1.983341662897435187e+00 2.021079189039647062e-01
1.957214160810137882e+00 8.065818811177104308e+00 1.760801588834818965e+00 2.013310735799933304e-01
9.160312666040573149e-01 6.517310907222487515e+00 -1.220070610008288536e+00 2.787455352259078367e-01
2.082467065899175296e+00 4.504538995059750306e+00 1.298789259951974584e+00 1.428727738746839726e-01
1.385027192134681062e+00 4.948911085543258537e+00 4.079019835019675355e+00 1.063679695935529357e-01
1.460242651388081292e+00 3.499450125207187234e+00 3.357191513531905702e+00 1.486652159488113800e-01
1.963279786912965452e+00 3.964804166915275374e+00 3.829118280549502096e+00 2.715199034560190072e-01
1.564701750569983618e+00 2.972347898475931505e+00 3.565847314798548329e+00 2.384803133220768645e-01
1.397716385934134165e+00 1.354305975276143670e+01 3.289396129485908649e+00 1.838430017357844670e-01
1.259505909187252692e+00 3.428971200763809790e+00 -1.856837054513840624e+00 2.441430929468388356e-01
1.251874254343366966e+00 5.760907254637663399e+00 -1.354987505882451870e+00 3.079320949287644993e-01
1.378579905420164620e+00 9.071877062057174257e+00 -2.621582229934975028e-01 2.002192770237127828e-01
1.122038358046562490e+00 4.276754654371000441e+00 -1.051530411041993629e+00 6.204212623625257605e-02
1.631997286834579564e+00 8.027916557785419016e+00 -1.302527668003206296e+00 2.911186492202819109e-01
1.825969440398005128e+00 4.774021251812211375e+00 3.203254873965693861e+00 2.911684018491000892e-01
8.138498925503373504e-01 5.496796989213141416e+00 -1.470434114600256414e+00 8.990449833513572409e-02
7.735444557624272521e-01 5.366273527619025430e+00 -1.097421860602437071e+00 2.852357785319320493e-01
1.785291587347744180e+00 4.771169100538180885e+00 2.614447448118123241e+00 3.667034621677861539e-01
2.051931122617267622e+00 6.632386321700896481e+00 2.239585133603476219e+00 2.515215384473195037e-01
1.327273653856796409e+00 7.706788373114126678e+00 1.268416507210699540e-01 5.498696275883742102e-01
1.226602917296405693e+00 9.560171673909175993e+00 3.504859002498104559e+00 2.516999597139855660e-01
2.115933451593288162e+00 5.184317295810505932e+00 2.683333500886735834e+00 2.791411034889068055e-01
5.538874858400091306e-01 4.112465042519233727e+00 2.747436420848017313e+00 3.692202467169015123e-01
1.219283561985621711e+00 3.679342513131827808e+00 3.821456362932543538e+00 7.925857949423345539e-02
7.741382288587762561e-01 5.793654354462047351e+00 3.659380887854475795e+00 2.613938298477672673e-01
2.024378068266420083e+00 4.457149858686229038e+00 3.856752233215583470e+00 1.794398231476147521e-01
2.287780818648044168e+00 6.489001255952523195e+00 4.025957648191309524e-01 2.366180305701733322e-01
1.028625443343573753e+00 5.735489993520253904e+00 3.593394521267367026e+00 3.388445318011905627e-01
1.085992387975541762e+00 5.113360287143400740e+00 6.509452874507062337e-01 1.177334617590012622e-01
2.343379757879815450e+00 4.218024039529903568e+00 1.034406035997434081e+00 1.914668729981016670e-01
1.114709324507283661e+00 3.603776348180497635e+00 3.405849688775639539e+00 1.585518591249082676e-01
1.340000498532345929e+00 3.877409739262104083e+00 5.256113768744016257e-01 1.059351734259883909e-01
1.348604813552022108e+00 3.119989629628835637e+00 1.996125955564359566e+00 1.931482853475657291e-01
9.225581206924018396e-01 4.211371475662549990e+00 5.835513740765875257e-01 2.309828631317983050e-01
8.567665895726507275e-01 4.879115108957321034e+00 1.111360308225113780e+00 3.082647377828695023e-01
9.463315969637748903e-01 4.253332105463441870e+00 1.324981603956770559e+00 1.365489083898399070e-01
1.348333860478526880e+00 4.459183277756774366e+00 3.305144391002160731e+00 1.818673465666222622e-01
3.339659377651203354e+00 8.759924856975398910e+00 2.611541443519290517e+00 1.572105495637565742e-01
7.796168233267588565e-01 4.541772330859110696e+00 3.415692471089608162e+00 1.554008437374744256e-01
1.994373610484589499e+00 5.953030540906867785e+00 3.933414212644309238e+00 6.284554778006315456e-02
1.234992513927061442e+00 8.162067914044779826e+00 2.158294968222148835e+00 1.249342926299332329e-01
8.874048836279743169e-01 4.498259951337048257e+00 4.232420891142175678e-01 9.608462588144839334e-02
1.053213017579258448e+00 5.129712921169260476e+00 -1.083622022692090070e+00 3.325760328054692128e-01
1.457411058524217040e+00 9.457100524969295208e+00 -2.276218892630448853e-01 1.394372337401344475e-01
1.441209055902574310e+00 8.808651780590292191e+00 -1.280796662579116507e+00 1.685956607458584666e-01
3.726016120725421654e+00 9.349983746680157637e+00 9.275205827972203831e-01 2.416758437822287831e-01
2.980162165436203381e+00 4.675789952251730774e+00 -5.498226689373841847e-01 2.745341656773074845e-01
1.742283220647592890e+00 5.863068465323068246e+00 3.371210486712679533e+00 2.297276913266067255e-01
1.532377821432451714e+00 7.154197203880931610e+00 2.081635825147591046e+00 5.037353649714306769e-01
6.502684846707521560e-01 4.291689850507321324e+00 -6.644692338440404411e-01 4.125687730198338010e-02
2.879206522296218651e+00 4.332441476366785338e+00 1.597638104309021756e+00 1.649236003557871255e-01
2.633719348625459755e+00 8.217759533259867410e+00 6.540936781629530516e-01 1.259113926745641099e-01
1.199650518487930029e+00 6.634884154348689833e+00 2.606323268592118936e-01 3.271048373480371363e-01
1.695597123928330063e+00 4.438203222412186122e+00 -1.405666728058841963e+00 1.089259044437114188e-01
1.636852280101067425e+00 6.226188961746029094e+00 2.058381699683261346e+00 1.383005553427148759e-01
1.500840828988198483e+00 5.407531144304829951e+00 1.450023455012395157e+00 1.268983238154761384e-01
2.602684009321672765e+00 6.981533879190000569e+00 4.309301787008799955e+00 1.653647015215206351e-01
1.688263271455845649e+00 6.909316001703997401e+00 3.641302088392308178e+00 6.005705846429786054e-02
1.489831845132645549e+00 3.394874748600787306e+00 -7.812531628070519263e-01 2.996894746361745132e-01
1.305570939789287177e+00 3.817380633514059873e+00 1.709303389436014786e+00 8.813569460621728524e-02
5.167945160115222647e-01 4.319233544632226085e+00 2.253189495730171465e+00 1.183202291482842866e-01
2.876221320125994296e+00 6.558798212885419865e+00 2.096847846277260174e+00 4.913679810943319959e-01
8.084836773729944248e-01 4.796659656347454614e+00 1.488661108407177247e+00 3.622010128291489051e-01
9.194661916039069682e-01 4.688689127212394503e+00 1.997647870436026096e+00 1.283667685785613022e-01
1.513807431232076173e+00 6.515708835931804721e+00 -3.240383802959168058e-02 1.639817995241196480e-01
1.729818063775780734e+00 7.042344375784432842e+00 1.075613738063137870e+00 2.206555744955740750e-01
7.139810651794288310e-01 1.008267525786177110e+01 2.006092981665777764e+00 2.671413963219911869e-01
2.620982134547744646e+00 6.123599244713453515e+00 1.787118927429561133e+00 9.776378924414685923e-02
1.656651626905847996e+00 7.832735778709598584e+00 3.657792737773059244e+00 4.095079115182153617e-01
1.222776568494538196e+00 5.938507298109692911e+00 1.613845330842067938e+00 5.101482572163304474e-02
1.147339421458255293e+00 5.131528198775199279e+00 3.151936164438200016e+00 3.746201121707874448e-01
2.202381315365189884e+00 1.026952503860985644e+01 2.358882793303942904e+00 3.924499664841437641e-01
8.287886915495963347e-01 3.743388120750368753e+00 8.676528318363227466e-02 1.655156485215933670e-01
8.604097320681537431e-01 6.533115243201859101e+00 3.415512295145071597e+00 1.716868465564689861e-01
1.843527454752744710e+00 4.375262085195002371e+00 6.607992884543802958e-01 1.418647756081052591e-01
9.566972323013012147e-01 5.089346235102735427e+00 -8.575627951993574083e-01 1.008543098410504685e-01
1.497541837130695219e+00 9.004989976741549995e+00 4.243196670765226663e+00 1.681154738674228988e-01
6.816974711237721030e-01 4.288299374585707646e+00 9.177366118673335738e-01 3.043319284977572536e-01
1.281598764525284873e+00 1.207470999030208247e+01 -7.810900531495766907e-01 2.524878939657548838e-01
6.253240795387302597e-01 5.876359396372387245e+00 2.319438214457855807e+00 1.259807844141818400e-01
7.864692852827797065e-01 4.905091859732734427e+00 2.111364481932516135e+00 1.251273585186509218e-01
9.065759188479114439e-01 5.427810893233607104e+00 1.779426466217466141e+00 3.782994235004442096e-01
7.789518486327347002e-01 5.383926123626666005e+00 2.480151503508332134e-02 7.454514993430544356e-02
4.624713335272229164e-01 9.163507532083864149e+00 7.100889488747904599e-01 1.023192128274184876e-01
2.460941555562099037e+00 5.919518023251161054e+00 1.043471728718311287e+00 4.578911907435522788e-01
1.202241702132257783e+00 4.285954081329964360e+00 1.546663322613241354e+00 2.405864769043428164e-01
1.135293134192483899e+00 4.464183737312465539e+00 2.626610926578221594e+00 2.168137560513426210e-01
7.518311533675254843e-01 3.631989852766722038e+00 5.803376263742427987e-01 3.268075456760341502e-01
6.070456765650007469e-01 3.934969435572637231e+00 -1.210101631390554378e+00 3.496806430875729066e-01
8.343944326591901106e-01 6.743146614575273645e+00 2.522494596014370316e+00 1.435624156838068433e-01
9.838778664618306191e-01 7.665225409886094354e+00 2.841337486493287656e+00 4.207187567273042439e-01
9.015946225781360512e-01 3.962933604640740182e+00 2.230711171212290900e+00 2.008507860385910504e-01
1.956336965777947023e+00 1.129837416476182455e+01 1.589554067060321429e+00 8.856118683370235722e-02
1.511825987561629780e+00 6.452181400768028929e+00 1.514596931364672550e+00 1.673356522781552780e-01
7.766784520401928127e-01 4.814850611469488229e+00 -9.521722475392973006e-01 1.666406636592113188e-01
1.507388556744474251e+00 7.301707938182241620e+00 3.201253559886400701e+00 5.756725278209603447e-01
2.520213201230240507e+00 6.858868001834096617e+00 -2.900632163377891981e-01 1.278706648531126588e-01
2.253659649370661100e+00 7.524472976083276698e+00 7.110868003272330373e-01 1.563867629552486427e-01
1.396046715365270918e+00 6.776647723946049418e+00 -1.596516679926271554e+00 2.702008316843838021e-01
1.567480277224089669e+00 9.255741707586164324e+00 3.452979465004882176e+00 2.253827980379249363e-01
1.556980350146161207e+00 1.046566589408323900e+01 9.221540311705977988e-01 2.406577337569558717e-01
6.047989215188065426e-01 4.086442281680985111e+00 1.734363613927056180e+00 1.153756198040785386e-01
1.372117106177182855e+00 5.449056853208785967e+00 -3.921596903515056631e-02 2.110819724105595374e-01
9.814029968010694605e-01 6.526123455103740589e+00 3.805714449010181077e+00 1.119943195610428460e-01
1.679357472456624034e+00 6.278310262818022736e+00 1.179919735218609711e+00 3.324136372049218968e-01
1.726790887591048262e+00 6.865814494982597438e+00 2.100743365978362753e+00 4.560401871356858372e-01
1.819851410754298460e+00 3.987033356392610361e+00 4.025264727770111461e-01 6.661331476802964668e-02
1.675799200083897045e+00 7.494270360952262067e+00 -6.893862216712862701e-01 7.249003302752556888e-01
2.378395639533946060e+00 4.707676241073213141e+00 2.137539103763778758e+00 1.730540022925892707e-01
2.803246725008150531e+00 5.407605538493638342e+00 2.921881501239556922e+00 2.540983627826181035e-01
1.395434653479986409e+00 4.064355954657330905e+00 3.636703870037728770e+00 4.130554100366984893e-01
1.076822892389236008e+00 4.605780252021687282e+00 3.071382230479278164e+00 1.728226492143662696e-01
7.712594825515027841e-01 2.490148222540433665e+00 3.565908535888653863e-01 1.384122756127205978e-01
1.543699185516160366e+00 6.666110135838314577e+00 4.865475411122099914e-02 2.053590011264228576e-01
1.132029242435003136e+00 3.901496562821117564e+00 1.251222402704287306e+00 6.973271465589073181e-02
1.027849880528528770e+00 4.764030926049671599e+00 3.197403491080779148e+00 1.138464021169525442e-01
1.317792778109079466e+00 6.746062850744788619e+00 -4.863808562848335182e-01 2.755316687841845580e-01
1.487406077255777559e+00 5.373872441889367302e+00 2.341653602677757906e+00 1.789744953352776502e-01
1.104940762900150197e+00 4.864577344605640619e+00 3.417343773621299263e+00 3.596363637196550167e-01
1.794002935001746790e+00 7.994528510937396248e+00 -5.951851041071085646e-01 1.547253373084560291e-01
1.511349174948707130e+00 5.176912248212863332e+00 3.333947246024798083e+00 1.822449876751536246e-01
1.838033896636734665e+00 4.192257896400679584e+00 2.273370297166019238e+00 6.851581514649249249e-02
1.108202027338068163e+00 7.391615839115445397e+00 2.855702899932603955e+00 3.026103326254759862e-01
1.237441524676528015e+00 5.887788678688214539e+00 8.104438665372786232e-01 1.776014682397267230e-01
2.051916690897252149e+00 5.579556933440803057e+00 -2.118423542323488729e-02 2.313978806872152572e-01
2.239635915174915670e+00 4.685352067518322450e+00 7.438517122604456633e-01 1.388642203438952560e-01
1.839792434859568449e+00 3.185230264747271889e+00 1.367728824190797887e+00 2.428106498347363251e-01
1.313090052303524491e+00 8.508744523203320753e+00 3.900291300239013381e+00 2.748997108806915946e-01
1.208383067756527041e+00 7.918676677428996946e+00 -6.295211554744484239e-01 3.237117843671636491e-02
2.728961727401645110e+00 3.311216097724675844e+00 1.560329511976912276e-01 2.433374494081563255e-01
1.565507398905948699e+00 1.026027064907389175e+01 2.212161114873590684e+00 2.756186616871398321e-01
7.862891550884851810e-01 1.142348860495109442e+01 -3.257360073074713203e-01 2.544217467724878556e-01
8.622314481027868460e-01 5.163322280068347148e+00 1.232504403394672154e+00 1.811648939883343246e-01
8.448858112271012688e-01 5.205537438711242082e+00 2.842219967421318216e+00 1.993388011178019170e-01
1.982060945516551653e+00 7.881153285566840694e+00 2.061254054849687378e+00 1.889044798002071368e-01
1.096228105774058381e+00 4.166049145371784945e+00 1.486001011750882617e+00 1.042951323481988990e-01
1.338769547012263583e+00 4.864119913708474741e+00 2.170303671211021523e+00 1.766217185021407010e-01
1.116784983950611210e+00 3.661924722829648982e+00 1.957385875565002431e+00 5.004547819118862484e-02
7.314836692062300916e-01 6.217601231420788466e+00 2.644639626087939455e+00 3.072854379952855153e-01
2.170483412791320177e+00 4.598070602676973095e+00 2.739546918801617714e+00 1.037868304733556291e-01
1.396366764104775227e+00 1.020720153408705144e+01 2.391080846272328309e+00 3.721777409784877699e-01
1.375376536668304617e+00 3.585719352610970745e+00 5.927857939233731610e-01 1.083026252968805059e-01
1.335274605054471708e+00 3.032074528360445775e+00 1.479878700123282709e+00 2.287914781462897507e-01
9.500536449237393377e-01 5.059048729839597414e+00 2.390499067511587583e+00 7.880024295033666304e-02
1.232487758933402677e+00 6.189369830764755775e+00 4.192156594610278120e+00 4.664451092671615950e-01
1.432097887232004485e+00 3.933745607676495393e+00 2.099577338304389418e+00 3.708332329322351351e-01
1.444964927683388023e+00 8.031596498928887939e+00 5.174117273993632526e-01 2.944369225218421704e-01
1.687124439452234892e+00 2.794031278018714648e+00 -9.251344784684347733e-01 1.907642285708190388e-01
1.800864479213506675e+00 6.557984315052590496e+00 -7.945674925543239064e-01 2.268370676243615380e-01
2.417465661932108212e+00 4.543700436997045067e+00 2.552105009554254345e+00 2.650046339508070337e-01
1.492031376100786400e+00 2.442520036600097644e+00 4.027807614248003709e+00 3.421815669986179032e-01
2.659706258315310379e+00 3.430329952195125820e+00 1.819331670725121697e+00 4.014470607349066023e-01
3.615485676979153240e+00 2.593292615930799627e+00 3.006750609633736193e+00 1.319959954247788836e-01
9.238801331205729328e-01 8.871266879068430811e+00 -1.521820843635522502e+00 2.145813453927108982e-01
1.529505308827052268e+00 4.349214823094443183e+00 -1.691919500662627307e+00 8.303685356852774646e-02
1.409014377120382022e+00 3.776675791728432152e+00 2.734586304469736273e+00 3.210566112931815264e-01
1.181816217095013277e+00 5.685888806385270833e+00 -1.410694591827708733e+00 1.712596099048283027e-01
1.582341702847587239e+00 6.413120834008658733e+00 -8.368459813068215292e-01 2.178765573754559703e-01
9.602189685745394776e-01 4.177589973230390719e+00 1.915572115221480853e+00 1.219621866425659451e-01
9.399346262617337411e-01 4.931950848845480628e+00 -2.682755920751232481e-01 6.543609779626230472e-02
1.420229992190706447e+00 3.551997762805987779e+00 1.755041890788922032e-01 3.519203574037198246e-02
1.259021640881003323e+00 5.905728591790791349e+00 -2.550537227620015557e-01 1.041696390072547745e-01
2.922318827902831817e+00 5.369413721397084949e+00 9.275781681884998076e-02 1.342088662334449678e-01
3.056642077102282418e+00 1.040654054896874747e+01 2.522931558106789485e+00 6.111653759043948059e-02
2.070321734663891799e+00 9.545210157120706640e+00 2.757204268017205084e+00 3.092956910570300311e-01
9.471713968839594600e-01 4.093159920710702337e+00 -1.421380402537767651e+00 5.982766981671856776e-02
8.814839203562330194e-01 4.562565112212857876e+00 3.348563972962812052e+00 2.335452159545478579e-01
1.846441728573043672e+00 4.856184133409654713e+00 2.997226079019637446e+00 1.137194367339764700e-01
5.931917437036671181e-01 5.879628174640678218e+00 2.508513027320048661e+00 4.208853734123543244e-01
1.645067807245880420e+00 7.302296593857000140e+00 -3.726305221028701764e-01 6.032564012098139139e-02
3.889961697113264005e+00 5.159090396720111826e+00 -6.702423813996214452e-01 1.889270560009516930e-01
6.958048793216085048e-01 3.956633906171585835e+00 5.220637201126601123e-01 1.481339935181647804e-01
1.169036302077521627e+00 4.010428492921767507e+00 5.319248275727972430e-01 3.112925236926697981e-01
1.964813805364576060e+00 3.035244227420263563e+00 -4.154986346441527090e-01 9.008335253481157545e-02
1.532377821432451714e+00 7.154197203880931610e+00 2.081635825147591046e+00 5.037353649714306769e-01
1.577378309761433783e+00 3.826331730456661084e+00 1.844600620637319555e+00 1.004813497987816495e-01
6.190057377844950803e-01 9.618331836800685153e+00 1.239081765216730524e+00 2.180398671421043266e-01
1.061644303066547446e+00 3.392479526635597153e+00 6.954507819529464063e-01 3.425764485349302446e-01
2.153117473852333763e+00 4.848486678501481961e+00 -1.404855594320504109e+00 2.372413548670034567e-01
1.387483455422277467e+00 7.188415867839470508e+00 -1.342185217192738422e-01 2.155407073877398660e-01
9.905363695222986209e-01 6.075394030791904321e+00 3.431782305531343447e+00 2.948488807386090982e-01
2.468278398103766147e+00 5.704794613094785305e+00 4.041564730917390769e+00 7.778376301000292092e-02
1.191897050340889219e+00 6.355559115170366979e+00 -1.199115711554543662e-02 4.950560306259899623e-01
1.242140978614646230e+00 2.585080132636810024e+00 3.191982134011562611e+00 3.265540670155463454e-01
1.016004131796457877e+00 6.503157594451155710e+00 -3.706931365178577353e-01 1.886755613549684074e-01
1.312470130786186351e+00 2.608728993162802823e+00 2.870128520871526590e+00 1.739024452483954319e-01
2.256297714806457577e+00 6.345816359479950819e+00 3.002658288085632066e+00 5.384028166245516389e-02
7.269976733683991554e-01 8.048834771289993029e+00 -8.138358445531174157e-01 4.660185238763331350e-01
1.841290793999874831e+00 5.018077222355606715e+00 2.420907315713901831e+00 2.410836749982583349e-01
9.473019595386656944e-01 8.118851506114156180e+00 2.638425564434371484e+00 3.214229985782621757e-01
1.035488124126415554e+00 2.977985805168448241e+00 9.851967255788021127e-01 1.343285979395026919e-01
5.700391197175568303e-01 4.548674114589341677e+00 2.748992173805829164e+00 1.717266302465519923e-01
2.068893603228263878e+00 5.439058770742478899e+00 1.168762273274482899e-01 5.608285435401215713e-01
2.050959000059893178e+00 5.288852297806212910e+00 -4.033036349838649559e-01 1.149132457608536551e-01
2.144078824717112752e+00 7.998435464357736890e+00 1.966229343369754190e-01 7.416418844207472993e-02
1.439223750402543800e+00 4.615305885422918308e+00 2.443963126056726942e+00 1.163784263179600820e-01
1.552037323110341482e+00 4.427424995195682556e+00 3.078097508855523579e+00 1.108576893770738259e-01
1.394433745594735097e+00 3.137833643771093417e+00 1.303306550114219586e+00 1.578775568335285540e-01
1.690416029936338216e+00 2.618484416673886095e+00 1.318024046100618740e-02 2.242627983734553077e-01
6.070661930311147536e-01 4.360363858806724835e+00 1.581661772259221443e+00 2.622108822691786023e-01
9.080156746506526932e-01 2.910691390996020367e+00 1.857754274751792334e+00 7.216596479536967201e-02
1.305230505005979591e+00 2.796900207608423283e+00 1.696693935644604023e+00 8.973349890673504303e-02
1.415105814275645413e+00 9.669680023840690808e+00 -1.557197580431248229e-01 4.464989407459233894e-01
1.512587273959914658e+00 4.782818395233558562e+00 3.270544513251702146e+00 1.530676961770458255e-01
1.467794271950651153e+00 5.661676190697420452e+00 3.904388703939673633e+00 1.319241512983186371e-01
1.127888944311667530e+00 5.802009120707834811e+00 3.443875814845451355e+00 1.263081315429883944e-01
2.154758071958827514e+00 7.821024409049439186e+00 3.861048356039090912e+00 2.337229747930112955e-01
1.402423710288762670e+00 6.964249058603296128e+00 -1.994471779972650793e-01 1.311996101261577452e-01
1.464104813026183782e+00 5.905325724222660000e+00 3.254849698492567001e+00 2.311283880271158275e-01
5.045609436294217209e-01 1.208861140223739206e+01 -1.432874013525770485e+00 4.971160014812466277e-01
2.710522023050441209e+00 3.053328246735399265e+00 2.686677715401245337e+00 1.739960623634893566e-01
2.884604961350388574e+00 6.416063006604997732e+00 1.269553598299093755e+00 1.098345530407842108e-01
6.435132994708521181e-01 5.834172170695389070e+00 2.482164248583613730e+00 2.905485632793287087e-01
6.502684846707521560e-01 4.291689850507321324e+00 -6.644692338440404411e-01 4.125687730198338010e-02
1.059275331468635395e+00 6.465333460303748225e+00 1.190232851462630359e+00 9.794876017126372125e-02
1.077728934250793635e+00 6.327630868295610611e+00 3.966566368003080711e+00 3.179225702598333092e-02
1.906187106520724095e+00 7.858818439994327498e+00 -5.671736594170451173e-01 4.324328508941300830e-01
8.855019276486586488e-01 2.780660066875248582e+00 -1.097703163263292758e+00 5.467677794920936668e-02
9.750034956045398049e-01 5.762409043301188305e+00 -6.960431171209119361e-01 1.985358237095238843e-01
6.015685093633675873e-01 2.949632641915000963e+00 -1.451657039304916630e-01 9.480254086199255137e-02
7.760263421048625432e-01 6.434648635016033680e+00 1.614633488211949963e+00 1.921612885567713369e-01
1.830519782907564785e+00 6.302928171836297722e+00 -3.883852211862974246e-01 5.086532069608365458e-02
5.301288251833022880e-01 4.172531703602929909e+00 1.868068773060889809e+00 2.889548731120708536e-02
2.040543874388895951e+00 6.140354497024435254e+00 -9.898445426779073353e-01 1.205093248573156639e-01
2.191787265632021864e+00 3.495991456726754265e+00 2.402621691178747021e+00 1.077246897168898099e-01
3.376890330726956879e+00 3.382802096893529953e+00 1.872396403214759975e+00 4.810144087879898722e-02
1.505630476630179349e+00 6.757258526563970413e+00 7.559196377383777810e-01 1.551053234489771226e-01
1.134246859118717143e+00 5.047154012014836155e+00 2.469752052334062142e+00 2.262490453922324229e-01
3.649356054466787458e-01 9.352778636276040558e+00 9.828165293812389791e-01 1.860708431244152694e-01
5.904541058802950104e-01 3.317998975381442062e+00 -3.399835727757994364e-01 1.839334494451193014e-01
8.155494836888328436e-01 5.935937045390307532e+00 -4.713912647804218148e-01 1.150705707731820987e-01
1.570118934861115534e+00 5.276470667475577692e+00 2.996605485770756694e+00 3.547971648226305175e-01
1.559470028644215578e+00 4.807473281620308292e+00 3.847887744213034811e+00 1.542388801511392071e-01
9.977488378094773180e-01 1.023705423463359487e+01 3.203907524375775306e+00 1.526490545924617803e-01
1.990178867283900255e+00 8.665521689159954022e+00 3.968974558441851652e+00 2.426436284558282641e-01
1.271418708991730595e+00 4.272317416027012094e+00 7.718768522965592238e-01 7.049141219718563223e-02
2.033052630761188695e+00 4.085737423568123639e+00 7.993805486260219251e-02 2.481134044460690247e-01
2.047256773026757681e+00 2.103216914283913219e+00 1.540336441569042591e+00 1.098330365137598907e-01
1.912240770810720969e+00 9.384401563800452095e+00 7.175963589367018169e-02 1.576621414392402054e-01
1.148319266154380180e+00 6.463002718326197993e+00 -5.616850693940891315e-01 4.197272175206935851e-01
1.471604605074300354e+00 5.281215617862346612e+00 1.671552806183044693e+00 4.240274544981220695e-01
7.889315348687868656e-01 7.557506146765989641e+00 3.667259885740111525e+00 1.345658851280348844e-01
3.860753638670102905e+00 8.950861776628375566e+00 -7.358102855344034188e-01 3.589767186788665465e-01
1.122689375920628008e+00 3.151420753329923663e+00 1.481437460519565708e-01 1.121428214331781498e-01
1.323075267952712242e+00 3.447480943024179290e+00 1.343913212937398516e+00 2.459955400436650841e-01
1.364997248960499787e+00 5.233500786215488532e+00 1.447397220746718949e+00 3.226151224583094224e-01
9.373188777569124719e-01 5.966047447701043005e+00 9.043357735456318824e-01 3.177938034901963138e-01
1.300624916074557769e+00 5.960513439226676091e+00 1.386328204954893062e+00 2.193924975309339276e-01
1.358536234754683436e+00 3.284781310705476631e+00 -1.483302629493916669e+00 1.609612443141085203e-01
1.364881310401563130e+00 5.589261037209952043e+00 1.580627356204008072e+00 2.520155999064660479e-01
2.124740139125164795e+00 3.326202604664121765e+00 9.820647423871382564e-01 2.078621070310976982e-01
1.227339412809724140e+00 8.933409460836966076e+00 3.269067356724528306e+00 3.761442798422538480e-01
2.980105129881598369e+00 4.210233361872031566e+00 3.978627157327362163e+00 1.455018452987868749e-01
1.303590801916545416e+00 5.795289166997488195e+00 2.936623706018620883e+00 1.651178696838606352e-01
7.910573584680372639e-01 4.451160975233626083e+00 4.568907009128497787e-01 1.073173256391441455e-01
8.392071330008273877e-01 7.228624977403253382e+00 -6.548729051102417653e-01 8.229680646789905296e-02
8.609763614376388929e-01 5.829415535350088717e+00 6.446171332695715961e-01 3.365425746882180769e-02
1.298845251039685511e+00 3.640619374339369330e+00 2.364155249097907863e-01 3.062787683237902514e-02
1.745271571195878391e+00 5.462229601991913874e+00 1.590796672278296242e-01 1.103013678842305195e-01
2.205969268488495949e+00 4.503885842846845122e+00 4.534680759434317920e+00 1.191259004903353208e-01
3.636687016541074069e+00 3.371386842250915450e+00 -4.369970733697455811e-01 2.962995985160883916e-01
1.676861060864782704e+00 5.589311540174192849e+00 2.494689657883587319e+00 1.814144314839494510e-01
2.221837721470238058e+00 3.876773866774344324e+00 6.873369801541167057e-01 1.653147289392269403e-01
1.427264006377820360e+00 5.438055942800746223e+00 -1.183657722370619281e+00 1.389343672291256659e-01
1.389224410855350866e+00 2.910896731897173684e+00 -1.261080175635150569e-01 4.671188231493551002e-01
1.145179494981560131e+00 5.308164649707140192e+00 3.232797335434308916e+00 1.317609974448084309e-01
1.288784755443295404e+00 3.976033556140076808e+00 1.114580777531990918e+00 3.358201000382766699e-01
1.393140782825000645e+00 8.423077687211922182e+00 -1.511175212045509086e+00 5.161326194334249495e-02
9.852909950580660547e-01 1.021352918297916901e+01 3.818938164633315147e+00 1.777907993201404135e-01
8.683940021070333248e-01 5.658017511910049535e+00 2.530722701389739093e+00 3.362695102403423508e-02
2.060827627525785744e+00 7.282092416418914915e+00 -9.523546926441881499e-01 1.207285891363605590e-01
6.540888801523321305e-01 4.176607791416968141e+00 2.702059917104914000e+00 3.453625851745648068e-01
1.251473740251316080e+00 8.468017268556359056e+00 6.456925456644180272e-01 5.231421759642519015e-02
1.817754824817062076e+00 5.206732491003485563e+00 -7.317826074868656328e-01 1.608231608123889544e-01
1.359070258990527691e+00 6.157439289852460362e+00 1.145045391668549684e+00 1.460412150530588371e-01
9.211224244573926745e-01 3.772529483569764253e+00 -1.832664457522306112e+00 1.226635352558821113e-01
6.561645694441509136e-01 5.189429686607283543e+00 1.496593521236706970e+00 2.880024858965012924e-01
1.096096747460709286e+00 9.451283156715335920e+00 8.752292692431292709e-01 1.398332693034347873e-01
1.980217124438048870e+00 5.246112256376089356e+00 7.072676606766878926e-01 8.902205759803349938e-02
1.354086874039184263e+00 8.229009860330821269e+00 1.710936219037082484e+00 3.438983351004289146e-02
5.851793824260997923e-01 3.746417377699491791e+00 1.590976907556198139e+00 2.448683090288484576e-01
1.865629071703625019e+00 3.912046286610508794e+00 2.173029570497291729e+00 3.959155305291182647e-01
2.140747468033344703e+00 6.183731266674596050e+00 1.205134713232011379e+00 1.669942521393902035e-01
1.279313279921377333e+00 3.554294906867919046e+00 2.727022856952110885e+00 4.129063961594489074e-01
2.302879750179315899e+00 9.882064848945068647e+00 3.435343321791106241e+00 1.289389025932501653e-01
5.478257936025446861e-01 5.212828210043086941e+00 -2.510883113146777923e-01 8.168325017929654874e-02
1.478902814553024081e+00 2.796694381723765499e+00 4.176498987687209841e+00 7.101926389405835427e-02
5.036174269819153615e-01 5.819510927292523839e+00 1.823500712645703681e-02 1.165934655735917369e-01
1.812513056374773335e+00 7.074236088557355195e+00 -1.177141012671749642e+00 6.064536808140635893e-02
1.287236960175265121e+00 7.686507314410843783e+00 3.360806119892004951e+00 4.217755447113852307e-02
1.070492804212448856e+00 4.230021495339336468e+00 1.239927162768568181e-01 1.925789840509311568e-01
1.225923738760937187e+00 5.545674274397097037e+00 2.701925878111218093e+00 1.878223402896514738e-01
7.637729981039836913e-01 5.639747754633808619e+00 4.025426777384028543e-01 3.673205731508399352e-01
3.709463343422257919e-01 5.978337850307478440e+00 -1.350162554487684075e+00 2.874781259832870917e-01
1.634385288085105747e+00 6.805461158801643151e+00 3.796875922267571646e+00 4.078914864225808290e-01
7.205458392600638806e-01 3.769167596946061849e+00 2.716614501088008726e+00 2.969637511387400730e-01
1.837018086122312432e+00 3.730416140832222283e+00 -1.234539683117305220e+00 2.070879863957053868e-01
2.894083156332647455e+00 6.258434710534495515e+00 2.362416726131044697e+00 4.097433429608180466e-01
1.239990946508869207e+00 6.346852625354655331e+00 3.033825654419686657e+00 1.410324134055789269e-01
2.075906107788371369e+00 4.463651946429076034e+00 -7.874291585706960639e-01 2.327673811846115992e-01
1.461678078760275445e+00 3.306934558534825541e+00 3.921223003235883020e+00 9.732971720070116017e-02
1.308123337620927584e+00 6.850437156848949272e+00 -8.848184410943064071e-01 3.288143566362188297e-01
1.400664511968831238e+00 4.471162985094724540e+00 -1.271792543151320620e+00 1.115285767049355170e-01
2.106574132309062097e+00 6.488901201241484173e+00 -1.385738336607285293e+00 1.653604156094977684e-01
8.035670224503642656e-01 7.289697694767516722e+00 1.470127426624443068e+00 1.030454082644653435e-01
1.515184815997368872e+00 8.658006516009621123e+00 2.370795686440799521e+00 2.174106081493392961e-01
1.035067398517267812e+00 6.578203771854351345e+00 4.027683962916549731e+00 4.206403982333754010e-01
1.766068426819754844e+00 6.755721937140751976e+00 1.841181387713569872e+00 4.084830319389720632e-01
1.614154542878413867e+00 2.491568392587391489e+00 2.344948222564626761e-01 9.670153963260194607e-02
1.463734113811616666e+00 7.519143437317414858e+00 -3.837826922817557662e-01 2.177661274273522962e-01
1.235881776274923904e+00 4.605226013974754729e+00 -1.454317609116379195e+00 1.603346716411022665e-01
6.271010362479971789e-01 5.544535351548979030e+00 1.259935395254606183e+00 9.572297805719687247e-02
1.455638058357776821e+00 1.289882408116876356e+01 1.218740190056430084e+00 1.486155790111230168e-01
2.271246911036032490e+00 6.951691017304920450e+00 1.706361866988233444e+00 1.803353450094440369e-01
5.333338206610378496e-01 4.378752416663428626e+00 2.391127173120527249e+00 1.221140086854590606e-01
1.038297244964812904e+00 7.999006776441178523e+00 -7.292177204008389868e-01 1.016390422163150342e-01
1.485499514548300537e+00 5.528768024707494178e+00 1.726638688863587623e+00 2.214876438974245076e-01
1.107691907490953476e+00 6.386623923457116270e+00 3.363630575942449852e+00 1.566016138033606286e-01
9.177598383073247712e-01 4.128633985023796527e+00 9.135968211321685573e-01 1.759885060141227753e-01
8.720331997792278855e-01 9.076004620261540978e+00 -1.120793011340875056e+00 1.813276058697819715e-01
1.404611082926858323e+00 5.003932906437915662e+00 3.762849034746314381e+00 2.172967365287139241e-01
2.049182306004036835e+00 1.083916403712196797e+01 -6.130912928340561674e-01 1.749062041601614492e-01
1.409996894965961145e+00 5.924543487972568023e+00 1.832779286669655949e+00 1.252064227561813237e-01
2.145689939545963654e+00 3.904092889244779485e+00 3.867800818951212083e+00 1.754737138153346088e-01
1.875044142052423757e+00 6.189335727584701630e+00 1.414667801173262518e+00 1.395024477020282427e-01
6.028624632216224022e-01 7.439730830414822194e+00 2.110880174998283731e+00 2.246998825547971979e-01
1.076942194542528375e+00 3.761476872680339589e+00 -1.686473263765833730e+00 1.321986949443195170e-01
6.805246185137163728e-01 5.476038784833602513e+00 2.474370632496785127e+00 2.274799368832730040e-01
4.783363420135311461e-01 5.390184761840707495e+00 4.675568606767509516e-01 1.421539233550677406e-01
2.024630970309586164e+00 5.739222894600839453e+00 3.372835631080771890e+00 2.914361649364188289e-01
1.430125585699397295e+00 5.052959219121805567e+00 1.256649895515266957e+00 1.004843017324263399e-01
1.184312567397866722e+00 4.802771670950130911e+00 8.294384453058484263e-01 2.449352223839402209e-01
1.541490515682206741e+00 3.972530724200209029e+00 3.856969865990316659e+00 3.214252029246514875e-01
7.055834241432009657e-01 5.965254741975193120e+00 3.016937891432901253e+00 2.725384741383876652e-01
1.387718761746123741e+00 2.652164040787508448e+00 -1.941728009363396845e+00 3.564636713157366410e-01
1.349646964128659921e+00 5.864750148209707525e+00 2.567170861943724347e+00 1.391370394725447990e-01
1.618695710678692778e+00 3.644594881732769132e+00 2.304256695656440534e+00 3.022868648460604324e-01
7.816666296598151487e-01 5.933624117232820794e+00 3.815963210116662285e+00 1.690786511912463486e-01
2.064439112989000069e+00 4.537471965038144539e+00 -1.370090828032330510e+00 2.276365358339894063e-01
6.056347328911400041e-01 5.252101759048874996e+00 9.038434325010038517e-01 2.970442586214779856e-01
1.021992716052413819e+00 2.632483669148319105e+00 -1.408840896954309807e+00 5.485721584267228002e-01
1.091595671455844574e+00 3.888708091564388347e+00 3.529196894927886241e-01 1.241440480024774973e-01
1.734652925795888034e+00 3.543402986093869167e+00 1.774438917317321618e+00 2.890209611437192794e-01
6.016796413191020099e-01 1.032742886395243964e+01 1.810674271377349820e+00 2.375297679467357204e-01
1.232440847630844605e+00 2.511243492223311335e+00 -1.077112248140989381e+00 2.940307651289319479e-01
1.923427220895059131e+00 4.300184393192148846e+00 -1.574042294301214007e+00 1.807626764820116916e-01
9.371788433143397601e-01 3.362036906978118633e+00 2.758479394754891345e+00 1.796890251718864517e-01
1.343297300209461920e+00 4.330824258662639537e+00 2.831168853420285458e+00 1.076579975412180340e-01
1.592043771274246566e+00 8.057137693549590196e+00 1.247942593681055090e+00 3.910305910539715879e-01
1.229473755951294045e+00 6.609132932155515228e+00 -6.741323661025193648e-01 5.486202510968494206e-01
1.630691486129052681e+00 8.941835514431080156e+00 -1.484616053096355248e+00 2.850077509955291077e-01
7.107229896816287251e-01 5.126154168591631866e+00 2.508612653095237288e+00 4.175899730228595508e-01
1.944738868400444076e+00 4.558539856039804050e+00 3.757422211567466031e-01 1.883767468057860606e-01
1.219028363568867235e+00 4.055369838732995724e+00 -1.774014427517540460e+00 9.713288679312559459e-02
1.567493481775880548e+00 6.836936825310292676e+00 2.468626065368836997e+00 1.565488907466772162e-01
1.236555543481816066e+00 5.753654551926078220e+00 3.580133405877896635e+00 1.844024174291661877e-01
2.712542544162822811e+00 6.450275152823279790e+00 3.175563726159522648e+00 3.241129043606675308e-01
1.597480859327513603e+00 1.016469049572825512e+01 -2.252035247223741488e-01 4.107225599543304906e-01
9.958550536436237000e-01 5.302207175397670724e+00 -1.111237042169541223e+00 1.380254948903896217e-01
1.593209278488657343e+00 7.888787002403738313e+00 2.147206511247516048e+00 1.328592216799525105e-01
1.761525157598304192e+00 3.496034016088860330e+00 3.483673086851395873e+00 1.439251036956376295e-01
1.486683669003886710e+00 6.850017199250868494e+00 -9.592598232408728887e-01 2.344853936982267129e-01
1.102423832542143600e+00 9.043976662711971315e+00 -5.051850761328160466e-01 3.934882433317519190e-01
1.259140409866612131e+00 2.771358307388092967e+00 5.260491755416487614e-01 2.780053235237065490e-01
4.824774173964031521e-01 3.239531512998651497e+00 1.012545664461814265e+00 1.711080454910399173e-01
2.489773969977063128e+00 5.144825448065811990e+00 2.487390218720896939e+00 3.110409731880404705e-01
1.187039510530382591e+00 9.154912741263103726e+00 -1.842250521967065957e-01 4.085216064694285332e-01
1.142262736707757353e+00 1.336566725830059532e+01 2.585025821968796933e+00 2.609760870993578785e-01
4.937018830647178502e-01 2.589586524410222523e+00 -1.299229125707827226e+00 1.538105704485867586e-01
1.188492653887291972e+00 2.760158874551205344e+00 1.990011087183153338e-01 2.624019714212730281e-01
2.777146808412179979e+00 6.111575905169939205e+00 2.234626751652406096e+00 6.042685567245671685e-02
2.709076239195979952e+00 8.623731499624105012e+00 1.367158129237175057e+00 9.553828011531254050e-02
4.943120884179611485e-01 2.393709616837837562e+00 1.219626478881408183e-02 3.148790710835666640e-01
7.334146996034482946e-01 7.146019206359609299e+00 1.716423773781784012e+00 1.892180186920666141e-01
8.169364161455737738e-01 4.244704519107536989e+00 2.127187111469107439e+00 1.000257844786077155e-01
6.635160078297783759e-01 4.961202260030675326e+00 2.688286485826880678e+00 2.356248546338350902e-01
2.189230096450839991e+00 7.253768306495665286e+00 7.858912111346620932e-01 6.367643795189223410e-02
6.075603101977825604e-01 4.096039459198982158e+00 2.662587980855511960e-01 3.390180761462714965e-01
2.641069347882949003e+00 3.813172740619900303e+00 -1.618731523657584326e+00 8.668828616769441719e-02
1.899943256536801073e+00 5.218238079892628889e+00 1.700034579121646017e+00 2.672326057786399423e-01
1.429429667387184688e+00 9.303166461371560558e+00 9.653858209999984785e-01 1.735054860632749274e-01
1.546695996977901721e+00 6.162954149058702313e+00 2.429516880585202987e-01 2.061202510453458148e-01
1.895430679307581023e+00 7.345716002730323879e+00 3.192749824654624202e+00 1.142158695273702285e-01
1.013892005154047871e+00 6.121826240653547302e+00 -7.816032845752975966e-01 1.359120298199130994e-01
1.294577605251795660e+00 4.536630377465733055e+00 2.099437102886961615e+00 2.104139759304737844e-01
8.223589154439367999e-01 4.192818836747592037e+00 2.278666424018257253e+00 3.074210840360136476e-01
1.225811207607165443e+00 6.705720240945360899e+00 -6.012874716016507470e-01 1.850796929604436314e-01
1.747297826075549843e+00 6.136431785008839235e+00 2.099907369758280407e-01 1.384161235217430119e-01
9.137789054786075171e-01 4.138602241808784221e+00 1.329047820806565028e+00 2.199514672645861146e-01
1.628425761722559040e+00 6.239743523402231595e+00 3.629728629399288753e+00 1.297639244267859704e-01
1.596733963419520563e+00 4.007962714759491618e+00 3.518902112665141413e+00 3.089274123409917472e-01
1.773493662671297155e+00 3.459270387818510706e+00 1.991261645108339806e-01 1.506198376232770197e-01
8.771810856267285850e-01 8.078915939822076453e+00 3.187022985982112200e+00 1.402940896620399336e-01
7.528523556660454696e-01 5.237058902091835222e+00 -7.834891795769944878e-01 8.234530118792231235e-02
1.132973257245185161e+00 2.827854631917331218e+00 2.024523532886742139e+00 1.816224401827294388e-01
1.504048736486415461e+00 1.032864336690806084e+01 4.700795520620845158e-01 1.164749508643966036e-01
1.774729227926078678e+00 5.755214637995581306e+00 3.323553286787461758e-02 7.870797894856400301e-02
2.132792874264934468e+00 4.631388311322749196e+00 2.615525768155951614e+00 7.313962149893546427e-02
1.720666280029960582e+00 4.762714381013460674e+00 3.107804696436669900e+00 6.227153774111506002e-02
1.619085625900276826e+00 1.251311574220546419e+01 3.472629391845115432e+00 1.704125044944768408e-01
9.892046399023574077e-01 6.522904301696846652e+00 2.148091841401299718e+00 1.227935155789278837e-01
1.353418509567568817e+00 6.473874902968207223e+00 -9.940325215507128664e-01 1.483513804477836484e-01
3.013248222806785837e+00 6.022839764115579086e+00 -1.657297216840629472e+00 1.963299503155647163e-01
1.690403602619390711e+00 5.967287804093618142e+00 1.802362932055415978e+00 9.177053369624650625e-02
1.662060422965348394e+00 6.029562515833436720e+00 4.036869394665690614e+00 2.404512168248494897e-01
6.780736248896218621e-01 6.003389085109648526e+00 -1.114440190423044985e+00 3.344522186414385367e-01
1.296956705175352997e+00 6.197727708560350379e+00 -1.679486006904640671e+00 5.276960599971524113e-01
2.315685210693287477e+00 5.886002770158698105e+00 9.584630375196201424e-01 2.870814252554966806e-01
1.115093579385781242e+00 8.571421840880329768e+00 1.404564677259330763e+00 1.278145858455040917e-01
1.488297089074397395e+00 4.940694632681680076e+00 3.478754644336242485e+00 3.678886565968501055e-01
1.135767189755399809e+00 3.420979744972389547e+00 -5.254813459975445911e-01 1.471395514107620150e-01
1.509454987404151183e+00 8.777250382968576403e+00 -8.440777781038245609e-01 2.759588711778782621e-01
5.762250121090682908e-01 5.594312049576714685e+00 -1.448090285996413429e-01 9.665553905879034624e-02
1.109101544691990071e+00 5.260679450401315904e+00 1.488072982775876074e+00 1.570178035245734238e-01
2.018516295011358874e+00 4.771678805445678684e+00 3.457544609418547132e+00 5.477154976142036835e-01
1.751016803699095625e+00 4.135249051485664573e+00 -1.654426378214636895e+00 2.925593150374161122e-01
2.538728715359103383e+00 6.515385532139966074e+00 3.096484853823853189e+00 1.302870240592653439e-01
1.850073409428350857e+00 4.421554087272724587e+00 2.679646819217752274e+00 3.682962971784648487e-01
1.052242009230255571e+00 5.337149249951178120e+00 1.276885604400281649e+00 7.175592023638130423e-02
1.945524451114488462e+00 6.697409357696747279e+00 3.791989544787865096e+00 1.358914506555132240e-01
4.251262604496131581e-01 6.352592834156370216e+00 9.898501023646189001e-01 9.982376664769684882e-02
1.851745667800733575e+00 5.452663449087378211e+00 -9.237676852897017676e-01 3.603203759002190920e-01
1.260952398125078311e+00 5.546829772339853193e+00 2.266580951893995000e+00 5.054921396298512892e-01
1.901681405794097390e+00 8.828600299070899382e+00 2.491660486944434094e+00 2.881855155930589385e-01
2.009138885592197443e+00 2.894918240815074206e+00 2.530608274200104368e+00 3.350598695806847327e-01
6.319325565921556365e-01 6.230216962792209046e+00 2.686298267604446455e+00 4.369100990150107666e-01
8.390245807337285422e-01 5.748696495415448915e+00 -1.424449758276667310e+00 1.418277616116686290e-01
2.153308692434140248e+00 6.252878090877320716e+00 1.892727597960047081e+00 4.115205229415527244e-01
1.844290747340793013e+00 4.600052878694200764e+00 3.189804168766109171e+00 4.442576234314173089e-02
1.212288291783601313e+00 4.525155123605382634e+00 -1.158600140979897386e+00 1.593759455210011222e-01
1.529787411922508999e+00 1.058309777156383014e+01 -1.374557411598818613e+00 1.969195896598916751e-01
1.654475476220114594e+00 5.767975154670327065e+00 -4.248245394384433382e-01 1.695774360993249630e-01
4.947509723455394415e-01 6.166160973301825443e+00 -1.387875438463130884e+00 6.260918343704911793e-02
1.714688034064903110e+00 9.655876002621823773e+00 -1.969406593665878891e+00 4.771619820167757875e-02
1.505724030607464625e+00 4.972085906545953726e+00 1.221220838513059626e+00 2.522375754789248359e-01
1.626790935128697102e+00 7.928800622805707299e+00 1.757341888708780830e+00 1.533339703041363133e-01
1.940028724052897058e+00 2.596247582294386902e+00 -1.918717337004675949e+00 1.830871643646114488e-01
1.117267131792688328e+00 4.364007969542330834e+00 4.171853136021653974e+00 5.163929619505379376e-02
2.532548841399585360e+00 8.518972647632853779e+00 2.051649232396608902e+00 4.129783331573795846e-01
1.926148531604733538e+00 6.260290046190060131e+00 -7.744076656102789613e-01 1.976442521517927375e-01
2.263873804313517812e+00 8.435836151803682625e+00 1.663867926818246357e+00 2.808766732351402062e-01
6.853326422909864490e-01 5.547351811641744845e+00 -1.159592201767011055e+00 9.808760230451024631e-02
1.936266997609412011e+00 6.275316231144721257e+00 2.490920373792132381e+00 2.019585191032826910e-01
8.616223882003597456e-01 9.841265511814668798e+00 5.071808307112285474e-02 1.208849353492400525e-01
6.139126943794230851e-01 4.650039393257635822e+00 -6.633454200569840475e-01 1.725103795600826939e-01
8.065226413269729333e-01 5.049896062632919680e+00 5.062967703358965954e-01 4.238984673354466715e-01
1.726112175444650676e+00 7.703406199569970525e+00 7.274071654093337003e-01 3.356386199195167119e-01
1.413210423248266734e+00 8.095461603219451518e+00 1.658439479443286402e+00 1.473263328594167643e-01
6.871662646342391323e-01 5.719293720986118323e+00 7.610169190120534832e-01 1.991094641456024883e-01
1.381212223124390404e+00 4.761295165851973543e+00 2.226530086717509072e+00 1.648967622436549041e-01
1.516585840846364386e+00 6.136453347223243426e+00 -1.007945048100492125e+00 4.608943464718912031e-02
1.601788155210952969e+00 4.402270954282966997e+00 -1.244272725032123716e+00 1.342995726191375527e-01
8.833049758053278522e-01 7.466597416076386828e+00 -1.070910809507445105e+00 1.585821063443557388e-01
6.811713930141390927e-01 4.140675791802343575e+00 2.067559395508481224e+00 3.872959962497444369e-02
8.009582962154754293e-01 8.096804023453159971e+00 1.705956923588149543e+00 1.093061575693612258e-01
1.135149374977550085e+00 2.404190406575188899e+00 3.065793782865064987e+00 5.267106736187338045e-02
1.089562590598276870e+00 4.884946405523523438e+00 7.488245712099050877e-03 2.286622100887624742e-01
