# Hierarchical MCMC downsampled to get 500 samples
# alpha, beta, mu, s
1.870588470884311461e+00 3.876702359947862497e+00 -8.556562487437968656e-03 2.024928587133618396e-01
1.301011634856632959e+00 3.360119497193250204e+00 -2.910588161330983636e-01 2.197817797563832165e-02
1.877157933971806969e+00 4.758362010523337737e+00 1.088924078675411966e+00 1.348456831729741290e-01
1.433781238580400741e+00 5.076374271020282158e+00 1.222430030078823116e+00 1.485793841637222945e-01
2.350225738638529016e+00 3.640093314878414255e+00 3.727325097329955650e+00 2.668883642834276038e-01
2.565579954134467933e+00 6.354193784077430074e+00 -9.033644052699876248e-01 1.027155852336178454e-01
2.227981548056595429e+00 9.198937208931239340e+00 2.224384984085240546e+00 8.918291593531449402e-02
1.419257026511206332e+00 4.508281921180750551e+00 3.379465464854448431e+00 7.134955581665695934e-02
1.240985306695125523e+00 3.240849250729093800e+00 -8.699625908442855104e-01 3.974351859568860945e-01
2.127084550107957828e+00 3.327231710460374803e+00 2.066470000929303108e+00 1.579917539731755527e-01
1.230586198770716289e+00 5.821170520289383532e+00 -1.145994508531426481e+00 5.809132292762979322e-02
1.147411892733729122e+00 9.005169606400805549e+00 2.509863587217485481e+00 7.619814325677251587e-02
1.780210829445381115e+00 6.213360150377547519e+00 3.224506950149996776e+00 2.621056956256877513e-01
1.763759377464941602e+00 3.859453425557378914e+00 -1.673935262130187285e+00 4.137977121666204239e-01
1.495221024573463620e+00 6.701311969163796789e+00 3.042809927214105592e+00 1.304301354511812616e-01
1.194624469760783958e+00 4.494398589073734129e+00 -2.049868216722998682e-01 3.008512796250960020e-01
2.199807059278994892e+00 7.679075962863570304e+00 1.457846441954746552e+00 1.439495860547786443e-01
7.709172036703951791e-01 7.439602793586008289e+00 -1.279479352231138511e+00 6.387828974543222071e-02
9.592377722562082099e-01 4.809371475628319459e+00 1.191910885410290000e+00 3.157044562843876884e-02
1.561087051751824051e+00 4.221906009553597627e+00 2.621551577003640610e+00 1.843204323896874275e-01
1.862677651886688990e+00 2.907398525408413814e+00 -1.557835143235289488e+00 2.024595122210929854e-01
1.456866846679609306e+00 6.251990913892814916e+00 3.838521519956951678e-01 1.292101684152812680e-01
1.679070378875088920e+00 7.373531873637362288e+00 9.328271338895379738e-01 9.416094922932266575e-02
1.384211979795607617e+00 6.425145186975453448e+00 3.420318714599169807e-01 1.438850790521641332e-01
2.148510760570605527e+00 3.894913773595575002e+00 -7.011204024262196466e-01 2.346128908338013797e-01
1.209055219284918881e+00 3.619877389799913470e+00 1.762363552531311717e+00 8.755526261676531419e-02
1.592555779853720210e+00 4.568077832569494845e+00 1.477590048132532141e+00 2.462873525477909942e-01
1.400914147720932812e+00 3.905630691157080392e+00 1.187880336019780936e+00 1.564470269875165853e-01
1.238114763939814678e+00 1.075912126903518384e+01 3.008269053425951078e+00 6.668666671830403292e-02
1.841990524493547943e+00 5.665653956479969722e+00 2.595986404943049219e-01 1.547550026958838809e-01
3.107065518368624879e+00 9.535606508155860084e+00 3.685943386630747831e+00 9.650253871910877135e-02
1.337882931775272510e+00 4.292364606071037869e+00 1.011565896176757295e+00 1.188608173050863803e-01
1.637006605063436426e+00 6.400398172104401873e+00 -1.025522274578215987e+00 1.346428762184059824e-01
1.644667472012642850e+00 6.091957829759160781e+00 1.153543680777088909e+00 1.592245323842861882e-01
2.077889878452784167e+00 3.813860905664300915e+00 -1.284208797525262291e+00 1.116736060702663846e-01
1.549382195527305051e+00 7.808270875661065702e+00 7.025837956232872106e-02 1.960391312934617603e-01
1.412615058384302902e+00 6.858423459216841600e+00 3.517300268782485251e+00 8.362674993384246191e-02
1.657587926804732881e+00 4.190041503666988021e+00 2.281924571925230349e+00 2.232507081635582979e-01
1.658290867934266499e+00 7.058110827129654652e+00 3.488506481075437371e+00 1.654847003123446347e-01
2.216750416584663874e+00 5.560492757519433837e+00 1.412127760542950305e+00 2.773220654796094697e-01
1.452887562171675917e+00 7.696335264612500282e+00 3.198486352718588055e-01 2.426050544182395685e-01
1.020703124206435941e+00 8.832020591859452097e+00 1.449145959835968167e+00 6.906893469845123978e-02
7.391020635152610874e-01 6.044814690108485600e+00 1.152773837937767665e+00 2.212187471885994627e-01
1.054904751414864617e+00 6.056963578958162842e+00 1.009766253340225628e+00 4.152066223167407144e-01
1.269891673258766618e+00 3.596082401252964189e+00 2.714129443869937930e+00 2.280708243582051375e-01
5.354489374569287863e-01 4.063764719103106771e+00 1.313867897700024434e+00 2.119764486290945937e-01
1.116033788938662674e+00 2.594984281786861136e+00 2.916786607600756476e+00 3.773620556201023879e-01
1.698219881457970537e+00 4.680096976301819645e+00 4.826556550434470960e-01 2.954546994702250684e-01
1.589840808182901410e+00 5.770906295227544724e+00 3.116680905879557262e+00 2.570603208268343876e-01
2.617140766341178093e+00 7.187236555246264480e+00 6.845321540800297644e-01 1.350427341037831186e-01
1.178017923876206074e+00 3.744300537011623131e+00 8.536841708936959705e-01 1.139850047725666227e-01
1.423130498882720918e+00 4.065441695947647816e+00 1.728592848645952973e+00 1.464677025045335312e-01
2.028682584198818972e+00 1.007139605371892266e+01 -1.070190040500840434e+00 1.473206684407993849e-01
7.637643234888579213e-01 4.376216908905597336e+00 3.737635111362703766e-01 1.995151181452942679e-01
4.246021670883800780e+00 3.350166177754223540e+00 3.635004599665594860e+00 3.716020722374169805e-01
1.836001004464562048e+00 3.271245505913439544e+00 1.364317522107211467e+00 9.707937024443619167e-02
2.220251519374892180e+00 6.069938289218990590e+00 -6.980084329332798543e-01 1.555882631802899263e-01
1.495232173180704782e+00 3.509554059200983289e+00 3.053326637151864809e+00 1.305286940348877045e-01
3.745540215058590916e-01 4.506193165858620731e+00 5.699701113600277314e-01 8.609481307243431469e-02
1.920279241817495430e+00 4.137447461198881626e+00 3.260056582646203793e+00 1.268236368449869589e-01
1.041752842153480740e+00 3.230901420944856106e+00 1.524891110311087594e+00 2.391833849431697079e-01
1.851718516022669458e+00 1.010178756193800531e+01 3.165576799042312039e+00 1.484729580698843920e-01
1.503607660535920321e+00 7.864794353123421011e+00 3.124652452653341239e+00 7.877813895805160782e-02
1.402276981447860837e+00 3.528446248243365169e+00 -9.941890779067064088e-01 3.589412168349612742e-01
2.006156186278354348e+00 6.817729165677992142e+00 1.515851702599727124e+00 3.312214324965050416e-01
2.101023797795877002e+00 6.801435588537557919e+00 2.777592475857509680e+00 2.793450908827093127e-01
1.310739780932669074e+00 8.480796296297814507e+00 -1.636367246840555900e+00 2.542052806821292199e-01
1.817535483034047550e+00 7.657281998517170507e+00 3.617847139542389012e+00 1.994747049960728380e-01
1.767225261889140864e+00 6.410173655215474220e+00 -1.106737564563287979e+00 2.026204801711546100e-01
1.471099247856518355e+00 8.010460210653455704e+00 2.996637838123527242e+00 2.986876356050355286e-01
1.850728308358577268e+00 4.193236838860172178e+00 2.077533011987887424e+00 1.556799551653042513e-01
1.299910852772401704e+00 5.967241061173144345e+00 1.994625185396500910e+00 1.417442905523400298e-01
9.381451679639155605e-01 6.126165698489795197e+00 2.868247049560686435e+00 3.855492844492011684e-01
1.365052240645941328e+00 4.178901201305870394e+00 -9.264311613598296136e-01 2.768475800640367579e-01
1.000804548235429525e+00 3.774392128326464757e+00 2.755689614094887663e+00 1.872898319267633505e-01
2.181741492923412906e+00 3.633220067365511952e+00 2.765201351452159617e+00 9.950289277848851921e-02
2.728790671268451096e+00 9.566770300402124505e+00 2.567289038457465811e+00 3.545420734742677493e-01
2.471413940363672346e+00 3.461276987103218072e+00 3.440084729238716221e+00 1.509132660554694527e-01
1.438349014760450739e+00 1.087686229653574088e+01 6.578711972668696006e-01 1.530980010293924998e-01
7.073013625950516081e-01 9.424479485445850457e+00 9.892873277847418212e-01 7.746099822215447850e-02
1.241460943219192981e+00 4.208770359375275660e+00 1.882968332342235040e+00 4.545362683272552440e-01
1.255808792237979921e+00 5.518567879013295041e+00 -2.003101512597657008e-01 1.404239792338145554e-01
1.631416178878392520e+00 9.808395008207229537e+00 3.756037787836618680e+00 1.540129881458410233e-01
1.283477692047602980e+00 5.571184664890550309e+00 3.731656598760481058e-01 3.795812985746686574e-01
1.654204681924846376e+00 6.487751834520950389e+00 2.888549414889035383e+00 1.735631288585129384e-01
9.312981063092701239e-01 4.915816090556889506e+00 2.604286136110853800e+00 9.733489946017730154e-02
1.307815726692801661e+00 3.488827502894859656e+00 2.753867376541967893e+00 2.026640081970129958e-01
1.156854530683115723e+00 3.084872786096200858e+00 -1.559165559368283605e+00 4.122701875317845710e-01
2.264268812674426812e+00 6.237861035842073854e+00 3.296038964695887863e+00 1.486555977108356408e-01
1.008198342832332228e+00 5.793780176377493873e+00 -3.180146999181926448e-01 1.198646567023442661e-01
1.512877240357405118e+00 6.455198025908749138e+00 3.322143476766846071e+00 1.713114824277430781e-01
1.549061581312856539e+00 4.361929286261375438e+00 -8.204849742823356884e-01 1.756261262666168332e-01
1.550926858622428073e+00 4.335628471247810367e+00 -1.538082646709090895e+00 2.039536338273260363e-01
9.910860862676520444e-01 4.230265208501406526e+00 5.423170919223282427e-01 3.036483338548706112e-01
1.900130866588281009e+00 4.935435774592019875e+00 5.191430069746916232e-01 2.114714555331684009e-01
1.769316555291266857e+00 8.058502287126408703e+00 3.495068404384282790e+00 9.322446969153899698e-02
1.519442505379535735e+00 5.836067370726837567e+00 2.201209608033786402e+00 1.687483764711364409e-01
1.941840393515986918e+00 7.668506358766732589e+00 -6.801998824672554900e-01 9.187281151229556575e-02
1.939437327463247485e+00 4.035025944638854334e+00 2.678327141370926423e+00 5.724716221054543253e-02
2.173548280111984976e+00 3.767973663240217874e+00 2.041843812101084676e+00 1.011235774067228560e-01
4.915754492968109624e+00 1.047462698868219100e+01 2.554375020869259494e+00 5.411581956593106701e-01
1.758141364258587025e+00 5.929984022215182726e+00 -1.232338250776016331e+00 5.640169368251392312e-02
1.796398838966441591e+00 3.346109193099572110e+00 1.015157637173244920e+00 4.490244043611790747e-01
7.205009424335329093e-01 5.532549696567025777e+00 1.529053515773851180e+00 1.149009261069733889e-01
1.510070418339737541e+00 9.158158800112138564e+00 -1.450405902873345809e+00 1.602641796100957028e-01
1.377387194278321569e+00 5.233949080388001107e+00 -1.750477824520076497e+00 1.182703369314031666e-01
1.791326002304211684e+00 5.289551046130593015e+00 2.527292401360380136e+00 2.695754394746685545e-01
8.347395651902465019e-01 6.237657750034532711e+00 2.760881207136269833e+00 2.123650652587896481e-01
1.028907461642475818e+00 5.094204819726640743e+00 3.316833206620488639e+00 7.699795855987476290e-02
1.966678119208135955e+00 9.237676523403230533e+00 3.727933851867883508e+00 1.606493345824344388e-01
9.910399918971882771e-01 6.763678503585801138e+00 1.065272928393727225e+00 5.915674965525400536e-02
1.477113534083562607e+00 7.614688096539592443e+00 1.426349840470035435e+00 1.275840344441016849e-01
1.218777598799122064e+00 6.340336742470286779e+00 -1.379506654829394829e+00 2.170591040249922332e-01
1.996026966500745958e+00 8.917344805696192367e+00 3.281462119812869282e+00 7.278336486029729491e-02
1.856822738780646631e+00 6.983660423762041880e+00 3.444912472945543147e+00 1.625567776106520701e-01
2.586587146719764529e+00 4.532459885364557017e+00 2.945935854573359158e+00 1.703587204059195392e-01
1.517003902776896673e+00 4.320317078587761372e+00 1.239257682602483257e+00 1.001849750401743733e-01
2.090944446892848418e+00 5.969622518077571272e+00 2.322896318391823645e+00 1.570718741798991236e-01
1.231589076904444191e+00 5.825454536186207122e+00 6.196224942086927534e-01 2.023633755877709550e-01
2.968261092831329329e+00 5.648524771511654663e+00 -1.118804813191303316e+00 3.947905136512748214e-01
1.149895793877974359e+00 6.341321571574721538e+00 1.315125009638378417e+00 9.091324519350910127e-02
1.112440129296913049e+00 5.059749523119056569e+00 3.619669050098601737e+00 2.104445408290017416e-01
1.931384506512477062e+00 3.555715523554667357e+00 -2.941732522944069395e-01 4.195409967867853585e-01
1.492637426535912137e+00 4.952458604101176221e+00 -1.372815907173995598e+00 1.645110226382294205e-01
1.808047526191128851e+00 7.531604282259166894e+00 3.731041366872232867e+00 1.072312937899957547e-01
2.529022863907778973e+00 3.641402160613514294e+00 3.360553540457674515e+00 9.110178777146366036e-02
1.520110986104533213e+00 5.673635899202744248e+00 2.165464313709168920e+00 1.222507599728622774e-01
1.247000557297252232e+00 9.179505470168079384e+00 5.566255607376808801e-01 1.116373658887767073e-01
2.044677498900317136e+00 3.476494228827625932e+00 2.218955269626682103e+00 2.755949894746622664e-01
2.344390037540866167e+00 8.069783591385458976e+00 2.788376089563800342e+00 1.561660279106727445e-01
8.689863027516780969e-01 4.514649756001569259e+00 7.915460142827583923e-01 1.456708751979102767e-01
1.317956681186810863e+00 7.831463527332308772e+00 8.311904563782154254e-01 2.312758304496089767e-01
1.088139850743157888e+00 2.629326116446279116e+00 2.275768402773632459e+00 2.197606112539606527e-01
9.285997389645815892e-01 6.538284752394561750e+00 6.267648248580768300e-01 2.582746492182516618e-01
9.596474622882614769e-01 3.422866244992232687e+00 -9.893548042965308875e-01 1.497092407338718734e-01
8.194479853682983261e-01 7.859801719038215673e+00 1.869501927027947374e+00 3.442527576732907213e-01
8.532548432409697847e-01 6.096085283663288834e+00 -1.077224991529558418e+00 2.681797975027524483e-01
8.914117027600422238e-01 5.128035983858184821e+00 5.749490238263146313e-01 2.132157401632550076e-01
8.564386735189505329e-01 4.830248770412236325e+00 -1.455490119626833723e+00 2.717182449340662109e-01
1.552201971561416372e+00 8.159082405581477460e+00 3.067816358536955335e+00 2.126608663802164179e-01
1.849905552591098568e+00 4.141253973690941947e+00 3.203694483076161781e+00 5.380872710201145548e-02
2.138364633418455618e+00 4.913901812970801863e+00 1.717793338806112846e+00 1.288923322550332151e-01
1.204406985000959995e+00 3.910566448014433316e+00 2.709857373573011152e+00 2.296322003505060216e-01
1.804959491172899666e+00 9.296357086751324772e+00 2.317895969098047182e+00 2.006186992368742539e-01
9.428693410706748823e-01 3.992475345830344136e+00 2.800885115857176810e+00 1.809531626336069732e-01
2.052114581759706624e+00 5.145239038141074417e+00 2.281617400784949456e+00 2.025779034950886404e-01
1.383688196911595947e+00 3.164669909782298785e+00 1.720086847732579471e+00 1.926727067156890905e-01
2.159112040267789023e+00 8.207842584107970296e+00 4.252668054349080684e+00 1.079951159882100442e-01
7.914611431433865585e-01 7.202129587630026641e+00 2.272895494585868814e+00 2.987714179927612457e-01
1.607225299106022964e+00 3.573805433085809558e+00 3.380771059635291564e+00 3.824234303554568948e-01
1.676479880621985830e+00 6.451431739405972365e+00 2.155474529367315650e+00 1.097282012876493462e-01
1.112275097843088201e+00 5.444903533014049835e+00 2.145782550326027049e+00 1.261997037088285478e-01
1.496601990204110111e+00 6.328335586228014620e+00 1.566884203616494275e-01 2.560634227478635339e-01
1.151457531499942011e+00 5.760388654719966972e+00 -6.094836376604169104e-01 1.780019338095102377e-01
1.742242333234991225e+00 8.045244234991262289e+00 3.301599158713115933e+00 2.537267380904633662e-01
1.681078788684437830e+00 5.247438007888388434e+00 1.004689633620288847e+00 4.697295327304307766e-01
9.973562661774704186e-01 7.977436397951972680e+00 2.842969123812518095e+00 1.550515620899349800e-01
1.967244952103131217e+00 1.675996158893761390e+01 1.858604137373700560e+00 1.663503995843786942e-01
1.617908676256277989e+00 4.800263663980739892e+00 5.522766921579274069e-01 2.137340966900316552e-01
1.707153654720529268e+00 4.828551020667760874e+00 -7.760569762821354356e-01 8.219458466182380518e-02
5.187001441991682116e-01 1.019453111323779382e+01 -1.095537804236962620e-01 6.532824999240435804e-02
1.158696929718529223e+00 7.669949259058839175e+00 8.248943628786024052e-01 1.920694890899642682e-01
1.555170772857982886e+00 8.402434505197597048e+00 3.058339006573380203e+00 5.882343673979328197e-02
2.069284580026560239e+00 7.138804444386497750e+00 -2.517261146061507415e-01 2.409216615209634482e-01
1.950259420707032287e+00 4.085585284951460672e+00 -9.847935843755715180e-01 1.291302555939294883e-01
1.842627841185971116e+00 4.294104708394359982e+00 1.737555791883977907e+00 1.015078378155959693e-01
1.551561281329112862e+00 4.309527340901181169e+00 1.297601349610118415e+00 1.988446862135998527e-01
1.414833380437246158e+00 5.696293555655953078e+00 1.781937206976681232e+00 1.655593549884059323e-01
1.064458445947366716e+00 6.868697512367209157e+00 8.313896536622777944e-01 2.578756738232024781e-01
1.477453301692010612e+00 7.953895291009443369e+00 1.027623227906913517e+00 1.884838929292695364e-01
1.348337396101169317e+00 4.768603659856105459e+00 2.154551957706715815e+00 1.454255138005601522e-01
9.979077587246542036e-01 9.679697492781144774e+00 2.556582098925454627e+00 5.604184127613407451e-01
1.450270837995791151e+00 9.486429258872647097e+00 -7.230849735052560234e-01 1.575193695849186892e-01
1.285014281642689493e+00 6.285123431368792701e+00 6.030275681839603052e-01 2.894899708822040174e-01
1.037248265897521060e+00 4.559392238948002607e+00 2.884324969753149226e+00 1.142456218801433943e-01
1.392182577672026245e+00 5.378223843133058679e+00 2.363081865391735370e+00 1.375497995902643378e-01
2.787712195954479277e+00 4.278671368238586403e+00 3.519998248081579018e+00 2.872303795327473264e-01
2.581412958935173751e+00 6.300362339816579116e+00 2.760559153434198887e+00 1.992323581219173911e-01
1.308685232490551131e+00 6.506919964448326432e+00 1.159147102278058616e+00 1.862296141780947489e-01
1.948184848421446791e+00 7.002721360070947476e+00 3.354155788044283604e+00 3.214287124973681520e-01
1.674190086610200634e+00 4.329598356447437624e+00 -1.503590105502437657e+00 7.856774056048639876e-01
2.624424194145721145e+00 7.028330028002002905e+00 3.623802642492537807e+00 1.428055107750895725e-01
1.375138328401817267e+00 3.139733810754582688e+00 9.044889200831462972e-02 2.906720981614367705e-02
1.508839177082572203e+00 4.467758027545456478e+00 3.407539138523908218e+00 1.997882278134365808e-01
8.683639576307895513e-01 1.312595758625448994e+01 4.739772685021520493e-01 4.079655211078885291e-01
1.983066732847227343e+00 3.700856558044169908e+00 -4.199183771775349960e-02 1.829836039974742090e-01
1.964835136898738455e+00 6.619293162267234187e+00 2.476653738332566412e+00 3.173623425096436801e-01
9.265429395577629013e-01 4.016181921120817400e+00 2.984643879945615197e+00 2.546057725603441124e-01
3.438759281692106651e+00 7.638480823029444977e+00 -9.439023291820334283e-01 2.714115346333019207e-01
1.202713947308996278e+00 5.644515956148566715e+00 -5.451785725883233624e-01 2.433839315921493274e-01
1.268354291132831158e+00 3.780980943392052929e+00 2.214746789108601011e+00 4.367633215007923342e-01
7.700701771595953593e-01 5.282409207548329988e+00 2.058617068249155579e+00 1.205468376159519323e-01
1.927811420335271420e+00 5.485973487923511804e+00 1.101244694133473256e+00 2.533244668094281615e-01
1.286428285429112695e+00 4.300278891882825860e+00 3.981001826241604480e+00 1.589820343925909818e-01
8.179498781216879566e-01 2.390533565231057089e+00 2.974046873185400841e+00 1.551027911490809041e-01
2.372936551660924209e+00 3.104934749249093517e+00 1.067989099583237067e+00 2.380575283173592682e-01
1.285453953778527669e+00 6.315834736888341183e+00 1.471433515012129822e+00 1.250138782055043862e-01
1.220496188780709534e+00 1.064839363557821628e+01 -7.826695086016375313e-01 9.062875131357889247e-02
2.101539645409179258e+00 3.609584068152667857e+00 3.081106361003145722e+00 1.611991138248376476e-01
2.228667161428978361e+00 6.007528011901312581e+00 2.949107518345775780e+00 2.066282044676387986e-01
1.329035356240668042e+00 5.193511132722045787e+00 2.723809781574010103e+00 1.542447600488572046e-01
1.101980109342114433e+00 5.265120636927822062e+00 3.600674990092279870e+00 1.741738255764082588e-01
2.006492696273990184e+00 1.066474701488903776e+01 8.329741821504058619e-01 2.270659749169040009e-01
1.859054280953628124e+00 7.951896211261171743e+00 -1.171136024571673706e-01 1.086177930699787630e-01
1.305727067722994406e+00 7.304867824833049639e+00 3.205482102634407138e+00 1.456249813150924666e-01
2.477148997938406261e+00 2.809228475846748285e+00 1.629647530149130219e+00 1.870699948768533849e-01
1.900380067374081605e+00 3.237120619744476180e+00 -1.942684018490231868e+00 1.654719551593788474e-01
2.617846973209328354e+00 6.488221711736362529e+00 3.659063807200996887e+00 1.253706913649642318e-01
1.499268246433777207e+00 5.139899619396119057e+00 -1.150023676067037037e+00 2.220818940918037332e-01
1.335383945614060597e+00 6.090387351853608244e+00 -1.620846323547340262e-01 1.114537650520607548e-01
2.775715000496572493e+00 6.266016270731952886e+00 8.735041835423708045e-01 2.573100440281312906e-01
1.152964149892558465e+00 5.501149503694241716e+00 3.199069297908791576e+00 1.987194745582753774e-01
9.387103251711791385e-01 8.761441936808950004e+00 4.613013963089158120e-01 1.535227857543730590e-01
3.859495403721343365e+00 5.173693042430032030e+00 -1.981120035242736277e+00 2.295752100211027602e-01
1.746658702879280600e+00 6.559248027223334887e+00 -1.194177712490301080e-01 8.690214929516532072e-02
3.011301668675673948e+00 4.415135554328196932e+00 4.421751700110359451e+00 3.532055788749987046e-01
1.252567190002620956e+00 5.790407552468417762e+00 3.016637465910158244e+00 2.209482884131879488e-01
6.877526384253892511e-01 4.428451846665252489e+00 -3.410773731433336398e-01 1.919541459222828539e-01
4.033036614839851097e-01 4.600427680947738018e+00 -8.012310731067372460e-01 4.984936841724862955e-01
1.868728439600384705e+00 4.485226417908465102e+00 1.347048551051039267e+00 2.103690555090325098e-01
2.222682372621901159e+00 5.742722341365175787e+00 3.607159353882186892e+00 2.246236583862976643e-01
1.235598667119959693e+00 6.956828597965371230e+00 3.350361240006689556e+00 1.066285947913997306e-01
1.517517076031859702e+00 3.289649380223719000e+00 2.767895695699279512e-02 3.745688845100958453e-01
1.543225395622272789e+00 7.120941946749033136e+00 2.810999895257591419e+00 1.106612782236154752e-01
2.689576562390540992e+00 3.436021152996610262e+00 1.740669431145630330e+00 3.026116325606966195e-01
5.186682662228998542e-01 4.581855975626453414e+00 -2.014621633314941374e-01 1.239866917190730194e-01
4.418406912899445871e+00 8.895445377201156134e+00 -1.421096873363052682e+00 1.324166766502358206e-01
1.213783140162875362e+00 5.250197439409261868e+00 1.898630253536774948e+00 1.112309751821392440e-01
1.495592788925595329e+00 3.256502267764322500e+00 -9.805995637739550741e-01 1.914169955817330848e-01
1.732955331247720387e+00 4.498307890692296418e+00 -4.425339201279574475e-01 3.089820056675794402e-01
7.666148998088747613e-01 2.990674616494022331e+00 2.870635557168298213e+00 1.627251461979583036e-01
1.800559580611413635e+00 2.983670393157018541e+00 -5.740152002777154649e-01 7.338691615656701972e-02
2.071178957129835574e+00 3.896147313174834981e+00 4.856395402942075279e-01 2.035345756810688078e-01
1.902367562151703551e+00 4.821812332189971073e+00 2.463054117037013935e+00 3.122989456999041846e-01
2.286867033152004680e+00 4.093240318071175388e+00 2.540082869617486860e+00 3.632626923251507933e-01
2.125017241190543693e+00 2.639001140068576667e+00 3.825096404051129273e+00 8.973987695098155359e-02
1.660646758929541500e+00 6.162103276601477830e+00 2.305001552728985992e+00 2.230929997390035391e-01
2.147161089880349039e+00 2.935733691372759413e+00 1.627721350377901999e+00 3.602823510141822672e-01
2.599890686864826606e+00 5.214149304339640523e+00 -7.394993106376195335e-01 1.137269661227146289e-01
2.657548218462201906e+00 4.859888100686164059e+00 3.912471837273621578e+00 1.925388141912630080e-01
1.162601823497220854e+00 4.358712826519935746e+00 -7.203795262241825537e-01 1.597832066223401071e-01
3.654731216280244332e+00 4.198341751773386754e+00 3.070289425400908989e+00 2.108267168031969785e-01
1.165118636167750132e+00 8.501753669211812081e+00 2.706008038323659992e+00 2.020602450283833784e-01
1.178156573984016298e+00 6.119655529113058989e+00 4.873370382301280834e-01 1.622767155683133011e-01
2.242909174804256889e+00 7.896103301188513335e+00 1.605569396378481617e+00 1.219144566159534593e-01
1.017763533960925670e+00 4.279420015343041506e+00 -1.002912433631035993e+00 1.100390345069813675e-01
1.472786289159945916e+00 2.875244405583524454e+00 3.904424597272664776e+00 1.826263725467308641e-01
1.861745697717916759e+00 4.234514459876627335e+00 2.900799411610754941e-02 4.157905798243407003e-01
1.847017169938867776e+00 4.878353593119192588e+00 2.709360712562979057e+00 9.042323803182310271e-02
2.385071293752455635e+00 1.036736061174144119e+01 1.415389942491461106e+00 1.552568580468293991e-01
9.742828467489317301e-01 2.995148060069607876e+00 -3.594439242014483282e-01 2.257722964111132657e-01
1.072397218227951754e+00 3.746544339039886040e+00 2.864169659917468636e+00 5.645317645279680774e-02
1.396167181319328154e+00 7.976265804166341233e+00 3.750662540177403415e+00 2.524184112979312999e-01
1.366584094459688981e+00 7.667727950254843883e+00 3.880362132745152071e-02 1.610061721427218095e-01
2.535170645263032263e+00 9.904096497964824053e+00 1.447323351570572125e+00 1.032128119892136431e-01
3.195267745213189681e+00 4.671572716601786190e+00 -2.506276731580758810e-01 1.201697188262828009e-01
6.776001956358583822e-01 5.979437319351004199e+00 1.445165740706479129e-02 5.889628289218142021e-02
3.061457194483637956e+00 2.966377392567375981e+00 -1.376533319225053953e+00 1.650144197334915408e-01
1.411879892799820624e+00 4.879452166265746627e+00 -1.801742363130096169e+00 1.384470181226665209e-01
1.541322746656045961e+00 6.360955149204751358e+00 -3.596583700470930012e-01 2.101645341219426366e-01
1.297887788024564948e+00 8.438619999748230072e+00 -1.867660391829291333e+00 6.184825125089655345e-02
2.465246414731455449e+00 4.496435581486194266e+00 1.116697818181123125e+00 3.616091183854491797e-01
1.297394632096044553e+00 5.418815068751398734e+00 3.581703071139554329e+00 3.183180564604979890e-01
1.082604350287303507e+00 4.791855345715326564e+00 1.424980159038565786e+00 2.492825177999777875e-01
1.899899608152988639e+00 4.674855852118077415e+00 -1.152730846342442828e+00 2.157489671210938154e-01
1.031096307779873600e+00 6.154424524613579806e+00 9.527247518182384578e-01 2.310334312928958023e-01
7.231571979305995157e-01 5.293133933242074818e+00 -1.402249257991680320e+00 1.459194312010806960e-01
2.186441395656136599e+00 6.205824382824276952e+00 1.367976792260810814e+00 1.731654745108502924e-01
2.386181885695742633e+00 4.428881289681807054e+00 2.105543522940837242e+00 1.741371931391224592e-01
8.242833282100729964e-01 5.289313235488996234e+00 1.300807742759576113e+00 3.328179106670693388e-01
2.664406692172373248e+00 1.001059337016958573e+01 3.134274794458620228e-01 2.777255218070557863e-01
1.792206231890439039e+00 1.043638959161414270e+01 1.244458785047399374e+00 4.248819796836902918e-01
1.778965447747332673e+00 7.240503768675957019e+00 1.491037148492440956e+00 8.908085505591688269e-02
2.067538331510291094e+00 5.549012267094311390e+00 1.200363271307110846e+00 1.319840899523928301e-01
1.545747173075576075e+00 2.828210344434660239e+00 1.572649628949639444e+00 2.241361930821644810e-01
1.898052265154920981e+00 3.264297546824599383e+00 -1.408929315702508234e+00 7.528729786335831842e-02
1.103495528573651852e+00 5.965984630517686682e+00 2.829724699317494263e+00 2.664501993862586904e-01
2.095013767016771666e+00 1.043760975286896375e+01 1.716003372875335442e+00 1.622945067271032160e-01
1.653080331655376822e+00 5.481118294781269995e+00 1.404481046381695020e+00 1.657119029538419996e-01
2.554685899188865683e+00 3.938849179134616296e+00 -1.215778623434418115e-01 4.423944547637533309e-01
2.589120881379803674e+00 3.270404737786262395e+00 -3.964082668137780541e-01 5.871048687345450379e-01
1.506781853985081465e+00 5.587135899021848928e+00 -4.449593881394997563e-02 6.606639174916893731e-02
1.018863042980333589e+00 6.156665844696087575e+00 1.467303381812185448e+00 1.179880374322987424e-01
1.813831012968113221e+00 7.989688723913013213e+00 2.283288809004146991e-02 1.569121232321619153e-01
1.159224303779254672e+00 3.653911125385944647e+00 -1.428319360014439932e+00 4.456900267376291969e-01
1.765683021350278992e+00 4.775175325433174578e+00 9.049300001848996633e-01 2.551334076550026975e-01
1.429997404350617840e+00 4.280952397126857711e+00 -1.140965538986530525e+00 1.187809207885571899e-01
2.336457205514266278e+00 7.152024294853050357e+00 2.451870700117756208e+00 3.332308726463649173e-01
2.109065526723416184e+00 7.760166066202198287e+00 3.964621588784307260e+00 1.787463213980791110e-01
1.381907902834547119e+00 4.997381163694400996e+00 6.651819684283757361e-01 2.851317893895866096e-01
1.812646426441826275e+00 5.215419512097327015e+00 -8.253460940294020665e-01 2.207730168117058023e-01
2.149376928926175268e+00 6.124821025464465052e+00 1.248246408565798049e+00 4.444062404772523844e-02
1.380793049749972745e+00 5.737440263683123653e+00 1.927489362269331430e+00 1.031161127607842509e-01
9.742828467489317301e-01 2.995148060069607876e+00 -3.594439242014483282e-01 2.257722964111132657e-01
1.560010115220210603e+00 3.638949398407028912e+00 1.480478172315049967e+00 2.092628944425490856e-01
1.577276214557525646e+00 3.825445893582859025e+00 3.363434622914570404e+00 1.800682001056874981e-01
7.559461693012100580e-01 4.156269410729058755e+00 -1.432529710461953876e+00 2.086487961061065377e-01
1.386729873053609063e+00 7.585063708072235400e+00 2.899322062634194230e-01 5.984583601850819168e-01
1.276117974093297525e+00 3.435818176976639382e+00 3.159671705365516559e+00 1.527205455769488907e-01
2.105571813285285199e+00 4.584649336383938234e+00 -1.218060846050673440e+00 3.196420502049811541e-01
6.598676835377470518e-01 4.997752664388507071e+00 1.832651517505347938e+00 7.275380128162498017e-02
7.737127271224544245e-01 3.060747297721151394e+00 -1.144107569465033336e+00 1.794071281645969740e-01
1.349217246883765986e+00 3.766863787622467541e+00 7.762779376265968034e-01 1.399348164545284046e-01
2.011099986618666957e+00 4.174784732509484897e+00 2.739949434987170918e+00 1.438399351247250380e-01
1.374811148668854122e+00 2.797084318942169467e+00 9.310768254564075752e-01 6.898444503315359633e-02
9.117562322520784690e-01 5.054274427071203668e+00 1.165843288597430805e+00 6.998971939413781151e-02
1.905808814351662273e+00 5.855459698665884005e+00 3.578762827476188679e+00 2.739856438824432305e-01
8.117066895052653663e-01 2.521502814614243082e+00 2.209233590088610200e+00 1.437600680200668835e-01
1.729981459698691992e+00 6.483937451196710278e+00 -3.390516273483604737e-01 1.768873533629778116e-01
8.521724221733654181e-01 4.642467942982934304e+00 -6.403367321747095442e-01 1.544477904533264889e-01
1.438354267935779696e+00 4.151414887557471012e+00 3.208713132297115855e+00 7.307491101872631845e-02
1.970565423489134993e+00 8.505607347546588315e+00 -6.705623380603120687e-01 2.294088719567736190e-01
1.103391487077933109e+00 2.604782924448615589e+00 -3.325558619900603752e-01 2.877516131956123213e-01
2.306167245572618540e+00 7.767875155829127465e+00 -1.651726565266693481e-01 2.490720003254094372e-01
1.136017332909216471e+00 5.164086363061351825e+00 -1.654220555849326146e+00 6.258955306562305476e-02
3.021515854832195203e+00 4.209123097166212801e+00 1.288933758841579458e+00 3.593076477470421581e-01
2.029207237040722145e+00 8.617781947143800636e+00 2.449444365693744796e-01 1.828270237600465031e-01
1.423749914367979041e+00 6.804383448574784943e+00 1.563469244151216575e+00 1.983758461702319897e-01
1.065413759283755812e+00 4.662385258653666043e+00 1.580661699419518174e+00 3.596772291779324338e-01
1.674042984661410660e+00 4.273081165634097012e+00 -1.320210617206456494e+00 1.954594797676560414e-01
1.609980797444360734e+00 9.306496294973921835e+00 3.321989260227215635e+00 1.427208116752673173e-01
1.185442705677109743e+00 2.482585351472248014e+00 2.641657430826776398e+00 1.429391759103875448e-01
1.336564201428426912e+00 5.914280813125148306e+00 8.630257367628251242e-01 1.891129878729975733e-01
3.642047422374516952e+00 4.052919428905495280e+00 2.846279869671711094e+00 1.673039485405056759e-01
1.783933087405920492e+00 4.370394415057242909e+00 1.448689830868708839e+00 2.204503772000248607e-01
3.561243091453470733e+00 4.976643276714664665e+00 5.239950134077963062e-01 2.241618830340931234e-01
2.533149903508175704e+00 3.893677724131237472e+00 3.314628219467330439e+00 9.738230555013953349e-02
1.898972941672352199e+00 6.945969423282380539e+00 3.259619066151211442e+00 2.010147994946724914e-01
1.748460481764670948e+00 5.112305606503873001e+00 3.639462599988823932e+00 1.411164626060359972e-01
9.892384759207112355e-01 5.436011338332454201e+00 1.700039122300131655e+00 1.976855328875002926e-01
1.521753570952884438e+00 3.601033536659933532e+00 -1.651266268950035254e+00 1.212214696602134240e-01
2.076744506665622048e+00 4.473750850481462926e+00 -3.997350705596219300e-01 1.681698297053230151e-01
1.473954822772224338e+00 2.869441582653339040e+00 -1.279026071205908943e+00 1.096797285839187092e-01
1.341005826067533935e+00 5.012084029666418417e+00 3.593527724194716111e+00 1.887408477187534073e-01
1.278892381036389914e+00 4.985633825490738857e+00 5.679260192495577675e-01 1.518855335162303255e-01
1.061553302476938798e+00 4.798805381702261563e+00 -2.781222418896429627e-01 1.502444377223187688e-01
2.289255757788914991e+00 5.513425637201773810e+00 3.365469924050490391e+00 1.587642991077156118e-01
2.042103991568180454e+00 7.356931001580719887e+00 2.125089069861458402e+00 3.974779674988803135e-01
2.236697095647463662e+00 5.951920375079581937e+00 8.275058496717886403e-01 3.816624376792911999e-01
1.004678173955189546e+00 5.999187241619062583e+00 -6.688896545018947482e-01 1.077898652459534506e-01
1.701915698832229040e+00 6.261117773784700802e+00 3.710249893171451596e+00 1.933519615640760247e-01
1.745280421487797273e+00 7.119451161950753892e+00 -7.338830777775592340e-01 4.153262703012351731e-02
1.610040577543168760e+00 6.956639500386570418e+00 1.103565100952303757e+00 1.971204704755586956e-01
1.778359420822338777e+00 4.280206622559161289e+00 -1.171319590290855084e+00 6.783359557271814722e-02
1.953432180619149472e+00 4.919238760066029670e+00 -6.628418651192897748e-01 1.928749466067986584e-01
5.680482955029593217e-01 3.858036063253743819e+00 -1.543089205693088051e+00 4.636257925343001407e-02
1.684537655024967107e+00 5.574732606229268583e+00 3.900395538876466617e-02 5.857990900264123391e-02
1.904424962659725384e+00 1.148377871377994630e+01 2.078818958206259948e-01 1.545942312167739585e-01
1.107794087815671347e+00 9.803354109554732077e+00 -6.658679587293940827e-01 2.209195844364015282e-01
5.022272496294153399e-01 3.532958651801477501e+00 3.051635647841394849e+00 3.481806845587373522e-01
2.052352190620296390e+00 5.256339770624593122e+00 1.959332484017749287e+00 2.415800134858214210e-01
1.934524463344659662e+00 6.565110972719435445e+00 -2.136270683729167841e-01 4.199008287546232010e-01
9.171810119738743605e-01 6.871284633735184499e+00 -1.732241888980217137e+00 6.059955883043202651e-02
1.149416886306931396e+00 3.643286937395801228e+00 2.489938326752982878e+00 2.496595569303503015e-01
5.548068350514274716e-01 1.481963219361197126e+01 4.258727379793669776e-02 2.460478644806528281e-01
1.110464435812402062e+00 1.212629734988010632e+01 -1.300806165415382409e+00 2.555893076823014809e-01
1.132318582683933705e+00 3.957338141048817537e+00 -8.440416108941806161e-01 2.980925972191076911e-01
1.420084126578645911e+00 7.892488688565620691e+00 1.722614541379537956e-01 1.498577611740972704e-01
1.651339879766074548e+00 3.930507499041007158e+00 3.089338611686419434e+00 2.650417438340125220e-01
8.488349070402223528e-01 1.031925113300118468e+01 2.091648214358934776e+00 3.842662234028327850e-01
2.132657791228863342e+00 3.696801905517812514e+00 1.635581970864830703e+00 1.361931297001219565e-01
1.498566831492572415e+00 5.300009015761174780e+00 7.510013587142752578e-02 3.387444275934615723e-01
6.216150557085710071e-01 3.561222237110947653e+00 -1.513003857657416962e+00 1.027682787649572410e-01
7.867451979431488995e-01 1.212368703767365119e+01 -1.978352642733803624e+00 2.957626701797681501e-01
2.053660546887087435e+00 7.690691841805393558e+00 2.405833516381223891e+00 7.926280802871440989e-02
1.803570377930677093e+00 4.444239894262618229e+00 5.744556025952003431e-01 1.868004782317053691e-01
1.635190009967700142e+00 8.005283639572908783e+00 1.872088366939751447e+00 2.968237323833032848e-01
1.012389229003568092e+00 9.015588015484652828e+00 1.375004559909951407e+00 8.914674644831437067e-02
1.448011655385989194e+00 6.361580478569018204e+00 -7.570385173095011133e-01 1.322427439047119679e-01
2.120081881994222872e+00 5.927104502761707749e+00 3.776110884364614950e+00 2.339125475031897938e-01
7.022740776686231534e-01 1.503472281648575404e+01 -1.315918705917150655e+00 2.163273453112238009e-01
1.740528453345754789e+00 4.979742366174416013e+00 -1.507442903701023962e+00 2.569796591152401777e-01
1.701265353796757251e+00 8.289080546663212701e+00 2.611163352150996708e+00 1.803577870698132857e-01
2.117889375160601606e+00 8.211161858234746092e+00 -7.411974195768058493e-01 2.661043906587382546e-01
1.518223640648805439e+00 6.901578865408981578e+00 3.262795244068541045e+00 1.735367305265121673e-01
1.880701685389926991e+00 9.407261067058664494e+00 6.327499046672596661e-01 2.322888500288012581e-01
5.270458768311117037e-01 2.625853416703789023e+00 -1.913028874842806593e+00 2.412885164920725023e-02
6.903669007956911852e-01 5.258349459803104864e+00 -8.096089567718984803e-01 4.060574423067645489e-01
1.554714361268850098e+00 4.619245119958311108e+00 3.614413649817317165e+00 2.981371368595346905e-01
7.230101986133509184e-01 3.795537071414992969e+00 -1.615494887430418025e+00 2.272605228070319894e-01
1.921622334415450384e+00 3.987649212880237215e+00 2.938062648778959063e-01 1.182527509446266306e-01
2.873743469642038750e+00 7.183942827617633142e+00 1.151849196097477490e-01 9.045670945838374388e-02
2.487404381416975063e+00 5.093095419203231167e+00 -1.520857971434842915e+00 2.864031392850601154e-01
1.194598832530904930e+00 6.378442290011119731e+00 2.283373345472069271e+00 5.354089599642714026e-02
9.118471142268924634e-01 6.902800761635265125e+00 3.232047659644411430e-01 2.675878227957926292e-01
1.939882235664469379e+00 4.207938463194431655e+00 1.049442616573921461e+00 3.334735106470481658e-01
1.511648363353090607e+00 5.793796997215120648e+00 3.129646493159845999e+00 4.060649940775105105e-01
1.341080269452927798e+00 2.934029019336071631e+00 1.486018927241650855e+00 1.008735963485725140e-01
1.787822626537266313e+00 6.867234509900131734e+00 3.313763430313585889e+00 7.894549710534046194e-02
1.486022039344680579e+00 4.318117914027845394e+00 2.130624290613806426e+00 7.319554220310614534e-02
2.420604102057110740e+00 3.211751067053086217e+00 3.445272418789105284e+00 1.284084008828355050e-01
1.165514798325461898e+00 5.233089242617923631e+00 4.068367320195843462e+00 3.942625683456675301e-01
1.770311746229739081e+00 6.577773599859295217e+00 1.668567930759277784e+00 1.768520141790483891e-01
2.236390323168439664e+00 5.233466213503043640e+00 4.041759208670436365e+00 2.706521457745600934e-01
1.522423524905126335e+00 7.329223661766328668e+00 -1.629919474168512794e+00 4.604220462575833728e-01
2.247027648147874146e+00 6.374972482130154106e+00 8.440245443228681088e-01 4.787063469461410453e-02
1.620739251086642518e+00 3.018535755103804785e+00 -5.892677553567724491e-01 8.878327696375662437e-02
1.618053913557443657e+00 4.357380493958693535e+00 1.185160700992017591e-02 9.826511291267005233e-02
2.171238797282442068e+00 8.845557371794068757e+00 8.123752374610978544e-01 3.204814906534866337e-01
1.246588004403210270e+00 4.574138963552199399e+00 2.911956554468971170e+00 2.544757256945371915e-01
5.649824928728877094e-01 5.639017472453689450e+00 -9.223516662272601696e-02 1.210296019117741845e-01
9.219739383123450871e-01 8.779417221196617049e+00 -1.138816266670263477e+00 2.959059948642623894e-01
1.733402582229872424e+00 3.094650140559812357e+00 3.082847836253534979e+00 4.126377716628217285e-01
8.536948779397043330e-01 7.222933603209929387e+00 -1.635748170463418250e+00 2.856101999028496374e-01
1.915338891348544292e+00 4.851252648650574706e+00 2.019196394244063164e+00 1.954572312784289556e-01
2.313195547522557849e+00 4.620591712468616663e+00 1.795371415484812161e-01 2.700907964933718652e-01
2.977070283986293475e+00 4.823076848781605364e+00 -4.708915886463094225e-02 1.290353176176524119e-01
1.762638780144376138e+00 5.724141985619788819e+00 3.242404455719968936e+00 1.887940163009001471e-01
1.027765030092793186e+00 1.076626194949445292e+01 -1.198839994667330267e+00 5.860300989084410439e-01
1.937065966705409981e+00 6.065703254275528700e+00 -6.877159351200299309e-01 3.167652501129976095e-01
9.436428210253635651e-01 9.540235434462836395e+00 -1.071444390344956865e+00 1.899456707239408626e-01
1.279028825939789060e+00 3.338168031390919666e+00 1.800650120224173811e+00 2.610416800677390348e-01
2.785829493797635781e+00 3.354814595146329737e+00 3.989304505972250947e+00 7.321373126586115665e-02
6.839895722564861558e-01 7.179812425035845713e+00 2.933843250626977373e+00 5.959321519640668752e-02
1.682311680357631012e+00 2.511957636438746810e+00 2.914530229367412240e+00 1.193028975056116686e-01
8.779133376073968709e-01 4.789042721957175175e+00 -7.521907472219024893e-01 3.434695801166517404e-01
2.405467254075952521e+00 6.679261960581220237e+00 2.849350536423935765e+00 3.678108927956292851e-01
1.332539593606942185e+00 5.443244054680519639e+00 1.846530284814900780e+00 1.567575395261458227e-01
1.464493272082058040e+00 3.804132046569280945e+00 4.041081931440595909e+00 4.110612915746886253e-01
1.659915119322967758e+00 6.122301887235670037e+00 3.625840193993744021e-01 3.015892818984176188e-02
1.796398838966441591e+00 3.346109193099572110e+00 1.015157637173244920e+00 4.490244043611790747e-01
2.249775905571315349e+00 9.613384476521130040e+00 -1.660270680688666012e+00 2.727260907450412275e-01
1.991294554074480416e+00 4.279781472918201324e+00 -9.418672037723556378e-02 1.678100425856321742e-01
1.686434392372954338e+00 5.568780281708213487e+00 -7.748129233311173980e-01 1.677222454941622032e-01
8.627643175290458100e-01 5.096767074621432414e+00 -1.420802965776456928e+00 7.441588807615867607e-02
1.442224515643824700e+00 7.773868393463666315e+00 3.192927213530253328e-01 8.930062115785242227e-02
1.565945215819998459e+00 3.567610391985841289e+00 -6.807183122808400100e-01 2.458071814626850426e-01
5.167767389181541215e-01 3.858928663571381090e+00 1.268021308813985559e+00 1.842501100269072767e-01
1.926632352737691845e+00 5.295097782833007471e+00 2.177221573833192370e+00 4.151616386372882217e-01
2.784037759193539241e+00 4.534167238185311533e+00 4.574112536707683474e-01 3.434853046175196378e-01
2.459731356379916356e+00 3.116543771618604630e+00 7.195239633072935126e-01 2.186776420690361711e-01
1.360343385742166289e+00 6.206916956480642789e+00 1.966884170871006976e+00 1.406238979711787740e-01
2.729325643473197172e+00 3.094520757901177088e+00 1.093913335470500847e+00 3.153804094127973801e-01
1.927789494849057483e+00 6.544700623182558630e+00 -1.472844283715318392e+00 2.429101832193986121e-02
1.066795625857176244e+00 6.293194208624053765e+00 -1.290204556078146325e+00 6.683801034426396781e-02
2.128784999517686849e+00 2.875646248823724882e+00 8.598880018311753082e-01 4.787699986253404205e-01
1.634693002875107437e+00 6.041571839923900455e+00 2.864614752483015003e+00 1.403557923615852410e-01
9.697480290329554276e-01 4.536352208594276014e+00 1.240145476448534456e+00 5.031820634931498670e-01
1.790907529207909077e+00 7.519275395822851316e+00 4.908382600088770920e-01 2.849261121997339608e-01
2.275586655826671745e+00 7.351722939619788733e+00 2.870446513363758001e-01 2.902017380045562311e-01
1.746338626241762615e+00 5.216853864863971069e+00 2.559773237350801089e+00 1.746651143009879670e-01
1.822658728588698152e+00 6.057518865975033862e+00 2.053071492209018079e+00 2.015703822971654235e-01
2.138685872600367244e+00 4.085651908179272596e+00 -1.723381997814564803e+00 1.936207474571691178e-01
1.211623880346202498e+00 4.848279601610844480e+00 2.152904979018512854e+00 3.966058671655592338e-01
1.388425638121626671e+00 4.255301396596658847e+00 2.079931831453057711e+00 1.442704271561078833e-01
2.039436003107926165e+00 6.586252102536837683e+00 8.010715490598131483e-01 6.974225331106336245e-01
2.162317664840610387e+00 2.891085184310543177e+00 -1.409581023300078950e+00 1.822055698600542062e-01
1.716051931012053444e+00 6.058582082489472498e+00 3.734219824670101939e-01 2.110013902253376483e-01
1.986168578650468142e+00 5.036653635564899645e+00 3.060344498796376378e+00 1.028742578546664871e-01
1.778300294873425225e+00 7.382967708522356176e+00 1.713108606818475987e+00 3.219520821772134944e-01
1.247968150108063057e+00 8.120508528324833719e+00 1.328912811597338095e-01 2.572491197487841164e-01
2.300941338627466415e+00 6.363084901457976450e+00 -1.172498224722212656e+00 2.205233463374888236e-01
1.542267806539971531e+00 3.708624391564993683e+00 4.431765538582768671e-01 2.932278277862999105e-01
1.463828498109660980e+00 6.628755589835002127e+00 6.209741952225154016e-01 3.063341563635612053e-01
2.196971922705178049e+00 6.587270638736087314e+00 3.785064803013543866e+00 6.630101380645100906e-02
3.204364671180525370e+00 4.415627218612581117e+00 2.479012644306812785e+00 1.870373164198260996e-01
1.599646265878497786e+00 6.412074956468652331e+00 -9.333770445414074635e-01 1.948969538822263869e-01
2.467152300195887715e+00 6.302872626177864923e+00 6.300231499032316052e-02 3.526870168135722294e-01
1.285380359432529707e+00 5.043107489167574009e+00 -7.453599263559520516e-01 2.162828800386104589e-01
1.550700594229834861e+00 4.226862662302127482e+00 1.333146858978807581e+00 2.651957182057282369e-01
2.182722780630536707e+00 7.763887147361713481e+00 3.856762317827978848e+00 1.628091167996516264e-01
2.854226119958671148e+00 4.160944845244011425e+00 3.363793343827227833e+00 1.324100415628893246e-01
3.260839880645604705e+00 2.344892854735101118e+00 3.506754370633902163e+00 9.863160778233259762e-02
2.242486378599419350e+00 4.941435327254587229e+00 1.024329749209220264e+00 4.000338504584131649e-01
1.134724369057115823e+00 5.441923828977393462e+00 -1.048480174228586970e+00 1.648098311894800605e-01
2.188921695357429975e+00 8.645917341176181381e+00 4.385446066661882192e+00 1.286709177785172742e-01
1.270135289530609946e+00 4.107326204936240899e+00 1.858525881321707152e+00 2.464612315804689258e-01
1.304046887700587298e+00 4.447773066978638390e+00 2.298807981840051529e+00 2.745570966062945706e-01
1.271176888050618015e+00 3.790015812803876116e+00 1.820166747326510404e+00 1.721588823557679004e-01
1.014012996712374104e+00 2.606267232143701928e+00 2.513931195815514386e+00 1.143006972216622785e-01
1.534624670328177176e+00 7.426166560004770822e+00 4.621504440907495681e-01 1.081257949234299687e-01
2.413140799726122943e+00 6.652845458493321651e+00 3.860335976213876918e+00 1.794674247781989362e-01
2.186387211183655754e+00 4.044054501010147185e+00 6.882104497209677874e-01 1.494619687806972852e-01
2.929751956563104720e+00 4.502985205627922483e+00 4.980175656791586136e-01 1.169102279330494348e-01
2.279180263761955150e+00 7.245527534382327772e+00 4.158220966150186770e-01 1.364812733543117884e-01
2.160750250744634116e+00 6.610632484078209359e+00 -7.632002013719318967e-02 6.423682623337238773e-02
1.725410000126140764e+00 6.890456606817544127e+00 3.271358794283856675e+00 6.322933904949283590e-02
2.003656216850558280e+00 1.183657584715700217e+01 7.872338162559905372e-01 3.358431496094116953e-01
1.099873634919508181e+00 5.080842894607163096e+00 1.286637766387395132e+00 2.494638469119067337e-01
8.553990089462965019e-01 5.813166979846304372e+00 1.229109932408458672e-01 2.154982514649010916e-01
1.430520882975155006e+00 6.513998783691365979e+00 2.305814811353406935e+00 1.137396626209794120e-01
2.097620244806241985e+00 4.551738156586794481e+00 -1.449473789770291399e+00 1.868739368593569650e-01
1.304783347657923587e+00 4.979822580938758847e+00 2.128284681625098429e+00 1.519095907012028290e-01
7.239930595662633639e-01 3.227525496404020977e+00 9.311559380525225027e-02 2.842372734241422894e-01
2.295932462615603686e+00 4.159160675208535274e+00 -1.191295497277787829e-01 2.733036187983817755e-01
9.144687153798772838e-01 3.620058895740876803e+00 1.849208016505189400e+00 2.999238178914552244e-01
4.055005399171061953e+00 5.172841260583862955e+00 -1.554222656778598388e+00 1.447100584795410760e-01
3.057783212239235215e+00 1.115736967161869586e+01 3.000574526254846663e+00 2.838544022067906458e-01
2.371316577232037037e+00 3.919829793512805249e+00 9.679902781886369212e-01 3.241382264601111451e-01
1.145334760549532316e+00 3.134344270325145398e+00 3.515320055456209847e+00 1.322253736752778408e-01
1.927789494849057483e+00 6.544700623182558630e+00 -1.472844283715318392e+00 2.429101832193986121e-02
1.312292320962094250e+00 5.028112552409604419e+00 3.377835674014526113e+00 2.662280271941817600e-01
2.044124053417124109e+00 5.033354753894013101e+00 3.870645353529642563e-01 1.530335769132088464e-01
9.609966686313152762e-01 8.056229367197575542e+00 -9.355892509539786017e-01 1.180282973438453314e-01
8.664814279691228638e-01 6.584260630719812823e+00 3.705088624985118262e+00 3.252151515915870927e-01
6.100118884328479263e-01 5.102571803709784248e+00 -6.086993524137201961e-01 4.974130828943578164e-01
1.490355120304477587e+00 7.966132429332517972e+00 -6.167694805329164698e-01 3.272271771896105852e-01
1.937086026325459232e+00 7.881167608945462533e+00 8.577844684441880974e-01 1.708385650641409681e-01
1.581482786229241100e+00 3.962127762453189206e+00 3.730975689322530098e+00 1.930279119269784072e-01
9.057394084601136930e-01 7.943946440463446557e+00 1.478892378018294540e+00 1.497345005243182481e-01
