# Hierarchical MCMC downsampled to get 500 samples
# alpha, beta, mu, s
7.483202433393563169e-01 4.262125444821726283e+00 5.213370986749456648e+00 1.257423621217521881e-01
7.579699390114991164e-01 5.054706185028249088e+00 4.224669133521024911e+00 3.414307189468416825e-01
5.845929669961538178e-01 5.789168044031672622e+00 5.034001015782275879e+00 2.326021381095739193e-01
8.323986444833895160e-01 6.146520706296653813e+00 4.872541716713778115e+00 1.462643229496997377e-01
8.929140246131687109e-01 5.126728490013794826e+00 5.006451471972900080e+00 1.020155007723911322e-01
8.670904979880333929e-01 6.350871946901036402e+00 4.979928736261248545e+00 2.311862673606550067e-01
6.668444300517691881e-01 6.388935320675388496e+00 5.103871578319787439e+00 1.923278013692844013e-01
7.226119156411092703e-01 4.929124987441232619e+00 5.193548938857739827e+00 1.026505814813295364e-01
8.600407024028493552e-01 5.938305260433557997e+00 5.111475536298476285e+00 2.258934796895726571e-01
7.026265539234471946e-01 6.098248604712883214e+00 5.074393704070969235e+00 2.970048329828012812e-01
7.436721719607439773e-01 9.420509763159952143e+00 5.079196764047134494e+00 8.582196819235531071e-02
6.922350162157314690e-01 7.130203141956064528e+00 4.904397529850954562e+00 6.075032868241481143e-02
7.967761154552613911e-01 1.039316289184176867e+01 4.939783718338770058e+00 1.099387101413435153e-01
7.811859717619205057e-01 5.156990504447735546e+00 5.031289724691237808e+00 1.494750633837531872e-01
7.563265186907639492e-01 5.316564298778557962e+00 4.795630027039626597e+00 1.165270188043944499e-01
6.603921904652886310e-01 4.553655439980109243e+00 4.859021200618936831e+00 1.855722873872402701e-01
6.149390710951654349e-01 4.046267706183387602e+00 4.698411880650643191e+00 1.748253977624412703e-01
9.292771088298965587e-01 6.622763836436832641e+00 5.203906859903373316e+00 1.205817274356521807e-01
6.165546843510734121e-01 1.118609794123460510e+01 5.032467110943033894e+00 1.164112615448211485e-01
7.067368774310194279e-01 6.136728527681317047e+00 5.108478673252119684e+00 1.465505728153777276e-01
8.789865619488574922e-01 5.780835874779570283e+00 4.889390146971152262e+00 2.805953995473657869e-01
9.318684270506837342e-01 7.182512216895849733e+00 5.299388666220396615e+00 1.309814600252093286e-01
9.353326028444963747e-01 6.607285050335930165e+00 5.074171283691276457e+00 1.245072907782692195e-01
7.279649570097738165e-01 1.290439971584643430e+01 4.851094496528919109e+00 2.919171906758393220e-01
8.201128843053544504e-01 4.599637437230704506e+00 4.743515456608679237e+00 1.319722188048987055e-01
8.708644326629170207e-01 1.309778550242804229e+01 4.977756096564457167e+00 1.894657115760861321e-01
7.147154231642273148e-01 9.743261948300427022e+00 4.883892730403170290e+00 3.832527754109665286e-01
8.279436105576529759e-01 5.694364439811200107e+00 4.808456993617516773e+00 1.858455490248954733e-01
7.122981845603126860e-01 6.511911587170455817e+00 5.438286806648601868e+00 2.556483098697454603e-01
7.302227684700448584e-01 6.044970551498291655e+00 4.809973088151437537e+00 2.854552462991392092e-01
1.074798163060109557e+00 3.791247262577827737e+00 5.148020625892605118e+00 3.262078605146547794e-01
8.433111961484209829e-01 4.696991232792833593e+00 4.863325689460475942e+00 3.132998241776366322e-01
6.200773537661365964e-01 7.469749985325110586e+00 4.837191127337128194e+00 2.127698171690210471e-01
7.304885785432608802e-01 4.185728072348759099e+00 4.890189262359995404e+00 3.048850847992435886e-01
7.616718082683766600e-01 4.685971751069862634e+00 5.189026938074196238e+00 1.315857164183922845e-01
8.811086579705272870e-01 9.068776611490113382e+00 4.961289432988551518e+00 8.087962833038750410e-02
7.692274291768430583e-01 3.484761822398349196e+00 4.888984930739127321e+00 9.164835644268601311e-02
7.065381426742558535e-01 8.732618280112811604e+00 5.194475380858207814e+00 1.501516320839392515e-01
8.688450640689379112e-01 6.022432637715260384e+00 4.982557822706704442e+00 1.445088567348656039e-01
8.484538191503508964e-01 7.537686311463158262e+00 5.076510842460925765e+00 2.787045281590287416e-01
7.432763467438772143e-01 1.060760630572876906e+01 5.041058440663134022e+00 1.169119410300245576e-01
6.453321736043521328e-01 4.626457594356008229e+00 4.894146853732801894e+00 1.872390659334916829e-01
9.195296990506738322e-01 4.502188625328504834e+00 4.786067845376874352e+00 2.324177894665677702e-01
6.058050683351495769e-01 1.066564264031420350e+01 4.859399644118138184e+00 1.985535451087239445e-01
7.881487870005619012e-01 1.322875509678318906e+01 5.060993216350457402e+00 8.390075227836142624e-02
8.237565109476370218e-01 8.108094136873033264e+00 5.207491945526347088e+00 1.236721333982784277e-01
9.365873161672956249e-01 5.820769446419800097e+00 5.058094221626799225e+00 2.414900885584299051e-01
6.819865247289770283e-01 9.192099419044215125e+00 4.805096133899392719e+00 1.512550345009250341e-01
7.381011523143309327e-01 3.052647757096089265e+00 4.923785260249450069e+00 1.507478698245621196e-01
6.598075140648864689e-01 7.015539719832450061e+00 4.260126281034334994e+00 4.520936823008039340e-01
9.593033315526718896e-01 8.738955328067707029e+00 5.157867431792231727e+00 2.425949569544329498e-01
6.869936630903008545e-01 6.242169310417066797e+00 5.017102762766452173e+00 8.369483090295166960e-02
1.187456203410038214e+00 4.939887878516167952e+00 4.768082806457305090e+00 1.447299901141804457e-01
6.743449164714797606e-01 4.154604414939367274e+00 5.036255357453814696e+00 1.142214419910318884e-01
8.869055404622425698e-01 6.152540683524051701e+00 4.875856782285411306e+00 5.659817536483495448e-02
1.215676984932857696e+00 3.631981727880082111e+00 4.580021736643392849e+00 2.806029521397734872e-01
6.045187657445606488e-01 6.047408175972799782e+00 5.007891044884759779e+00 2.169351125121461998e-01
8.914327855669915701e-01 4.898272089693952225e+00 4.954834232230818536e+00 1.938869880791286304e-01
6.089584761190667273e-01 5.190793326883652803e+00 4.935361766756095392e+00 1.298190710324667596e-01
8.299808218834641149e-01 2.732848589495294522e+00 4.945132643731594335e+00 9.439832065355470425e-02
7.178835645188758052e-01 3.597182390041374855e+00 4.933288853773811766e+00 2.308084845149210862e-01
7.302035726558044892e-01 6.146051047954244950e+00 4.680285351760858248e+00 2.420332854967411629e-01
5.907524490927397176e-01 8.883315747957515995e+00 4.749022003455432461e+00 1.061518884854511791e-01
7.865973450386927190e-01 3.910346993926724579e+00 5.183293591556344282e+00 7.650972330565278257e-02
7.963278629746298742e-01 8.785401098044637536e+00 4.814307150188617435e+00 1.524711856850355651e-01
7.047561100502420794e-01 7.811497937759952492e+00 5.055308235024020824e+00 2.034507687909035412e-01
1.078927348136972109e+00 5.734965636582327164e+00 5.170897855327387660e+00 5.104938776394192523e-02
6.912500161885388739e-01 8.328921729220231995e+00 5.035966019652740933e+00 2.256350145465396140e-01
7.269041333765935420e-01 1.116194160144014091e+01 5.362723951304194436e+00 3.047282479812640221e-01
8.104167569349934874e-01 7.067478374028016042e+00 5.022695099004985231e+00 2.378499935808283117e-01
1.165255458302373981e+00 3.168665108886019599e+00 5.061490335672835350e+00 2.107290928126258067e-01
6.870251510850271526e-01 5.869185359464379026e+00 5.225730564146613411e+00 1.265507023156702271e-01
6.198700587706706955e-01 8.309215729415655005e+00 5.266695678669051084e+00 2.185118670995253864e-01
8.704964659974194774e-01 1.191682089740678130e+01 4.927460013811141515e+00 2.229115777401945442e-01
7.349196215537303623e-01 9.162833401061650562e+00 4.961369652141645048e+00 1.156910247998893804e-01
6.577154061629614246e-01 7.750450898829654989e+00 4.984555122653453019e+00 1.754488555870597488e-01
8.631877528081796092e-01 7.943378201535300498e+00 5.135071929450361061e+00 9.010872697547704646e-02
6.928896416081051779e-01 7.910568989645551774e+00 4.770739717956742787e+00 1.470896823834543510e-01
1.140299545477534426e+00 2.891929807794699325e+00 5.058013801040969426e+00 6.974025114476112286e-02
5.691526875298811294e-01 5.580594526540993527e+00 5.100676619234612019e+00 7.156240600891689008e-02
6.492565769459572866e-01 4.052597943452681761e+00 4.995764274833021545e+00 9.178077028006745297e-02
9.773586445170130421e-01 9.329266498160004417e+00 5.302980340845650176e+00 2.653256767599255217e-01
7.722013984959432698e-01 2.969336873627216100e+00 5.092672154865802270e+00 1.279050484869850846e-01
9.529754415763175279e-01 5.183190750567804983e+00 5.091191090746588266e+00 7.442296263245709587e-02
7.929505843298580992e-01 4.708202154897485059e+00 4.840065094262083534e+00 1.439816158074097574e-01
7.217361875423616846e-01 6.510663141580671720e+00 4.927329116685432275e+00 2.253761415903133003e-01
9.119162581273544399e-01 5.793556685497859959e+00 4.672829785628585419e+00 4.131641548052880086e-01
9.112988764189825508e-01 3.590512437473887708e+00 5.081554935856653188e+00 2.215464128802279165e-01
8.777738036003925881e-01 4.369247877086149145e+00 5.344352460097804958e+00 1.960936604282297879e-01
6.677296763035344140e-01 7.449155610533807703e+00 4.727914836603996029e+00 3.163260218485450803e-01
1.004785526006165775e+00 3.834871494563537375e+00 5.169178994290743567e+00 1.424739198066451717e-01
9.162851403129768091e-01 3.798664060058454695e+00 5.132689920405732131e+00 1.348028112184465610e-01
1.158232074947236345e+00 3.554421232184107993e+00 5.012292583845824545e+00 1.214174897653191448e-01
6.467909523651735881e-01 8.267294125232213631e+00 4.931378638551039195e+00 6.982716027009695792e-02
6.133427936217371590e-01 7.080411833315387149e+00 5.012354416285512038e+00 3.183844576817119187e-01
7.585311862598294042e-01 8.059265487558249674e+00 5.099676658786820305e+00 2.266546053352249401e-01
9.869592491877455798e-01 5.513563805481064506e+00 5.127916518324299844e+00 2.118908820277224381e-01
6.416370639502815276e-01 8.313381093156028356e+00 5.170691346372264796e+00 3.725527159209937600e-01
6.773032966246250730e-01 4.780922680478780329e+00 4.788103799678972372e+00 1.749366186844217297e-01
6.557516158880326573e-01 4.669375286971033212e+00 4.710379324346772201e+00 2.703665553969065161e-01
5.602164408972650778e-01 3.472831981327404005e+00 4.810301710402056230e+00 1.352145661379867692e-01
7.622901708249214536e-01 6.582937015123401459e+00 4.975579547337659392e+00 1.074956556433009636e-01
7.465707770277041355e-01 4.808818247865596973e+00 5.224177624752434745e+00 2.934565798230565070e-01
6.318594414323173147e-01 5.462752727841626132e+00 5.026699034417618783e+00 1.495156097363148917e-01
9.543534112633509370e-01 6.990110013328101779e+00 5.041421268127992406e+00 1.306784293604477953e-01
8.996158410907917347e-01 3.071841112059425338e+00 5.008390421075066712e+00 1.869060677976986939e-01
7.410259819334311659e-01 5.658443932403981691e+00 4.994649795551707072e+00 1.097628134992168492e-01
7.183952905392108068e-01 7.771143575328017583e+00 4.860470874233597804e+00 1.862179081368044442e-01
8.824008432905526833e-01 5.703866459372169295e+00 4.829344613196606240e+00 1.277261029405672432e-01
8.352293002034885117e-01 1.172497800462407902e+01 4.879861025125582508e+00 1.062744851488662545e-01
6.315844002679191771e-01 7.330026087648580990e+00 5.090948690337087079e+00 1.697709948262335344e-01
8.589452261769161545e-01 4.489297088209356801e+00 5.212029776377983481e+00 2.409227453696757004e-01
6.700995271357724770e-01 5.366849990834305473e+00 5.033698792486505091e+00 2.372788192901280069e-01
5.911628310888825677e-01 4.510176085510173571e+00 5.087284779970643100e+00 1.153406036833171805e-01
8.520120681419470765e-01 8.778485878723540026e+00 4.998630120762846296e+00 3.847824429175950578e-01
7.139596494505586755e-01 2.947234717146469674e+00 4.907435848618889374e+00 1.406650564093576139e-01
1.020905925201080811e+00 3.395231026969476318e+00 4.930137076291454257e+00 1.430822957035076393e-01
6.672266937338517945e-01 7.317695127355593243e+00 5.145414298035398737e+00 2.579589464265786836e-01
7.519256604310784464e-01 6.000568119807278222e+00 5.380647732213881262e+00 2.162788372196340347e-01
7.147992252490860121e-01 6.326190820404478998e+00 4.843622368664075140e+00 2.906164193749035674e-01
7.720338325576300287e-01 5.924911483034174253e+00 5.053271049854072494e+00 8.482176756589707156e-02
4.288509395784864120e-01 5.106533890306301338e+00 5.018673581991254018e+00 1.690529514257614052e-01
7.427610002273324907e-01 5.844914431732097349e+00 4.899815820097052743e+00 1.041691920413832378e-01
7.510466036412152269e-01 7.154388647607093255e+00 4.970141688089739773e+00 1.232011959871729539e-01
9.645056948372096040e-01 3.954371202556055120e+00 4.992546267623249712e+00 1.901783887659322936e-01
8.197141881129303975e-01 6.214570025972894207e+00 5.127067293277499438e+00 3.858011452175805212e-01
6.760505834884750209e-01 6.783612217147283907e+00 5.147288494732535469e+00 1.287716055549008032e-01
1.011709236572248205e+00 4.764807885879058347e+00 4.684680687474644500e+00 2.214936408809997648e-01
1.007831783410988225e+00 8.394071627283970827e+00 5.092404731010423902e+00 7.483432418375507433e-02
9.172965716202994280e-01 9.078414018219390869e+00 4.841703489045764641e+00 1.290470407234983186e-01
8.381659397715591764e-01 5.192790241703761467e+00 4.806101246305340524e+00 1.769410991565758540e-01
7.968653569341878073e-01 4.946168771542309273e+00 5.082572506665766987e+00 1.536604862989154052e-01
5.305920377513148045e-01 4.972048302154229660e+00 5.231515938397584442e+00 4.220708990195038979e-01
7.531830056521005012e-01 3.505974275268946005e+00 5.128558002324917098e+00 2.769891042050875440e-01
7.020560958319042033e-01 4.890843334558922173e+00 5.214719375435992177e+00 2.001878375411662303e-01
7.717059979406641901e-01 6.323315192151993891e+00 5.058120057475423259e+00 1.377026393099841095e-01
1.071203124350472491e+00 6.380268117293358188e+00 5.245989194557092894e+00 1.364235423017020610e-01
7.461847720270311513e-01 4.576428968646226281e+00 4.820351017598498267e+00 2.188050790922840272e-01
9.793641396628062212e-01 7.266677936960427076e+00 4.977730431564018510e+00 1.326176535145490720e-01
9.953896294587375460e-01 3.684237149468245764e+00 4.941662116918762671e+00 1.002684292551179884e-01
9.684559964139775046e-01 5.754382288026254066e+00 5.025254937569270552e+00 7.791657188272510526e-02
6.575918849235765640e-01 1.162761484565897518e+01 4.910682182785466310e+00 1.678861925393159149e-01
6.359165654779095345e-01 2.779168134617428176e+00 5.378877550355608328e+00 2.302251828167969361e-01
1.018808662192126402e+00 3.677781439202835845e+00 4.875403654105449291e+00 2.540503045034690488e-01
6.684647917340701406e-01 5.644536187735731403e+00 4.786044531837789329e+00 2.438372404868724974e-01
7.130091740058467353e-01 5.749561926628754094e+00 4.985647295544157309e+00 1.217068727806228656e-01
8.224930050370743428e-01 6.496071790188354456e+00 4.918685936904877209e+00 1.917864845752725311e-01
8.015589407700892677e-01 7.746007710675101521e+00 5.507933688868711819e+00 3.529539481982954530e-01
1.215949755757210538e+00 8.547379602611805183e+00 4.148744408084633406e+00 4.031051140551272782e-01
8.889079386683497175e-01 8.526322275293590991e+00 5.728240128362164008e+00 2.487803553257486311e-01
6.868216778109641485e-01 6.118938732882181597e+00 4.736064777251490554e+00 1.908192263707397252e-01
8.744084327543323321e-01 5.518737605592606066e+00 5.247143241734246288e+00 2.357141474545816906e-01
6.096483324829379269e-01 1.195687292741891916e+01 5.016057287966416922e+00 2.320595114819546390e-01
6.819641478385425337e-01 7.387626436769389571e+00 5.053640304434743769e+00 1.136543078206787016e-01
1.335769345803758057e+00 3.831816569222699975e+00 4.795416716640621857e+00 1.439663777018551916e-01
8.061631313895456508e-01 3.751327772074080524e+00 5.601954741950416761e+00 2.466083837600617501e-01
7.917476651731705228e-01 4.295583217503106788e+00 5.269158572156167786e+00 1.446075360002580523e-01
1.030125063892746606e+00 7.288150760781730853e+00 4.751312213796459183e+00 1.594859822246173231e-01
9.720891491932557305e-01 7.467214620243746381e+00 5.073751264524847038e+00 6.470952256260167901e-02
8.672243505258874219e-01 5.960222656173067790e+00 4.892630629499078232e+00 8.099588784821171172e-02
7.528681544281103921e-01 8.904488413766758370e+00 5.026951785220203917e+00 1.908723342310517379e-01
6.240921156464678266e-01 1.008144778759635507e+01 5.076002487742558245e+00 5.144296685477461883e-02
8.288044064679213063e-01 4.856664423777644402e+00 5.301018696014294207e+00 2.549700175147436298e-01
8.081896061724594960e-01 4.337343130240142841e+00 5.119027418577008604e+00 2.977752279176726913e-01
7.134682115571232552e-01 3.900267763024264145e+00 5.078385642101094000e+00 1.170563747344914585e-01
7.130758990961254540e-01 1.032859021368434504e+01 5.192348915751861860e+00 3.230507047638186968e-01
7.860752597147436793e-01 5.674781089325261263e+00 5.271110235768939667e+00 3.686803175475537042e-01
1.075530794562362003e+00 6.160800830906597803e+00 4.836615249979812958e+00 1.594003481413240886e-01
5.834571514967515915e-01 3.987049465017659333e+00 4.582059470880929020e+00 3.499481388864091880e-01
7.536710030101974045e-01 6.895456047574947789e+00 4.865397292201750545e+00 1.244235071147751781e-01
9.203506730253651069e-01 2.732713988555145690e+00 5.289715651988636580e+00 2.650366068292327459e-01
8.572195849897148445e-01 9.459782222323831036e+00 5.145973773496185899e+00 1.013892930909849610e-01
8.234821837646801868e-01 1.183497564073178410e+01 4.872382443335645519e+00 1.707188456098024387e-01
7.571165152070398197e-01 5.607272323708416550e+00 5.247831306946237007e+00 2.107814645323763669e-01
7.937888125834240416e-01 6.600971634365706997e+00 5.098083698395059926e+00 3.612504017844718196e-01
7.198348557319965701e-01 9.086605734315703842e+00 5.007904209612286550e+00 1.050062405124187193e-01
6.136745973516227748e-01 8.169989218668087361e+00 5.485247078077578387e+00 3.316406876477485111e-01
1.269742842469446353e+00 5.109258942980995144e+00 4.644056287247221526e+00 2.513406353369753710e-01
1.029486896357391323e+00 5.797488590683240517e+00 5.162587822902962920e+00 3.515004020980656840e-02
5.762344362116100793e-01 6.888396792031265647e+00 4.864302369498989087e+00 2.339464464523143272e-01
1.008625544282244935e+00 7.941154183500439778e+00 4.959584683832476415e+00 3.156294287817539290e-01
8.533510274269185958e-01 8.168808511736404654e+00 5.009244109816636481e+00 1.981263198075358112e-01
6.919819341798897350e-01 1.033822768746218657e+01 5.096236516176222864e+00 1.407455473172577742e-01
1.036513918285143276e+00 5.069894757863868229e+00 5.108771656472533174e+00 2.557745844445031280e-01
7.358686190697566465e-01 3.878155108178369392e+00 5.029102554861159646e+00 1.629555307117333540e-01
6.791209041546507619e-01 4.275614491064505529e+00 5.060879947179013350e+00 1.385496189476400908e-01
8.928196911164369975e-01 7.565618765088342634e+00 4.865152710787449486e+00 2.989808298389884933e-01
1.198001117969985874e+00 3.181292420729935788e+00 5.011280373144148648e+00 2.234539640784702907e-01
7.316520726619415438e-01 4.176972038945062415e+00 5.176585783145683628e+00 1.427213971365292045e-01
7.731413594932587952e-01 7.239572920399020006e+00 5.081706258544147481e+00 4.180524379117629002e-02
8.401759330947982107e-01 4.071395409505484508e+00 5.055592533410277589e+00 1.092446321154112443e-01
7.548615794424644587e-01 3.252550898068998553e+00 4.909032543630734935e+00 2.001690743684050311e-01
7.006341943618860091e-01 5.812910944689429371e+00 4.956552521495900976e+00 3.647727038124747856e-01
9.780715223904048461e-01 3.547307382075437054e+00 4.894835803347280745e+00 1.488943302394170609e-01
9.976194062669424545e-01 8.622032476941987156e+00 4.968122330221476979e+00 4.081251106259778383e-02
7.390483837330428241e-01 6.303157909880251708e+00 5.181116708866222886e+00 1.071948950311921445e-01
8.153554494859610591e-01 3.955445084304855641e+00 4.866541506411873108e+00 3.059818181145932958e-01
8.386274526897622428e-01 4.345513214747501962e+00 5.020034965936441829e+00 1.954006411565664403e-01
1.046737831750591319e+00 3.209108970843620234e+00 4.813893113735439933e+00 1.552376963727758186e-01
9.263239138018023455e-01 9.091340116515034708e+00 4.950739409911328437e+00 1.583673914967390628e-01
7.144851557752599502e-01 1.186335763065973836e+01 5.186565967345202033e+00 7.679334120291544941e-02
8.252018798739864103e-01 6.257891772796051022e+00 4.820335583595838358e+00 2.127080135432763142e-01
6.326666964532794424e-01 6.681131195796684352e+00 4.874278327530962684e+00 2.193462538375361148e-01
6.902974968146311507e-01 7.623652054704770364e+00 5.024113129484849338e+00 1.021049308621325702e-01
5.323978338057945292e-01 1.133056347925042218e+01 4.770300398605884951e+00 1.423829129678089722e-01
5.359124851445188353e-01 4.944051049091632066e+00 4.891273164963561015e+00 9.552222534470189430e-02
4.928187409742665892e-01 7.610447692873967718e+00 4.855210295921051689e+00 2.041809331690676577e-01
1.013210015865117164e+00 2.928991810509687266e+00 4.753542294483063202e+00 1.310760480875756140e-01
8.545178702885836142e-01 7.414554028840067090e+00 5.454818917170422665e+00 3.011318056766225659e-01
7.667999956336709610e-01 9.519210707951069494e+00 5.044411642192112133e+00 1.182292685653122261e-01
7.531530241226127576e-01 1.300895302287812427e+01 4.619503885368123619e+00 1.382810477464219701e-01
6.254584924245125688e-01 5.001704842516739191e+00 5.066376059176656454e+00 1.772761321057663153e-01
7.126596182286588643e-01 1.133455493947444381e+01 4.938956893147560478e+00 1.357333351248505016e-01
6.371965318694577940e-01 8.322358949271224660e+00 5.105255185470743307e+00 3.739846148101895196e-01
8.515188445686083796e-01 7.158810818970923862e+00 4.936191538195978445e+00 1.685338784827387637e-01
8.736051434302357643e-01 9.247064579079610880e+00 4.957031569635137913e+00 8.076421121506660583e-02
7.977296338235332351e-01 7.646221548513490340e+00 4.766468804994913100e+00 2.211199092138396161e-01
5.722833228142989448e-01 1.079822890890607567e+01 5.174495683436162174e+00 1.705828636550501543e-01
7.972546045243865676e-01 5.002214723101372051e+00 4.914599800764499093e+00 2.166833198801694504e-01
1.120869201940819515e+00 9.384881229187167051e+00 5.002924996070507113e+00 1.481534667343093470e-01
6.298178219655270471e-01 7.361644649362233395e+00 4.842417779365235653e+00 2.151234021333291446e-01
1.007628270901836043e+00 1.103565877824797781e+01 4.923235259897799310e+00 2.019722478618073691e-01
8.386191968282404874e-01 6.460574019615376251e+00 5.146179143277656465e+00 1.093033573098417810e-01
7.635390713300599375e-01 5.426830802667490516e+00 4.889266825564155816e+00 9.104544060629501945e-02
6.382789514429942912e-01 1.211840656366760705e+01 5.055814203897275760e+00 1.022565237819723638e-01
9.962485185605526317e-01 8.531549074039233460e+00 5.127120104335504358e+00 1.142080328462657529e-01
8.239584579786191076e-01 5.212652166664350162e+00 5.106554591388788644e+00 1.569500553093879647e-01
8.672636814937334515e-01 4.114745662134962956e+00 5.051179703747993521e+00 1.391808756679124293e-01
9.107250805237674385e-01 4.889034446297101155e+00 4.945880980122877801e+00 2.340312613871640413e-01
8.644548418750318541e-01 8.899233548900101098e+00 4.956322277756131101e+00 1.858687422474572526e-01
8.541459488773676112e-01 4.203720109404091687e+00 4.635765550865460050e+00 1.503590379657646081e-01
9.396880599199081141e-01 4.036945197826314669e+00 5.103665591258372380e+00 1.222516791812175985e-01
1.041048944964334311e+00 6.825648637423809006e+00 5.315904535878692272e+00 3.118443463498937751e-01
7.556506616347810068e-01 4.778702127015137080e+00 5.488957891499824271e+00 1.160970997355308398e-01
8.905586111429718565e-01 4.730681712351586299e+00 4.784604557721210405e+00 3.749706626479353266e-01
9.530301537416553392e-01 7.597524045104520951e+00 4.943157161752655959e+00 1.679565146145586829e-01
6.866198528028883974e-01 8.026904878183696468e+00 4.791165840448467605e+00 2.894895360136521267e-01
1.227205213019609831e+00 2.676655772413752743e+00 5.057827022373843739e+00 1.843000463708665548e-01
6.476826442343799339e-01 8.679391871708684647e+00 4.820281411343454003e+00 1.710985242294284780e-01
7.835829414122125192e-01 5.777876112125443164e+00 4.788169278527324657e+00 2.726636219891683255e-01
8.386191968282404874e-01 6.460574019615376251e+00 5.146179143277656465e+00 1.093033573098417810e-01
1.110334287428933031e+00 9.690887677636053965e+00 5.208335228165494435e+00 4.016371612356114951e-02
7.511657730240079989e-01 5.908386805187676671e+00 5.526232565039435940e+00 2.884841388608869184e-01
6.761138989689823298e-01 1.376550508569487441e+01 5.001050391946404439e+00 1.615057847036647232e-01
6.465849293663038511e-01 6.112182900920578810e+00 5.281888734976481814e+00 1.506686635955034603e-01
5.146400230229402073e-01 5.524025291238933377e+00 5.259551402653023011e+00 2.060764039043980755e-01
7.506379950068636786e-01 8.713590939714100259e+00 4.995300126787540762e+00 1.434608300062805986e-01
1.229024742176593410e+00 5.186924259946301241e+00 4.874451939573524406e+00 2.766649699648471850e-01
7.661492140088751457e-01 9.433051924678592215e+00 5.355456235966503442e+00 4.645253837856574419e-01
7.560760526414452842e-01 7.021477948785015855e+00 4.991681678951896295e+00 4.036270781068488356e-01
9.706994415447801616e-01 4.185880964270920046e+00 5.239764022536867571e+00 3.254446696302091269e-01
6.287281110261334627e-01 5.499893031016269695e+00 4.774601591344368678e+00 1.839723701049542914e-01
5.325500501072755188e-01 7.055177277104991873e+00 5.025043720165148997e+00 2.165627076956553321e-01
7.771716856438389831e-01 4.259720205995376929e+00 4.638889346408352488e+00 2.593295985145824267e-01
7.283041036498614229e-01 1.297882950471471730e+01 4.769434238905875034e+00 1.551988378803961233e-01
8.336689312716674127e-01 5.703348123888038579e+00 4.746880635569434403e+00 1.937511645512892122e-01
8.759842012037790671e-01 5.394357042123038681e+00 5.005008265456984518e+00 2.573122816712787864e-01
1.055754500307808152e+00 5.376532823420522078e+00 4.799250018209886726e+00 1.816864554043981228e-01
1.000895283522838630e+00 9.476725908372690910e+00 5.112863129692581943e+00 1.912469464467338454e-01
9.502300979738609321e-01 5.324781790417926430e+00 5.089332572556531709e+00 1.944068846135639794e-01
5.895834860282201939e-01 6.113713581734730340e+00 4.973501637131116482e+00 1.180270123854734871e-01
8.390299172357724711e-01 5.716897524111098861e+00 4.978224761417313182e+00 3.545966145935868230e-01
6.626368851695599860e-01 1.038264252473951998e+01 4.827996336627318641e+00 1.287533325857115885e-01
7.848244413759855043e-01 5.458492180628517154e+00 5.001397995068624702e+00 1.879647163881807970e-01
8.848914459391137299e-01 4.440541984147924559e+00 4.949559486822765031e+00 1.702818188919003606e-01
8.727461748343912085e-01 7.713603237387094858e+00 4.839508176593533939e+00 2.930276127308724110e-01
8.004822560560801437e-01 7.648933620180422110e+00 5.409640177261216820e+00 2.455930248114867875e-01
1.163865069357097104e+00 7.803230841110882388e+00 5.126609596418429504e+00 2.021565552017438594e-01
6.619761745796924890e-01 7.964022745046871243e+00 5.103200066235807242e+00 1.779157020419254165e-01
6.010525383995684034e-01 4.339586300886209891e+00 5.380691273562000276e+00 1.436781682006666450e-01
9.350933343339972170e-01 7.090307242980583347e+00 5.579701467479068810e+00 2.191131545170500738e-01
8.198599213536658104e-01 6.976334283721355334e+00 5.251660975086748451e+00 3.282199976218848625e-01
7.581454150463518005e-01 6.176893171613293987e+00 5.164713849984742922e+00 2.700743491446329081e-01
6.695289286716065158e-01 1.272806926910362435e+01 4.948107281083006903e+00 1.115019069334644564e-01
5.818453461532981930e-01 1.029209560354341235e+01 4.618270242514954660e+00 1.768428224259429582e-01
7.314036340354340693e-01 7.269460859815412235e+00 4.651964191439279972e+00 1.614444927329154456e-01
1.359351414089862820e+00 3.690425805514425672e+00 5.017836922864079341e+00 7.139830064239055529e-02
9.323496781473583628e-01 5.905826506725692759e+00 5.141044507175026368e+00 7.770559831280013374e-02
8.775231716349144451e-01 5.500771126525240362e+00 5.400260456648250162e+00 1.569681007766755565e-01
7.203567400912576080e-01 8.072930965180672658e+00 4.521458421130605920e+00 4.469306460746008680e-01
6.770433915415065007e-01 8.191459640347968474e+00 5.111968584473091326e+00 6.330414755957283757e-02
8.804776422872631070e-01 5.482453255456003482e+00 5.123082763602726075e+00 4.519736386934489897e-02
6.490648719905860453e-01 9.153749382109324984e+00 5.053333265688465303e+00 1.239193356185679662e-01
8.099495789756354647e-01 1.162362442427090770e+01 5.064518918537709524e+00 2.801962843248100021e-02
9.420411974998061932e-01 6.686234255500291823e+00 5.308335290464749612e+00 2.241107064335439991e-01
7.534102897603326410e-01 1.006886323250357407e+01 4.908518318470044051e+00 1.097260559364456184e-01
8.644623578815548992e-01 4.480235641886674891e+00 4.460367264545637589e+00 4.711005401233597234e-01
7.952585230248118142e-01 7.988323710827538449e+00 4.937278292379156497e+00 1.776575305190094822e-01
7.377360927539463598e-01 1.654028665742570325e+01 4.836439234399412257e+00 4.087117070077825320e-01
1.008959985398428794e+00 5.736904799650861975e+00 4.992999993708404638e+00 9.292318871708199479e-02
7.407624793988141221e-01 8.687090896131921980e+00 5.163995980285025489e+00 1.344070825860140261e-01
7.090757544280770208e-01 1.116339584203913482e+01 4.979054555258507264e+00 1.414252532174528343e-01
8.810806393967161032e-01 1.001267936146929038e+01 5.223922769923077247e+00 2.808079968139214344e-01
7.094615815585147978e-01 5.183082278807260579e+00 5.080232136104016583e+00 1.230730005803472721e-01
8.243537284743730487e-01 1.069578179829471409e+01 4.959866056010037383e+00 4.382019886190079427e-01
1.081598605235604360e+00 5.136510413112308271e+00 5.107414469983303285e+00 1.483248647183053603e-01
6.655531679614381524e-01 7.409362147511496133e+00 5.001586611294973395e+00 3.591011943796884598e-01
7.744106523543727860e-01 9.028983522581309984e+00 5.231324890282727402e+00 1.140018340870374292e-01
6.889092666083304062e-01 1.054707090276536441e+01 5.033555301925908942e+00 1.580605917291177109e-01
1.141398013579120851e+00 4.959414424563668433e+00 4.838939883012209009e+00 2.614458741906830475e-01
7.557743870564097577e-01 6.758467992689250359e+00 4.653457415762938254e+00 2.916332258928516219e-01
7.434830743603527692e-01 7.800846839683019951e+00 4.997102656126479303e+00 7.936829612486431818e-02
8.567737231623201444e-01 6.191363041671674949e+00 4.896602633884147515e+00 1.484060930803992040e-01
7.686083370636703771e-01 6.458991165974344639e+00 4.905380383747348638e+00 1.518522670003368547e-01
7.181116192921233043e-01 9.649797726118675811e+00 5.224757492738905107e+00 1.698181846325467204e-01
8.357594146680572544e-01 8.791981736034669481e+00 4.995822113550610233e+00 1.104316307345057646e-01
6.738625739652400748e-01 5.085937658281049600e+00 4.941999831159291645e+00 1.699716196901306930e-01
7.676881323241112609e-01 6.913405823280807994e+00 5.119997723100649267e+00 1.975479337021839032e-01
9.065758236298495643e-01 6.869828217431811268e+00 4.851312613573510291e+00 1.428756889734041358e-01
8.176657274773395656e-01 4.183344708601914874e+00 5.099709728072236992e+00 2.534679525574506931e-01
7.502135281991417770e-01 6.363757064250170181e+00 4.648044096098064237e+00 3.392662285885856832e-01
7.209261724995638110e-01 1.005245452617191226e+01 5.065318026974332533e+00 1.256002401306213767e-01
1.014849403692710705e+00 4.657068876336092345e+00 5.250519267623808162e+00 2.291664003350589729e-01
8.411258486924531041e-01 9.133486537449398313e+00 5.185978437000408725e+00 1.741368426392944646e-01
4.576213723853408410e-01 5.279443833639955841e+00 4.479804084609380510e+00 2.738911156288314497e-01
5.878098966707967499e-01 8.767976492079462503e+00 5.014604365407785203e+00 2.991539789697498231e-01
7.707485240407084826e-01 4.808341741942025571e+00 4.825185904318098018e+00 2.218529671314456719e-01
9.440038440596564273e-01 5.447224690560185323e+00 5.628660595222352292e+00 4.089924209558646884e-01
7.418678466307381258e-01 5.838533147601038031e+00 5.002359586286024395e+00 1.614313817566491727e-01
7.610882649584075343e-01 7.662523629709649953e+00 5.298690423791618365e+00 2.494401033218540675e-01
4.185757040582765987e-01 3.776191795339924440e+00 5.165801528283386013e+00 3.780236721829083879e-01
1.016879491571379246e+00 6.561536642637519456e+00 5.145585290328075878e+00 1.681964113516202508e-01
6.736809366147271660e-01 8.076249537458387806e+00 5.155213276112452725e+00 9.344729309541995044e-02
6.674379226566828915e-01 5.125206816977835089e+00 5.054772557836075819e+00 8.785841221172627225e-02
7.298836342871823923e-01 9.017225793816637136e+00 4.576331149255966402e+00 2.256616071025434600e-01
8.243718482128478131e-01 1.015825511961847916e+01 4.980468238005380854e+00 2.781146108039381781e-01
1.056201016318204289e+00 4.290353259543834952e+00 4.872745964047796363e+00 3.509971613653950495e-01
9.484267048573340464e-01 7.818895649089622424e+00 4.742917446264378611e+00 1.465208181110665142e-01
7.224390372123422610e-01 1.068853538122210090e+01 5.085303831735662250e+00 4.413287212639823570e-02
5.066000461004446231e-01 9.989973909405698294e+00 5.417933466484345040e+00 2.872370275498998815e-01
6.540443079266736737e-01 8.593743901817571640e+00 4.913324039556778544e+00 1.101879338799798130e-01
6.320829276010540010e-01 4.803633365444950343e+00 4.816555270056650961e+00 1.203554337197375729e-01
6.845686603567830986e-01 4.824360736050444132e+00 4.764264315478412115e+00 1.536378167299387865e-01
1.638291308699251658e+00 3.276661213168004405e+00 5.195898583287474004e+00 1.940956592393527080e-01
5.962581991126526537e-01 7.511600262887808910e+00 4.695360588846725136e+00 2.747648800975021066e-01
8.456509463767628576e-01 5.847890961214263328e+00 4.723916802141621574e+00 2.706935233712652877e-01
7.070318623033862160e-01 7.283636308710498497e+00 4.995361221227541115e+00 2.165807573055460733e-01
1.262561688056283771e+00 1.033889188555929373e+01 5.523200423787028690e+00 2.332788062944821106e-01
8.870935764072915841e-01 9.650368215511601733e+00 5.093530626158053742e+00 1.680384887692833451e-01
7.378754153908784197e-01 7.550090604016719276e+00 5.139817284042411671e+00 2.395835890631597132e-01
1.190572190497910743e+00 3.498517312554802583e+00 4.681800055947234362e+00 1.663651878341635415e-01
8.603852171143705485e-01 7.268761410284898083e+00 5.066017863986433944e+00 6.061065364799537308e-02
9.268643058559322689e-01 4.667339886116632641e+00 4.981783152977389051e+00 1.633777315246973394e-01
7.423914077703379633e-01 3.794799641438593607e+00 5.323339490009088237e+00 1.271470192143483446e-01
1.013274022396010832e+00 8.176842454571984220e+00 5.119938455444197345e+00 2.952262490787074811e-01
9.655099530525410589e-01 5.329175657142042333e+00 5.088450723454718272e+00 1.892365033802817509e-02
1.143126543919457339e+00 5.069734117143726237e+00 5.036767141329215214e+00 1.299039294431361957e-01
6.531561280784815571e-01 1.009224682699470144e+01 4.906779509494708869e+00 9.018661559847399034e-02
7.367444711027339999e-01 6.921847352705169598e+00 4.969222209297396553e+00 1.263216129922193343e-01
7.368232408784054499e-01 6.614525187359055813e+00 4.927279037272703555e+00 1.451216524620011494e-01
9.261465463444245039e-01 5.738489777829586913e+00 5.300295475347923002e+00 1.941408369999895189e-01
8.511881164626661223e-01 6.273371753565674780e+00 5.011763539056096839e+00 9.976091444495896465e-02
8.154917920219453276e-01 8.131361254016740148e+00 4.978865848612563205e+00 1.947397527597868327e-01
6.558955447256865634e-01 9.191591707064155514e+00 4.674804390341716243e+00 1.938788861234219674e-01
6.408279495164332928e-01 1.271196789026997465e+01 4.839385618312297410e+00 2.194723194548842682e-01
5.380815095662044856e-01 7.872534257626324639e+00 5.299806603176088871e+00 4.156360858664104874e-01
7.201557529676928526e-01 4.532021377095244219e+00 5.081099489207881348e+00 3.008586639079341429e-01
1.115795523258166000e+00 4.346112230819764832e+00 5.065907011740918620e+00 2.745107881096169877e-01
6.881790080817811184e-01 7.967689985437999667e+00 4.906288592259894443e+00 1.016406610589367099e-01
8.956868562088535768e-01 4.716175674069356560e+00 5.076269136844400620e+00 1.581296312608104215e-01
9.003540438950630165e-01 6.632620920489499916e+00 5.275644533848147688e+00 1.144027042572123565e-01
5.627908563670652731e-01 8.207704328324231469e+00 5.113176755269486229e+00 1.414739461009452970e-01
6.029605884686728423e-01 9.890393248236614809e+00 5.211490265452299653e+00 1.371590096409486259e-01
7.354817879447285156e-01 5.716301596406723640e+00 4.992730269860295778e+00 1.117075446169521757e-01
6.334002755022948294e-01 1.161438110357555509e+01 4.829348141155639595e+00 2.953332689578128667e-01
8.370742326672734324e-01 4.368551513273620124e+00 4.892726923281958129e+00 2.025375771456019436e-01
8.383456876143331460e-01 7.116427791388439950e+00 4.854575709780911019e+00 2.664537732591424901e-01
7.168056035231121781e-01 5.012998856381165602e+00 4.973959041766973677e+00 8.344914597743746665e-02
6.502616950299987542e-01 6.546960276027219194e+00 5.156463647918717363e+00 3.487672974708987406e-01
8.927758502849690858e-01 8.332067333797098740e+00 5.091067421932154780e+00 1.395502689379659600e-01
9.327474078856633488e-01 2.925150069957351384e+00 5.042937699824075359e+00 1.093877780697165708e-01
5.217012608809885599e-01 6.624966705125730826e+00 5.147958377003882369e+00 1.471997084449875315e-01
6.234509136716883670e-01 8.312048602877723624e+00 4.811174361543876898e+00 1.306167983597533444e-01
5.520958938538452765e-01 4.442378214824030280e+00 5.294437876506035145e+00 1.895385830753291978e-01
6.316310372206210833e-01 4.271604209236553373e+00 5.263589912608050980e+00 1.389847444168422208e-01
6.870509213595090703e-01 5.861416775193069029e+00 4.606513496614889291e+00 3.247349532950745132e-01
7.139268128757072507e-01 4.600340891761814710e+00 4.917998761247237560e+00 1.939468666080979009e-01
6.867141222766552922e-01 6.051553969326013416e+00 5.145570516360607805e+00 2.202503099194650371e-01
5.693395907597739170e-01 6.602774991630319334e+00 4.578276263544274194e+00 2.203036839051196738e-01
8.569506473619993292e-01 4.381738726346187107e+00 4.822485389161148106e+00 2.642106325353243967e-01
7.906090333397181036e-01 4.508331286422381012e+00 5.018627829492208647e+00 1.242783909022802113e-01
7.557026976149595621e-01 9.647828600524652742e+00 5.170689293254384644e+00 1.133239014936648914e-01
8.561587739021131460e-01 3.731449551320560776e+00 5.104284639387686617e+00 1.892241244523378552e-01
7.359006845008121411e-01 9.475177166691452157e+00 5.055469406903545959e+00 4.908416020630079757e-02
7.565890564123985973e-01 6.946012624252489331e+00 5.325442991762736611e+00 1.582441365326561766e-01
5.950517113392077562e-01 9.345740002962001469e+00 4.917080249389345958e+00 1.114115861404224028e-01
5.924442938420316773e-01 5.945129712563209878e+00 4.698825340699171349e+00 2.073769760089421432e-01
8.747979051482083213e-01 5.998259334295741318e+00 5.130867301226170518e+00 2.040335027899677078e-01
8.196912603245445350e-01 6.046073396739183536e+00 5.102780056628732908e+00 1.481579921511794184e-01
7.613829602014055009e-01 8.471856896612333543e+00 5.038791531574934091e+00 1.757297555504203357e-01
6.784485110665813279e-01 4.914431501497521282e+00 5.049310888309098466e+00 2.086810771446414581e-01
6.198182512762918650e-01 8.319777821307173582e+00 5.046980809794314737e+00 1.797567798968127128e-01
9.226096427928158761e-01 5.548538637009470698e+00 5.363666944037151829e+00 2.892053248251383324e-01
1.235482777237599805e+00 3.801959077056161096e+00 5.004215561822716651e+00 8.821958325848135163e-02
8.109824204683164783e-01 5.425565145363357544e+00 4.699579581398880990e+00 1.115409904066719249e-01
9.362983899796645249e-01 7.545726923325159596e+00 4.719239808223983701e+00 1.453908210845327453e-01
6.708816525329477365e-01 5.515420119863344794e+00 5.099483458555073234e+00 1.993737278109854738e-01
8.977493711926465281e-01 8.998604204008518792e+00 4.986412561092826046e+00 1.137368129075262135e-01
9.670918954121816569e-01 3.976668408318747794e+00 4.745169987139242096e+00 8.783397039063070566e-02
5.343257558769102245e-01 5.474176524507456065e+00 4.762545283423653686e+00 2.120954152605694643e-01
7.366475928926098371e-01 6.900891554419631646e+00 4.951037804266312570e+00 2.021867250380632031e-01
8.412630687195413737e-01 5.957259131612453018e+00 5.091824057898045375e+00 5.682070744767671322e-02
5.761917607723177071e-01 5.589098691182607936e+00 5.045090483373419588e+00 1.889087112695275461e-01
9.424080569757607995e-01 8.033481531763817074e+00 4.819234547373147493e+00 8.115091651168573894e-02
9.990298134949673337e-01 4.954759615818731255e+00 4.775739692228322397e+00 1.051074586673922950e-01
6.008995401425767380e-01 7.762416221951220940e+00 4.647721670374167502e+00 1.599924402398318901e-01
5.080648831124120468e-01 4.382663332574917803e+00 5.112547459757109003e+00 3.041505478275828844e-01
7.952091982964016870e-01 3.972355202761849835e+00 5.245926946257742252e+00 2.325489229538774683e-01
7.446309952834869739e-01 8.372186424550655204e+00 4.713401265892852798e+00 4.026711568586482937e-01
6.675839758258572676e-01 6.638914956805932022e+00 5.282225547362708440e+00 5.541748768233815126e-01
6.310835048105556400e-01 7.255757102773158884e+00 4.782785985113990002e+00 2.276411829616706850e-01
1.033377046376059649e+00 7.228852025479238108e+00 4.915056306842541467e+00 2.371647841018263703e-01
5.369925965379965804e-01 5.522764835401119399e+00 5.214364300619164894e+00 2.339418217254355115e-01
5.132256811071740366e-01 4.544880061057686049e+00 4.618078917864446353e+00 1.872328550360629618e-01
7.132895597422727052e-01 5.086527191716617047e+00 4.798682016356106139e+00 3.072676381027006909e-01
6.510746735691702591e-01 4.487954492088150005e+00 4.901872848564945429e+00 4.557283471706285449e-01
9.651843531179715718e-01 4.034471910931991090e+00 4.873420653243933032e+00 2.601713072689496031e-01
7.648039140758946530e-01 5.012072012560840228e+00 4.917307838588989455e+00 1.199244694258191080e-01
7.968193440585291665e-01 6.206022663263126127e+00 5.221595473597493431e+00 1.950446520562568731e-01
6.907328472173871470e-01 8.785641471411924641e+00 5.093277329246090446e+00 4.112349367798401323e-01
8.563090644716079280e-01 4.307250309557236534e+00 4.952701763173970484e+00 1.159672855194933683e-01
9.688215625334113401e-01 7.714980870051602935e+00 4.798587545418182998e+00 2.030618239956900606e-01
9.257255105233594961e-01 6.090975226258251496e+00 5.078688070957337430e+00 1.089242237480658876e-01
6.270936626952163806e-01 6.505144395302679072e+00 5.270318864301135164e+00 3.190359327741871254e-01
7.956967808180918089e-01 6.011465361788790318e+00 5.158503212834203211e+00 1.045804327992651550e-01
6.936977938285592282e-01 5.475853700489706100e+00 4.991520558606460156e+00 1.463141014569580567e-01
9.383963662702692332e-01 7.123529614901913831e+00 4.814505511330048115e+00 2.538707413261292456e-01
9.200884183901268942e-01 4.061965501758029617e+00 5.091385763514793439e+00 2.017568492629272514e-01
8.283651520825913162e-01 5.343342872990174186e+00 5.170592529943806248e+00 1.208057503440052860e-01
1.384110089011981071e+00 4.247833139121944157e+00 5.240828410492844647e+00 9.660788633597451602e-02
7.816386957847074601e-01 5.543842645772262934e+00 5.305478218724989148e+00 2.153561270870211763e-01
8.350376860172180615e-01 4.185245382322500873e+00 4.288295863811119268e+00 2.951270039475001328e-01
9.385300075389263474e-01 3.683213876966631606e+00 4.945740778349723143e+00 1.687958066569374416e-01
1.014948070196794561e+00 5.742983797092430009e+00 4.937296955036257984e+00 2.795749642023780956e-01
7.654880721077143013e-01 6.491971197069895894e+00 5.069023409082577203e+00 3.542066619731510935e-01
6.399145905998567807e-01 7.224474102993287516e+00 5.039121206149983934e+00 1.659460604605315637e-01
6.447359530930041327e-01 1.218417256857999220e+01 4.982613099127986445e+00 7.788477060260101670e-02
8.414142275092734158e-01 5.930848450190997490e+00 4.947820896227448806e+00 2.684773030139825378e-01
8.401806131143518819e-01 6.673794765735500789e+00 4.876770236613390708e+00 1.505567762259292786e-01
5.852506664779864032e-01 4.512667082216148096e+00 5.058587703861044282e+00 8.838613780760576355e-02
9.791596859358859817e-01 6.616950416704407090e+00 4.881490706836365767e+00 1.247142951974352376e-01
7.320211662848103984e-01 6.755385472098556221e+00 5.053404045888884255e+00 1.266376893424928374e-01
1.000115920978271511e+00 6.253308492911265226e+00 5.195549513329345892e+00 2.112017076158093642e-01
6.959948186659481451e-01 7.785803193916698284e+00 4.939240166720574976e+00 2.109587652984957207e-01
1.035588430104814162e+00 1.153024900561649346e+01 5.277864264580638398e+00 2.479509670920539977e-01
7.520512833054313617e-01 6.392144281121250771e+00 4.808208762360666633e+00 1.663016004009654769e-01
6.076701465200687879e-01 5.118583632636534375e+00 4.702442583524530484e+00 2.598773145778838223e-01
6.481210529146794741e-01 7.897828559920496261e+00 5.036608301983578784e+00 2.210405026415193930e-01
7.083535734983754661e-01 5.734146758431456270e+00 5.015403245379881803e+00 3.464278124698532690e-01
7.710417743616628794e-01 5.496502579175894354e+00 4.910419751936370147e+00 1.152356968269706156e-01
6.482894051718507411e-01 2.749802151918748550e+00 4.920372403600574707e+00 1.314274258868404210e-01
1.030623738417136170e+00 5.078647460128380864e+00 5.115228232845518086e+00 1.461862748893287545e-01
6.516731182271244815e-01 6.001402394297281617e+00 5.084801060539017925e+00 9.335709421948548692e-02
1.067138830587600618e+00 3.957358377423258133e+00 5.321627807404263777e+00 1.826328413946618490e-01
9.065351826681198322e-01 4.271001167342169502e+00 5.134793590120974471e+00 3.473941510273296784e-01
8.247791661225054582e-01 2.177147299416622772e+00 4.915572433545604802e+00 1.318404041191137965e-01
7.976813672133268307e-01 4.983590574282180441e+00 5.052253242955048407e+00 1.433958198845960985e-01
6.749791576829829998e-01 5.646612947806309180e+00 5.196979674853381859e+00 2.132520700739027886e-01
9.712074404736815714e-01 3.520498406973463723e+00 4.925002524112684910e+00 1.348815311880376677e-01
6.610884670669351371e-01 3.392828078236040490e+00 5.311446376142106018e+00 1.214990952710945926e-01
7.988808150489933313e-01 5.348855860017859065e+00 5.072901124006301998e+00 2.591145182956872683e-01
7.118231090125166638e-01 1.106978142877716564e+01 5.188467204513099951e+00 1.355991995919358373e-01
8.188640108235288873e-01 7.195905658410975292e+00 5.143774953467510791e+00 1.484448761755587376e-01
5.858066414808190681e-01 5.320556674988634605e+00 4.837651993433913056e+00 5.554246816828404404e-02
7.315650260871408017e-01 8.452117889059246991e+00 5.202098748536739592e+00 3.710582298118494382e-01
9.651232009240120480e-01 6.325170363084793301e+00 5.021506763125882067e+00 1.579749308086459691e-01
9.937288919384761332e-01 5.421142270956368137e+00 4.930662271470954927e+00 2.041902021389769284e-01
8.142882115945325738e-01 4.686538311128091827e+00 4.927815030484638648e+00 1.147479438009923747e-01
8.463180621241799262e-01 6.800550298491863543e+00 5.078883249294218416e+00 1.360123743051778467e-01
7.021733707281959669e-01 5.654645541800306319e+00 4.877452903701539277e+00 3.225730275697077931e-01
9.863122334521788881e-01 8.190134000334486686e+00 5.066259353807706312e+00 9.213269807665835920e-02
8.771474724447806404e-01 6.306362115976899219e+00 4.931848279552012215e+00 2.113029998971382162e-01
7.195202225788577266e-01 6.649482140524257900e+00 5.003213747643363796e+00 1.574610554335613699e-01
7.382392297010329507e-01 8.124252461760617550e+00 4.973679897078203460e+00 8.095371940457568583e-02
1.000116983308970919e+00 4.897336798049811257e+00 5.120190365275471223e+00 2.541103241796799361e-01
1.004255307300648159e+00 3.049444161241162909e+00 4.952224711973033600e+00 2.905804191826386051e-01
7.740251449406287954e-01 7.661612576929083929e+00 5.042124686004067158e+00 7.484161822041822398e-02
6.498036949588432698e-01 5.534919004030072642e+00 5.128736575498395567e+00 2.244243929245552938e-01
9.222572739093175542e-01 4.846629285740008619e+00 5.021614282373214166e+00 3.959372236128145817e-01
6.575313243477272085e-01 7.754575710711382186e+00 5.001309692886011682e+00 2.466061929609465464e-01
8.025029667634759889e-01 7.719799201815020773e+00 5.130943415263381269e+00 1.756021964937466151e-01
1.059323683869534793e+00 4.528586216891400618e+00 5.257067299953495088e+00 2.283047590982903441e-01
9.388944986072323973e-01 7.925438415436259376e+00 5.412621353038429284e+00 4.216252675172831310e-01
5.416074482045257765e-01 9.346490434358832644e+00 4.727687619119008033e+00 1.607219681916907394e-01
8.333857347087317846e-01 8.362584326482227937e+00 4.968976976507966548e+00 2.158012083154454697e-01
7.249151902417091398e-01 7.070541960770291290e+00 5.133910035341276767e+00 4.194299952408078180e-01
6.890247433395392251e-01 6.155445366884467973e+00 5.067009354474980576e+00 1.783845883963003920e-01
8.540215379872913015e-01 3.889853588634535786e+00 4.882602357997179787e+00 1.242810963052274481e-01
7.323561691046173161e-01 7.889521077797191140e+00 4.841832077340239238e+00 1.480315899909618316e-01
7.745034011643858740e-01 1.110440555710819766e+01 4.922790449644120159e+00 7.222184041853940695e-02
1.422226463190191303e+00 4.806383019866398598e+00 5.063639863576173461e+00 1.269391959294898231e-01
9.068430528203386132e-01 5.625241717053030222e+00 4.582455459384950025e+00 2.183176442881955837e-01
6.419278912778514368e-01 8.857101496929789874e+00 4.969855047443382468e+00 1.723123103516372989e-01
8.292765223990327117e-01 7.535862277520960717e+00 5.142696077528198906e+00 1.306715047238322658e-01
7.809586540279633837e-01 1.054670604788699784e+01 4.788560806404014158e+00 3.056633303724913264e-01
9.982559600657836540e-01 4.058865199639821064e+00 5.083810882394143249e+00 2.843088016655748174e-01
6.989085035085124131e-01 3.954937094413845777e+00 4.745906567112021968e+00 1.660340459054900353e-01
8.258077760663280475e-01 6.544349445685075040e+00 5.054853110614280887e+00 2.442542245623395836e-01
6.121160827144136451e-01 7.617768432355040531e+00 4.995943352642235880e+00 2.001809286496212259e-01
9.404074527626796742e-01 7.183549166058485369e+00 4.994007125422856852e+00 2.829158411912476856e-01
