# Hierarchical MCMC downsampled to get 500 samples
# alpha, beta, mu, s
8.147661156697267870e-01 5.727233001215142671e+00 5.294450297899737201e+00 9.348072073596383480e-02
7.579531722789060177e-01 6.340914122319955659e+00 5.124368289627960316e+00 9.241546814721571246e-02
7.247062510678142777e-01 3.345479873132330084e+00 5.022179984570796840e+00 7.985300835272070297e-02
4.912644322841946409e-01 6.617376326332522929e+00 4.998158893494322186e+00 2.109385293859531996e-01
1.014833153452785908e+00 3.720895853038742374e+00 5.154551454985117687e+00 1.815861584845238352e-01
5.905866541881678033e-01 1.156322123976221050e+01 5.295228014001670758e+00 6.541481589865187629e-02
5.172918120478743331e-01 7.567331989492843469e+00 4.859365615551486606e+00 1.158589910244402776e-01
6.429890709209706845e-01 5.039809613918587061e+00 5.128316839106904723e+00 8.281429352568725477e-02
7.662495851284015780e-01 9.561514425472138257e+00 4.890222483773135842e+00 7.401101027998287230e-02
8.875551177000828851e-01 4.140227664867477841e+00 5.488161005816048821e+00 2.657528108096845476e-01
6.488523544518717268e-01 5.835007383666880543e+00 5.024463984329993416e+00 2.069378300939686555e-02
7.039017979570554306e-01 4.244800698928378857e+00 5.223289976655878242e+00 1.932111830916506123e-01
7.428860603337907875e-01 8.959052915538118000e+00 5.602727238983107760e+00 9.118669317900172933e-02
5.153384922843077254e-01 3.703957334552320013e+00 5.461119645960221369e+00 7.446655413861709427e-02
4.223016642178370472e-01 4.338063513548815919e+00 5.343199051232028651e+00 2.865722977915947656e-01
5.367316079997895839e-01 4.077101876982651696e+00 5.108057860307263276e+00 1.611329681296093108e-01
6.887154889778240863e-01 1.499308665071609781e+01 5.246775717559963859e+00 9.503801841592893207e-02
5.799527626775159428e-01 8.457795764218287715e+00 5.215622639569168939e+00 7.643689258965760680e-02
6.594522272088877424e-01 3.881242649607628881e+00 5.052192245899997047e+00 8.150052119243736404e-02
6.555165739340524933e-01 8.305805974327295615e+00 5.376114684466799076e+00 1.218400408924729117e-01
4.049683571117614345e-01 6.193538255520206093e+00 5.070353721028357796e+00 7.808653470514757833e-02
5.889960965381795255e-01 3.986977232772513702e+00 5.195491377083357953e+00 8.144923944386482650e-02
8.299514809768496759e-01 6.860019697222027091e+00 5.080296105431878040e+00 4.511282235968849114e-02
5.703641579990867960e-01 5.167907167000509006e+00 5.128109911690822642e+00 1.004172882652025200e-01
9.222194408409896127e-01 4.566257157584496795e+00 5.303936091233115491e+00 3.903926670176116609e-01
5.558698941068306310e-01 3.121446085567082029e+00 5.357969870439549531e+00 1.571883410318962726e-01
1.221053561944475119e+00 3.345656660763070001e+00 4.804178748617509598e+00 3.030802710767883101e-01
6.198406396626057191e-01 6.721256667515248751e+00 5.183034981006422903e+00 1.172281900134913984e-01
7.041064019419799314e-01 8.481255507159787044e+00 5.218408098872885148e+00 1.436922329688084254e-01
6.614783116420346332e-01 3.677765974312852570e+00 5.135745175402050222e+00 2.436028953054274471e-01
8.387672872940576951e-01 3.506754544600039658e+00 5.119394401850258625e+00 7.915679687500504214e-02
1.046266568002239383e+00 5.648290899079135841e+00 4.845993864699348563e+00 1.769166204150028066e-01
6.977346277403138064e-01 8.129282656381734640e+00 5.107194853291388448e+00 1.267936411545404762e-01
6.043755162749219201e-01 1.246628356218730538e+01 5.475387070600297612e+00 1.552277946723955027e-01
6.220219937928814780e-01 5.258588741503733566e+00 5.286432622351498800e+00 1.957600795974647756e-01
8.870628765756398693e-01 6.696690539391388697e+00 5.330624240970124994e+00 1.274897408985092850e-01
4.894118022944128343e-01 8.993232474743770410e+00 4.916901418373146093e+00 1.217753705663366937e-01
7.217687265358480042e-01 1.149002190099245446e+01 5.088834641745582310e+00 6.426971153603314169e-02
8.017539610052270005e-01 4.369481448647883681e+00 5.145606760537511981e+00 9.653928201245369489e-02
8.524877533078936143e-01 8.348088142424037628e+00 5.065619722437677552e+00 8.943866738682668127e-02
5.037181495844810231e-01 7.374249731061887303e+00 5.269686167776973740e+00 2.813561647398817867e-01
5.879676727233483780e-01 7.532212402909541638e+00 5.649580290718561493e+00 2.330285594044168573e-01
8.006291027407168581e-01 5.460392046338019334e+00 5.180026771464144808e+00 7.350813401882377862e-02
5.191101162869625751e-01 5.919969708734700298e+00 5.041661479087342634e+00 6.554813790906099946e-02
1.071469772707321466e+00 4.118139789931579919e+00 5.249897773394835987e+00 1.018680495197920449e-01
6.418386474400689101e-01 7.105088321261481710e+00 4.933263708754378030e+00 1.580254541672339863e-01
5.487758851009926220e-01 4.577512276427009752e+00 5.106435977508763102e+00 6.024947621031703782e-02
6.506832753296905025e-01 1.026183130321475900e+01 5.580690972172568820e+00 4.647722975093157016e-01
6.359523637441480970e-01 7.034188474602940389e+00 5.289595997732698507e+00 1.017312931539743337e-01
8.078950022652149343e-01 1.011711746362267839e+01 5.046466981685234110e+00 5.515949919997567563e-02
8.698186663123095297e-01 3.970468792328844199e+00 5.016511244691201910e+00 4.039338660461362640e-02
6.709457031360825940e-01 4.346472530750472352e+00 5.402421404401953176e+00 7.112906297670787414e-02
5.224697590710278838e-01 5.227483645518336886e+00 5.146323256421363901e+00 1.099785211634425747e-01
6.027124947059819826e-01 7.472471721640030040e+00 5.044384181450944915e+00 9.644627352154180877e-02
6.380073013805983573e-01 8.257786061401656497e+00 5.167805660005918789e+00 6.558305477027394359e-02
6.473783709514356888e-01 4.842024110646860002e+00 5.272048942109984537e+00 4.082678811425510118e-02
8.255393235634007620e-01 4.919964256035507688e+00 5.410151324352352908e+00 3.034803779058937168e-01
9.635949368476834920e-01 5.189812219859088138e+00 5.190119123625883901e+00 1.188643264391713306e-01
6.918790059396627834e-01 7.885725640489676280e+00 5.037943626331905733e+00 1.355798992233587241e-01
6.303759598902175521e-01 4.758541755258326234e+00 5.007617961090239156e+00 2.265048293942237279e-01
5.697282825564696784e-01 1.130411073944642020e+01 4.882526638686543130e+00 1.596274571785716023e-01
8.047507767409579627e-01 7.855779963503560559e+00 5.212780029698327766e+00 9.433303937065025402e-02
6.204869858014937511e-01 4.927033643046232925e+00 5.377868656856928276e+00 1.817829925181939643e-01
9.095287416712715123e-01 2.829156061614443995e+00 5.485624403951106842e+00 2.102405944961245887e-01
6.821650698526057210e-01 5.971682838687913275e+00 4.988049472361361758e+00 1.078964341544963040e-01
1.126337662953895258e+00 4.700599164048820278e+00 5.459842261072672009e+00 2.283912879355238235e-01
8.033061544486620464e-01 3.259241368848322828e+00 5.100325461551506123e+00 9.749063888273820644e-02
6.171889281730884580e-01 3.973465971432232902e+00 5.186624532182657177e+00 6.805637384747570406e-02
1.170716188622490828e+00 2.762686668236055354e+00 4.976030254938033082e+00 1.444790776518498077e-01
6.477311404648206095e-01 5.137459205490809921e+00 4.819171789470884093e+00 1.401828891357795315e-01
5.598835526900384219e-01 9.057097699152176773e+00 5.060003027773479545e+00 4.199468891072963284e-02
7.236902405271619099e-01 4.645203549339307791e+00 5.609543523216109051e+00 1.629796423419135332e-01
7.256908690988937982e-01 6.769603812591147296e+00 5.266936244033328052e+00 4.092790039938115632e-02
9.791714984881922934e-01 3.045739747634288896e+00 5.550688434291785711e+00 2.808744714294535982e-01
7.634253637555286076e-01 6.649789288532447884e+00 5.383494865626659021e+00 1.973139975993400685e-01
7.135555781681872656e-01 7.866342951071287004e+00 4.821606582760562532e+00 2.623518244484321915e-01
7.022903347064025636e-01 4.645233496676871354e+00 5.262399916473282424e+00 2.386195020198488836e-01
1.184581304209993080e+00 6.855923540639150993e+00 5.484063961798841369e+00 3.152091760499443618e-01
8.684344799022081229e-01 8.095411703187481933e+00 5.450311730262956900e+00 1.644448012985209873e-01
6.089225091602974427e-01 5.735000321078617347e+00 5.100086795791401784e+00 1.278942674679589275e-01
8.123814251704080114e-01 3.734074559612592381e+00 5.055674455115291899e+00 1.303914331724197184e-01
7.505805923247518274e-01 6.464553008038418369e+00 5.071726270630102285e+00 9.932290963521779592e-02
7.239869102204887774e-01 7.326313991484490806e+00 5.161979841240679434e+00 1.606806351631278884e-01
5.259062273060012282e-01 7.863987356660455674e+00 4.932545377098234596e+00 1.389351800229029765e-01
7.740735353550290965e-01 4.370416863732767609e+00 5.332598980823517465e+00 1.566149494000838305e-01
7.313980498118692886e-01 6.238200280804548470e+00 5.253642374209054999e+00 3.143600574864012787e-01
5.970229406754602453e-01 5.642344487082643134e+00 5.303038543580981035e+00 2.647019317529178406e-01
7.539258399710163649e-01 7.681573919536241135e+00 5.406084142475173770e+00 1.237890604572225994e-01
8.096070182989739683e-01 9.504190962343733062e+00 5.447146637481349529e+00 1.795787768730126299e-01
6.915660461653732050e-01 3.636344894520528115e+00 5.230300985695514271e+00 1.342230145671301222e-01
8.282459011335179255e-01 1.253928015158793308e+01 5.343730467413585927e+00 1.321937872979331297e-01
6.169399156764205916e-01 5.528621855099491000e+00 4.820910038334473846e+00 1.878851441116276555e-01
9.175362852812053438e-01 9.380353912324878252e+00 5.247830985294690720e+00 1.803570449606248793e-01
6.550416041988688098e-01 7.364924819707810322e+00 5.176441349460287000e+00 1.659991969093172759e-01
9.607419648006925161e-01 9.885655920014981390e+00 5.144672677188343535e+00 3.315133383969032232e-02
7.687424722965815471e-01 7.960459136201706976e+00 5.260286661508380313e+00 8.791641572263375615e-02
1.106934825754026130e+00 5.670415342532312053e+00 5.393336624510059352e+00 5.394698043866094084e-01
1.043934500243825836e+00 4.403823291032293419e+00 5.055178738001397498e+00 1.057385945157038182e-01
6.460098494030146465e-01 5.610896180277323175e+00 5.077672828595824583e+00 1.107996894123314535e-01
6.847261183557404873e-01 4.399658833709930050e+00 5.176085841657902975e+00 5.553897090308271972e-02
9.533795653665593228e-01 2.942509091750174832e+00 5.246730042807002725e+00 8.720019498319075968e-02
6.314544126686060244e-01 6.694742198961834312e+00 5.178986036432085882e+00 5.440911461080198686e-02
6.291019249305749295e-01 1.441954805119358163e+01 5.455662261209048403e+00 3.018010278018056214e-01
7.528019003456603020e-01 5.135357187257656442e+00 5.342753740818618091e+00 3.444946784878186868e-02
6.160634070652508676e-01 8.502697218896059894e+00 5.266194773197790724e+00 2.119302837075103252e-01
5.435255363185351740e-01 6.197387104577013694e+00 5.041303786691166522e+00 2.579553997164976131e-01
5.305707299423797485e-01 3.958482909039662268e+00 5.207378876919855237e+00 9.217702291969899486e-02
6.674381992830165089e-01 8.859919071475928831e+00 5.214265561824581674e+00 1.656757216524005760e-01
7.832941686504730772e-01 4.685366109133610735e+00 4.792317671900486076e+00 4.011949156726387633e-01
6.463575970374462187e-01 6.826984483176554264e+00 5.114484224161182091e+00 9.139733468454419585e-02
7.309076634348080637e-01 6.600573647313715320e+00 5.151306736495855354e+00 1.346999806821195522e-01
9.406541543388338145e-01 4.550101208050715051e+00 5.247446382608248250e+00 8.591106372846177286e-02
6.831734235783263331e-01 9.375207736368613709e+00 5.097127876170533867e+00 3.919991791064911940e-02
7.373928897346667677e-01 5.521349976890241429e+00 5.043740827267259696e+00 1.235256393432430516e-01
6.624784605827851447e-01 4.270581382814666149e+00 5.037616139344496702e+00 9.508968144576609993e-02
5.663621414966664158e-01 6.623917436517839263e+00 5.043189528204123029e+00 1.306450135325170070e-01
5.144378062395694728e-01 1.288775744847099602e+01 5.028442466279697598e+00 1.648935258783273683e-01
7.481258242846476891e-01 1.071524899403278575e+01 5.413542376038209980e+00 1.912529683995282392e-01
5.942218940529009341e-01 4.701636264726399617e+00 5.106699576328730394e+00 6.671021841587743140e-02
1.003163164019768239e+00 7.418075103515683999e+00 5.409061372381801291e+00 1.486533818467001555e-01
5.517288346323323545e-01 1.232056867550933887e+01 5.179914112316414077e+00 8.644861746544994785e-02
5.693245793687422562e-01 6.263152988205976435e+00 5.144002882605192006e+00 2.522471521774242165e-01
6.209067185548096113e-01 3.959539307714858847e+00 5.050539292764156585e+00 2.076056799444391809e-01
6.556005130242428258e-01 1.113482881604505437e+01 5.064213999382141118e+00 2.476801706863372005e-02
7.911695993802214666e-01 9.195372315553779430e+00 5.205795038068337988e+00 7.814656582970946896e-02
4.782872240121516239e-01 4.640176100351259159e+00 5.006843087609044396e+00 7.288922465007746654e-02
6.990217006020564838e-01 9.694792951891630040e+00 5.284867934132388534e+00 9.312836424877979358e-02
5.595536454268796867e-01 6.242827020889146539e+00 5.200728497342230305e+00 1.747990263583141801e-01
4.423825713432320561e-01 7.905919177522676478e+00 5.080016386809278472e+00 1.157005397313367462e-01
8.388887279708306943e-01 4.104102889617792016e+00 4.908055662364404270e+00 1.435387465937439655e-01
6.647286013808892946e-01 7.655378938293905478e+00 5.255300090326921136e+00 2.986957934357074018e-01
9.398550087152588439e-01 4.559739162921657041e+00 5.144076559786610048e+00 1.908402623025110267e-01
6.159912020826054935e-01 6.292991959675872771e+00 5.282368253923586110e+00 2.387294728532579347e-01
1.023826202061409729e+00 4.414666986989364439e+00 5.167112259605248781e+00 3.104036820143329378e-01
6.727154007985839401e-01 5.245667897773182986e+00 5.349663444875946361e+00 1.844262190715857952e-01
8.544985604711934357e-01 6.906732259144491515e+00 4.515944060204562405e+00 3.086371541514292272e-01
7.297150762454457373e-01 6.613184885888450104e+00 5.068875730194473128e+00 2.395518195903880154e-01
9.814363321015344699e-01 5.293574656672940471e+00 5.354123864168554903e+00 1.389505149211644197e-01
7.946549754279661482e-01 6.927550709305585031e+00 5.091373277100468719e+00 4.492403516241797456e-01
7.890373190220342225e-01 1.003118128051717051e+01 5.184300504240858309e+00 1.200639075896021424e-01
6.598218105452393623e-01 6.928737756007960158e+00 4.893572589588172761e+00 2.416086250478547692e-01
4.754328320100938976e-01 6.721146096450308249e+00 5.272819291732187885e+00 1.149952380876312075e-01
3.347856824510968554e-01 4.603914001668734102e+00 4.456733914742407876e+00 3.186444064240019913e-01
7.700342200405084769e-01 7.942939894150585545e+00 4.740840781850667263e+00 1.999437070851629861e-01
7.296953870388322994e-01 1.029425017526772201e+01 5.108626892475645498e+00 2.373105808089397972e-01
8.535736355145695509e-01 7.163881620703993924e+00 5.429944991021928402e+00 1.143151235342325656e-01
6.938975797084411257e-01 6.365838121396070193e+00 5.049002902378467716e+00 1.342428908892681905e-01
7.650862863988318052e-01 6.235145303838520725e+00 5.242765930662010021e+00 1.305862098058024334e-01
7.201342764930445117e-01 1.013032082282002477e+01 5.160964438107683350e+00 4.902338595320417103e-02
1.002551300229191922e+00 5.561326385540502848e+00 4.931064817080160978e+00 1.068012758190558659e-01
6.792976796529085481e-01 8.493290231679576863e+00 5.180290726899524856e+00 9.891404892438759866e-02
6.834058960742511735e-01 7.202046053375648071e+00 5.221337495071416868e+00 1.925325034896261389e-01
4.957577843745693547e-01 7.301894365977418033e+00 4.957133970267841860e+00 1.452841881712590433e-01
1.628024294245596471e+00 6.484958291524330676e+00 5.030355127847460750e+00 2.376093423494207713e-01
7.098725620830093064e-01 7.967290707118916515e+00 5.217505810621609008e+00 1.016504047870468441e-01
7.706278852357051345e-01 5.047047666688913914e+00 4.926432195925721125e+00 1.196845392128581681e-01
1.041843368521114588e+00 2.905528567274522356e+00 5.149779381577626047e+00 3.567330892332416514e-01
7.815060765653454311e-01 5.014914980789652255e+00 5.068970639126665567e+00 2.124478966301145411e-01
6.539405888928755406e-01 8.674258979940386638e+00 5.230037925325539128e+00 4.794565625756765093e-02
6.604208140011779138e-01 8.427809358484442015e+00 5.135274269073002884e+00 1.819443265358141881e-01
9.778977660735052035e-01 4.166267374453799022e+00 5.280170159560356957e+00 1.102797960867954730e-01
7.148613508875700795e-01 7.422517501220723624e+00 4.918001904885353603e+00 4.311065133921263004e-01
7.823145677081204674e-01 5.251063975666924399e+00 5.208976905725909212e+00 1.220530564021947706e-01
6.533097265975315038e-01 9.897816571643561545e+00 5.289674514481300882e+00 9.505712550483025325e-02
6.747476815154922480e-01 7.824918249576745310e+00 5.222904269774078401e+00 1.425447948139880461e-01
5.770886239437649223e-01 1.030535998012769916e+01 5.152245433440485911e+00 9.045608659875682689e-02
7.791137939674223079e-01 7.696375748175671383e+00 4.996739377913600677e+00 1.411566030505337632e-01
9.317880611216764475e-01 4.289084401011145964e+00 5.257964689660126645e+00 1.782908154233819320e-01
5.831086661918583047e-01 4.993692601170270251e+00 5.078228149028939598e+00 8.741618368330578148e-02
6.605586399593713631e-01 6.244936140583879691e+00 4.697867070649826893e+00 2.528757843260419635e-01
9.136141321719889463e-01 6.463761248541485926e+00 5.221267198331884352e+00 8.459906514945837730e-02
8.500205347981417692e-01 6.516046931798102904e+00 5.058071191871773564e+00 2.616624266556310530e-01
6.327156691390286580e-01 8.871240132413676704e+00 4.698716604536120833e+00 3.739500296946424718e-01
7.406310048463526918e-01 7.966107412814036337e+00 4.999809835251603829e+00 1.649846828307487134e-01
5.780131480426267121e-01 8.130196634113886489e+00 5.032531872120133976e+00 6.830369572385878996e-02
7.101421514823965664e-01 8.021486425528372877e+00 5.223355732936750151e+00 9.098647786190597331e-02
6.301418770730367047e-01 1.191609623242287519e+01 5.144498035722093299e+00 5.516310787658687542e-02
1.367878931301676815e+00 9.687848243997356334e+00 5.738284306744168894e+00 2.765243799617681519e-01
8.436997249479912808e-01 5.548078526545086930e+00 5.406886078807392693e+00 9.860319816035242879e-02
1.054151420842893039e+00 4.355794464535327037e+00 5.098839427476515418e+00 3.102206883893431355e-01
7.452732294060882001e-01 4.735627840314398540e+00 5.245667833857051043e+00 1.234298653446209010e-01
8.127344917853819295e-01 6.822889924446346122e+00 5.227104674824061270e+00 1.705653463805087422e-02
6.705762652836464444e-01 7.956962055270061285e+00 5.085304696759884280e+00 6.411355755401521028e-02
6.702281826242449947e-01 5.214386596607316626e+00 5.213452019308678409e+00 5.798448421675190395e-02
8.869311564726470865e-01 4.275583840813845349e+00 4.959150366708510838e+00 1.472182602204484547e-01
8.344513606637818937e-01 6.764883000032791749e+00 5.196565961069251394e+00 1.060192657372235892e-01
8.623937886432938571e-01 4.716356845903095341e+00 5.191574528861533366e+00 7.003791435427120238e-02
6.591267996188363565e-01 4.727571956829697442e+00 5.312254028623484281e+00 1.644962097923856614e-01
6.101546020808881199e-01 5.179331488281395224e+00 5.243436113256397135e+00 1.909293911351593320e-01
6.636715885592170405e-01 8.027104973640595276e+00 5.155331475041348810e+00 2.008933428165838309e-01
8.034544862841418444e-01 3.894961106841906773e+00 5.242971129063250579e+00 1.856359617919115246e-01
8.171993246272731826e-01 8.385558428256794983e+00 5.251053182662795749e+00 1.022616661639157432e-01
7.131420825764038796e-01 8.920624266172238137e+00 5.195268104577674073e+00 1.550666452543495999e-01
4.556649129983086910e-01 6.237043489657206230e+00 5.118261547327619176e+00 7.278773060703591646e-02
9.416064514675125396e-01 6.627524767065819944e+00 4.908866389429774379e+00 2.319532238266952817e-01
9.485105438620223817e-01 5.803141669727833296e+00 5.132922246597643401e+00 4.812516222219241635e-02
5.964500322228047935e-01 4.119946060572348578e+00 4.832327329064550092e+00 2.377907942133922758e-01
7.173283200309090724e-01 4.626469122921132104e+00 5.286373133153731807e+00 2.076163983023570636e-01
5.706056557467765744e-01 1.148931762723355199e+01 5.152641474541582056e+00 7.607318070716762026e-02
7.701954491448547158e-01 7.620539155634318718e+00 5.218054949739531878e+00 8.039267146880528514e-02
9.725898829765887710e-01 6.452196325790657383e+00 5.328072155073993343e+00 2.433451816029280068e-01
7.904421207401192140e-01 1.175661356778456756e+01 5.193968515984632717e+00 4.855109727749708226e-02
7.632741261766884389e-01 1.215405013827684400e+01 5.250277408841498072e+00 1.868757368586634049e-01
5.512701265724554434e-01 8.680035728771695602e+00 5.037764754981211901e+00 7.256211909033477570e-02
8.477691818184146522e-01 7.406561885419117530e+00 5.204030096294555818e+00 1.147993280714414421e-01
5.504388425412692909e-01 8.614808519239744555e+00 4.990448471508516448e+00 1.557226157377094578e-01
6.531898709897653310e-01 8.330583768409269396e+00 5.276299063456427518e+00 8.055476540778874761e-02
7.910811461267546196e-01 5.479584503888766278e+00 5.177548494728195116e+00 2.540755399545445714e-01
9.891154570595600548e-01 5.276938112428796401e+00 5.127166761584740939e+00 2.290624497488426003e-01
7.043329514630585209e-01 5.692693485926254127e+00 5.429965949648106971e+00 1.978758930260673954e-01
6.272553897537145318e-01 7.349420227630806934e+00 5.260605399343323718e+00 8.899323329747467481e-02
6.319883514781441392e-01 3.247378591230386746e+00 5.107855767425679261e+00 8.864359243844645297e-02
7.410222750905047784e-01 4.513395305152192449e+00 5.285912110889104731e+00 1.543099819089929492e-01
6.418493551390836993e-01 1.067440603742856808e+01 5.111526875903088296e+00 1.367136398755114945e-01
8.335918903497041565e-01 3.388455208157017395e+00 5.465873232168484641e+00 2.246263150837792544e-01
8.030947253319696832e-01 6.040500941855098560e+00 5.174809545382656140e+00 1.209365928022607395e-01
8.225118045697430436e-01 5.970735327076868160e+00 5.499515196616536095e+00 1.393920854453432057e-01
6.462548294684642425e-01 6.935289125407171795e+00 5.059974400711126918e+00 1.789996684473221245e-01
6.223309633695905951e-01 5.762638082108018978e+00 5.409218485948732891e+00 1.074054744174917364e-01
5.421812729708848089e-01 9.119143649346979075e+00 4.971268348207258825e+00 1.190495495636106071e-01
1.325139646506370728e+00 2.383570628810623315e+00 5.058325398429942332e+00 7.022506948323595233e-02
6.956230112108305885e-01 9.959114199461925665e+00 5.166507296189835508e+00 1.927112389247576940e-01
7.122859947113457935e-01 3.605048165287182638e+00 5.045161681854077429e+00 1.136615893795586973e-01
7.337962134495483735e-01 5.872315623943320517e+00 5.144259371312469575e+00 6.210693357358090805e-02
7.520646671253213844e-01 6.767977142884576303e+00 5.105220955159812668e+00 7.175751778246639012e-02
6.958198130572941231e-01 6.320406539617479780e+00 5.085436411088326558e+00 1.499002778610785680e-01
6.481681352874926194e-01 7.826761804598322492e+00 5.014076360105959473e+00 1.730266879285059234e-01
8.255831304260099479e-01 5.816014456672762734e+00 5.515259883771609140e+00 8.389417433245824340e-02
7.752224658323907391e-01 4.553187977905010619e+00 5.280929095053555677e+00 2.007328973595356725e-01
7.153853387791384577e-01 5.729134421331519178e+00 5.518119502713721758e+00 1.435860067755440617e-01
5.660388954931725447e-01 4.192878262241470644e+00 5.178499710794101318e+00 1.180737346393825604e-01
6.691744417533267431e-01 9.156841184594380678e+00 4.892771846691800874e+00 1.315047034538538995e-01
6.536510483212010225e-01 7.617220489017650920e+00 5.237060792575698009e+00 4.964534514708363044e-02
6.506788449153542153e-01 6.243366283815257489e+00 5.692822499851584617e+00 1.745175515407815237e-01
8.949336286968941900e-01 7.670814973106853785e+00 5.244617522255572872e+00 1.712788397593985878e-01
7.352485645609524445e-01 6.918181308894669534e+00 5.274436327542928460e+00 6.282764640714437465e-02
7.106520916760556972e-01 7.591988338076089526e+00 5.371034327487868687e+00 1.531239350099487806e-01
5.658975056517520086e-01 3.173619722070531779e+00 4.808585280642365234e+00 6.116352438896050653e-02
1.086820541574901489e+00 6.431157535974785233e+00 5.324530935824393296e+00 1.118960365853921973e-01
8.526623722974526753e-01 3.762231933331925848e+00 5.299270648585653554e+00 1.187427931640755024e-01
7.335616192822500548e-01 5.906486134318928549e+00 5.232118892643603303e+00 1.797464067596605264e-01
8.484241249735950952e-01 3.148457688519652020e+00 5.371448736302953719e+00 1.768551052062873608e-01
8.837858451101342494e-01 4.751182948011118512e+00 5.055237481671271738e+00 1.847013181802669712e-01
8.496237379868766260e-01 4.819413322971092484e+00 5.144658549375896506e+00 1.117357267405554855e-01
8.608323759111961015e-01 4.709942266824141299e+00 5.159167287550748604e+00 1.793120984043346522e-01
6.926884359946444691e-01 6.602551463118457420e+00 5.241515921677650347e+00 1.314127692412567217e-01
1.061277146591606213e+00 9.987980151995545341e+00 5.113792933958338338e+00 6.821610387865091607e-02
5.508805505045524242e-01 4.236952621647306572e+00 5.246712152905915971e+00 1.757529662991852981e-01
6.803276975847143415e-01 7.309421500189507093e+00 5.160979456975248070e+00 2.343431269679623896e-01
5.733602124405382527e-01 4.338775585931337275e+00 4.895451185026099772e+00 6.643291612432068727e-02
8.514710812304477905e-01 7.002419781484223726e+00 5.236446549470990419e+00 1.288129705318525331e-01
9.566678484985869924e-01 3.198915903175017839e+00 5.330362794125646175e+00 5.171595739319008178e-01
6.899025954276177819e-01 8.496498996056493169e+00 5.091673828446221961e+00 1.770957521704879523e-01
4.841566564853816423e-01 7.475050642744751173e+00 5.113834436070755274e+00 1.523297586236668499e-01
9.253373095793547831e-01 5.695904334418054660e+00 5.238139147132926610e+00 8.713415495231066621e-02
1.396073961891607818e+00 3.456250945349055304e+00 5.115794023543704938e+00 1.391839438242813975e-01
7.321613294226112512e-01 4.037502608082655264e+00 5.464847484342705286e+00 1.148800412409257538e-01
5.054265021894180920e-01 4.351173980610779424e+00 5.236766175726617512e+00 2.831266521199752861e-01
8.140486781536859784e-01 4.323480921305538516e+00 5.165573030441400704e+00 5.305169350253466365e-02
5.942816054813656601e-01 4.225584651026244032e+00 5.125753365132719175e+00 7.174343019129857113e-02
5.380065974551939689e-01 5.679861702120412303e+00 4.869025177052948905e+00 1.053732261668816478e-01
5.747020513347456117e-01 6.989857070491679814e+00 4.855405353675497970e+00 4.007977734341852116e-01
8.364626615441151936e-01 4.219203838757134228e+00 5.090163901951961556e+00 9.042696735613313386e-02
1.010273534461382461e+00 3.994845988339281284e+00 5.211656660579224720e+00 2.078747338419174584e-01
5.586279533097302519e-01 3.406810190423438911e+00 5.146062486222664489e+00 2.816014664465265604e-01
8.752812488626883214e-01 3.486123596160652038e+00 5.045000153886688210e+00 1.607497320965460275e-01
8.684111407359540458e-01 5.975394156368621701e+00 4.963084588013685128e+00 3.150285978957668709e-01
5.955949451345172729e-01 4.097950775244140864e+00 5.147507405920055845e+00 2.700850933276692789e-01
4.235293986169443858e-01 8.333389875771031186e+00 5.238476204689288984e+00 7.181494977782555689e-02
6.245103525149884316e-01 6.955970227881641321e+00 5.166969481131702402e+00 1.512097841643299800e-01
8.278139797201421457e-01 7.003854887547811714e+00 5.017179489497835654e+00 7.778881965042078184e-02
6.004459461560649469e-01 5.233892710736864018e+00 5.478740295805160976e+00 9.361442844303727306e-02
7.568297631186428065e-01 7.425242560180513429e+00 5.117195015101881239e+00 1.978508015251930208e-01
6.153866118348305658e-01 1.102251639663690774e+01 5.245966305248426664e+00 1.835686842740777425e-01
9.345867808007720656e-01 6.358261313642002754e+00 5.018856017857668661e+00 1.262780080645814484e-01
7.984589441754235128e-01 7.670994115880148456e+00 5.419472392548200901e+00 6.892358079074789590e-02
6.603738040635345197e-01 4.898866972341323844e+00 5.160806429327562839e+00 1.272671760997696189e-01
9.686631590035073014e-01 9.371248991299900410e+00 5.217931630394400777e+00 2.259226257792377318e-02
5.549788504397149547e-01 1.150712817334445504e+01 5.253693845455647882e+00 5.116313739239108926e-02
5.637005207851529809e-01 7.213597959957512629e+00 5.348397074484620539e+00 2.319032342063896412e-01
5.471414614971830126e-01 8.942771541048564643e+00 5.125125247614835011e+00 5.815824819363188403e-02
7.803624161852423802e-01 3.524797423875988045e+00 5.282247340967349380e+00 3.063593533128684543e-01
5.305070167152944327e-01 8.346712451322609638e+00 5.022974621691102648e+00 1.382656853385461349e-01
7.582653980865398102e-01 4.063533242558624359e+00 5.478067029025320167e+00 3.129385730258057996e-01
6.786774219177422740e-01 1.127195193956551122e+01 5.130736536826816518e+00 8.048112766892454029e-02
8.394111032090895153e-01 7.268124481487064692e+00 5.107897123724731259e+00 2.262212832383429795e-01
6.816865566425307499e-01 9.432133218331632207e+00 4.843613222908542681e+00 1.809985619506356280e-01
7.137739075788240850e-01 1.061951565799893160e+01 5.077911983710106547e+00 9.943919031941576836e-02
1.278709605805375293e+00 3.725543390632415797e+00 5.170764043223386786e+00 6.933767553617080359e-02
6.376989339388958733e-01 7.628662845082883059e+00 4.971001256727134887e+00 2.645337589242819920e-01
4.914252595478995067e-01 6.992788949720141645e+00 5.024292166877094346e+00 9.265491597759714648e-02
7.130544021488592898e-01 3.014589506017254728e+00 5.090469919719901704e+00 1.511004233535394869e-01
6.829567101345339619e-01 8.413232072540889561e+00 5.052345569149397697e+00 8.723705439094160685e-02
9.310329176987521826e-01 4.586492001910777994e+00 5.252534714198819898e+00 4.550739068018090638e-02
6.310002952434178303e-01 1.479110492953314626e+01 5.536567119527957992e+00 1.607317915076728887e-01
6.041460252322146118e-01 3.742564238007569877e+00 5.023211626285676523e+00 1.481017605784548663e-01
7.932103674886199496e-01 3.320315946384145622e+00 5.473580775850749092e+00 2.269516477779351393e-01
7.938888132090249350e-01 7.925202225353934260e+00 5.393780261379045093e+00 3.139547230387784160e-01
7.341390185778778887e-01 7.867048749158531251e+00 5.210828280316528449e+00 8.824922436251943225e-02
6.031293832764181850e-01 5.657234271086291066e+00 5.158683767466444969e+00 1.878372352207600127e-01
5.771280368552446083e-01 7.585418111522731266e+00 5.052801557784963649e+00 8.848164979801453889e-02
8.240633259951595235e-01 6.254461393886115772e+00 5.003643985049829546e+00 2.072678673412158001e-01
5.886594280669041890e-01 6.089508640289619912e+00 5.374298545524517579e+00 1.403109354027544942e-01
7.481756749233918757e-01 1.094781482985208498e+01 4.889853713370853505e+00 1.729848185281633588e-01
1.039503182930002989e+00 4.073310716585583080e+00 5.258557866929465696e+00 6.041101489240881250e-02
6.690029554187851835e-01 6.328837068105134023e+00 5.186222602385544000e+00 9.207062914254472707e-02
6.887218608470572212e-01 4.920352563249518418e+00 5.242175684086595844e+00 1.615989843078443622e-01
6.361552063488219444e-01 8.223153549762361791e+00 5.429692896126675272e+00 6.298717292372713050e-02
7.775578285869283457e-01 7.321562945815906609e+00 5.216659590330090523e+00 1.007767446309904696e-01
7.294611855476582640e-01 7.029607552545980020e+00 5.244194666602190580e+00 1.069790404275101914e-01
7.190919176458713258e-01 8.494694686963521590e+00 4.914519953623177173e+00 1.443664204382695548e-01
6.049080631524565987e-01 1.090067216763716651e+01 5.308285312004463741e+00 8.032630587966323177e-02
7.286381373559457364e-01 4.930955864935006261e+00 5.189893984958514395e+00 1.405374875977918603e-01
6.449870764241543153e-01 1.068768766502776479e+01 5.146138017735323977e+00 5.068928960713171838e-02
7.172246173031625593e-01 8.288343938905558872e+00 5.299688282404664719e+00 1.515527627211348538e-01
6.219327050753130637e-01 6.787496323202989679e+00 5.235387745954974470e+00 5.534791720976596496e-02
6.168548480268010170e-01 4.943885633913313704e+00 5.043013619186283769e+00 1.434041013984338475e-01
6.365125287835617929e-01 6.516781405204321587e+00 5.157439193464553817e+00 5.328766831161824147e-02
6.375595547515373607e-01 5.031561531377949592e+00 4.997341762520432162e+00 1.686432523123393146e-01
6.511383189988089182e-01 5.421198433941383676e+00 5.201606372041632120e+00 3.094454579763534774e-01
8.647143809948762971e-01 5.424756948488828279e+00 5.008968019405559247e+00 8.931061584071200987e-02
7.539724169242476570e-01 5.490084868998926559e+00 5.268809512994252486e+00 1.781813515220787292e-01
7.057887396939792612e-01 5.004825508348515584e+00 5.091604074605819541e+00 9.938177432093295294e-02
7.705465469613954621e-01 4.189318571353397580e+00 5.299032069189228089e+00 6.928010415442135972e-02
9.452921039773777290e-01 2.396683669573238973e+00 4.699304652392986448e+00 2.446917169530739566e-01
9.823292307358332254e-01 1.079069066049675740e+01 5.395381470293423298e+00 1.252792338973071906e-01
7.068957839401299736e-01 3.680526613043079820e+00 5.090259303849592243e+00 5.825879440574767421e-02
1.129203972414935198e+00 7.250346488883065987e+00 5.598803832832006222e+00 1.213158607806917033e-01
7.901335219639648022e-01 9.183353024370230600e+00 4.982913558660766462e+00 2.304004202083222708e-01
7.299278061693581510e-01 7.794586251596968829e+00 5.279377464597392766e+00 3.307633066330104010e-01
5.179056814593410163e-01 4.649625023082222697e+00 5.153846881881591457e+00 4.397844111911694553e-02
7.330224087803615118e-01 7.158893548121029404e+00 5.035493975257180566e+00 1.101864048350864600e-01
5.760687343620097822e-01 1.273732717211220766e+01 5.181565488125836616e+00 1.268136183479022794e-01
9.236279415449965002e-01 7.566078143735317951e+00 5.298845046397247849e+00 1.267278882351725589e-01
5.451008492352511503e-01 6.148352874499753540e+00 5.239257879163978338e+00 1.457864007205519202e-02
6.556129519883536760e-01 8.910356694375003883e+00 5.052736720119118452e+00 1.222999873594748654e-01
7.340551262818251210e-01 4.379283676771580147e+00 5.415302880164357902e+00 2.113429867229846826e-01
5.425655103027150483e-01 4.424414322340594730e+00 5.248280597340284181e+00 1.563385141080960994e-01
8.922035359676644406e-01 6.050096957085060900e+00 4.582169340242827182e+00 2.722543877167877824e-01
9.359801445008009146e-01 4.361763405076636069e+00 5.171887990216546882e+00 2.178117937199972598e-01
9.665000597213480038e-01 3.529004422298241739e+00 5.048051067028234584e+00 1.483128175791583181e-01
8.596091570484245548e-01 5.549046257428587481e+00 5.353467388686916628e+00 3.079189962754622090e-01
7.208476870130008374e-01 3.904935961537419509e+00 5.184383635780031696e+00 1.604484199554946922e-01
7.654241688140220878e-01 6.825847311691262576e+00 4.991350542049162620e+00 7.589811759043703365e-02
1.093291724917373253e+00 5.615552255577923368e+00 5.129903730394279826e+00 1.314008505817792216e-01
7.502334905028853473e-01 1.446841643416349754e+01 5.146922899039235055e+00 2.038631565574016979e-01
8.065528632856615587e-01 6.804520450429574652e+00 5.134991983430627904e+00 2.065037358880113527e-01
1.264095766243449770e+00 2.358054725142554542e+00 5.694772175516160218e+00 2.298749921922123851e-01
8.910669356009947029e-01 7.579224756770288174e+00 5.186397885673163621e+00 2.184331584614490618e-01
7.323864481241085800e-01 3.550120180236034706e+00 5.373499758463957221e+00 2.012649842332181749e-01
1.027315473218774589e+00 3.620949957709492573e+00 5.218787667999908564e+00 3.173656952836471229e-02
5.541711395061420520e-01 5.928807133839224086e+00 5.228506741356534704e+00 3.963104401033374496e-02
6.485840511566721700e-01 4.880806808490032012e+00 6.067402836898855512e+00 3.217244814771568207e-01
8.430335785925004988e-01 9.684673485841237550e+00 4.807118720115562738e+00 1.332700175204661608e-01
7.854744424937426528e-01 7.687790208952677951e+00 5.114059138482634381e+00 4.609905631349561772e-02
6.182302144153470902e-01 8.504187153639138685e+00 4.872091134108718968e+00 2.501738189965630466e-01
1.030444136373090958e+00 5.281441607734601362e+00 5.219519602051948759e+00 8.671285959369834373e-02
7.419883489329899273e-01 3.796112662701893292e+00 5.050656312999468156e+00 1.787869807262127408e-01
7.400539530014135225e-01 1.367887187281820083e+01 5.508668170391213259e+00 8.940800066299676996e-02
5.810990903682063946e-01 4.220703789303525966e+00 5.127385224149938026e+00 1.711055103115852183e-01
7.783414355059956602e-01 3.387362324827722926e+00 5.198492646251756000e+00 1.052617339419804482e-01
6.935641341994979170e-01 6.209861069486310114e+00 5.161740206803995257e+00 1.356046572507814130e-01
7.514118928692711252e-01 6.239531518886614947e+00 5.343804795678608777e+00 1.788181600925112524e-01
9.618770395862148437e-01 3.958597720688737720e+00 5.406396377826125921e+00 1.264594360307687015e-01
5.881519724439352448e-01 5.691842385588000042e+00 5.425915371386521358e+00 1.585437038201173432e-01
5.710284164151718800e-01 6.430820255403483010e+00 5.073871623631832861e+00 4.771287280183352658e-02
6.775079619530925967e-01 6.467563750073720641e+00 5.168679373960003431e+00 1.195705720131460953e-01
7.589320830766158599e-01 4.813721236467778830e+00 5.443361599755528246e+00 2.612329320544992117e-01
6.628968864337633216e-01 3.557891883491115959e+00 5.212303256545845365e+00 2.601450287818023455e-01
5.692511734308113303e-01 1.028847731797086240e+01 5.177258287243638790e+00 1.732673399663106073e-01
8.963489766900252231e-01 8.729919233496787001e+00 4.940240429040222203e+00 2.589632738235445597e-01
6.727158133392252548e-01 5.360519682386181373e+00 5.346989117493884613e+00 1.701745172341429246e-01
8.491926590292477872e-01 8.459285259980962479e+00 5.382749953552386835e+00 2.417265192575466515e-01
8.121668922365183896e-01 6.404814463837059435e+00 5.274809262955057143e+00 1.325333456723554737e-01
6.476881507027969498e-01 9.960188465645162026e+00 5.277394606508901909e+00 9.506782520648321411e-02
5.510270467340651068e-01 3.662580898789064676e+00 5.578779570521457565e+00 1.640415114557460807e-01
7.302007219437399721e-01 7.725445148591773226e+00 5.307636532780799499e+00 1.374302152009940214e-01
1.067822827312352452e+00 4.563924933947504314e+00 5.081641941231616499e+00 1.483542380882529321e-01
4.730457615270532989e-01 7.255178942339057357e+00 5.217171114040578317e+00 1.734941837720221924e-01
6.457977810889048431e-01 4.546394945960959610e+00 5.129925049783831348e+00 2.400241510839531134e-01
4.106913269988692883e-01 6.558842786745401554e+00 4.720835465779614992e+00 1.454600317218082139e-01
5.932590939458401991e-01 5.644643938119215498e+00 5.168579585893080086e+00 2.303619157019434205e-01
8.385958052711790511e-01 1.291314436144192790e+01 5.075885676481132869e+00 7.300224338504909816e-02
7.071317152170927267e-01 6.180331117221244952e+00 5.345505712354064798e+00 2.520981561822519534e-01
8.340640171941068326e-01 4.486478818499668897e+00 5.198921304857496928e+00 1.820964099285192206e-01
5.698686001814710078e-01 7.872945193674337538e+00 5.193592229525764381e+00 2.040314741497409046e-01
9.060227513710669145e-01 5.284529010539037230e+00 5.225474551501618770e+00 1.593252685509048416e-01
8.626742647013779797e-01 5.829375186512733009e+00 5.172091276645493174e+00 7.382143793779474827e-02
7.190078598178519798e-01 6.610433905005009159e+00 5.233539862804066800e+00 8.166484968451771798e-02
5.746905545579417129e-01 7.889740864335424320e+00 5.224296884705761812e+00 2.177717781974567168e-01
8.976306128288200625e-01 5.327600418199775589e+00 5.079254219066433151e+00 1.918681232477504883e-01
1.002551300229191922e+00 5.561326385540502848e+00 4.931064817080160978e+00 1.068012758190558659e-01
4.908046284925483560e-01 6.811752655913899446e+00 4.774842700590949285e+00 5.076997933647467431e-02
7.243600976096012944e-01 5.034952911098853789e+00 5.449480285298464288e+00 1.050137489934114543e-01
6.681502742351053126e-01 9.562218132654292546e+00 5.084116473842631656e+00 9.950231247228216724e-02
8.256334274384672378e-01 7.935121953114286697e+00 5.046517097082372949e+00 1.641827098964226961e-01
7.581712625135637040e-01 8.951605331681205868e+00 5.343146613848452908e+00 1.275624227055694448e-01
1.088431514868263950e+00 4.638324566595415810e+00 4.916388188399311687e+00 9.199356692328294893e-02
5.706190285834272791e-01 5.332955973571857911e+00 5.267645967302310162e+00 1.049700303549742642e-01
6.407259259032859200e-01 9.471934114579966035e+00 5.129257779400500539e+00 3.594082057091599336e-02
7.045086076228874727e-01 6.337074173618240103e+00 5.215708635991074260e+00 5.809853259203023867e-02
8.529461975399053042e-01 6.949914945211470574e+00 4.769882539536101085e+00 3.023206615149199306e-01
8.483712510543126584e-01 4.539841702424735281e+00 5.138096762275863760e+00 7.126460447197366377e-02
6.291673480503466864e-01 2.580845567352411329e+00 5.294714607742439405e+00 3.134497344768281679e-01
6.865175326027567193e-01 5.972026597757939648e+00 4.762289004253934088e+00 1.817902287422869800e-01
1.068140091477266962e+00 4.844454285544585126e+00 5.036722571358388301e+00 9.187743641151624452e-02
5.461375841975701917e-01 5.056836541730992174e+00 5.256283845636024132e+00 1.494064482936812988e-01
6.491550329864508306e-01 3.848899520646341443e+00 5.488084662112586720e+00 1.856741680718397292e-01
4.942540271567810728e-01 4.293627188629933755e+00 5.093898076408863496e+00 2.535919645522192178e-01
9.107546417489468249e-01 4.086517234895646666e+00 5.126698534728969747e+00 7.384032903375464807e-02
7.324465795577397298e-01 2.452516998927181113e+00 5.093021335709148723e+00 2.845167877848988058e-01
9.055085989261441037e-01 3.890168824057088415e+00 5.381438777173000787e+00 8.184947642539319723e-02
9.443314160353443176e-01 6.069423104976626959e+00 4.960227577067091609e+00 1.122673993154320038e-01
8.099801214568185248e-01 3.065335430635896863e+00 5.161568206500312783e+00 1.748394301424489317e-01
6.682481429821112151e-01 6.989721447732885728e+00 4.955391867810601703e+00 2.720972807326880738e-01
5.254436675305939053e-01 3.646675572016824241e+00 5.150461983176558789e+00 1.495886555686481711e-01
1.066509926345541093e+00 5.064320988001367319e+00 5.424475030012622767e+00 1.195935246037848759e-01
5.649394186000196161e-01 5.077949951422692010e+00 5.252992604945004196e+00 1.424556959839863857e-01
7.212557101872818510e-01 3.698792485445889788e+00 6.590523414226016286e+00 4.955077051674082189e-01
7.450745868755485057e-01 5.260349927916429635e+00 5.259900606075504470e+00 2.548872361532173447e-01
7.535592057140489963e-01 1.046256277917615130e+01 5.266180263549881779e+00 9.113695952827521873e-02
5.868245376721764606e-01 5.003739360914387646e+00 5.111979134935288549e+00 3.799572665768942425e-02
5.448707868742881377e-01 6.308152006593765293e+00 5.034251432849282004e+00 9.148313851420510068e-02
5.710585242432071329e-01 3.380404387616912754e+00 5.044250366261900709e+00 9.977350935382567343e-02
1.032643535955624969e+00 4.396593201911543680e+00 5.148030816527681353e+00 2.049498767155502887e-01
6.484647282688197345e-01 3.555954592598653541e+00 5.205631679757188657e+00 2.147765959212336595e-01
7.081591666900546311e-01 3.970013573372562554e+00 5.097364750753500928e+00 5.101607481915725051e-02
8.711763502076970145e-01 6.335416011154898719e+00 5.010801287821488259e+00 3.685062642313238768e-02
7.480856807256611729e-01 1.177617836218115244e+01 5.179561458348195480e+00 1.977922530855952266e-02
7.951534211629414095e-01 4.043821555511700083e+00 5.157681496129455923e+00 1.055455810838303587e-01
7.855911854297789043e-01 6.877486115203939043e+00 5.042353810390507007e+00 3.255300969248044463e-01
5.524461518147076866e-01 6.105708164542891225e+00 5.551869279216415265e+00 1.213626120159078808e-01
6.592048472404711257e-01 6.332805835779668158e+00 5.200674190525009344e+00 1.662842165049201737e-01
6.120768637309854654e-01 8.133484872761027162e+00 5.498686722971402929e+00 1.896596977563926034e-01
5.899865352687895248e-01 4.061114720603774764e+00 5.231952445698179410e+00 1.569459930749585175e-01
9.485105438620223817e-01 5.803141669727833296e+00 5.132922246597643401e+00 4.812516222219241635e-02
6.052611762282404939e-01 8.363677887590743154e+00 4.992186354281598959e+00 2.092642496045536149e-01
7.011783772063936437e-01 8.471672793244131583e+00 4.785099190129807667e+00 2.609498422410276297e-01
1.031005499808858694e+00 5.563033099433890349e+00 5.150828624115337817e+00 1.044198127249619107e-01
8.151759502441435767e-01 5.602281423547771588e+00 5.167338669991672795e+00 7.943663378311788259e-02
8.698480311760568018e-01 9.145249494018894865e+00 4.914176376095642951e+00 1.684027167789440838e-01
5.387234621279932689e-01 7.518177230435266090e+00 5.303354209674987274e+00 8.640464646736104037e-02
6.594827703168126831e-01 3.589221790619257391e+00 5.249268312023645855e+00 2.140782303219281868e-01
6.894511555493751942e-01 4.671220452189224659e+00 5.124533702890932574e+00 2.265093201721984362e-01
6.602530455120727559e-01 9.934549685195127822e+00 5.177037863831784215e+00 8.779185404470160603e-02
6.626132040547066948e-01 8.088119707626631794e+00 4.852687827827795175e+00 8.333684361091660275e-02
5.491167626037329885e-01 8.808409116110951231e+00 5.133262310126485595e+00 1.718336264483849574e-01
7.269463845617575304e-01 8.046165609455746548e+00 5.073508374681622080e+00 2.798900420260619359e-01
7.611517097978749424e-01 4.957668348940618586e+00 5.149402328919949312e+00 3.290149837274648492e-01
5.945469264629134054e-01 5.889581428449577771e+00 5.371641625232380868e+00 2.626352608547317669e-01
6.829067831982905679e-01 9.299346832156038190e+00 5.332066846932997706e+00 2.510259882591660552e-01
8.108448688305557317e-01 3.312392817279333990e+00 4.837713749190205803e+00 1.297210036585761950e-01
7.136835067259234000e-01 5.429354004682223511e+00 5.314831476432902768e+00 3.603747454448545939e-01
5.096220181871929933e-01 5.621063167959153617e+00 5.141886869711415287e+00 1.870482832210278445e-01
9.516589851927849120e-01 4.864503837403906239e+00 5.516585787972072552e+00 1.810945306573707725e-01
8.519424591532159807e-01 7.993570919651888040e+00 5.375963381364703864e+00 7.650433530773650959e-02
7.538693039767573323e-01 5.837883609408876850e+00 5.166025500221156364e+00 8.053625343534509540e-02
8.387646362453585747e-01 1.124728872325322193e+01 5.375040754622266270e+00 8.896450479949677415e-02
6.140987045287532586e-01 8.282608557969332708e+00 5.190353460556807796e+00 7.117405679091913517e-02
6.297876115143504760e-01 4.830533261853734217e+00 5.394358847245023014e+00 1.338079453673212404e-01
8.457556466010754948e-01 3.889735528306465628e+00 5.256797613055649521e+00 6.939893938276030239e-02
8.737114091191404697e-01 4.518642044432668037e+00 5.326607408783065267e+00 1.726985223143024939e-01
6.689782007835880506e-01 1.236515513295621105e+01 5.333578885536627290e+00 1.464622960079665082e-01
6.943291560150556263e-01 4.465951497839111717e+00 5.149313928457700307e+00 1.787814265125492741e-01
7.952884004033615728e-01 1.057991876136952847e+01 5.337481902978250758e+00 6.478463319862484693e-02
7.152504055060260324e-01 8.334075225560981792e+00 5.553641348382139853e+00 1.925413862864489567e-01
7.773620730036020499e-01 5.364669370974947782e+00 5.224096881205447573e+00 2.180917038347768844e-01
5.509571034993278049e-01 4.013414162738587088e+00 5.168742996312005289e+00 2.260386386995907326e-01
6.972416157141589910e-01 8.463905563861242598e+00 5.187449009272098621e+00 4.901024989131468057e-02
1.064366130898127816e+00 5.112471875262330379e+00 5.211436200289718101e+00 6.497156953153498948e-02
9.969449974792252700e-01 6.302358585089812948e+00 5.444000986804066855e+00 1.890651051150055439e-01
5.670006569422434417e-01 6.739012403759510050e+00 5.226687521450335439e+00 1.735743896472473624e-01
8.310235491678302777e-01 6.665244560008836139e+00 4.978702640885677155e+00 1.073195504779881071e-01
7.721481459871651909e-01 6.706198857378344869e+00 5.431106521826026601e+00 1.159699086858029110e-01
6.599018222613068918e-01 7.794991117134868475e+00 4.672678695824618700e+00 2.674933207349136088e-01
5.217624509480436323e-01 8.935025155525710971e+00 4.906157194727196469e+00 1.674050071980230370e-01
6.722397766027913280e-01 1.036039097185435587e+01 5.094732305600028432e+00 6.423005296166618694e-02
6.581411903655844942e-01 8.418487338791953434e+00 5.183580541257479801e+00 2.700707500915539017e-01
6.597887448717160153e-01 8.503442785333172438e+00 5.129244981606957410e+00 5.790865665642011550e-02
5.765279173346625763e-01 3.814567956391929915e+00 4.925320014937449642e+00 1.045664449944940233e-01
7.343585871711554303e-01 6.312941319843686117e+00 5.065881778713060335e+00 7.596891925312465599e-02
7.305661077228486899e-01 1.202171322915734919e+01 5.016991036445526575e+00 2.093821386321892408e-01
5.908946972618303040e-01 8.004560424344211000e+00 5.099587509104535066e+00 1.151880790547202688e-01
6.937086599913528939e-01 6.554690313282282688e+00 5.027068720035187788e+00 7.957278553428132062e-02
7.068689357182152966e-01 3.518606565949629505e+00 5.312551578896048454e+00 2.034724141313780377e-01
6.192991914200280945e-01 9.226437995575968998e+00 5.132189786993655467e+00 1.208095652457649577e-01
6.172954111121020659e-01 3.334875583929997500e+00 5.265783304244798124e+00 1.080335715911702466e-01
6.061417331414760135e-01 8.084575780821440460e+00 5.142445276467193516e+00 3.395878219187825064e-01
6.362101723694643107e-01 7.546732358970488441e+00 5.226398258792699814e+00 2.422026969774292438e-01
7.788276930651095720e-01 8.005616841692615893e+00 5.197107860047647243e+00 7.910396364292883453e-02
7.429544862472216016e-01 7.011162545646505428e+00 4.982648212702800450e+00 1.938495617097439339e-01
5.766763244968461377e-01 7.053729278869314889e+00 4.816067116304909135e+00 1.808804329862216953e-01
8.951271471469277596e-01 6.813374380590823343e+00 5.320827993826280355e+00 8.729146326191050687e-02
5.531378657943364363e-01 8.773197524453925311e+00 5.192193268164412956e+00 4.262290099623596284e-01
4.667310794782570937e-01 3.374546163728370907e+00 5.026769071197344729e+00 3.380757149158523933e-02
6.134083245703403353e-01 7.532619526284079825e+00 5.046911570495431043e+00 1.081742026091580405e-01
5.138309523303705717e-01 4.300244937857531369e+00 5.027059294308127591e+00 1.674082611454684733e-01
6.927754757684716491e-01 4.100322833590311689e+00 5.193465899507719641e+00 2.182749978938133828e-01
7.330243735926215143e-01 4.660873130838898426e+00 5.045387941508121088e+00 3.773981490210431278e-01
5.651453054622000982e-01 6.953380824454661990e+00 5.011693794705476712e+00 3.241094234727493473e-01
