# Hierarchical MCMC downsampled to get 500 samples: alpha, mu
1.526512668641160531e+00 4.459045916793886732e+00
1.020265267509396168e+00 4.254143463082987076e+00
8.394450046154727785e-01 4.484871512898456203e+00
8.275562891376255781e-01 4.539578258055902538e+00
1.136873388956446185e+00 4.152208307973509704e+00
1.341835338153896329e+00 4.721984696933118286e+00
9.472189904233133673e-01 4.691188960588867474e+00
8.454426431502795047e-01 4.080130392106999793e+00
1.004626834402438496e+00 4.164513687736470793e+00
7.337006096053448889e-01 4.390846819073850327e+00
1.391537543410724664e+00 3.994354799145162005e+00
6.127418233650216983e-01 4.333919243083156125e+00
1.606656271622218357e+00 4.183861603638123761e+00
8.956841070010325145e-01 4.350982157830793895e+00
9.665839159032262318e-01 4.085588837557247111e+00
1.633096434337278469e+00 4.245072052446205113e+00
1.061618941027868024e+00 4.343250640490890824e+00
1.182120415992071516e+00 4.358857321693377251e+00
1.289975542275548337e+00 4.486667372550535049e+00
1.237075732625804170e+00 4.351057844049679879e+00
1.203533239429485979e+00 4.469222529862434179e+00
9.661980473789584245e-01 4.151392750322927760e+00
1.194263870687439111e+00 4.143236604366954623e+00
1.291541402333202582e+00 4.454077773544864449e+00
1.056221132362445747e+00 4.181253660561163876e+00
1.218474046691359947e+00 4.143343848007726038e+00
1.068887205176651811e+00 4.300348747269827854e+00
1.586903662090576095e+00 4.428869041750740365e+00
1.279477285552974797e+00 4.413558893620309398e+00
1.206798772677146303e+00 4.276812049188435161e+00
1.164757768980824171e+00 4.227843333906166734e+00
9.286421353967387882e-01 4.232324557799211462e+00
8.704396121655434415e-01 4.138463147775422790e+00
9.193619525350760213e-01 4.545974620134331623e+00
1.183288903371781275e+00 4.547631375154625566e+00
2.424938454860194881e+00 4.311941388869537484e+00
1.060925607885705890e+00 4.272375726826505016e+00
1.154859234478607055e+00 4.344950944628611644e+00
9.094133632696319580e-01 4.454840239264447277e+00
9.310340690192094870e-01 4.195611574153011780e+00
1.043724751736281542e+00 3.931958400599154135e+00
8.403434075528106728e-01 4.208352335137066191e+00
8.239775853449544663e-01 4.141729924001669616e+00
1.029481155052245356e+00 4.078574080703522675e+00
1.163268680464571547e+00 4.238891961691869881e+00
1.029496646111095481e+00 4.363384168361506887e+00
1.202919819386228273e+00 4.437193967668784822e+00
9.570028644828003639e-01 4.223065992701760862e+00
1.206005044350615618e+00 4.255847802377753730e+00
1.062815802971543988e+00 4.260663644615839907e+00
1.013249622725633348e+00 4.120078713097313994e+00
6.078152919444018698e-01 4.446260808069030901e+00
1.092934128390265158e+00 4.335120677732172467e+00
1.136332539733639679e+00 4.274781918064304520e+00
9.588085077398140754e-01 4.501616761635633068e+00
7.224893134796257499e-01 4.388720731037066614e+00
1.225797728267648656e+00 4.297032096105556143e+00
1.002833072576695850e+00 4.360350816739523516e+00
9.528388104466949393e-01 4.190993431577154205e+00
1.226042069607542473e+00 4.250685234411064606e+00
1.663197792419794929e+00 4.425494853726417155e+00
7.692974200192520540e-01 4.292255268784513689e+00
1.017555018815443635e+00 4.261993719355253063e+00
1.210026390944862529e+00 3.860063716788397770e+00
7.105809598070446098e-01 4.287944568323585948e+00
9.410280541271988097e-01 4.163803923391895978e+00
8.758924492191555444e-01 4.401680540252969287e+00
7.337815694587090931e-01 4.067449054088273286e+00
1.165434128136892955e+00 4.303405861065598970e+00
1.272653102177649265e+00 3.959964700808433768e+00
1.796831245477617411e+00 4.158743918714081111e+00
1.280385736901880733e+00 4.275103407069805961e+00
1.126789058958349576e+00 4.304094865518083068e+00
9.252929819488626695e-01 4.237645221007826812e+00
9.649749586940795654e-01 4.359343042000054957e+00
9.687981957571618619e-01 4.430361683487848978e+00
1.143156839127466018e+00 4.425437548399421495e+00
1.093560754984089778e+00 4.389032595520084179e+00
1.320409354306503413e+00 4.021355823300761578e+00
7.795557476775091255e-01 4.379625248440110141e+00
1.143189052947094941e+00 4.160156770591399322e+00
1.484732976745618771e+00 4.365070398930723350e+00
7.852296528839010081e-01 4.187571897808058274e+00
8.301848911320354185e-01 3.554318590140695289e+00
8.532786160809606724e-01 4.410397467965331053e+00
8.969485188058090586e-01 4.614301312895085161e+00
8.588856283284663773e-01 4.244618232273865921e+00
8.262593482889111218e-01 4.423747884437095657e+00
1.070055179671535184e+00 4.596699845756623937e+00
9.337418926153762122e-01 4.248547396914177376e+00
1.166510003313148802e+00 4.371753500387616675e+00
7.897798191174623117e-01 4.239518607926746618e+00
9.898994722390476175e-01 4.236340430844757421e+00
1.258265422402290667e+00 4.184065302339449843e+00
7.140000254573255489e-01 4.210520341629320207e+00
9.245230739356666838e-01 4.323391639613570980e+00
9.955802575608465599e-01 4.190778000502770162e+00
1.019696791763154087e+00 3.999106794360341333e+00
1.015634250777736725e+00 4.145234249970352280e+00
1.417540796781752821e+00 4.510732245702165244e+00
7.927908149439023555e-01 4.284808282080728503e+00
1.005105194790714140e+00 3.975487186526745376e+00
1.094889938943232277e+00 4.203441759181079540e+00
1.153961455812274384e+00 4.417169721017596196e+00
5.928463868773978795e-01 4.335125921331139942e+00
1.419710588731529555e+00 4.261794970754716694e+00
8.099599181175617391e-01 4.258390297997640239e+00
1.277290432373013429e+00 4.459713056328009628e+00
9.223584174744219322e-01 4.187990447464310151e+00
1.337425161197533630e+00 4.083093928679596196e+00
7.854468334215067848e-01 4.265184662305347985e+00
1.109980205785062957e+00 4.139226332744508241e+00
1.211417737891072433e+00 4.163362692960837386e+00
1.233655752644879477e+00 4.266606066364827754e+00
6.214291138120976443e-01 4.240103933014064630e+00
1.067057439736029067e+00 4.322004290576140662e+00
1.237766749257029897e+00 4.494717435104271352e+00
6.815967607059371103e-01 4.558229059201044819e+00
9.567535582903984315e-01 4.323361144982817983e+00
9.699032906995028736e-01 4.276537587028363951e+00
1.613154438054014150e+00 4.463372210927344597e+00
8.645452280384603450e-01 4.136590127239091252e+00
1.229700726323743831e+00 4.209810105320282325e+00
1.323738245986633366e+00 4.522380200442587928e+00
1.094827395901003975e+00 4.118199545495548897e+00
1.379815099998717987e+00 4.227757610365251217e+00
1.557612455116781813e+00 4.104496210617173624e+00
1.369107032633622545e+00 4.534176794733604687e+00
1.680235580318904409e+00 4.308649145996642282e+00
1.293230712434301877e+00 4.261037437195891897e+00
1.136502281479190968e+00 4.052035863578795194e+00
1.741856239902151993e+00 4.039904202069220851e+00
8.191313013147173416e-01 4.204685808665678870e+00
1.147928613317996671e+00 4.404999424054398816e+00
7.154955461810011963e-01 4.059808060492891002e+00
1.064199591172745762e+00 4.317371868652384315e+00
7.595707011324870361e-01 4.184253443114799964e+00
1.268938835649907837e+00 4.270429284376743517e+00
6.934215832725303397e-01 3.997607806103573136e+00
6.507605437533229287e-01 4.113574904193829873e+00
1.073878636668354369e+00 4.369284194561084966e+00
9.220636320534932873e-01 4.151692953680157672e+00
1.576487685589356591e+00 4.170396955831165542e+00
1.038897260493363506e+00 4.088414664207252969e+00
8.327110866064689754e-01 3.783592704014695052e+00
8.558407437077033553e-01 4.526737678215005722e+00
1.091293262926882779e+00 4.228650162857015893e+00
1.181806577781289169e+00 4.243488716520160686e+00
8.535424495348225005e-01 4.248706093016475727e+00
1.047387986027329854e+00 4.201458901175683103e+00
1.109980205785062957e+00 4.139226332744508241e+00
1.012125265158170473e+00 4.476448001001350541e+00
1.315758750273240629e+00 4.435325696085695490e+00
9.299814045898530113e-01 3.980436378084169835e+00
1.315385488753636256e+00 4.274502286130489992e+00
6.705635973499916025e-01 4.354741904687160492e+00
1.090381491507638856e+00 4.079714902937612742e+00
1.162463121993820625e+00 4.239636891206406411e+00
9.185746608489935294e-01 3.833998873362981730e+00
1.108927127790797051e+00 4.364381017826898912e+00
1.817105940222250693e+00 4.188806879439535003e+00
9.448199216675470247e-01 4.446400256966374975e+00
9.013300938575645738e-01 4.175831156791456777e+00
1.301493875290710145e+00 4.263647403384383416e+00
9.699893811941807664e-01 4.433271983909184755e+00
1.453107215994724477e+00 4.310501385107851746e+00
1.213363750563897225e+00 4.345314524504380493e+00
1.220001177368175149e+00 4.127245038646381481e+00
1.112280795822562229e+00 4.320536175323679728e+00
1.711175771453214978e+00 4.418804245553168641e+00
7.745282491371505706e-01 4.586120481817786754e+00
1.192208127985051380e+00 4.346044378742842440e+00
6.557854831018669062e-01 4.020375108199426784e+00
6.641572837301232823e-01 4.239091422835669754e+00
9.643109476314926098e-01 4.072766593697442872e+00
9.143652197113607549e-01 4.296957319485430915e+00
9.985176831994796443e-01 4.127856899216380882e+00
8.898103906863801260e-01 4.203583302663145282e+00
1.288048589533698607e+00 4.194513886963386895e+00
1.079400085701286205e+00 4.404777702337216105e+00
1.146848846815743173e+00 4.444798891076796821e+00
1.453983368181056779e+00 4.133697240681486029e+00
9.850538289407883008e-01 4.650974879881720092e+00
1.473065003910987825e+00 4.350855748305806792e+00
1.407929696912952888e+00 4.372803047299113288e+00
7.228625663007911539e-01 4.271908911752453797e+00
1.569433476088348822e+00 4.157362265681018521e+00
1.152388159890102903e+00 4.320846025498481957e+00
1.199441655047127631e+00 4.299893738207034133e+00
2.057737907575186931e+00 4.358919466632314332e+00
1.095256845668259649e+00 4.300732993802740545e+00
9.682832169144717227e-01 4.087122679067302755e+00
9.419980925562576601e-01 4.221982537987083894e+00
1.111471570810521392e+00 4.186101804180617059e+00
9.811117359966563534e-01 4.217252790307002286e+00
9.897900249337536760e-01 4.105562250825285808e+00
7.485650958734945126e-01 3.780413512768227235e+00
1.287921193468273273e+00 3.987371024624971394e+00
1.034808231040404092e+00 4.498822444991525948e+00
1.138848457258293534e+00 4.567933529033123996e+00
6.410158364505726958e-01 4.564779808015688722e+00
8.677254975633329481e-01 4.362126744116216592e+00
1.460071168042697654e+00 4.601056160842883713e+00
1.309342952536076465e+00 4.282346409754504535e+00
1.065798725746225140e+00 3.825330382969801768e+00
1.096655091447923391e+00 4.498207336974265225e+00
9.825297990239825197e-01 4.096547994025071304e+00
1.058207526664879605e+00 4.386747444379913041e+00
9.920942337603285699e-01 4.299875491164548258e+00
9.267753019522018132e-01 4.484398607254471258e+00
1.138775467375956918e+00 4.417369278040473191e+00
7.389875828198596563e-01 4.556291328829360054e+00
1.668118574122247955e+00 4.178999538061949792e+00
7.579961909082008065e-01 4.458447268578347611e+00
7.876301253646247336e-01 4.378319078396139652e+00
1.104195536548588263e+00 4.329136166683624332e+00
2.318499597966692249e+00 4.057912359759248133e+00
9.859345037516915600e-01 4.301731675333110516e+00
1.106113513421212335e+00 4.160779053299116015e+00
7.876301253646247336e-01 4.378319078396139652e+00
7.912618489117091425e-01 4.446880658959258881e+00
1.197478192689965804e+00 4.205322690026666699e+00
1.250611279853480085e+00 4.124533165821073766e+00
9.328697225913887836e-01 4.201582134355615672e+00
1.249766005077394659e+00 4.290715936527659480e+00
1.055034606576150447e+00 3.899074168120178818e+00
8.802974442952454792e-01 4.184478230840161572e+00
1.555937958460946069e+00 4.575155191345481320e+00
8.838140120213298090e-01 4.555038338447601198e+00
1.443173926463538370e+00 4.139634454579858236e+00
1.201695808830001599e+00 4.417103393518750032e+00
8.522688386912853353e-01 4.009983251307748020e+00
7.689832278196852000e-01 4.106149595778770589e+00
1.030040213387657166e+00 4.145444529862462701e+00
1.158846838442264549e+00 4.271796314674848993e+00
1.144838135044845551e+00 4.287977091064421487e+00
6.769655064023352153e-01 4.163237909974244921e+00
1.626028028571106843e+00 4.101702978613819717e+00
1.043155814099869794e+00 4.299550164038121736e+00
1.443551437272190707e+00 4.222182320146444567e+00
8.638964560586654962e-01 4.389247978532629268e+00
8.222444473004031362e-01 4.499250133567056942e+00
1.013947228983131943e+00 4.174877839984468153e+00
9.236018319789893738e-01 4.093749632548974837e+00
1.476647331715981837e+00 4.283254005086303273e+00
8.636993406808385343e-01 4.290979442386015030e+00
8.923320977851806335e-01 4.291981273796733554e+00
1.193557729611043339e+00 4.168556214085232803e+00
1.128772932101629323e+00 4.352246932966676418e+00
2.049332535180684367e+00 4.225925394768508703e+00
1.067763029292767341e+00 4.186678481207552593e+00
1.305177845460061770e+00 4.056512263619457492e+00
1.160624764946422749e+00 4.137007243577451199e+00
1.078180332119728746e+00 4.408947035593067554e+00
1.511777398012992490e+00 4.280333557004304623e+00
1.251253121670343083e+00 4.366405486558480042e+00
9.037302180562758469e-01 4.147313693880184005e+00
1.228802522616500914e+00 4.152479781304629469e+00
8.503171168007711556e-01 4.223006516783287978e+00
1.331922662798487034e+00 4.267581080870119337e+00
9.521048779184004829e-01 4.122766871074324158e+00
1.060194612305477069e+00 4.058370747721097516e+00
7.766746008677767321e-01 3.684860922953649975e+00
7.083544854715941863e-01 4.370382025075988608e+00
8.393489909372231494e-01 4.180062088380769758e+00
1.264050440478962978e+00 4.116718458293068927e+00
1.384752309193781228e+00 4.444753761146874815e+00
1.263256936085012549e+00 3.974997206153879414e+00
7.449554132142104379e-01 4.218133399803934758e+00
1.269373266657335186e+00 4.318803170144249748e+00
8.514493225270975962e-01 4.148249965124975347e+00
1.475528054475488959e+00 4.358850236332141748e+00
8.578303342246466068e-01 4.369206211482059565e+00
9.619135590936465086e-01 4.416175168752359603e+00
1.327292186574221100e+00 4.235169112642378941e+00
1.139112321808160244e+00 3.942754956828806723e+00
1.045257766978575864e+00 4.372601529354472660e+00
1.021988197223236750e+00 4.164184286677913072e+00
1.380943182031171057e+00 4.435306550719983143e+00
1.024432074240458679e+00 4.485474468137847559e+00
6.390575925453467754e-01 4.298110800627246597e+00
9.797856661510180309e-01 4.499309537526317904e+00
7.141750710520751166e-01 4.019081652184938847e+00
1.145175251156182350e+00 4.280817998452056017e+00
8.801346537548611071e-01 4.189979065276471459e+00
8.531703643002459536e-01 4.375880265330395424e+00
1.418247338333336049e+00 4.461110518008467807e+00
1.110419534991582191e+00 4.324931498337407199e+00
8.526908002085699101e-01 4.204854275232192684e+00
1.365717964708093035e+00 4.520593096234385655e+00
1.217729351387287107e+00 4.121394146494019139e+00
8.467237929644835237e-01 4.427638570905118698e+00
1.213596927768360478e+00 4.200906461404317227e+00
1.049803704004687699e+00 4.254384677040149221e+00
1.432418827666183114e+00 3.957571333594356755e+00
9.008399278278204081e-01 4.236155695734311166e+00
1.151040424055528311e+00 4.286381597807167765e+00
6.660330212140427308e-01 4.399498050499691004e+00
1.099287715341613625e+00 4.576589897188377165e+00
9.194452487157571685e-01 4.507012082501598904e+00
9.861490597271046488e-01 4.084830349429102725e+00
1.052051995212118563e+00 4.383238774887463052e+00
7.130253050047133945e-01 4.368764990399680137e+00
6.519381032349156335e-01 4.145024429904073493e+00
6.340873043907651052e-01 4.569168660519130398e+00
1.459320865059477779e+00 4.384628587626157703e+00
8.809609124453795514e-01 4.542271651930647636e+00
8.672451049339168216e-01 4.263209645850066565e+00
1.255569717742091473e+00 4.519931144028078052e+00
9.166840434631546852e-01 4.209226572567634328e+00
9.058442685579460862e-01 4.217696583387802178e+00
8.816587165222492528e-01 4.234566481069832911e+00
6.875007500949678052e-01 4.131007437741221366e+00
1.002700585693907964e+00 4.427081822963758739e+00
9.782667363933215121e-01 4.306298198281460543e+00
1.398596682971551930e+00 4.410051683023600511e+00
1.223100268776516897e+00 4.258328872499608231e+00
9.006853535108125808e-01 4.269090497178842369e+00
1.266093560539270690e+00 4.396442566982243783e+00
1.255250069835777138e+00 4.002279414910669075e+00
7.127381717404573935e-01 3.814847718636051876e+00
1.079364134677188503e+00 4.393786751354639364e+00
6.951011035036374075e-01 4.007006248985832464e+00
1.295822319874174511e+00 4.455571688764137228e+00
7.374944672234721166e-01 4.179547485020595587e+00
9.090178532617066987e-01 4.278608273716750787e+00
1.176314870540857260e+00 3.987492506468680808e+00
6.149042168145582021e-01 4.266377831882105731e+00
1.056499427549797421e+00 4.008059956018591663e+00
8.113822985772952689e-01 4.491509309336306544e+00
1.629376884552298232e+00 4.458555694983416195e+00
1.783852049513436233e+00 4.086746243740688733e+00
1.356840511220257950e+00 4.142206960979370578e+00
1.044746252597755110e+00 4.046616145363116424e+00
9.635572703803595429e-01 4.100358827587948340e+00
1.240845281200531725e+00 4.136307165716265999e+00
8.456001237353588662e-01 4.283408884315475618e+00
1.069104195836874549e+00 4.083166628497767014e+00
8.883557224236788841e-01 4.140320798769523414e+00
1.573633543287808578e+00 4.147591527309627324e+00
1.102066201249744859e+00 4.315256725825537210e+00
1.309251395857928157e+00 4.237971433289217771e+00
8.191707019727818562e-01 4.341375084082226721e+00
8.892173479185936369e-01 4.096819796381532264e+00
1.027528911639465914e+00 4.188323516369939270e+00
8.513562039356590283e-01 4.234871713670249171e+00
1.006519886755599114e+00 4.308438753754865402e+00
7.032430778677128957e-01 3.814518415964432307e+00
1.066629214651518165e+00 4.478425344538842445e+00
5.344672017735445646e-01 4.342622872391087796e+00
6.473710566251171805e-01 4.333260604099415936e+00
1.245778662468575826e+00 4.489217357637740768e+00
8.473901794300151558e-01 4.040600244762520887e+00
9.818939122087202431e-01 4.422337733584819297e+00
1.169168106773182059e+00 4.421845215509867089e+00
1.074023133540735087e+00 4.315545042643991636e+00
9.801956028983694891e-01 4.153530933230713984e+00
1.403711778267850763e+00 4.482988152182122654e+00
1.068975354512229803e+00 4.713166891654852364e+00
6.350854551978436513e-01 4.139507551188641443e+00
1.095978345659549325e+00 4.180135566810402992e+00
5.941697431659715978e-01 4.226233436202231353e+00
8.875526759888664463e-01 4.246449029630720240e+00
8.874174439830239125e-01 4.257010269230883992e+00
1.188394123112811007e+00 4.412394012472493188e+00
9.121095986608915851e-01 4.438647815616276304e+00
8.342564698831496095e-01 4.123007176418886921e+00
8.604780525251238821e-01 4.436162286607613581e+00
7.235611473055374443e-01 4.070597399031446351e+00
1.421368674229942286e+00 4.492453816785245024e+00
9.816446127098079621e-01 4.362144342585223100e+00
8.611588428974099596e-01 4.232591043651120266e+00
1.412171518544419024e+00 4.346252042093459167e+00
8.470467767581058016e-01 4.095592458217081067e+00
7.371649911128648203e-01 4.394437974283754045e+00
7.872982508783931133e-01 4.431422158117216625e+00
1.320131226955586712e+00 4.287958285226589616e+00
7.820395232917848327e-01 4.224459055977263233e+00
1.051247945756538016e+00 4.211898030150061700e+00
9.484992361762785151e-01 4.248597475887338604e+00
1.283833792155853137e+00 4.212842591007239790e+00
7.089123079604253697e-01 4.121134005633733999e+00
9.293823302615865645e-01 4.222895270643673982e+00
8.910460093768930445e-01 4.318675667834447118e+00
1.282585609237165691e+00 4.362193241894289031e+00
7.517766539503067946e-01 4.378579517921012076e+00
1.269041758390726971e+00 4.078494023778309163e+00
9.514762258304201303e-01 3.894333702141885567e+00
1.551313740085720205e+00 4.543066773907796119e+00
7.511136672414896465e-01 4.238522341608469191e+00
8.755174378282405412e-01 4.382158121217950786e+00
1.146227854665250012e+00 4.315821210087407600e+00
1.227488474491479797e+00 4.306555299936180248e+00
9.610947649529564263e-01 4.201971623835006220e+00
9.773834836177527352e-01 4.687426024970914540e+00
1.004527557146665862e+00 4.409033861094981077e+00
9.375162973601218752e-01 3.799535473464509483e+00
9.370290603895038428e-01 4.006132392154564847e+00
9.117397905487490961e-01 4.201407125341400928e+00
1.051389066905275671e+00 4.100744898161627461e+00
6.637706610243077066e-01 4.205554103814201028e+00
8.859367508755684462e-01 4.492377716416850575e+00
1.524906603065482980e+00 4.375093209367160618e+00
7.968827607574676675e-01 4.447634113690824620e+00
9.624796524021346222e-01 4.419186157856390906e+00
7.944198696752158284e-01 4.386072825345145532e+00
1.080678887859180648e+00 4.348048020304860373e+00
1.007113655338048197e+00 4.605283652148119522e+00
1.064931223613434508e+00 4.391006072883460121e+00
9.362510187805310746e-01 4.164711137668993146e+00
1.172808764788060509e+00 4.246397947918167937e+00
1.136679727459141809e+00 4.487023456472176264e+00
1.260093156313566887e+00 4.181499069198716612e+00
1.008108536868528748e+00 4.282956865687621573e+00
1.033598089043060053e+00 4.222905642491132205e+00
1.087701180699178316e+00 3.935030154232918242e+00
1.545027619735210189e+00 3.948776811277848076e+00
9.031440070402463327e-01 4.352633906347138648e+00
1.149951111055101727e+00 4.142541620836539096e+00
6.994795091243842799e-01 4.202204854572274328e+00
1.113587426798828606e+00 4.273944277492469190e+00
1.093718481473429760e+00 4.259666886229100946e+00
8.812496166783283513e-01 4.029315205434231828e+00
1.326461818666997416e+00 4.156994589389076289e+00
9.067665463048325547e-01 4.265606170860506197e+00
9.223992507688264508e-01 4.290049819253323626e+00
9.102836257100704875e-01 4.747441105354289981e+00
1.516942860981511654e+00 4.400470450222877083e+00
9.647327234217550895e-01 4.647837350386707200e+00
9.683227697638374654e-01 4.568385618034519702e+00
1.335884909921483121e+00 4.381526572240736606e+00
1.200864296950785226e+00 4.111964967263853410e+00
7.449499219466668709e-01 3.538736840412973095e+00
1.042542902468437394e+00 4.142473224714202651e+00
8.878996186842768035e-01 3.926310858053001951e+00
1.023254499901363967e+00 4.029415205794349752e+00
9.168666718921958392e-01 4.248733779165672075e+00
9.359840202390470321e-01 4.147805107845867312e+00
1.068949588984461130e+00 3.826914922499109473e+00
9.263798370665016213e-01 3.868911559073172413e+00
1.631258602099227240e+00 4.212770744993473038e+00
9.350159727643039265e-01 4.467776613398676488e+00
9.537544886651163623e-01 4.205235579489221109e+00
8.007679450374962649e-01 4.255478543680784043e+00
7.582498360737024434e-01 3.827808507622544099e+00
7.595707011324870361e-01 4.184253443114799964e+00
1.676063509168721710e+00 4.132911257082231948e+00
1.118456061220027831e+00 4.560493095043491429e+00
6.268769280184107728e-01 4.493490026424998618e+00
1.000636410805594068e+00 4.378117304704891133e+00
1.379420196278106525e+00 4.246271354682824573e+00
1.033916721556789042e+00 4.260702018880039965e+00
7.215495467017716269e-01 4.064895598414170585e+00
6.142275428720953556e-01 4.323554568773369411e+00
1.033717397546874528e+00 4.494776938184681825e+00
7.440021377901772093e-01 4.248482583259961309e+00
1.013220994600276592e+00 3.943714819203833155e+00
8.006653326077537436e-01 4.165262828896502789e+00
1.295143770694196172e+00 4.098458298704826142e+00
1.177089513744864924e+00 4.285777386216261142e+00
1.278780334035856781e+00 4.385287464518688338e+00
1.007518095035467187e+00 4.222460377771684037e+00
1.254308096287050311e+00 4.358379900083369840e+00
1.348486146777150951e+00 4.537470609567592739e+00
1.531871440629425374e+00 4.297162004330267848e+00
1.154159194758412887e+00 4.042810824250004487e+00
7.551048123934361866e-01 4.252011552470174927e+00
1.389840480840605297e+00 4.097321967894171912e+00
8.524785968687235149e-01 4.542828181916186203e+00
1.259170879771869922e+00 4.062547580888412391e+00
1.164896513211273188e+00 3.744330489089489955e+00
8.257116615276889338e-01 4.182277644182371468e+00
9.265931729251177806e-01 4.025209106883372634e+00
1.318016892776444848e+00 4.373773043012670669e+00
7.647923656977757556e-01 4.174774581997039213e+00
6.935562514141810908e-01 4.181467458482213573e+00
1.113337021219866774e+00 4.333801838277603125e+00
1.287434823931313366e+00 4.133001041765967720e+00
1.713635874817601712e+00 4.305851697903096742e+00
1.165969281819928760e+00 4.458993837977169861e+00
6.804763155985926737e-01 4.087793653449693920e+00
1.043842469655821947e+00 4.325993490899361582e+00
9.932480379002412985e-01 4.383030381356488370e+00
1.278913996834021960e+00 4.209605506316908219e+00
7.471876308681364431e-01 4.258033471903785561e+00
1.394348245912295114e+00 4.485495469871745300e+00
8.950635204811014933e-01 4.136713363116163222e+00
9.984410880157572610e-01 3.914981303096278786e+00
1.818660687235383655e+00 4.273321467809141794e+00
1.012715912243480343e+00 4.180398653474303394e+00
5.594864768183960280e-01 4.084541014305796303e+00
1.312986847360904763e+00 4.153603046972463630e+00
9.611388180954507643e-01 4.592279356900252019e+00
1.449173933145568638e+00 4.362850777300000260e+00
8.512893952865256963e-01 4.054327054574595302e+00
1.476231328310327218e+00 4.128754319565488551e+00
1.291108517410082035e+00 4.340202823076811711e+00
1.002038893606066461e+00 4.411671176079783763e+00
1.259078156848228103e+00 4.298264984790603371e+00
1.511066386157158270e+00 4.315121246201004901e+00
