# 500 (alpha,mu) samples from hierarchical MCMC for Cibenzoline + Kir2.1
1.329445433711624602e+00 2.628098273578396427e+00
2.067443552387510763e+00 1.366258709633533464e+00
2.668471895054681298e+00 3.331274881479563632e+00
1.092009389499367211e+00 9.095134008561333028e-01
1.905038429302869707e+00 -1.196894198013980226e-01
7.844667429092220257e-01 7.906101402433490799e-02
1.759787545691603006e+00 2.560265584923953952e+00
2.176162448549109563e+00 2.129772866214798555e+00
2.368316068083008652e+00 2.971447030802004896e+00
1.268479400838209203e+00 2.622548064165417969e+00
1.530611835934227560e+00 2.616719998033690597e+00
1.074584997638549755e+00 1.227063505696555756e+00
1.261683179980824132e+00 2.473942209423769523e+00
1.605120707657442303e+00 2.803838976191533661e+00
1.579883115196240917e+00 6.396727843749490106e-01
1.632118536524337804e+00 1.139341069678328600e+00
2.806861685772088943e+00 1.952789040843498025e+00
1.719608822450551022e+00 3.034644214858109201e+00
1.483064804821780713e+00 2.562798853801651511e+00
1.279275036878022798e+00 1.687304797041548898e+00
1.163736465009266974e+00 2.517602642545067049e+00
1.608365553767804990e+00 5.892794260594266254e-01
1.902284139403656704e+00 8.823546628003279269e-01
1.264757100686769054e+00 1.430204104624637651e+00
1.426365563926297986e+00 2.466243695019887827e+00
1.935876119373058923e+00 1.123935221228810732e+00
1.387451084417000047e+00 1.603714422353395452e+00
1.979670941138006457e+00 1.988287526290854146e+00
1.955846371419160068e+00 1.770144193564295865e+00
1.099475320082279106e+00 6.429737158319597246e-01
1.327961812625794824e+00 2.955859733808103851e+00
2.746771772518827426e+00 1.221522526253800089e+00
1.886474406791748271e+00 6.475834958762738403e-01
1.970142024895742416e+00 2.901411012160688419e+00
1.492184440294859638e+00 2.398925702281951899e+00
1.842432418625049140e+00 3.191868683025667952e+00
1.721730735590722317e+00 2.954670492581698227e+00
2.844267348506946735e+00 3.217054141304309667e+00
6.293328548765877439e-01 1.095696732700311538e+00
1.061918880390634756e+00 1.227544673525917451e+00
1.064492403726325254e+00 2.706152711898827334e+00
1.562612850389130337e+00 2.203174104885886386e+00
2.377415201030013137e+00 9.264107353246321397e-01
2.976981088147663268e+00 1.221352798321279298e+00
6.235202181787424802e-01 -1.677963297501056994e+00
1.529960494608779475e+00 1.102106049825520406e+00
1.845694809561615468e+00 2.915753562036050628e+00
1.230580710812291478e+00 2.438286500079150709e+00
1.600737797753397640e+00 -2.934465943529996346e-01
1.578731983003718753e+00 1.242682418874081485e+00
2.309261341210252727e+00 5.208352983604460640e-01
2.546176168059681277e+00 3.834535477238318890e-01
1.657835785377501647e+00 2.563155137864163269e+00
7.359468512429765408e-01 1.439303993029097395e+00
1.058857107461355973e+00 -2.274335853872043178e-01
2.034370817014846011e+00 2.069877572748473060e+00
1.359788742348579937e+00 5.165973256304365879e-01
1.800320809794909493e+00 1.638050934511567691e+00
1.448125968583231504e+00 2.796934753047920719e+00
1.582738017884384618e+00 2.714490368666635511e+00
2.026415463625661939e+00 1.457457536648766316e+00
8.518039821407554779e-01 3.082696889607340118e+00
1.534187874519481243e+00 9.712236452543685505e-01
1.995189825003585771e+00 1.622441786605546832e-01
1.681221232072891869e+00 1.081448153663732814e+00
1.789247141628685478e+00 1.273322267395768703e+00
1.866083058298150910e+00 2.859972308183077683e+00
1.836224183215671601e+00 2.261948341446878619e+00
1.936888952239626871e+00 2.074915177166881008e+00
1.240679280651449723e+00 1.800571490834966148e+00
2.320638863915401640e+00 2.477475721202388126e+00
4.333707598571942654e+00 2.871216012592066935e+00
8.313356432361778126e-01 -9.757726929859137366e-01
3.321706946130119853e+00 3.723274011063963385e-01
2.584405680724322085e+00 3.232911336477448216e+00
1.947756137145604693e+00 -1.646478738209826154e-01
1.843656817827193928e+00 2.488743103080904628e+00
7.840874121575825972e-01 -7.405790262747811159e-01
1.519914965701000042e+00 1.293395480582540724e+00
1.148596746754399378e+00 8.038991270095705577e-01
2.030213578580980283e+00 2.031528038820583859e+00
1.363655849880282434e+00 1.779015215704066843e+00
1.104792203625160951e+00 2.765268356325922383e+00
1.780671040407617811e+00 3.113204836616402238e-01
1.572910654337795311e+00 1.215612199553431916e+00
1.359959916411847658e+00 2.120935249624981367e+00
2.271281722797760860e+00 2.541841404973391949e+00
8.138282862891227376e-01 6.933429048979752318e-01
2.116165207435559470e+00 2.180182102368624975e+00
1.733962010257150688e+00 1.990756745056253996e+00
3.481189054001460725e+00 2.580134181739327737e+00
1.720594271006075315e+00 2.303815191354011915e+00
1.592604658075413848e+00 8.384666504373739643e-03
1.077057946448055636e+00 1.821918389643623071e+00
1.723925885902684918e+00 1.147541593173618590e+00
1.609596084130505478e+00 1.860997500713039265e+00
1.785745994385767199e+00 2.836786819160080686e+00
1.809640096637240125e+00 1.768050311509031358e+00
8.075695571765932890e-01 1.641650314196381411e+00
2.018558564858609294e+00 1.979919584221315532e+00
1.700865632227010149e+00 1.246606540889277692e+00
2.166475621735171941e+00 2.844923034367327741e+00
2.283815783009902400e+00 2.742434515427259800e+00
1.751136649486272789e+00 2.952350539841429033e-01
1.646360983366689457e+00 9.415330800948692458e-01
9.676755450264297176e-01 1.273909729703117000e+00
3.268885813396098960e+00 2.302164838024606919e+00
2.319063286648550104e+00 1.379865588999643400e+00
2.285161485837013284e+00 3.561718186034650735e+00
5.033825367709161558e-01 2.071592767443771077e+00
1.497371906711448819e+00 1.781303949695238309e+00
2.793174962469711531e+00 3.403489372980398109e+00
1.512336899970817328e+00 4.704874818346893028e-01
1.814745761237256172e+00 1.234731795242801411e+00
1.076848165586754558e+00 4.249104738409708593e-01
1.380839888202516574e+00 2.744108100904673275e+00
1.696499720963023483e+00 1.666012459405803892e+00
8.788459564067152563e-01 8.314329889496301362e-01
1.023593940019563275e+00 2.331388563197401176e+00
1.552278566697075979e+00 1.863591080757661000e+00
1.569136403762274812e+00 1.233955997577811825e+00
1.668304968925621079e+00 1.849039988102123111e+00
8.842303001264549822e-01 7.711005180492430666e-01
2.306383109500073747e+00 1.958931361745446242e-01
2.102532136245736094e+00 2.430168248617648796e+00
1.336913026311811858e+00 3.669009281375588127e-01
3.077756956374121611e+00 3.342205541436348515e+00
1.455601643228783271e+00 2.697634193249475842e+00
1.800283866393386889e+00 1.155620099271015278e+00
1.838922288750739042e+00 1.928158192410895921e+00
2.045346451605788207e+00 2.496324692703443926e+00
1.671103381085381701e+00 1.311032638145622764e+00
8.194434924168455536e-01 2.198651044784148745e+00
1.636652796667659171e+00 2.175529543781490993e+00
1.278612420326122878e+00 2.470734369947775289e+00
2.167462975888305277e+00 1.962221308350462712e+00
6.191806559179726666e-01 8.123098931944521262e-01
1.790069602591360498e+00 1.425813994883055935e+00
1.198751532911019657e+00 1.300442662939655269e+00
2.620277472796107787e+00 3.426901870145647511e+00
1.888637482735128437e+00 2.171949627824277584e+00
2.153016891276706701e+00 2.255338453479977190e+00
1.634103511495264005e+00 2.622944855048704671e+00
1.030058924308373092e+00 1.813635426286038577e+00
1.862592024223991949e+00 1.909218272398326643e+00
2.339267148496632753e+00 2.237132907626802059e+00
2.389448692419326115e+00 1.520633218317821722e-01
1.926970217019478460e+00 2.052033432667089929e+00
1.090227414336452760e+00 -2.447780754394112412e-01
1.303297878614893657e+00 1.667868769896791337e+00
1.706794782242601727e+00 1.652734405201160994e+00
3.667408039271062847e+00 8.790993501068393723e-01
2.295310006683384252e+00 1.379661976510169641e+00
1.258164630456154010e+00 1.305481674839088502e+00
1.742980735410381454e+00 -4.138978394494605140e-01
2.884393288004051925e+00 3.314464345512032839e+00
1.379861580308507474e+00 2.434250300708024728e+00
1.965257972754801408e+00 2.601294714323061363e+00
1.096512433682173659e+00 2.090117126664967184e+00
1.224690703737070230e+00 1.129830814558946184e+00
1.069139764309316787e+00 8.758917933423739921e-01
1.061918880390634756e+00 1.227544673525917451e+00
5.733897959570335434e-01 -8.865038367964547250e-01
3.553499998338330190e+00 1.206268950300664056e+00
2.144852943371972298e+00 3.278912715972093217e+00
8.623750070017824898e-01 5.059996060050355737e-01
1.389070786027382098e+00 1.233647664430740809e+00
2.759502684991154364e+00 1.329235992222525864e+00
3.225263321544584727e+00 2.569757020945225179e+00
1.109564415624197498e+00 2.693235913054477404e+00
1.820094547499326865e+00 1.325836561527588442e+00
1.364518345865624482e+00 1.203249489203773503e+00
1.004570257566991920e+00 5.671274385540771013e-01
2.155383625281695803e+00 1.418903653091334593e+00
1.756070553738954709e+00 2.779645041614454026e+00
1.337855971489411600e+00 1.112578036938675519e+00
1.755186608509055946e+00 1.498003268117535036e+00
2.001319550626978749e+00 1.316163505612370221e-01
1.089166018743211950e+00 2.415250143493830493e+00
1.365716459145235095e+00 2.972184312596383382e+00
1.338119622302008871e+00 1.795176095767683666e+00
1.533017793667102779e+00 1.178899424405160046e+00
2.325573622617705283e+00 1.893064611585369095e+00
7.861344344541796314e-01 3.214947889609462983e-01
1.081494493492165310e+00 1.359933629692771984e+00
2.325589345933255725e+00 2.291095010375165053e+00
3.223147656116416737e+00 1.867748584442006754e+00
1.077654937092146881e+00 5.537503203007798636e-01
1.531030632549481574e+00 1.284704591842410704e+00
1.852232283269549917e+00 3.273003639221055749e+00
1.595155821532412865e+00 2.004982888485889791e+00
1.799238800337217503e+00 2.751738185940561188e+00
2.258513538565439571e+00 1.378548325224287829e+00
7.991999284168354034e-01 -1.094435565364589191e+00
1.904561663920260939e+00 1.321376266681750233e-01
2.090738561886915203e+00 4.097705472815826866e-02
8.740129764283111058e-01 1.780368236154301620e+00
1.263740557652828667e+00 2.315129640899424857e+00
1.516443925489194156e+00 3.078856872575590042e+00
1.147458957660841605e+00 2.372901549422291811e+00
8.136018822102356607e-01 1.992116538697240369e+00
3.514254679508177492e+00 2.973899897379708612e+00
3.039913187933265259e+00 1.294738752041034058e+00
1.712307252184126494e+00 1.354486092144511211e+00
2.232893754511811490e+00 9.145932627471824450e-01
1.082884421399961550e+00 1.270606728897587523e+00
1.344895077631443447e+00 4.669395353698781448e-01
1.219398207159777536e+00 2.889132163165112566e+00
2.600908797263232763e+00 2.934746664979177577e+00
1.883235877223854216e+00 1.639328772642811405e+00
6.929109060529955455e-01 1.343969119824761860e+00
3.894211884886463970e+00 2.323155590597528963e+00
1.867456034350057470e+00 1.439955133704554635e+00
3.170514122286446135e+00 -1.297064240341205821e-01
1.702094439271900850e+00 1.111499547528551846e+00
2.955439659238258798e+00 2.573151965844405975e+00
8.138282862891227376e-01 6.933429048979752318e-01
1.734372349628144905e+00 3.177493142851302910e+00
2.344289436855858888e+00 1.505173770475611850e+00
3.220493408358229281e+00 2.951669110018067421e+00
1.015025799801599238e+00 9.396866790870341823e-01
2.142465922660874433e+00 2.105046538084101027e+00
3.025506633226954012e+00 1.771000191224842979e+00
2.726732458580402696e+00 2.948661762040822421e+00
1.680413678492628460e+00 2.331976730694966360e+00
1.745379089753639867e+00 1.428166768123775021e-01
2.090134949258635633e+00 1.589685172316005701e+00
1.630853197860832715e+00 2.441896939146749990e+00
2.758885317878320809e+00 1.864802929678063270e-01
1.628687625949404083e+00 2.578208215809775883e+00
1.201106888717769161e+00 1.821633269690035917e+00
2.922389218902254004e+00 3.208234961519315753e+00
2.561146596467767544e+00 2.482019684723652642e+00
1.861529643256080391e+00 3.018419528275440022e+00
2.396980387220043696e+00 2.940042268181310980e+00
1.864669359432517215e+00 2.243339264767561403e+00
1.092850817346646686e+00 1.389074514212063516e+00
1.738544601381983856e+00 3.704526243946820729e-01
1.475299479031280114e+00 2.427265739077508755e+00
2.555400627488837895e+00 1.854780855721783750e+00
1.982102647761031289e+00 2.500600806129443576e+00
1.190685512277877667e+00 1.688884074014441961e+00
7.445847065695168077e-01 8.342568832065981876e-01
7.518004075601151248e-01 6.101709899572727025e-01
1.535335752951608956e+00 2.238475371515585177e+00
1.395969827121480877e+00 3.391159348765533377e+00
9.070186960311860114e-01 1.392859272966082917e+00
8.741197717274129531e-01 2.271188104511726813e+00
7.673477330947848785e-01 1.283428272107949075e+00
2.184309494039048616e+00 1.490272976904263968e+00
1.198617603844828405e+00 2.436446030105979155e+00
1.845322419200099873e+00 5.054058753525978442e-01
2.044985658611043089e+00 5.696608965558329629e-01
1.526935747180076630e+00 2.630295337029938452e+00
1.914356637889209622e+00 2.354175670831515355e+00
3.192909353518183391e+00 2.547000340737001878e+00
2.334153498886589961e+00 3.294310489117834528e+00
4.641571041047305446e-01 -6.748484682618309805e-01
2.571323334347225487e+00 2.279536033445169085e+00
1.228055254935508156e+00 -5.296401484250503611e-01
2.344159225349923048e+00 1.322808991568430237e+00
1.582767062813147607e+00 9.549440586746406057e-01
1.888624676988840179e+00 1.434796449536813512e+00
1.828624846947275007e+00 2.621319791349684181e+00
3.114288814969601749e+00 2.624142697053788886e+00
1.569684982061284373e+00 8.362685271833643075e-01
2.070344250938558339e+00 1.566084089766599519e+00
1.823912026044861356e+00 2.279899001994504903e+00
1.271631222726350208e+00 4.447109885510218685e-01
9.935596855650178361e-01 6.655014149049900962e-02
2.551590503080018557e+00 2.365579188429510094e+00
2.919230574290784030e+00 2.722300705821717237e+00
3.040212834196765801e+00 1.596428707544109482e+00
2.593022879752210130e+00 1.894643815689542432e+00
1.785610036913219290e+00 1.989144678053705873e-01
1.484187348780137139e+00 2.547307778890251839e+00
1.041284767033437975e+00 -3.570118755085960327e-02
1.868851937554032228e+00 1.904794917742999916e+00
1.567577668870661523e+00 1.815759318746239748e+00
1.096455559954353287e+00 2.683487181959110401e+00
1.786117308855971197e+00 2.349348697928432372e+00
1.001983397414662136e+00 1.177431607648046441e+00
7.617041361070278072e-01 -1.592967664605041966e-01
1.947790266899791511e+00 3.023500461786059024e+00
1.286584901783183188e+00 2.175772637735020609e+00
1.495419210395032561e+00 1.566964112961466649e+00
2.020332270979519507e+00 2.020244670115603824e+00
1.559873393046124601e+00 1.915737043930863415e+00
1.211084906252930526e+00 1.743129073865878009e+00
1.240253782985054620e+00 -7.425246736529527158e-01
1.319187835259029606e+00 2.825638129135846111e+00
1.552827921693956004e+00 -5.085272282944159894e-01
1.869486791942944315e+00 1.729381969326270641e+00
2.115968548702841012e+00 3.854780649437001827e-01
2.020943023670553451e+00 5.730559746969523527e-01
1.911991020835988930e+00 9.432733870818236221e-01
1.977176594836513868e+00 3.375480039928700826e+00
1.368479483762552906e+00 2.295847021478546690e+00
2.562103436972611892e+00 2.113081301451436467e+00
1.810236411913936472e+00 1.726498857370487805e+00
2.265813681449419192e+00 3.061783507047615149e+00
1.536977981100871471e+00 2.462658492381664121e+00
1.250134760872615880e+00 3.131090400076274705e+00
1.425240923923279723e+00 2.317520695947661302e+00
1.644602166976238733e+00 1.788059312747105167e+00
9.840844858089804470e-01 1.980519608368661144e+00
1.186144048904523629e+00 3.824454216856142397e-01
1.674588576692100927e+00 1.156651513442318091e+00
2.243476636442358618e+00 3.273481656389065630e+00
1.930412060112929984e+00 2.897226233323895617e+00
2.301123197802672049e+00 1.057170825534319070e+00
8.164723559432747191e-01 1.470641532205134716e+00
1.779690818456026724e+00 2.409632031833218058e+00
1.685877317687297428e+00 -3.547732076663507872e-01
2.223899173862923906e+00 3.144566442315347210e+00
1.889422550268284429e+00 1.951427892548947884e+00
1.899074429578373024e+00 2.056854838249708273e+00
2.107615222479217287e+00 8.327656067383651939e-01
2.005612270957952248e+00 1.570280126937994680e+00
2.250075987946055456e+00 2.718520299069150603e+00
7.490284075947654108e-01 5.604177804266436969e-01
2.834235607022999925e+00 1.509531190029092862e+00
2.190601580064983622e+00 2.304456033413133653e+00
1.368327129244759632e+00 1.054945785824269899e+00
1.307113674887490973e+00 -1.206360659100359278e+00
1.165388864321972084e+00 3.245047801238067020e+00
1.823095877893656791e+00 7.194752928185692564e-01
1.355036897640588212e+00 1.165592832166592263e+00
1.223097200782543581e+00 1.230287478231659293e+00
1.508939300462076138e+00 1.961551282172464550e+00
1.773734882817730174e+00 9.917382361257792711e-01
7.651815273101242321e-01 2.175566682032828769e+00
1.559606753352404729e+00 1.349828893418656861e+00
1.586495184090346733e+00 1.016084698101166417e+00
1.584543261981737006e+00 1.017726451296939283e+00
6.543117834513332287e-01 -6.776695251833314559e-01
2.561957249571757966e+00 1.508215768353621034e+00
2.120732109265834442e+00 1.775901106363018123e+00
2.168470253777470713e+00 2.133230066807890069e+00
2.661940426319949538e+00 1.795121924546179137e+00
1.530601809980311812e+00 1.792375217332924153e+00
2.962129201050683225e+00 1.868637554411928470e+00
1.795420708572590174e+00 2.292797335714043871e+00
2.579161286043293977e+00 2.551703318084408867e+00
1.802371430338941316e+00 2.366090672930773575e+00
1.731683009190262634e+00 3.087418943009536676e+00
2.032452202797399465e+00 1.333173199502684092e+00
8.277181358069911621e-01 1.232709651284944030e+00
3.074276109709119353e+00 2.327540503176280584e+00
1.717920100218970791e+00 2.251012808722090863e+00
1.545264029970845332e+00 2.604115044195956852e+00
1.407156289020612405e+00 1.879420485580032274e+00
1.860627059858699583e+00 2.890123483323205456e+00
2.324437927350198940e+00 1.547536803425095364e+00
2.106197945025075402e+00 -1.406670459513414961e-01
1.500533786550778848e+00 3.932803128246784574e-01
1.945145524732005304e+00 2.345586103479835316e+00
1.575934353349574879e+00 3.178929122814150965e+00
2.119882230020758929e+00 1.341816209210400679e+00
1.082205322768874378e+00 2.341195298046325313e+00
1.324926263115970393e+00 1.831185417481460354e+00
2.847134177946096134e+00 1.803529494771079600e+00
1.368359543782355470e+00 2.260406486767696066e+00
2.730226436481096641e+00 2.449548830407716427e+00
9.822634949246162872e-01 -1.540822511184220200e+00
1.889018226850886606e+00 1.980281135826180039e+00
7.448935267446344932e-01 1.743389302910727912e+00
1.463749715048741518e+00 2.003817372332498348e+00
3.268421508475967130e+00 3.030446090109130797e+00
9.189491099580934241e-01 -8.818503671131443511e-01
1.303747179004150603e+00 2.077129629063318106e+00
1.762015485162646389e+00 3.228264330483783695e+00
1.769313641251698765e+00 2.163095802674975143e+00
1.670501124731945231e+00 2.524712961316845750e+00
3.027634089598279843e+00 1.141068995086307103e+00
2.181419408531490856e+00 2.349669814439840909e+00
2.598807121363250427e+00 2.519124667287834018e+00
1.102011631047355111e+00 1.256558968891415162e+00
1.068741575135016664e+00 1.499840091759732319e+00
1.960661075930629771e+00 2.806004320440602218e+00
1.719278078031584833e+00 8.523208778656802265e-01
1.254903268997419996e+00 3.603917951396460873e-01
1.676602686549570453e+00 9.124606211615253759e-01
2.130726025765784293e+00 1.240622622818430276e+00
2.486822681539667901e+00 2.439974812759561296e+00
1.620049909239391850e+00 2.316786121827256295e+00
2.267102367937300134e+00 2.575673035979289427e+00
5.478082747291627141e-01 1.478298444031027836e+00
2.084726077446561021e+00 4.299051859155464395e-01
2.431472963464594628e+00 2.972777329886714170e+00
2.004516493007543865e+00 1.040295405411012730e+00
1.073241525265963281e+00 1.020460196754372273e+00
1.580047450385606345e+00 2.391542152199306326e+00
1.620869733871568075e+00 1.143749805854103352e+00
1.060531301554649808e+00 1.836325343180931213e-01
1.855551686164290448e+00 2.821175647965558753e+00
2.800445251084679121e+00 2.203029913695364161e+00
1.730568826716278208e+00 1.300701898038433058e+00
2.598807121363250427e+00 2.519124667287834018e+00
1.871265904784714662e+00 -2.295705814506419085e-01
1.731192515500372897e+00 3.078506985681856101e+00
1.651253965670185231e+00 3.052717384369141307e+00
1.740649509014052576e+00 3.270512445798066548e+00
2.448776745287556178e+00 1.794902664430467532e+00
2.107681048608846641e+00 2.133013546652825276e+00
2.708368146693896250e+00 2.464923885632463119e+00
1.399207807974628182e+00 1.044573605555346951e+00
2.658050571741006340e+00 2.584186501300682615e+00
2.744489026929795017e+00 1.052975435272010873e+00
1.642001576157728238e+00 -5.360295664325849252e-01
1.935032489803943712e+00 6.540013333975110976e-01
1.497536122152514970e+00 6.699837118060204544e-01
1.537051706902200054e+00 -1.730335696201481532e-01
3.070106749673497504e+00 1.178322667421335623e+00
2.577145458940057310e+00 -5.950380036131583950e-01
3.524579742243733271e+00 1.794367732181848973e+00
1.489391321197109708e+00 5.845487543606580072e-01
3.155040447460513153e+00 3.468444010133008959e+00
1.403739622169916768e+00 3.201212093821211635e+00
2.576693784144592936e+00 -3.219232685243450520e-01
1.043558175417600653e+00 1.972412723266285806e+00
1.626967526109090123e+00 2.593565101653456217e+00
2.366090208263907257e+00 2.647724839014937714e+00
1.393615144949240436e+00 -3.906077875974608982e-02
1.904406430189682586e+00 -8.221754489450932013e-01
2.215164261540375268e+00 1.647609500267978921e+00
1.285900675959272599e+00 1.841102414863967862e+00
8.195728630442742357e-01 -2.767232880593487598e-01
1.760357795352233579e+00 8.959203892793710100e-01
1.120141852667622784e+00 5.475654904381186405e-01
2.564195570267018276e+00 1.475012863791033357e+00
1.685766601590652947e+00 2.385969129436825042e+00
2.034540576290689629e+00 2.058476666405625988e+00
1.286938919379394974e+00 6.708549396384173580e-01
2.024520979030183909e+00 2.289938037529092973e+00
9.841748277886001040e-01 2.132419993894727472e-01
2.456019382769242920e+00 3.056461585477056264e+00
2.431472963464594628e+00 2.972777329886714170e+00
1.954348864202272829e+00 2.481638426314768608e+00
1.781371534374578847e+00 2.753721078378644549e+00
2.678205341273364404e+00 2.519280007852020553e+00
1.381646551361772834e+00 -9.564335773618808378e-01
1.633950498799525697e+00 7.298540506671458150e-01
1.699541163451865788e+00 2.007910551950290667e+00
2.080611152803253372e+00 1.875089813814222461e+00
2.961450913659667616e+00 3.023055564568227993e+00
1.639927930001282341e+00 2.350238672740872836e+00
2.736480632880583741e+00 3.366853371569401787e+00
1.271958737338176437e+00 2.675875290466897649e+00
2.004419703031607103e+00 2.250164643694968269e+00
1.580180772224623942e+00 6.316815846683321301e-01
1.024116958165658620e+00 1.025991811646960183e+00
2.753341253241615050e+00 2.357772093468616603e+00
2.007884411864113261e+00 2.413857808919900982e+00
9.425821087017206557e-01 6.790174970471375415e-01
1.437388403045455787e+00 1.110192827934545490e-01
2.693304791102336893e+00 2.522538775857541271e+00
1.579038577761219253e+00 1.405757375468652537e+00
1.801434990186997487e+00 1.230145443067084621e+00
2.629133975898430009e+00 2.044196650191731024e+00
1.187877551389607600e+00 1.394188043241194386e+00
1.964706994490565739e+00 2.524094222312975866e+00
1.383403179191292409e+00 1.311378958852909449e+00
1.077301297035714089e+00 7.619235452911208295e-01
7.835557066488383349e-01 -4.123734603358910067e-01
1.353645610018438195e+00 1.612116738940553518e+00
1.683700895177297818e+00 -7.799091422911630378e-01
7.257745093596812413e-01 -4.082904262894954117e-01
2.439209982599763737e+00 2.233211925916859020e+00
2.136514187966247036e+00 2.605920742352745290e+00
8.853587633363183551e-01 2.116505827747554136e+00
2.094315857426217953e+00 1.943846360686429131e+00
1.388053632075175736e+00 2.269433687599696547e+00
1.599645703009653586e+00 2.118148465081217235e+00
1.956641292237836671e+00 1.512704262607385441e+00
1.346966549180351302e+00 1.721849714954609700e+00
2.594551655089369913e+00 1.788785471313699471e+00
2.138875128529297953e+00 1.359599226356240642e+00
1.424625876194703489e+00 1.144642850730012817e+00
2.750112819896421534e+00 7.253799996932117633e-01
2.315744199504514711e+00 -6.451408132194138556e-01
1.226763276583163531e+00 2.810610951239713273e+00
1.864254979722352434e+00 1.156838002735918192e+00
1.166779604518597857e+00 2.169434814021188984e+00
1.901451105128809882e+00 -4.318936977582448766e-01
2.426511948719584755e+00 2.900360220427684599e+00
1.214656530370344711e+00 6.072955205131298495e-01
1.417035084846000714e+00 5.445303802460275122e-01
1.880054260892188633e+00 6.480760844035557966e-01
1.492333752605087493e+00 -1.038813261787095321e+00
2.059022179456704738e+00 2.680054224315057798e+00
1.746513776549695418e+00 1.099487569871548942e-02
1.604671977890941292e+00 1.224885013901927611e+00
1.628977248803505473e+00 2.695259154124762357e+00
1.704066394352908409e+00 2.064004344921445799e+00
3.022833801538578502e+00 5.479665180678918723e-01
1.076578234274494950e+00 1.902641257720818047e+00
1.025832100119301815e+00 1.052938351702817021e+00
7.268392621616954763e-01 1.252554921896434026e+00
1.704490949807462519e+00 2.362861222950711770e+00
