# Hierarchical MCMC downsampled to get 500 samples: alpha, mu
1.879609453421026810e+00 1.616718170524797493e+00
2.257124766669182048e+00 5.833812094525164582e+00
9.411420621786624752e-01 5.278531664088241371e+00
2.118119072835467076e+00 2.792037042906962974e+00
1.874463141312774805e+00 5.881853244262964964e+00
1.954668003073842364e+00 5.900657874722305962e+00
9.564972664753795817e-01 5.845149323688249687e+00
1.040633634233252724e+00 2.736794064777288149e+00
9.964573848030615633e-01 2.235129056721600005e+00
2.375794220579778848e+00 3.665511376728642468e+00
2.159289062695148864e+00 5.014415133211686637e+00
2.853233950328217361e+00 6.487597466642974098e+00
2.028171079711955649e+00 5.073443946384655234e+00
4.048667922119927320e-01 4.279486197510815160e+00
2.802225869188533558e+00 4.732019009192161896e+00
8.288449873431817938e-01 3.998707292898481924e+00
1.055903005384335680e+00 5.600885898295083543e+00
8.260697992746709462e-01 5.111612510733849035e+00
1.219612979597026747e+00 5.500584126735485135e+00
1.158241274126664777e+00 4.002843111204112958e+00
1.210587509763903169e+00 5.239823793415486541e+00
1.333052000217511690e+00 3.718837854927859787e+00
1.488515879395539532e+00 5.281411895623904229e+00
1.552328216654121018e+00 2.856666131480889881e+00
7.935931791568354710e-01 6.161224322774586426e+00
1.948765151062257672e+00 6.109986634190485155e+00
1.368569286167472310e+00 5.632922292267415365e+00
1.297354478013599710e+00 6.036262698787692393e+00
9.276840501522364280e-01 5.472339445421049220e+00
1.785792747689865179e+00 4.243276942805537466e+00
1.309905171241041666e+00 4.052300593551269259e+00
1.476959811982029303e+00 5.146722503254375525e+00
6.387938357655503774e-01 4.800720726858294540e+00
8.846980559488771823e-01 5.452058606596414947e+00
1.663760952579572239e+00 5.491653787057906300e+00
1.670475485402094451e+00 5.900574120905384135e+00
1.364065672570262455e+00 5.041411759468854115e+00
1.728494012639178790e+00 4.521977586585529174e+00
1.017939239466374657e+00 5.672351130256930496e+00
9.329316274625789607e-01 5.106595905743652075e+00
1.507369955683084850e+00 4.019763965456458976e+00
1.570046716149885002e+00 4.112605909387790248e+00
1.352380868435090200e+00 2.899398841551112938e+00
1.301830952488706172e+00 6.206813333222753748e+00
5.925991629606195410e-01 4.337789976192921948e+00
2.017883944345769898e+00 5.699110481648125059e+00
1.094654865020099788e+00 5.207430838970619646e+00
8.511464522634644148e-01 4.486531490273979017e+00
1.667341354786838759e+00 5.654548964965105284e+00
1.233181253651511877e+00 4.915046469407016616e+00
1.470697333254943562e+00 3.487586620007605553e+00
4.983145155902338752e-01 5.103264725211473340e+00
8.534301445434105959e-01 3.632008187860474191e+00
5.194346454238981670e-01 4.446522983592572587e+00
1.608591021248909847e+00 6.067053576594549469e+00
2.155184436893350153e+00 4.870579544699533692e+00
7.186238536976123914e-01 3.383723409807457116e+00
1.021167660902555507e+00 5.523004336130787451e+00
9.928558317245721465e-01 5.215001655102700084e+00
8.364957964401001922e-01 4.239620345484717667e+00
6.429707547997809414e-01 4.561346534822016352e+00
1.382114432943899462e+00 5.166502114829860659e+00
1.272021595984703435e+00 5.814780418910092230e+00
9.512400817293460431e-01 3.851032272359188102e+00
1.511456318748968020e+00 8.097842501373685442e-01
1.695409771204949845e+00 5.371555547716527990e+00
1.192978649386575940e+00 3.584486884411585361e+00
1.719185987658672587e+00 5.604668548915731741e+00
8.943902998585104847e-01 4.354068791901166691e+00
1.146287202876826949e+00 2.758583705681043163e+00
1.820064034500046724e+00 6.226312239767646695e+00
8.593462214948821565e-01 4.979976218237672114e+00
2.029927503744243911e+00 6.051431575365798565e+00
2.179577620534359550e+00 3.985921246331537660e+00
5.843365606608204033e-01 3.789407829723836052e+00
1.406811595357328137e+00 3.576203207769927950e+00
6.374201376590784562e-01 5.396897389329232908e+00
7.982375869496043386e-01 2.076183615900967450e+00
2.715970440381574758e+00 3.582456090959223349e+00
5.310910414954104208e-01 1.939222052502294291e+00
1.616377418803381039e+00 6.184416535459233977e+00
8.155158000788508277e-01 4.292598254540646252e+00
3.454859172917246202e-01 4.665548260219018140e+00
1.518817309983204966e+00 3.151830299642138122e+00
1.368563190763736781e+00 5.351862814632370124e+00
2.032543944727644103e+00 4.707834108696157038e+00
1.450645443353460795e+00 5.865528550790338080e+00
1.003363570264207194e+00 5.551276856751292677e+00
1.570444159704829978e+00 4.632583093229078131e+00
1.338020678570724709e+00 5.834143727456633677e+00
1.341147196905131622e+00 6.025763912166078207e+00
1.598334041464104960e+00 6.034981852105495648e+00
2.411230427117181829e+00 6.631073778125692542e+00
1.428511507692033611e+00 5.982889733641648888e+00
1.111965165575396375e+00 3.959850825028116361e+00
1.209948589716839384e+00 4.539713683215804707e+00
1.792204331076536317e+00 4.538655176372379252e+00
2.713099410517700427e+00 1.644674200124415675e+00
9.295181927351414686e-01 5.541127136059284197e+00
1.371209452521908734e+00 6.027196171330471586e+00
1.330080823731209616e+00 5.501631794206766735e+00
1.392025011936808498e+00 5.505149967515725606e+00
1.432521644873717470e+00 3.552305140558269070e+00
1.408186932591244611e+00 5.324878273645586191e+00
6.775059133033033421e-01 5.519795555179343172e-01
1.938576592023613765e+00 4.978675653376845922e+00
1.133400850152177286e+00 2.609944872498198620e+00
8.873830360290012598e-01 4.200984368321852180e+00
1.774557610840763466e+00 5.939590108674862812e+00
1.612160481761022446e+00 5.947313009560073915e+00
1.995744843809244440e+00 5.503321542962693158e+00
9.173774518894450836e-01 5.513189420308878930e+00
1.214590840089204260e+00 5.293902242561706828e+00
1.095850281971352036e+00 4.202201633417699256e+00
1.776449410281075059e+00 5.575598975229573817e+00
1.214311492831543049e+00 5.290199179027698762e+00
2.439002396615527424e+00 6.258263211883352106e+00
1.727912344360159169e+00 5.899937568234554064e+00
1.626262347991287882e+00 5.982588869473277171e+00
2.236369445972554271e+00 6.046063893642950049e+00
9.021900429922655729e-01 2.821323588635562984e+00
1.980896050327570324e+00 6.186589068785545820e+00
1.156957952236868037e+00 5.108837217823630539e+00
1.405998015374257948e+00 5.718910875778788316e+00
1.859903929661465671e+00 1.301594178194627638e+00
9.748575182777661219e-01 4.912937119478913317e+00
1.663510690279387916e+00 4.424667466935183313e+00
1.226633105773782928e+00 4.269989030761751181e+00
9.771397438772021493e-01 1.408067107042630717e+00
1.509618210544155792e+00 5.873966650487359331e+00
2.089622648271803662e+00 2.422229099446163936e+00
1.344376130191122787e+00 5.533636106358989615e+00
1.285695546513997201e+00 2.541472113161773905e+00
1.032883222184638461e+00 4.890536778759030589e+00
5.459222868542924489e-01 4.400982167342763596e+00
1.537574584573299541e+00 5.408614418582367023e+00
1.987898531584235684e+00 3.522164017071972353e+00
7.836104052340235882e-01 5.011430827839740587e+00
2.249714079157170143e+00 5.540124741219610627e+00
1.537076848499170145e+00 5.801270396146788855e+00
6.050935934193704124e-01 4.115206443064870712e+00
1.106515946083097335e+00 3.796351037649589699e+00
1.214250088525231197e+00 3.804794648700564608e+00
1.759861193030956450e+00 6.093250658796381281e+00
1.061713221705768095e+00 5.593436717011545767e+00
7.404832758223226508e-01 4.396664045621429651e+00
9.044057623187864436e-01 5.362417011189031690e+00
1.383229004783134597e+00 5.542878571995180970e+00
1.398948698023692705e+00 5.930367206716543826e+00
5.327942165551898812e-01 3.650583767267732149e+00
5.153488276975147775e-01 5.148799751078772857e+00
5.987917599683413306e-01 3.752735861551645069e+00
6.798814799880754656e-01 3.326208738790042752e+00
2.909418513884093116e+00 5.591005822087577570e+00
1.264149531341534516e+00 4.418831943664768502e+00
1.339213343121941069e+00 5.884903560193543548e+00
1.187821613981264735e+00 5.755242801238821926e+00
8.347187323609962517e-01 5.151963379582737979e+00
2.066355833534841757e+00 4.044393327183014364e+00
1.190122547525705787e+00 5.876152027785733978e+00
1.158009594530040598e+00 5.205531361166811699e+00
1.368841549699991722e+00 5.631574115857582719e+00
1.431432076834123546e+00 1.946636361598675036e+00
1.298864003605216588e+00 5.542169350213912438e+00
1.713250981623640534e+00 3.581466410088809393e+00
1.564460607198045805e+00 5.449565775580302862e+00
1.974648498034722088e+00 4.808413072936781774e+00
1.334017253391283742e+00 5.245115862616717806e+00
1.099422341978745665e+00 5.002670651843018845e+00
9.793139065827853873e-01 5.916566824279692050e+00
5.106389416811394355e-01 5.095261397896742039e+00
7.789970548794903360e-01 3.442212794757594896e+00
1.513187477946464687e+00 2.055372794501711731e+00
1.395375103724757482e+00 2.114611682024073680e+00
1.360379067476651604e+00 1.279282029547020638e+00
1.727918770711891483e+00 6.234571851248252194e+00
6.906715712840829635e-01 4.946166126337373292e+00
1.478169768097567394e+00 5.824961026949931231e+00
1.672589990515686242e+00 5.784270265573407066e+00
2.081128018527557355e+00 1.166086761520909398e+00
1.610078573425887338e+00 6.095037243369272772e+00
1.040729797809492929e+00 5.176692637685879284e+00
9.739762968938081578e-01 5.497104862395328695e+00
7.738621017937349356e-01 3.091655954657381855e+00
8.388051983495959929e-01 4.952181545202979152e+00
1.690801423717666951e+00 6.085853714298386841e+00
5.978861603057126217e-01 5.154702852805088220e+00
5.310910725453295012e-01 4.031318283531684088e+00
7.832564154154105784e-01 4.766468487391074760e+00
1.102311030963604832e+00 1.361055921691671999e+00
7.382537597216416447e-01 4.030378903235755317e+00
2.119863204414691893e+00 6.065815603716418813e+00
9.690560432761203824e-01 6.059098746576274230e+00
6.913320725692714275e-01 4.067475631041402195e+00
1.060209473081346498e+00 4.155727129245938123e+00
1.674380539176960614e+00 2.005751690156121203e+00
7.171183689368877401e-01 5.315174488431906319e+00
7.374431127652725237e-01 3.978919807550911347e+00
1.132616578930313089e+00 2.094551450084675803e+00
1.099834632459864237e+00 2.388004630857485378e+00
1.800839089061329723e+00 5.313210881529412788e+00
1.206477403578621432e+00 5.462141974917605225e+00
1.261450299734947045e+00 5.349883050683944319e+00
1.797857281307831734e+00 2.091631958045301332e+00
9.296795315632498946e-01 4.161838803783252771e+00
7.494646223517250627e-01 4.685780821259937667e+00
1.750272147258238098e+00 3.971697415849655410e+00
5.307969169579069835e-01 4.787053014653615435e+00
1.046980662407629437e+00 5.023647632678123642e+00
2.082578359273315360e+00 4.727155462359082350e+00
1.092361250180419630e+00 3.810732017182340226e+00
1.231222157894926283e+00 4.303587614650452586e+00
1.328070548830360131e+00 3.735758507129537609e+00
1.458913315093825602e+00 2.568552311819866318e+00
1.317107985599365483e+00 5.177203450008141417e+00
7.064812780986429175e-01 4.698373195367696376e+00
1.432470332086758891e+00 5.660495409806379996e+00
1.251709242196862970e+00 4.582522714640703931e+00
3.152702509086595217e+00 8.789468897643389900e-01
1.166836040226610915e+00 5.546456470511260228e+00
1.645631103085571700e+00 1.406153484535700438e+00
2.577664012507712155e+00 2.648466172104417815e+00
8.076496171391771561e-01 4.698184443248675457e+00
1.081408778471637744e+00 3.926563533253251137e+00
1.880178804869595321e+00 6.108159532309474393e+00
1.965887890402628235e+00 5.869207720149279162e+00
7.315770091389556251e-01 1.951013956837098329e+00
8.867560604529352020e-01 3.026527989278841257e+00
1.018833592943356514e+00 4.944431882697291947e+00
8.178846927822216450e-01 3.644878987518914926e+00
2.114070017220631481e+00 6.292231663864387592e+00
6.759461540531689350e-01 4.356253993951747283e+00
1.295823040821820538e+00 5.489093142584605900e+00
9.200208309719637434e-01 8.038120737532008508e-01
1.150506353738093512e+00 3.594455423817761730e+00
1.651383743769030854e+00 5.717952652480572162e+00
1.572021404009742440e+00 4.963053967838407132e+00
1.316834657048708390e+00 4.637272186099236748e+00
7.318425354758895107e-01 4.704980583283717266e+00
1.034185864844825442e+00 4.867593659382446702e+00
1.437255612248429903e+00 5.694756410425046766e+00
1.247366488192260370e+00 4.249449296780058560e+00
9.480136602175057714e-01 5.298779295940160061e+00
1.350907508279979075e+00 4.657625000007294958e+00
1.054540545373139349e+00 5.627738734836238876e+00
9.156674341056826316e-01 1.295324028942260064e+00
1.217981349562459181e+00 5.313101930793498795e+00
1.109865164783125913e+00 4.397184088011892200e+00
2.202036970461352716e+00 2.351543557331333023e+00
7.235603844086201386e-01 5.131795324480961540e+00
9.156995858831913360e-01 3.885206664748585670e+00
1.771916892146392364e+00 5.264008649801867890e+00
2.802991810743058476e+00 6.050735923274372929e+00
1.605500133174543320e+00 5.449500639664399237e+00
9.129093327149860881e-01 4.103961447282122421e+00
1.023963838983927843e+00 5.592115889284085206e+00
2.356403444995889274e+00 5.870687800140348855e+00
1.529814561579623700e+00 4.029319424916046444e+00
1.895341825085953280e+00 4.500155737143859191e+00
1.262027396736399298e+00 4.017153677906897258e+00
1.141121348108233180e+00 4.871923540838501765e+00
1.355348905007091487e+00 4.389153995922873364e+00
1.829607906834044284e+00 5.776083875636510712e+00
1.069107658529734328e+00 5.326433915526604501e+00
1.231079325897284082e+00 5.486226135105120250e+00
1.483334248932960842e+00 2.203655077217231195e+00
1.456445976993319569e+00 6.009086575942968800e+00
2.909418513884093116e+00 5.591005822087577570e+00
1.552593741308759823e+00 5.088802643752104338e+00
9.237669548873210790e-01 5.351565603865794607e+00
1.833493280135577663e+00 5.668764140699067866e+00
2.552979831206861672e+00 6.235670074549497066e+00
8.399762446545194772e-01 5.427137060380282207e+00
1.669754185575827776e+00 5.320994673159027855e+00
2.043972100896581878e+00 4.038923931496592346e+00
8.601971424750772810e-01 5.380532738985393415e+00
9.467274831961427495e-01 5.374571628502246234e+00
2.659837569179231309e+00 3.566489785630354348e+00
1.502123174486229118e+00 4.556161539439631092e+00
9.772417979497379781e-01 4.857287399051215537e+00
1.330080823731209616e+00 5.501631794206766735e+00
5.901641241244024449e-01 2.199597204807160811e+00
1.243447032844626765e+00 5.655001724463948776e+00
1.080507264616490160e+00 5.604511523543163065e+00
1.096424898408427939e+00 5.236794656694541139e+00
1.262027396736399298e+00 4.017153677906897258e+00
6.408265213979973396e-01 1.199680411449219219e+00
1.675046774531183225e+00 5.757274686648106155e+00
1.479407968005654883e+00 5.350323927142327740e+00
1.283222188327004076e+00 3.347604609188806535e+00
8.904036330500977314e-01 1.971938792434422716e+00
9.529411494256645465e-01 5.144359517326988929e+00
1.529917273296554248e+00 3.537893817697038479e+00
9.045753778752095853e-01 5.503061635585421385e+00
1.317273991934736488e+00 3.415242631048769795e+00
1.635481174717003716e+00 7.109961661749748529e-01
2.287030177013768650e+00 5.666559788924967478e+00
2.403869273172821508e+00 1.625279040173478240e+00
1.745593488296008022e+00 3.679231620070816611e+00
1.133050035618101026e+00 4.616488748223751770e+00
1.423602232511915533e+00 5.325382506404386262e+00
1.014384810787861912e+00 5.984798421227193188e+00
1.469045638927000352e+00 1.175587101327284056e+00
1.435481550672194739e+00 2.051602262628177353e+00
1.050730107093255539e+00 3.969679404600271688e+00
9.172036064166170233e-01 1.728810107994790624e+00
2.138166936613428160e+00 4.733786776597815660e+00
1.824328613729602200e+00 2.116980882036187950e+00
7.293859464221232880e-01 4.964183525443996103e+00
1.792133137033885770e+00 4.519087729585107738e+00
4.454993705718476305e-01 9.936804637504018656e-01
1.865957156674293627e+00 5.383529563381840966e+00
1.899190185853626200e+00 6.226940740046491563e+00
8.594655783540715577e-01 4.693126801514090118e+00
9.114745731775804050e-01 4.595870237216351128e+00
7.446826966163986317e-01 2.550783090179442159e+00
1.628345255515259993e+00 4.225378387265926960e+00
2.313019868856082351e+00 5.282377867250976244e+00
7.427106819550156613e-01 5.155877082226444585e+00
1.302938609122746838e+00 5.451117210986121897e+00
2.839849173502163815e+00 6.330332773669080204e+00
9.658545283971631257e-01 5.598519976022457989e+00
1.117199821555923123e+00 5.341182074596805940e+00
1.871708856904552132e+00 4.499226309611128016e+00
1.322883046943520657e+00 5.410331581209034901e+00
2.667505161921682966e+00 5.686312614366810791e+00
7.451470861424812631e-01 5.844214937288920275e+00
2.275239204422357719e+00 4.047302204752051047e+00
1.789833266492919295e+00 4.541083309378063149e+00
2.012122263363487651e+00 1.865887920678306333e-01
5.829109072480114229e-01 4.005026844600898528e+00
1.178677354591749049e+00 4.438057877745245960e+00
9.192492740463459322e-01 1.187212590081571539e+00
1.838673030856940560e+00 5.658779714587932830e+00
1.047232469552562328e+00 5.666021328964895076e+00
7.513789723653662156e-01 4.636382494681918764e+00
1.676937385000355274e+00 5.763760563565814010e+00
1.377183824041873006e+00 4.705365325509621499e+00
1.356002897061935331e+00 4.401489868656692117e+00
1.524859433798339881e+00 1.960963569250053773e+00
9.098896963433926732e-01 4.735459141684826179e+00
7.639385775203918483e-01 3.664829210599549913e+00
1.670834042391739382e+00 5.209497102765637599e+00
1.583096668174365451e+00 3.079615411066459529e+00
6.906714717399256021e-01 3.895213588302947727e+00
1.374436312761423862e+00 4.173288756484002882e+00
1.437512734406617865e+00 6.058384017546657674e+00
1.456360307113806485e+00 5.886576909247818179e+00
1.463074225724617428e+00 3.014645432754596843e+00
1.435303704094039290e+00 2.235935701625927585e+00
7.831864699206515512e-01 4.226674255670993752e+00
2.648720225303518916e+00 4.490212674027550754e+00
2.001255428785231771e+00 4.253917149627430838e+00
2.506945382563067426e+00 5.792733688561033212e+00
8.620361652247335860e-01 4.789032208695142678e+00
9.520357166357352741e-01 5.102191450203364731e+00
2.295487753258928176e+00 1.311143048267497946e+00
7.279850902177709138e-01 5.148867965681366954e+00
1.480615012924765495e+00 4.925048467747410008e+00
8.501377150458315768e-01 5.146821072717442824e+00
9.642176132883327755e-01 2.842710099312948824e+00
1.004769715645586370e+00 4.258433557599101249e+00
2.016114084777259396e+00 4.305000408266401735e+00
1.400951187555488531e+00 4.989733430420454141e+00
1.289711331569497910e+00 5.397396621551610707e+00
1.703172005782615628e+00 4.861086247202603516e+00
1.895521312803476244e+00 5.998808471155103739e+00
1.233472867529335382e+00 2.689349070074702031e+00
6.408026380878470984e-01 3.922398379608805996e+00
6.153133011581425338e-01 4.092406538389762538e+00
6.706569307259698798e-01 4.124636692365934998e+00
6.593729964833194845e-01 5.117509576848627617e+00
1.323002502143955539e+00 5.571177242571320853e+00
2.191015024309671766e+00 5.855247794019181384e+00
8.505527003024695443e-01 5.128311526616353255e+00
1.235221112733011495e+00 3.144811350333924338e+00
1.744623572803251976e+00 5.529546505948448321e+00
1.057210220814857937e+00 1.252994638637717095e+00
9.862503980062315989e-01 5.536250290545890351e+00
7.976865620986872685e-01 4.906033132540771113e+00
2.253037363730510556e+00 5.894697871108731668e+00
2.261720679190248440e+00 6.427517707594675223e+00
1.707798224613740201e+00 6.125726640534715273e+00
2.344504537813946854e+00 8.375213707199302693e-02
1.321494731439124770e+00 4.396674765533784779e+00
3.252987378368599192e+00 5.907099083375051407e+00
1.038033627056097252e+00 5.370832405072174964e+00
1.095973276747903125e+00 5.936222809944474932e+00
1.620149521767918266e+00 3.573375837907645458e+00
1.104690171112389763e+00 5.292282128444524503e+00
1.331662321294204920e+00 5.745420763173561873e+00
9.225706451023498733e-01 5.011964583625475811e+00
7.858894118089551073e-01 5.244723383776544345e+00
2.149587206942524364e+00 3.947705834209407350e+00
1.072059110448198016e+00 5.583802325844597902e+00
2.136592369535861291e+00 4.237388852495305613e+00
1.426277524530013663e+00 2.477295559517670664e+00
5.881840362829853230e-01 4.450716364486915211e+00
1.700717379055326939e+00 5.398552621197382884e+00
1.042816076512491197e+00 4.562949377839551346e+00
1.222015250843130785e+00 3.413909543605364583e+00
1.313726830823702230e+00 5.222807851608844310e+00
1.286858088661606558e+00 5.205662805737999221e+00
1.233047677248190865e+00 -1.110942880840086744e-01
9.564972664753795817e-01 5.845149323688249687e+00
1.650241752567494835e+00 6.015279539544121867e+00
1.540792462799958074e+00 6.570372678470851824e+00
6.602929567851841819e-01 4.892690746824122527e+00
1.193653636630872317e+00 4.105920161266089607e+00
1.185719565580235724e+00 5.850755687327922949e+00
1.156875509651755563e+00 4.617505628869865042e+00
1.139744963291036806e+00 4.619098138393799680e+00
1.113050219037528876e+00 2.516082786945951888e+00
1.013229934562515977e+00 4.856114793437053656e+00
1.448350679194293722e+00 2.320051023364073206e+00
1.857178579224371351e+00 3.485892940937438844e+00
1.989674484338753047e+00 5.346391239212402446e+00
2.247663754472223108e+00 3.933560465057281075e+00
1.589376452568836084e+00 5.934152783750476168e+00
1.000132242508313452e+00 5.682727736876104885e+00
1.376140513327839709e+00 3.784890801818439954e+00
2.197026874399024887e+00 5.822047637869477654e+00
1.562183571739258925e+00 5.719354704473347262e+00
1.639074653543624915e+00 5.638751555203149302e+00
1.717977857316958845e+00 4.331647717407943077e+00
1.423829919354316020e+00 5.748994519299487571e+00
7.682091550613205921e-01 5.116473605429063376e+00
2.134305710557206748e+00 3.154046857245456525e+00
3.296230551427337119e+00 3.112096380370307447e+00
1.680521023005541181e+00 5.860781234519360616e+00
1.611283069420228031e+00 4.844429851719312730e+00
9.803181346101101923e-01 -4.507879459000298239e-02
1.426564620829001040e+00 2.948394340259290036e+00
1.509290103898118351e+00 3.655232841355643636e+00
2.004721303064359805e+00 6.182034546040182654e+00
1.516366678170412596e+00 6.062555671285897674e+00
1.287651214175391745e+00 2.834384119052057116e+00
1.443177973389285107e+00 5.359004391073386664e+00
2.074564789214667915e+00 4.683919921609905224e+00
2.172591223005532868e+00 5.536991893379720864e+00
1.279350604400456337e+00 5.138846193142598828e+00
1.373172180633656536e+00 6.102222753904845476e+00
1.252681738517898768e+00 4.976952078216067221e+00
8.390935080944007529e-01 1.418632760520397440e+00
1.440091038681232449e+00 3.200772584818547983e+00
1.120901109921202288e+00 4.568854432370605956e+00
1.204553837841839004e+00 5.775463164500881597e+00
1.208624734963881009e+00 5.574697881201726268e+00
9.059777729683931025e-01 2.329343277783571864e+00
1.599944617264437374e+00 2.758992137070364059e+00
1.784306465960193044e+00 5.991208112793312779e+00
1.658921048446903024e+00 5.614085087208041003e+00
1.557353421135758698e+00 5.933653438589195694e+00
1.336923165251211021e+00 5.779624571956698098e+00
1.892215777043765534e+00 4.366423154856657440e+00
7.769915758134620098e-01 5.008416943900281915e+00
1.041041857220953659e+00 5.750424788337225479e+00
1.138644552281907529e+00 6.216958310561012446e+00
1.165852462985535132e+00 5.461313410229110765e+00
1.559378900037317495e+00 5.746887238179613888e+00
1.578199054943155932e+00 2.804674248877912390e+00
1.999359539900733340e+00 2.794154998217162067e+00
6.547888694888848171e-01 1.228124916159894164e+00
1.740145111945164746e+00 2.332532172665415793e+00
1.003680144001498187e+00 4.957867673104804140e+00
2.991345424886855398e+00 3.146867636850247507e+00
2.759270358904819087e+00 6.370901290256926863e+00
1.256212022303459186e+00 -7.963417208910108513e-01
2.153074587267145734e+00 5.222296319968974032e+00
1.462617540504905111e+00 5.540943531898703256e+00
2.565890388181219617e+00 5.959698310010663747e+00
1.808925543839456029e+00 3.111191256265128491e+00
6.946560124833403016e-01 6.157826974200731884e-01
1.018711205033023814e+00 5.569545827227853074e+00
1.578646788749524577e+00 5.047892526897526544e+00
1.364552748065806176e+00 5.483558657534004510e+00
1.349873080291855487e+00 2.150781572871690805e+00
1.088791708299198246e+00 2.729847222849422828e+00
1.889605735070067905e+00 5.655709297694452076e+00
1.157226688109622259e+00 6.022720667043585330e+00
2.198072252717692798e+00 2.944251886134312990e+00
8.763558142712799537e-01 3.345647884637365621e+00
6.346871322625000644e-01 5.159952041525651012e+00
1.695589765877125510e+00 5.501613149189144458e+00
1.058625103813809698e+00 5.740843419104021628e+00
1.156888709858294728e+00 1.990333532185297294e+00
2.817056812915399444e+00 5.566215923555778211e+00
2.226372959729559842e+00 5.879713095494171426e+00
1.717754905012040645e+00 5.859088117369172899e+00
1.085457077945118254e+00 5.776521257528321129e+00
1.929073438068660273e+00 5.754431793541359141e+00
1.126378210834462656e+00 5.067811465431862672e+00
1.121721716684485726e+00 5.138573864162240490e+00
1.235852979481483649e+00 5.657733950405380519e+00
7.936346394009811123e-01 5.008393001167458891e+00
1.890249043449868882e+00 6.035393970366103922e+00
1.187776984826177218e+00 5.391217627057100614e+00
1.861464308693002723e+00 1.574357482694921595e+00
1.179326893826445399e+00 5.454086982809378981e+00
1.790344838144874551e+00 -4.278590718964514483e-01
