# Hierarchical MCMC downsampled to get 500 samples: alpha, mu
9.474581639978288949e-01 6.009458704001726659e+00
1.895977126502062182e+00 6.719584407903798962e+00
1.416429168677354022e+00 4.660650809605743738e+00
8.802663728258657283e-01 2.468768460067905846e+00
1.381260083395255966e+00 5.535289339697801125e+00
1.435368049833805060e+00 4.227889734195485083e+00
1.028259613929203287e+00 3.263385051009474846e+00
1.146605717646439260e+00 5.145645066888934416e+00
8.901904313719315454e-01 5.904779952743373528e+00
1.743326047388583655e+00 2.835303062334323165e+00
2.377499952006490780e+00 4.282309658188422574e+00
5.576711228517162722e-01 4.513651171930121997e+00
3.360930673316190109e+00 4.261451604244381741e+00
1.375582469226275029e+00 6.169565977026608472e+00
1.022680296051450055e+00 5.276299951966953117e+00
1.057444250627012083e+00 5.611919023898968462e+00
1.431968141417667928e+00 3.548975663415293358e+00
2.699142928689703513e+00 4.248168565837747046e+00
1.796476422424913011e+00 5.954532306043315515e+00
1.095777562765452906e+00 6.404383416795203843e+00
1.473879544795072327e+00 5.719038338442493874e+00
9.749570805256114747e-01 4.695718302522960741e+00
1.057092469559670622e+00 5.972877442469738618e+00
1.420093706796378363e+00 3.917546869363056850e+00
1.283024586406268597e+00 6.348983656361179229e+00
9.262527010480066103e-01 5.975524609900620732e+00
1.348750683080289781e+00 4.865187381617843698e+00
1.546229591097155520e+00 6.313258965193275785e+00
1.219774053039322403e+00 4.806321647643121864e+00
8.686276385890494556e-01 5.947608206874971160e+00
7.869076532535738133e-01 5.711011150325985497e+00
9.415552997622390619e-01 5.631378652557469167e+00
1.301410174928098629e+00 4.972158496984309117e+00
1.042917913741367109e+00 6.252570532151193738e+00
1.231546464173437494e+00 2.445088748678586832e+00
2.662039646971082085e+00 2.582393126165937858e+00
1.570144903102659084e+00 3.084210474295871585e+00
1.552862157062481652e+00 6.067120254352063036e+00
8.631101582884176393e-01 2.328811995124192791e+00
6.516655932777205562e-01 1.331041581008137520e+00
8.566557141132864484e-01 2.505039285216648537e+00
1.434031072361824810e+00 2.271868731599140379e-01
2.208388256680767547e+00 6.272657078234785466e+00
4.171138797126390241e-01 1.734438145316719027e+00
2.109834218471760892e+00 4.816831076088176289e+00
2.164240460576048353e+00 3.904128896100641288e+00
8.338840525165558404e-01 5.700541695832669120e+00
1.312795395521289876e+00 8.534372142416170037e-01
1.363916808782922097e+00 2.671019630564511527e+00
1.331036682720852848e+00 1.980091300517264674e+00
1.049460688991114443e+00 4.584436270917917611e+00
1.086578520400270476e+00 4.073649155588849879e+00
8.195052124356123624e-01 2.302832112482172899e+00
1.775819343220325308e+00 4.835069527930592415e+00
5.511688548240756269e-01 3.287093306692503880e+00
4.267154891500191560e+00 2.407949924517733375e+00
1.181578369803883755e+00 5.623194275541256282e+00
1.504777436110877220e+00 -2.430382457529812745e-01
1.012206264682161017e+00 5.894928192588476890e+00
7.373323373996336638e-01 5.149484668741305171e+00
8.953416002560193876e-01 4.596939343173619186e+00
7.802879495505897767e-01 5.408713257376739136e+00
1.515381191693353724e+00 5.268445268832429029e+00
1.882481132139639302e+00 4.994198430332054350e+00
7.724195908720767889e-01 3.018484233935818217e+00
7.793443102121360155e-01 2.153856052196695625e+00
7.596004340065189986e-01 5.006988795805676240e+00
2.073186144783612850e+00 3.089407654885138133e+00
9.140238013087603752e-01 4.334482008866856972e+00
2.774294829763990222e+00 6.037472637801648112e+00
8.058393171478893668e-01 2.523599332024789366e+00
1.022369774498038675e+00 6.287665371192851183e+00
1.126084628797710208e+00 5.590661396348569845e+00
1.092619839334275422e+00 4.212409794619320635e+00
9.953567437206253254e-01 4.746837041190215878e+00
1.647603142408737842e+00 -1.809713076746533034e-01
2.052106699999149075e+00 1.878741905497915088e+00
9.294244974109506785e-01 1.651944893159924099e+00
1.924397868000919276e+00 6.106321277706918238e+00
8.382391825238947325e-01 5.631564725142141903e+00
2.172871794648216337e+00 2.272202514656399774e+00
1.305765327703073853e+00 2.366856039575042203e+00
9.581414873940772292e-01 5.116346942575816570e+00
1.604532595770725267e+00 2.902701982119740620e+00
1.423899217257146965e+00 5.285193815936453099e+00
7.591408008560508458e-01 5.683039936001804904e+00
1.184628026838986159e+00 1.535281447857788084e+00
7.942875973940088929e-01 5.120093295677732748e+00
1.724979813615590718e+00 5.714168361531719142e+00
9.447128149236208028e-01 6.297562980331413485e+00
1.848935348303220483e+00 2.778186739220102286e+00
1.267682824128692154e+00 3.709754329641241632e+00
1.481558148718335133e+00 3.390946380567661400e+00
9.836754854212439447e-01 6.096339030341384913e+00
6.152845403035609451e-01 5.432426610589284444e+00
8.544220446913238787e-01 4.354504634514685613e+00
1.163333579078473790e+00 6.122110514801264003e+00
1.664653048117524348e+00 3.112092509077275082e+00
1.698288786373866044e+00 6.378434708127534769e+00
9.581414873940772292e-01 5.116346942575816570e+00
8.321640856959988675e-01 4.028848426452249498e+00
7.642262408362153758e-01 2.247254424352153723e+00
1.252544340095578468e+00 4.310076152009163941e+00
7.364367216335270250e-01 1.946246675289592387e+00
2.042993878827370491e+00 4.963156872495234628e-01
1.347013562650161811e+00 6.002007184915600924e+00
1.419763381755901221e+00 6.073143856655631723e+00
2.422063481759202386e+00 6.093380391067450219e+00
1.347013562650161811e+00 6.002007184915600924e+00
1.642726838136415735e-01 8.290291596615000369e-01
4.916878268991241585e-01 4.324771510817202014e+00
7.331280633063067542e-01 3.616493781327160040e+00
1.254618155493869347e+00 3.362156333326741020e+00
2.559890600551891993e+00 4.078520268843135455e+00
1.198696452774222321e+00 3.927009862246490624e+00
2.105905145347438001e+00 2.414001526412124399e+00
1.229184038448510874e+00 6.152477003213478568e+00
5.825003930509615735e-01 4.044517559600463663e+00
1.213774277046903993e+00 7.564036929494161177e-01
7.242525863850320933e-01 1.462708608577751646e+00
1.387140571981615667e+00 5.413503818751024710e+00
1.208293750388149901e+00 4.263237484751955186e+00
2.070962793449476980e+00 3.433843625757508899e+00
1.465186590393095623e+00 2.034732192057863820e+00
1.859395718790617158e+00 4.001171770158072682e+00
2.494810158890376606e+00 1.954626497330459678e+00
1.115253861827536941e+00 6.221802076087650235e+00
7.025206685606533163e-01 4.380920034383700923e+00
1.157206464816736391e+00 5.028770183210622413e+00
1.777821132151403027e+00 4.088776971305589925e+00
2.679201336229962926e+00 5.886039139572216250e+00
1.098643509856908951e+00 1.387458967950295330e+00
1.292885583422670459e+00 5.315945351074174319e+00
1.763468373164893466e+00 5.281419506956317456e+00
1.982590577001757337e+00 6.294377510193241321e+00
1.448303639606376647e+00 4.793082147374140511e+00
1.147668347085484708e+00 5.839398205028114575e+00
9.140431019590334882e-01 1.568427773129420277e+00
1.338204390076099370e+00 5.953681545329405189e+00
6.341889858471634334e-01 4.186339262559641838e+00
8.630485042535517293e-01 4.267701134147159792e+00
1.556206733207006865e+00 4.410479000562498975e+00
2.248471414209578523e+00 2.133710740681691753e+00
6.691279165154344621e-01 4.763091230069312232e+00
5.049763013703161274e-01 1.198565240983837654e+00
1.064561861214944116e+00 2.357952092598804228e+00
9.338370128186311847e-01 5.895493389706278897e+00
1.633846565427972131e+00 -7.766496756546996671e-01
1.243406302821640885e+00 5.996865135879849262e+00
3.353606363359643794e+00 7.136033057693893511e-01
9.693721751061659120e-01 4.014754517707002535e+00
5.293288696519600212e-01 4.121800424206972124e+00
1.522956772356565791e+00 5.980104358892979199e+00
2.012364010742685672e+00 4.747011321954698104e+00
9.293860991264482063e-01 3.037407956727399938e+00
1.219312341775382835e+00 5.703771327949355374e+00
6.901368926001806292e-01 6.045878732954403034e+00
1.766976560709980770e+00 2.088361611682177710e+00
9.480417980265792854e-01 5.401382533168896494e+00
7.232010433467964683e-01 4.836796123243740197e+00
1.996547189008156531e+00 5.602982895753186199e+00
1.445728700054691451e+00 3.197134285421395106e+00
6.098082136719409352e-01 2.357435895213285448e+00
6.981076442826223971e-01 5.361635297085053153e+00
7.407803948651265902e-01 1.104766939137403536e+00
1.326994853654754003e+00 2.246693176548054449e+00
1.652182697547819545e+00 5.840878575432447484e+00
5.358155647912832276e-01 5.649292631161579870e+00
7.592381315003620124e-01 5.985567825921528140e+00
2.940942029839774818e+00 6.643339830499303211e+00
1.262371424361537153e+00 6.209155906414741466e+00
9.662890659025977769e-01 5.610436161637176511e+00
1.506790581857317290e+00 6.111333714845860854e+00
1.625328858362642181e+00 1.352720114861066580e+00
1.526669114050569265e+00 4.715567568697312417e+00
6.928812391596133047e-01 4.937988162177160412e+00
1.711957670718178504e+00 1.876887183901758016e+00
1.734858096410059058e+00 2.580042605330888250e+00
1.095604270548792947e+00 4.492626264565302563e+00
1.039076893770005672e+00 4.818570702552183782e+00
1.450598300744417424e+00 3.659673787084302354e+00
9.359417086757158000e-01 3.735947512799723924e+00
6.678099048790971937e-01 5.615262223828993982e+00
8.689106473336078995e-01 5.462715560034852480e+00
1.071972825473622493e+00 6.062795937013096825e+00
7.338312855720188210e-01 5.968572898788566228e+00
8.618317691575888562e-01 4.641855045016624715e+00
1.210044829153989365e+00 3.560489458593630641e+00
1.087949315005569906e+00 3.235639427909248189e-01
9.377578295922385232e-01 6.550627769510187770e-01
2.063769100864352612e+00 3.639912520712119015e+00
6.625969132654837557e-01 2.797643416307034059e+00
1.375755883701339277e+00 5.605453445217333019e+00
1.649139641770710929e+00 5.680976224826629561e+00
6.088174405031122616e-01 3.525629096156132736e+00
6.831483488999894327e-01 3.250839830493454485e+00
1.624144586143467794e+00 3.944842980604075677e+00
1.740185081842551051e+00 2.779327222493412020e+00
1.241273297668763709e+00 5.717743684695436812e+00
2.368665447480413633e+00 5.226407766360225082e+00
1.141520182304100128e+00 4.962984875090997505e+00
1.683276847908615981e+00 6.144612715429872196e+00
1.091133679310561266e+00 5.644645680645728802e+00
1.242372018674950951e+00 6.037374495083779991e+00
1.180926121996515032e+00 3.315565267495395485e+00
5.960994600581696057e-01 2.500232070153984854e+00
1.802559419132826690e+00 4.681871891582049194e+00
5.224990832231757310e-01 5.426393926968847481e+00
9.329224347582192323e-01 2.775606961651627014e+00
7.035906356356353974e-01 5.184107114282988427e+00
1.388169350114956346e+00 3.843759069468878575e+00
1.016325718844329096e+00 5.229987491340660100e+00
9.583212311806010852e-01 1.946711306308688494e+00
2.364782942031808943e+00 4.432385861765037127e+00
1.715148276256927895e+00 2.469505770470252326e+00
6.612649288939337344e-01 5.452558547740908423e+00
6.078352561596112036e-01 4.428108815848444735e+00
7.316774208042763350e-01 5.168837920160014754e+00
1.175974259296908908e+00 5.108702105759607370e+00
4.897406336638976398e-01 4.960433032514679041e+00
3.551857764625447444e+00 5.060384987097250153e+00
1.081320161951839998e+00 4.551362949438907179e+00
1.361618737367522591e+00 5.061815603477918479e+00
6.881792641929932453e-01 5.850557655040531380e+00
1.246035160044239642e+00 5.212142316638982642e+00
1.059931967390447927e+00 4.540770143102575318e+00
9.956883719779103803e-01 5.483670523643539241e+00
1.026817974267162148e+00 -2.113189964350677408e-01
1.406138386185537215e+00 6.089748970408029649e+00
1.383572335128833153e+00 5.237940418931023245e+00
8.464908345245425458e-01 6.110761079975009835e+00
1.648019746423557752e+00 5.666482244910246990e+00
1.890237474388007932e+00 6.295438094463628786e+00
1.945806630231769807e+00 9.662357060670165865e-01
1.220629169027259486e+00 1.813228566521700058e+00
2.119616220418850894e+00 3.895952341419387288e+00
1.074993886889425543e+00 5.951202996262246359e+00
1.457208410390541831e+00 3.271225243108722758e+00
1.073886531013626522e+00 1.592046655612908701e+00
1.136188244024354699e+00 5.315908005415897364e+00
1.998475988329162512e+00 3.265204538641580445e+00
8.913764776562181913e-01 5.795056663190534252e+00
8.469241000518352713e-01 2.966584847819375703e+00
1.288003042368847995e+00 2.514774325660475540e+00
6.597752394939514486e-01 5.937715727481876371e+00
9.192007544134458419e-01 1.235422859900389581e+00
1.175426469692761877e+00 4.877530943943493291e+00
1.417955658871515867e+00 6.365234031672706294e+00
8.558210898198937988e-01 5.421119747133598565e+00
1.744376166127020067e+00 2.367566794226898530e+00
1.279660569929832459e+00 2.108522977270836041e+00
1.521940494169393032e+00 4.609818472982359694e+00
1.313689661547092324e+00 6.034650769171439499e+00
1.398567236774783895e+00 6.022900858603682295e+00
1.297399855525191770e+00 3.541273683049751320e+00
1.583479059039531567e+00 4.459490159621402050e+00
1.017100239517849669e+00 2.901261272978661765e+00
9.717371548474725840e-01 1.574268498627528157e+00
1.615892467464353111e+00 3.498695532590271551e+00
5.371863809454814342e-01 5.440759883373222472e+00
2.991103615262177051e+00 5.351484887927603573e+00
1.525468834570482546e+00 1.280340282482414160e+00
6.011705695806937033e-01 3.615090579411210925e+00
1.314477475430637643e+00 1.192248259444354641e+00
2.103887473501415695e+00 2.974283197529410394e+00
3.284521236349029039e+00 5.943914003576406202e+00
1.799664891907337916e+00 5.574724195752210676e+00
1.318938654824877599e+00 5.236918616846688579e+00
3.988163096929739915e-01 4.767653624444872840e+00
1.004927070846531212e+00 4.101739594970768010e+00
1.891882622608653364e+00 5.576308696907920748e+00
1.731094304490352842e+00 4.741144144619118705e+00
9.779315798694546702e-01 2.729614798041894996e+00
1.481529840033567247e+00 4.331796945721096748e+00
7.909677733528956978e-01 2.987006329676489713e+00
6.878650996471997736e-01 3.488678378100487532e+00
1.141582351956595298e+00 5.957343116534193683e+00
1.462402618539735411e+00 6.438738592320849108e+00
1.959560413707392756e+00 6.043394405273271985e+00
3.103302968115647431e+00 5.167715238114279686e+00
2.161697590637441380e+00 5.644254941342596865e+00
9.409305285467066682e-01 1.318801017889288829e+00
7.230075235764539254e-01 3.993881867735639801e+00
9.638185113005126592e-01 5.138879317874941677e+00
1.135613010568304881e+00 3.564788692498317868e+00
1.112475061407739663e+00 6.102854465948772678e+00
1.398321068873232154e+00 6.020353611009171324e+00
8.051440191908968425e-01 4.346862374721217392e+00
1.342035361451880959e+00 6.324239432812358785e+00
2.939096680466951383e+00 3.174800377880178104e+00
2.017532215164365983e+00 4.948159751893086877e+00
9.527800319121231265e-01 6.192454061593523740e+00
8.584210921320225562e-01 3.366647647657873055e+00
1.667730050402278286e+00 6.260138035928625833e+00
1.377022993274262586e+00 4.426765222339260397e+00
2.026488775903247053e+00 3.301881599511307996e+00
1.906654720278914583e+00 5.031989173703988349e+00
1.531653852685531003e+00 2.794438525321278455e+00
1.505228295851507303e+00 3.677226996360795086e-01
1.890130932958361321e+00 3.055591910399593658e+00
2.119415069204078073e+00 6.105958375649989556e+00
7.074613541144088025e-01 5.921859289666760340e+00
1.154515896807698505e+00 3.247142850003800429e+00
8.908178959972538058e-01 5.726261651560742294e+00
6.042416187299248787e-01 4.219527631298205961e+00
2.379457212461375537e+00 3.744628259126034031e+00
1.108145732813085926e+00 4.078710915711220686e+00
1.491396305240044962e+00 4.862102949196558832e+00
1.213136561359672072e+00 4.045257608731983368e+00
5.340100355052443959e-01 5.949039488502610773e+00
1.983337446468056875e+00 2.587882330920984408e+00
1.224467038131093144e+00 4.850774909222818287e+00
1.197778251135696470e+00 2.717930102646153312e+00
7.683053676359482553e-01 5.831511784177440205e+00
9.554249463881805404e-01 4.389975938472283623e+00
6.182789656763727493e-01 5.657312018571518664e+00
1.959011435004179624e+00 4.648289401433309820e+00
1.415798313372369721e+00 6.225378993023135799e+00
1.339009400712035447e+00 4.423767442802156502e+00
1.629208646289130424e+00 3.391770530395404215e+00
8.542767897875331862e-01 5.728810515350827082e+00
1.279842501197692162e+00 2.243181917192522246e+00
9.550519264280289411e-01 4.054363219478307023e+00
2.323540478962904388e+00 3.982357413232150645e+00
2.305661811322714083e+00 3.488347109181667349e+00
2.519338719796923698e+00 5.269427819452409345e+00
1.193656448552235627e+00 1.737143527362054796e+00
1.065903691736519221e+00 2.616814976426985240e+00
1.821174698262154168e+00 5.128546868199975073e+00
9.562093062056591375e-01 4.782859439911869792e+00
9.877413190498397499e-01 6.061546539132266709e+00
1.195018684402264997e+00 5.096138268713684027e+00
2.125954266720758046e+00 4.080925761574584421e+00
2.405854838635092641e+00 2.499368726722719369e+00
1.233722613326060369e+00 4.558009983029834622e+00
1.101152322892448465e+00 6.197062596101524434e+00
1.495494468734668292e+00 2.658045883453564961e+00
2.107399932922521923e+00 6.412685697384511663e+00
1.060828949716311698e+00 2.333642458853224966e+00
9.484522190378574802e-01 5.450654525944895745e+00
2.588178281481414711e+00 3.555807363552981659e+00
7.754575889497565822e-01 2.634972594557760672e+00
1.373330036994246495e+00 5.444600432524087985e+00
5.708286367541453021e-01 5.387807205121627696e+00
5.750229752656854654e-01 2.866711520410000436e+00
1.930535719122534744e+00 2.348064527975223914e+00
1.540315387709007666e+00 5.603012904930321447e+00
1.719295439522875890e+00 4.594387043841098972e+00
1.127103311612210446e+00 5.864383062763263155e+00
1.551389750526376288e+00 2.621901748262528642e+00
4.569467109224689683e-01 4.675707397953313027e+00
2.241611767136160172e+00 5.002562021174346896e+00
8.622472304286922240e-01 5.364843658016472894e+00
2.271284735926165865e+00 2.721955575295808671e+00
9.290930052342761813e-01 5.123577887503768302e+00
1.802950816745829243e+00 5.339861758813696291e+00
1.477745313606970257e+00 3.213754957555972069e-01
1.683374705228345869e+00 5.243231793002883556e+00
9.901591358273446053e-01 5.983615752272253729e+00
5.936408638993991849e-01 3.180564698611787477e+00
9.171717942806671964e-01 2.173004663040165152e+00
1.181851803835203274e+00 1.506924053553885923e+00
2.436108700404834293e-01 3.823265642483710369e+00
2.339558672916486337e+00 3.428754278881086748e+00
9.568696088447911086e-01 5.361281356168300150e+00
1.952454449257903901e+00 -3.038504167504751940e-02
4.840740464636057450e-01 3.070476352121289665e+00
1.673859057010111950e+00 5.875849959318549587e+00
5.576711228517162722e-01 4.513651171930121997e+00
1.219906686062419698e+00 3.533751389127751885e+00
7.543116078191522966e-01 5.609908953675616594e+00
1.426942378129696598e+00 6.131034339112931164e+00
1.157864586349554692e+00 5.803312214626422438e+00
1.428314802609305323e+00 5.809939692331330896e+00
7.817063735993824425e-01 6.113155096172176783e+00
1.387252422188835155e+00 6.257969646379372364e+00
6.524894199438797671e-01 6.028925642521521411e+00
1.904399173668938072e+00 6.357706328721707933e+00
1.791142862503078748e+00 5.879297941546961503e+00
4.934487409188587081e-01 4.884562109814358344e+00
1.705142443283684361e+00 4.792484431014852220e+00
1.589477779323983819e+00 6.316409984587380677e+00
1.146024189419257322e+00 3.403350872670342309e+00
1.880714151452807181e+00 2.052773377488276818e+00
1.992959910532482004e+00 5.886505399204121858e+00
8.529044807352268442e-01 5.729440668911175649e+00
2.201963829823206709e+00 4.564246430107035124e+00
1.208322397845164708e+00 4.036882410683368505e+00
1.552018548073102799e+00 3.081840018638154266e+00
9.290930052342761813e-01 5.123577887503768302e+00
1.849430186129058962e+00 3.361218789563944487e+00
1.169596835397888057e+00 6.412124914695980671e+00
3.476967010038894745e+00 2.861260108429586335e+00
1.914797312033405419e+00 5.440598563003158361e+00
1.805626393298571664e+00 3.599218516872284113e+00
5.907458086948670362e-01 4.616548138842333948e+00
1.238822341432137986e+00 5.089813013049822921e+00
1.205206149650724257e+00 1.103571836288262276e+00
1.551387511664249264e+00 3.580816564191319884e+00
1.463143836591949354e+00 5.789285180392919727e+00
8.478881710030372609e-01 3.561788584264536706e+00
1.538417460295315120e+00 -2.739411143358363443e-01
1.577358496423900913e+00 4.433126397624050696e+00
1.119756135542190778e+00 3.688109780182568187e+00
1.542271612444035211e+00 5.970388936216670217e+00
1.422093794476441131e+00 3.237349317003724192e+00
3.067822525043880422e+00 6.368560910606603898e+00
1.282539813920239080e+00 5.389957375769293790e+00
1.226442346818509943e+00 3.832896837988791106e+00
9.989938997665582798e-01 5.304973390727601767e+00
1.869601975267039640e+00 5.970726619713003558e+00
3.481709222252815206e+00 2.201763455137036196e+00
1.294714017221816116e+00 5.896641445521581204e+00
1.078436520777614760e+00 6.465780827221198734e+00
5.236631570702371397e-01 2.665255746564398898e+00
8.727576956331128955e-01 5.442162820953450719e+00
9.801507805139287877e-01 5.799302429371083534e+00
1.178071254492836895e+00 5.735747603099182967e+00
1.648019746423557752e+00 5.666482244910246990e+00
1.622178807263524147e+00 4.587430532565073271e+00
1.388169350114956346e+00 3.843759069468878575e+00
1.613696097262533602e+00 5.249721947977844749e+00
1.106745686936161599e+00 4.604527819797008981e+00
1.272904959390201762e+00 4.508931041497651115e+00
1.140035182222422172e+00 5.379338664042027318e+00
5.083607609807627714e-01 5.243515274306824736e+00
1.796533049592504039e+00 7.401777134776145184e-01
1.538445326908780775e+00 5.377360019294989968e+00
9.513055796473900427e-01 3.624359586351769913e+00
1.146531533917383383e+00 2.366495312700113818e+00
8.847350503419157963e-01 4.534982852570182743e+00
8.064716211243506683e-01 5.340615963372888686e+00
1.912134012081690093e+00 4.406024194302582409e+00
1.188809930628111911e+00 5.092773445159537893e+00
1.586627072466914479e+00 4.800513949628321342e+00
1.369512097198717582e+00 4.947782547809199905e+00
2.862799859947259051e+00 2.211664461452792718e+00
1.534038200454608258e+00 5.749756898144756434e+00
9.573209788746022131e-01 4.205323753272203646e+00
1.573785757240889094e+00 1.468994888136281762e+00
9.888127304112973581e-01 5.684752271127797130e+00
7.742082449336298300e-01 3.653055948871238634e+00
3.052862686997220187e+00 5.583136454373184066e+00
1.442527712522579719e+00 6.227776075172723580e+00
1.167355916034073182e+00 2.077749590476830832e+00
2.424168346381591288e+00 6.478344436725442357e+00
1.475192059663627875e+00 4.219205307697710516e+00
1.215503519403424715e+00 3.021942994024745310e+00
2.769089794425733775e+00 5.302481287146483702e+00
2.035566629140532324e+00 6.087365189174023250e+00
9.569118172830550773e-01 5.347051628668604728e+00
1.877077736817361453e+00 3.296031469420660276e+00
1.505867841347606761e+00 5.257395261307634904e+00
2.520371402962091167e+00 5.943993454944838994e+00
5.929910260802638833e-01 5.231455182397390935e+00
6.105090998394251400e-01 2.857757156997428272e+00
2.145845198463900871e+00 1.675088555173947169e+00
4.414678465822633457e-01 2.354751442494588787e+00
4.171138797126390241e-01 1.734438145316719027e+00
7.685290068688112042e-01 6.197280057785512497e+00
2.192997619474644111e+00 9.650160937491782942e-01
1.221884198314890480e+00 1.350486466510812278e+00
1.128203773631441642e+00 5.720461032583597394e+00
1.090729404173961026e+00 5.986434696211968109e+00
7.761745123522960643e-01 3.183311696241594380e+00
8.667010653390667674e-01 3.781129635479130169e+00
1.314615497667976918e+00 4.471010416655296638e+00
2.442553877465706513e+00 3.820086915776814696e+00
9.350852320324569700e-01 2.217739266426739686e+00
9.766012847979148592e-01 5.175659575388812605e+00
1.077758975045467915e+00 6.282646632937566977e+00
1.648717051331368255e+00 4.688961437242607388e+00
1.228486913438817441e+00 4.607780300460246892e+00
9.823317919649583452e-01 3.284536457293043554e+00
1.319709273358458557e+00 1.937337371053307056e+00
1.572230339110357145e+00 1.843443635116294388e+00
3.715542410734750334e+00 2.343746937684610732e+00
1.771187046939027621e+00 5.216552970084800123e+00
9.237580824469315832e-01 3.222922667498089311e+00
1.534038200454608258e+00 5.749756898144756434e+00
8.457939885835898952e-01 3.299605823118945125e+00
1.353508474516015525e+00 4.789116375805152259e+00
5.476037946385490240e-01 2.964417678602822015e+00
5.154961294032471830e-01 9.314034122278808114e-02
1.517725017350492145e+00 4.808095852279477000e+00
7.354761894868511174e-01 5.246755676007316183e+00
1.719416229156841336e+00 5.058915628210627347e+00
1.118415216833812398e+00 3.956426103712392450e+00
1.271946623318978897e+00 3.830679628792959868e+00
6.747248765289209915e-01 4.984314508734446036e+00
1.000607977809035765e+00 6.156243953943204339e+00
2.085832084944863496e+00 3.296283870487680900e+00
1.287745336341894031e+00 5.774355454346940419e+00
1.133680548270637800e+00 1.034750753685098834e+00
9.479408559278461599e-01 4.545972310975987085e+00
5.233676710713608404e-01 4.435912618698472976e+00
1.909723353950673497e+00 2.977886208580895033e+00
1.558372863515535389e+00 4.901228284546900404e+00
1.917543368695153294e+00 6.115320435600700044e+00
7.571008915293183650e-01 4.122452024143406391e+00
