# Hierarchical MCMC downsampled to get 500 samples
# alpha, beta, mu, s
1.197260474123429175e+00 7.298338700544648283e+00 -1.082456288612041018e+00 7.345557518991747969e-02
1.317170546522210106e+00 7.312033813445453667e+00 -9.808778772643421684e-01 1.847473477351380122e-01
1.062332510411592601e+00 6.203499700008727302e+00 1.271803635307995561e+00 4.157661533481914473e-01
1.399844841493644632e+00 5.047079513352554336e+00 -1.530743833302753210e+00 1.376666860918397406e-01
8.329992669098651437e-01 3.896036204110331802e+00 -2.827760707345783331e-01 1.393489431737394146e-01
2.692981107316352762e+00 3.318987587328068312e+00 1.457482344985270961e+00 1.992028334743141393e-01
1.144220838850569688e+00 3.227236728608910976e+00 5.578810190299664740e+00 2.298109356333639108e-01
1.961446870383807273e+00 4.861657949381217314e+00 4.545425375549932423e-01 1.661951535722725193e-01
1.001419889977856581e+00 6.893982914446942445e+00 4.007072890135900067e+00 1.899464537485486548e-01
2.808167036059112665e+00 4.636587123699837498e+00 6.253784703094169561e-01 2.808842964517569984e-01
1.507232466703670060e+00 3.472806900673547581e+00 -1.849140173284671951e+00 9.101748492962279113e-02
2.547405611716816232e+00 4.114540249816182715e+00 5.672723380265895621e+00 4.315556092226120466e-01
3.209595982570011330e+00 7.372081704503997912e+00 1.761321188906166402e-01 4.093291651956352251e-01
6.808949957146341880e-01 9.372053867554592799e+00 1.826204428324907481e+00 1.698869144553963317e-01
2.141716986842943982e+00 6.585257681449110834e+00 4.684035606757087855e+00 1.377829164841742338e-01
1.153984783507261636e+00 5.889540176139231420e+00 7.047132333640454549e-01 1.978002725015879926e-01
1.910032165235335366e+00 3.704996158664965566e+00 2.152012225159129155e+00 3.225066992445748681e-01
1.262049886429764012e+00 6.624789788710428340e+00 -9.511683028350204072e-02 2.475114360389582546e-01
2.061400183652924767e+00 4.009966548664996466e+00 4.276084348139957747e+00 8.515322892312468528e-02
1.419449647863927577e+00 1.044848542584995954e+01 1.232754009346775037e+00 3.353210946599843867e-01
9.553383197273233041e-01 6.153634036987269518e+00 4.620524231496450085e+00 1.020155119241925035e-01
1.579942852979471679e+00 5.014369744049461453e+00 4.304884644850701214e+00 2.582743458402130821e-01
3.182774252969602813e+00 5.045158258381148286e+00 2.710071953351615992e+00 3.896588987814105232e-01
1.866538166340898641e+00 8.088729238020517798e+00 4.972486440951727538e+00 1.925025926654031494e-01
7.739898916383621819e-01 4.868304048254955774e+00 -1.372094772021939191e+00 1.530745852219662362e-01
7.061651988825359272e-01 5.396922658695135766e+00 4.137717945538128550e-01 2.407628174876662031e-01
2.438802158977679380e+00 3.370936931793530711e+00 3.825761721563239348e+00 1.187177464112534886e-01
1.061370944834001406e+00 5.384359309635950552e+00 3.785075007837604755e+00 2.694766109896190587e-01
1.237192116916901785e+00 1.170328993977722654e+01 1.799191369218458458e+00 2.805865173985025440e-01
9.149922518610793531e-01 6.133787372909067059e+00 3.835176421337689767e+00 1.718784993560711905e-01
1.667333672808097855e+00 4.736481082425853195e+00 -2.660017731049954537e-01 1.844091203306024718e-01
9.237359160560790761e-01 3.942828251561842023e+00 2.815677651858237596e+00 1.904930820464539876e-01
4.277901132315503618e-01 4.903459557142623382e+00 2.143399917554106970e+00 4.246229297660545909e-01
1.221665162999364451e+00 6.593245021027623665e+00 5.788120145028402774e+00 8.455722358296348384e-02
1.196259995040666713e+00 4.751716037628956890e+00 -1.486549822959112088e+00 5.545947948283266871e-02
6.826107601744810793e-01 6.707002154877116595e+00 -8.894318902285481832e-01 1.417889105827255802e-01
7.296226244834318475e-01 7.166333262943014759e+00 4.395110014539597820e+00 1.060332452956742888e-01
2.110691971125127075e+00 5.608444847058457583e+00 3.947953861951452481e+00 1.109904970422596199e-01
1.404888878163209620e+00 8.284606156628699480e+00 1.282370398939160383e+00 4.162653354369397762e-01
1.831224021667897217e+00 4.237367793988681797e+00 -1.284133583044362759e+00 1.371728234523668932e-01
1.124904668547459741e+00 7.431384748754542358e+00 2.975015818057147321e+00 1.215182888770196395e-01
2.650612126217421149e+00 6.922700320138865493e+00 3.004464218666275777e+00 1.008995983212470360e-01
1.023751784451891744e+00 3.363375916309925273e+00 -1.850300257827040828e-02 1.124092615437399523e-01
1.110578926999381544e+00 5.581377766086423442e+00 1.128115683373478451e-01 3.328347974339988524e-01
1.122199629933974485e+00 5.313593761979929830e+00 3.913145119096483882e+00 2.351571716859993111e-01
6.367630431747808295e-01 3.706402516154255977e+00 3.817206082552483615e+00 1.997045994940332414e-01
1.923050444041829010e+00 5.290640451667062649e+00 6.571053500200729758e-01 5.151862906639638195e-01
8.155202229204306930e-01 4.544168600773374145e+00 1.819970499976155898e+00 1.870224967840962149e-01
1.099448246471999902e+00 3.395472041300030330e+00 3.780413741511411629e+00 4.863380287540828850e-01
3.591548000369034543e+00 6.686110429497992058e+00 3.990310408637409156e-01 1.263500019322102985e-01
3.151358751306905681e+00 7.081269358876201458e+00 8.551910805094756762e-01 4.224438450489935160e-01
2.169381789323284071e+00 7.161031634981148919e+00 3.068983927981435045e+00 2.772064215258215336e-01
7.425634556929197050e-01 7.110623468421247928e+00 3.413474355057413145e-01 1.199004925679186817e-01
6.039042848763570559e-01 7.242299503487030776e+00 2.100108213308789384e+00 1.929626424188320699e-01
1.358773713120745574e+00 5.518530911521587257e+00 -9.850252094547918835e-01 3.518550455155408652e-01
1.504910345390467530e+00 5.013158898052568091e+00 1.336052069941525255e+00 2.362165479822300462e-01
1.570091738892758437e+00 5.256451363759378381e+00 1.276911512903817991e+00 9.954309821310894368e-02
1.703584725812555378e+00 3.991312412555054312e+00 2.695557279329816147e+00 3.058565438838505290e-01
2.068358873976807732e+00 6.708374888976872619e+00 2.763292263488729805e+00 1.499981656422052501e-01
1.478351861798499201e+00 1.090641060824626152e+01 4.333825535975618592e+00 5.281504436990536178e-01
1.509491624514419206e+00 8.585704798776845337e+00 2.442197730648133502e-01 1.976153490918944877e-01
3.123563162933578941e+00 4.892316607849698684e+00 1.836894534740042939e+00 1.696557177915149761e-01
1.038337222647358393e+00 6.197032332778899644e+00 2.528491299356371957e+00 2.725759390041320729e-01
1.378480263538593986e+00 2.423980445562591957e+00 3.854613517724047256e+00 2.238890964744528200e-01
3.740203103763501957e+00 7.806723393248049980e+00 -1.114271746223249204e+00 1.768172845054464537e-01
2.167157167125879802e+00 7.423654848273347540e+00 5.046942415624009470e+00 1.332937591867031091e-01
1.304159218542656706e+00 2.969274142950073525e+00 -1.759876371546848839e+00 1.677908741163474104e-01
8.928365474214243758e-01 5.111573069890055443e+00 -5.268392777439246943e-01 1.858411346704924028e-01
2.348040999925548711e+00 8.004129802066909605e+00 6.440591033808131805e+00 1.624755488452862273e-01
1.492933534901547121e+00 6.834563061832302111e+00 6.566416604726792450e-01 1.604919829239185303e-01
1.889806212726423240e+00 4.259026064811758161e+00 3.257428758598890806e+00 3.088738730638156404e-01
2.019110261103084891e+00 4.263032563092867377e+00 3.494223806233710539e-01 3.206297795302529008e-01
1.897880716303667503e+00 3.055478377510873145e+00 3.091419150360343870e+00 3.325312023395726735e-01
1.995433971425126130e+00 5.305684788320771617e+00 4.757447737733264681e+00 9.050326846961062599e-02
1.022118372050711432e+00 4.709105541776352766e+00 -1.243714010495942324e+00 2.747552234455645781e-01
1.623192231078358416e+00 3.988299472388488809e+00 -1.348355120169619337e+00 4.397475819229763605e-01
2.499832058195427198e+00 9.929666431623193290e+00 5.879736540172483927e+00 1.397062578699089785e-01
7.135507659674875658e-01 2.882931721798203117e+00 1.183118998221937557e-01 4.797411588960306950e-02
1.666920601693061998e+00 9.552573076792171491e+00 8.652712088879739305e-01 1.653927623653853041e-01
1.266393399758453775e+00 1.014818949936084813e+01 -7.516160699868712491e-01 1.620057869414301965e-01
1.527528627728343080e+00 3.527744008515206531e+00 -4.488721928304637010e-01 1.059878828186842925e-01
1.122509046341001682e+00 6.215842591432476638e+00 2.349600718705877611e+00 3.004560770838325331e-02
1.778572420553553801e+00 4.717829689014054750e+00 2.834124704572728692e+00 1.422407580656852855e-01
9.210919807314807972e-01 2.874423354055365198e+00 1.505352132499898909e-01 2.256785103679090632e-01
1.097091588865259704e+00 5.621582920135749895e+00 5.354457778630782094e+00 2.045494390997086576e-01
1.248921780431311968e+00 5.636721138329722436e+00 3.913711367663786245e+00 1.998162439015008229e-01
2.712169690586125448e+00 2.716966679783149985e+00 9.014423920792588030e-01 7.365177714449996915e-02
1.313139093568102655e+00 5.798222042464093562e+00 1.850813774542537260e+00 1.215330555640190824e-01
2.958132439191431207e+00 6.505154618774302122e+00 2.351087923733998775e+00 3.395010262285013680e-01
1.405704924421240065e+00 6.986993451277381695e+00 4.799380769624163712e+00 1.177659276730039783e-01
1.329833813274052812e+00 3.947196363400420793e+00 5.602649195229538748e+00 2.629813911746727018e-02
2.075454329018786570e+00 3.994490880079806683e+00 -1.556807210718798018e-01 1.890213665004824573e-01
1.591466740484699605e+00 6.877599532398004811e+00 4.750456598461180846e+00 1.958608624535386200e-01
1.722948272124203317e+00 4.130425830768318818e+00 6.042993134156892765e+00 1.619934395737603616e-01
1.258002041586473885e+00 4.986389799056592409e+00 4.465736722661502789e+00 2.370762250556763817e-01
1.012620419692042306e+00 6.575772434219657292e+00 3.202392924020606380e+00 3.585998221345706449e-01
2.176916600921280143e+00 4.157081664940037058e+00 1.363513568549752142e+00 5.108594184085310519e-02
2.656204874577294817e+00 5.195722107053557082e+00 1.518204836563495697e+00 1.419199058987796469e-01
1.937221279575477517e+00 7.769906820786249391e+00 3.404807203828339901e+00 3.428425137849329118e-01
3.031740041562728472e+00 3.733585325920054654e+00 -1.690335899654695995e+00 1.455947908608362373e-01
1.619419722539829687e+00 3.491166808096983765e+00 4.824729151082386203e+00 1.763088235137570681e-01
1.319299454172714325e+00 8.834504760035434501e+00 1.255883550704652851e+00 2.788492374016331432e-01
2.887362346024262116e+00 6.718711531804878234e+00 5.702544905509889794e+00 2.109355701265422101e-01
1.489520333658308937e+00 4.236053315958070442e+00 4.689389464563662457e+00 1.568711846261782450e-01
2.284535711310254236e+00 2.811615926260751852e+00 2.018219935493154260e+00 1.641932705934890935e-01
7.210447932564236773e-01 9.067098397647452401e+00 2.190939224227661519e-01 1.576218120751714802e-01
8.689939045604802015e-01 3.126938204458226345e+00 -2.715063868210285669e-01 1.718560757434916264e-01
1.775454140916709278e+00 6.882756673136659842e+00 5.410860440167963858e+00 1.228200301567390212e-01
5.737272619184552447e-01 2.854519462210299174e+00 9.884545084121876268e-01 3.059844066289083564e-01
7.714988396067470333e-01 2.999922319200855725e+00 3.532632386455485829e+00 1.343769649515317854e-01
1.198049376571582059e+00 7.307720376856988054e+00 5.624746319101384451e+00 9.388574464903490235e-02
1.326246147001190812e+00 4.626159109500795452e+00 2.116240397327716405e+00 3.902794419011459959e-01
1.051173238476031724e+00 3.143902099679127815e+00 5.067324709178360198e-01 2.303500982193799340e-01
1.031715875162838580e+00 5.000750713596223029e+00 2.989376032367065950e+00 2.008759018809068431e-01
1.490523866916037665e+00 7.173300247195126822e+00 -5.494030599061814346e-01 1.896881333297187333e-01
1.516153936127270896e+00 4.441919824377964510e+00 2.944983704487960985e+00 3.847747379309029436e-01
3.126371736712748817e+00 9.323166596876321321e+00 5.555680226426137125e+00 2.340358054570289281e-01
1.423236635077974599e+00 3.424829865049574984e+00 6.869589712727671715e-01 3.040356890361417541e-01
1.697232576372961210e+00 5.346588592517631078e+00 -3.554316434821511717e-01 7.551796978908885405e-02
2.254775309650971504e+00 4.353286266196848331e+00 -5.978769420721330441e-01 7.812413548925771500e-02
8.782797430591340326e-01 8.561268164103401190e+00 4.379708715157288879e+00 2.090518400495237905e-01
4.831371893100415704e-01 4.089113806075943103e+00 5.644919562287774584e-01 7.572516311941495104e-01
2.209404649960873268e+00 9.559458105066628519e+00 2.003934315753270745e+00 4.257672662281780651e-01
5.895245139432996329e-01 7.608093925025701587e+00 2.282937786421572746e+00 2.046908033531377180e-01
2.040078570975089711e+00 3.523777574672754653e+00 5.021106449628993218e+00 3.055252967603257486e-01
1.742389055823788224e+00 2.874607707962018033e+00 -1.590735015906223349e-01 4.154008067591248576e-02
2.092876378418597749e+00 3.581872868979626201e+00 4.605230988895064215e+00 1.949843872143717793e-01
1.355383451221960023e+00 9.836948032339000392e+00 3.377698825914908554e+00 1.719983852764736809e-01
1.300082717875147509e+00 6.497838529022021525e+00 4.152453075503837354e+00 1.968914106918266960e-01
8.805830347857109830e-01 6.938441312365952740e+00 2.665007649532039835e+00 1.881837653446823133e-01
1.989006698348300350e+00 4.778368071342248058e+00 5.731859268788342732e+00 2.674676519480860826e-01
1.425405240786197014e+00 3.404802908201969291e+00 1.461631660453458270e+00 3.673954203503152494e-01
1.633471567041820505e+00 6.019659418603807488e+00 5.255824451708337897e+00 2.711248679983201959e-01
1.990183623551538883e+00 4.928781632896231280e+00 -1.788464306702517215e+00 1.080805177596786126e-01
2.064466426444251379e+00 3.889625491824359571e+00 1.399009224312359967e+00 1.409837731637827996e-01
3.350353879105394839e+00 3.484491881825198423e+00 5.600564885149732497e+00 9.989591683400746158e-02
1.019728760333152850e+00 5.993059081849457570e+00 6.489808278130655417e-01 7.078894155801161714e-02
2.240735120478093645e+00 7.494092765094826802e+00 2.001174455308936562e+00 1.689060355231220834e-01
1.772560975566955799e+00 4.768158141841618125e+00 3.473551016523658497e+00 7.885524648676217607e-02
2.011240491600448710e+00 7.607324049214977180e+00 6.228564541858795600e+00 1.263510020133219169e-01
1.589275047444262956e+00 6.591830746424446552e+00 3.571611075226495569e+00 6.540391103989628974e-02
1.216958932050977493e+00 6.635760342348975271e+00 1.537363188295283400e+00 2.334531119429024415e-01
2.005100614709279583e+00 1.359613187104558918e+01 5.922898882534529008e+00 1.692064730316026611e-01
1.710513254758339707e+00 3.661781220438316886e+00 5.930411506899775809e+00 5.073640438015407650e-01
1.144854876134366872e+00 3.332550754514790103e+00 4.618442658658179489e+00 1.294044012368842367e-01
2.538153082508659786e+00 7.208227757259976443e+00 4.475497019170570079e-01 1.843448501887065272e-01
2.016506478020075654e+00 6.389144377273643371e+00 5.469341957609392679e+00 1.816198071403838377e-01
2.389896424761625671e+00 3.609644433250164042e+00 1.145054597331641055e+00 1.552079346742493149e-01
1.962470318285046478e+00 6.872414587199941138e+00 6.358312376494555274e+00 6.906132681970712506e-01
8.726651837216149454e-01 8.284385637528353996e+00 1.362196861092112021e+00 1.879654137873163211e-01
7.762954729347564253e-01 1.060660479787178367e+01 9.255219661966093692e-02 2.599650358135109918e-01
2.481223911262923743e+00 5.751293526150454305e+00 2.363902319837915211e+00 8.671442474582136128e-02
2.290818371166989831e+00 7.749820297872790142e+00 6.036986180723394213e+00 2.782393650930470308e-01
1.133838737960404908e+00 3.940959682102283868e+00 4.419430255266499685e+00 1.679698036850592602e-01
1.598494341357000081e+00 6.911150573213807213e+00 5.058672120989499810e+00 3.178467389327611081e-01
7.977472723413221445e-01 7.346927222075110286e+00 1.077559873425382397e+00 8.381601718299894199e-02
3.367957763159363793e+00 6.941644909219339965e+00 3.445211183022368839e+00 2.298020491723808123e-01
1.680527894181970128e+00 7.485191875880389922e+00 2.119090621050991885e+00 1.743743015022810039e-01
1.070605390959593839e+00 3.712562724997411134e+00 -4.806616976774445438e-01 3.643896151965053676e-01
8.121856573774495214e-01 5.420483616339845767e+00 4.670572690322950749e+00 1.387552869628217167e-01
1.264484381612538400e+00 2.812092955075202294e+00 3.472466695570129325e+00 3.700468323982395447e-01
1.632445995321560428e+00 3.676385096141369768e+00 4.640532228454762098e+00 2.059026346680104813e-01
1.608437449105579731e+00 5.634231129839729846e+00 5.377089031038839728e+00 7.417359108882547181e-02
1.379370790541265102e+00 5.832688924752087445e+00 2.658413914398121136e+00 3.141633334589496451e-01
1.208417479460143218e+00 5.389933519371421511e+00 -7.349128727947101813e-01 1.888092315178485914e-01
1.892083199145336625e+00 5.181580839456249699e+00 6.141105633441313216e+00 2.461756589369624715e-01
1.450891427635601971e+00 3.120329582311539340e+00 3.373069788193984397e+00 5.512923026827355466e-01
1.790142071412212044e+00 4.262466712303278449e+00 -4.162444044927258724e-01 9.396733739391449625e-02
1.391091177375823218e+00 4.646586588653160099e+00 -5.391494647224314152e-01 2.041117910107738409e-01
2.258340205513428067e+00 7.539706055115713568e+00 5.325998400863218407e+00 2.261618348756323227e-01
4.267476619555006789e-01 3.051505314781721268e+00 -1.154707497641467295e-01 5.563176853928866739e-02
6.373906350940234944e-01 1.112328479817516147e+01 2.155937996305795856e+00 1.412418395708152363e-01
8.031638502378594113e-01 4.477393208956912396e+00 5.026942451377520271e+00 1.889595081822123268e-01
9.950752159097744354e-01 7.209912347039240998e+00 3.568789265176258496e+00 7.822170084108810706e-02
1.793354310959363707e+00 4.142145230113531085e+00 4.517056771558965345e+00 8.721884663530532489e-02
1.788338336864578881e+00 9.940731539036715247e+00 -4.768277393621190852e-01 8.627038736862219226e-02
1.912434889015802941e+00 4.166960424728202383e+00 -1.212675122835608299e+00 3.512250891664102370e-02
1.100970553814312414e+00 4.309501918986088143e+00 3.927435623437472767e+00 1.229836746624282662e-01
1.138984238947600591e+00 6.015663022421632533e+00 2.039311990585842782e+00 1.680411933945243352e-01
2.541161532231306808e+00 7.412676227080935654e+00 -2.119674171396490614e-01 1.886277642513774500e-01
1.321280121555085119e+00 4.210898097605529244e+00 4.413040325970763789e+00 8.862105678631732042e-02
1.112317484667150636e+00 4.016708501340980675e+00 2.846444982032319437e+00 1.145904717041758003e-01
1.341705659334377909e+00 3.858308301474377977e+00 -3.176484006488788925e-01 2.125277736614142876e-01
2.092055263423591160e+00 3.933872398042738361e+00 -3.268196164711980600e-01 9.442431269849753395e-02
8.929607728993202986e-01 3.800851955351682854e+00 3.191667804162110489e+00 2.310531925595902258e-01
1.236732644860690566e+00 4.872712766606066559e+00 3.728725451933736501e+00 1.642465984014080393e-01
1.174281835247126704e+00 5.021186438005743824e+00 4.191070534342915543e+00 3.863028404486108514e-01
2.973697945287986588e+00 6.271714412174614672e+00 1.212309765567670672e-01 4.753412531238466188e-01
1.466571379045064294e+00 8.394976419729433204e+00 4.903066641175071183e+00 1.349574572837560216e-01
1.721724085387260628e+00 9.593333067513567514e+00 6.132176076721234992e+00 9.175214905826782619e-02
3.066453391034746456e+00 3.602041845526366082e+00 5.787864140921774592e+00 2.721895340530980367e-01
1.316601336887949447e+00 3.977109132023018745e+00 3.027154089234081358e+00 9.372274877391230385e-02
1.921772138068433389e+00 3.954631188583317858e+00 1.537987919895853484e-01 1.859693834557494818e-01
8.230497035401393990e-01 3.739185224214493619e+00 4.667822532545844005e+00 2.552900331602144246e-01
1.745028135424607996e+00 4.462461062149360558e+00 3.348434214726618841e+00 1.722601512905343468e-01
1.072657353004788483e+00 5.883719891625120546e+00 4.208466518810851653e+00 9.223205699568691462e-02
9.720729444443112488e-01 4.088993654592622207e+00 2.393795291767677469e-01 2.781341006512041414e-01
2.049278215583448137e+00 6.164814152555576854e+00 5.505787769213569938e+00 3.552046793191896978e-01
1.056911415217492767e+00 5.866688636598092366e+00 6.538475483518519926e-01 1.229804968129529774e-01
1.783365071066280727e+00 3.781176981587882402e+00 4.928095718085463872e+00 1.052822578670134235e-01
1.523527812640996348e+00 6.084643186323500430e+00 3.640444951589675959e+00 2.721237030975630633e-01
1.207809120654336432e+00 1.094724512427693597e+01 5.362939980302876108e+00 9.256169546754462740e-02
1.084225414171871460e+00 4.265673986127143102e+00 5.150901583872987688e-01 3.486341394472864952e-01
1.693973407796239172e+00 6.566250710947343805e+00 8.023575758450557371e-01 1.323295275373731206e-01
1.045823472165339219e+00 3.370656276167133925e+00 -1.143742447885826241e+00 5.054096573511497603e-02
1.022853756299493044e+00 4.660522157912033947e+00 3.887457922858149395e+00 9.770785274317982105e-02
2.508586162841767386e+00 4.909218181014940008e+00 -1.150578046735176718e+00 1.163925266844828416e-01
1.027369411852632863e+00 3.795285291877709799e+00 -3.094664251945300482e-02 6.348422287631304284e-02
1.447101144531382166e+00 6.325772462540342644e+00 2.972460473548878657e+00 2.993978109487464012e-01
1.863400153765821354e+00 5.513192937750915235e+00 8.183483131417275125e-01 1.171826219341407932e-01
1.486781098113009403e+00 4.989936222141483135e+00 8.635138021966237698e-01 2.761500736758438768e-01
1.260066523767163771e+00 5.409911470964216207e+00 4.448799117642995959e+00 2.763098002962940947e-01
1.360360895167129769e+00 6.402206722973178721e+00 -1.635248047177894071e+00 6.261871804682875298e-02
1.058536640436091636e+00 5.183741303130566358e+00 3.194242166201901156e+00 3.924898814149119786e-01
1.488048347177465702e+00 8.281998387160381725e+00 1.131907319116973065e+00 2.019948174960163878e-01
8.812975980479131888e-01 3.864632363245854130e+00 2.681971133323673762e+00 2.301504435837399554e-01
1.224129752644133706e+00 5.373608781950783175e+00 5.240071415713980940e+00 3.029042670914867674e-01
1.327571486341539986e+00 5.911842927293758265e+00 3.028382523326413001e+00 2.811404124261798199e-01
8.389806354475268790e-01 4.749974348402342450e+00 5.199077063353844119e-01 1.050110623153423239e-01
1.572060480544665184e+00 6.039282398773286431e+00 3.763696751558572196e+00 1.321679330762787208e-01
1.573739428748792912e+00 2.958214944151207337e+00 1.100310188847272164e+00 2.200468404316153204e-01
1.199839931732679998e+00 5.081847649089952235e+00 4.384508857738068421e+00 1.357195440308937018e-01
2.162880300676340628e+00 7.863368340442409732e+00 6.065205988284756877e+00 1.397310273971274219e-01
2.237763204666556760e+00 6.104375679815308153e+00 5.337250660356895438e+00 1.683486647454390805e-01
1.085006569309384439e+00 7.623369050044948914e+00 2.622017518022962346e+00 1.161355493494801716e-01
1.224422163518861684e+00 5.139726014183796821e+00 8.408370029112048893e-01 1.322015059381206198e-02
1.914981361053224695e+00 4.962642616268140294e+00 -8.506094994415795696e-02 1.808885737175413289e-01
2.202195999769541945e+00 8.497612537433987256e+00 5.751769427398683021e+00 1.372013684127247057e-01
1.251124170983202166e+00 5.978370972572409237e+00 1.418346623833418585e+00 1.677671815964937585e-01
4.640351145038325242e+00 4.657020903483886087e+00 5.636721792311288226e+00 3.565047409773193787e-01
1.768525168484766930e+00 8.069167628954383886e+00 -1.055241722759698408e+00 6.412837150422652510e-02
1.775278001496991109e+00 5.287029984162337826e+00 4.042275633368134891e+00 2.237107796576246477e-01
1.867674190682236057e+00 3.787321036870005209e+00 2.355781347767067047e+00 1.434373326861330122e-01
2.284127639425098000e+00 6.501949220258049777e+00 -3.866035083581383924e-01 1.380709152709446996e-01
7.762954729347564253e-01 1.060660479787178367e+01 9.255219661966093692e-02 2.599650358135109918e-01
2.238539702475824011e+00 8.058840380202749287e+00 -1.996948070669212205e-01 3.803183617146976281e-01
2.213749933127906022e+00 6.675938793508262137e+00 4.384086095589841747e+00 5.360151952573065648e-01
1.505495427155075117e+00 5.748189634609112808e+00 1.965229896516793806e+00 5.279134934091427311e-01
7.609395465431545436e-01 5.231709212427563926e+00 1.265349584884771339e+00 8.871577545622387484e-02
1.367529961607076183e+00 4.175258128164963445e+00 3.442813933842191254e+00 1.363381439031974562e-01
1.016953633434015902e+00 3.768673558974124038e+00 -1.113051759502732829e-01 1.417403182771264647e-01
1.336556156766586678e+00 6.229665506367907390e+00 3.265048379420238955e+00 1.848743226143089169e-01
1.746056890620971247e+00 7.216663616155173600e+00 4.311449144513207266e+00 2.652048095647517312e-01
2.108392291382295891e+00 5.991128931284250392e+00 2.294567994794611376e+00 9.061885838355004941e-02
2.061400183652924767e+00 4.009966548664996466e+00 4.276084348139957747e+00 8.515322892312468528e-02
2.216370939578927057e+00 1.098443472122748510e+01 5.440859144508958245e+00 9.611567067471465942e-02
8.166939886841935170e-01 4.913618009833115252e+00 3.402846729916428892e+00 1.718825695519831109e-01
4.859193898360391062e-01 3.307620571678662191e+00 -1.870450739227024650e+00 2.801929117817127390e-01
1.282686536587305692e+00 6.415440728987748642e+00 3.660252716700568509e+00 8.981044313506551802e-02
1.548699404359361820e+00 4.722253632450552630e+00 4.355130044011755075e+00 2.036459507814879777e-01
2.141502812029123071e+00 4.933118342932093725e+00 7.087336358408726777e-01 1.481528955228274547e-01
9.336014350487249480e-01 4.518703552153802150e+00 4.726921790552457203e+00 2.045043635162529239e-01
1.251169888866656699e+00 4.635220631039264738e+00 1.992446828619329757e+00 2.128133287980692456e-01
1.152187755744173314e+00 2.404444683660255322e+00 4.104130488802327115e+00 1.468828932675592669e-01
2.246664468010985072e+00 5.410190159404755228e+00 1.185046696513084141e+00 5.809465346340049463e-02
9.452054444364630381e-01 5.158885978003124428e+00 6.075000183735292048e+00 1.480315272914222990e-01
2.048881147642225287e+00 5.876438019982586525e+00 1.202739629620408479e+00 3.891314273305637172e-01
8.266294252526671382e-01 3.760486184093624118e+00 1.578936464938917261e+00 1.967918479102507556e-01
8.335963539481726636e-01 3.476520141099961769e+00 2.198337804816205665e+00 8.194716202359547674e-02
1.565830104872219408e+00 9.297394617235282155e+00 -9.724679131020360634e-01 1.459319535376946975e-01
8.547582148106989131e-01 4.648161028610426904e+00 2.307773477933760198e+00 1.217228074638497803e-01
1.035208821502152432e+00 7.857563417357474655e+00 -1.934548129250295290e-01 2.454318533988202877e-01
2.344128837534779297e+00 7.983457486757352228e+00 6.089856630371466295e+00 1.695722988315102597e-01
1.901558191166061285e+00 3.964064720377068696e+00 4.905629850910402823e+00 4.832843521577451229e-02
1.025900568932030188e+00 4.228636705673220142e+00 1.579593097017462089e-01 2.027430511722144446e-01
6.492704053350830673e-01 6.066238067272751167e+00 2.879994917696525825e+00 2.997557600082660367e-01
1.715580428119860112e+00 5.493631851261310040e+00 -8.761186680145165440e-01 3.139412944859154564e-01
1.073700700877851855e+00 4.589190979904612000e+00 -1.095148784005942399e+00 9.318331747740750404e-02
2.007562893373122659e+00 3.115761522153514651e+00 6.874934274334085771e-01 4.380723416892057243e-01
1.400605079377547746e+00 6.006528603693847224e+00 -8.076157843079279086e-02 5.451869911105879096e-02
1.322680209531502893e+00 6.990325039451751543e+00 5.689799624436602699e+00 2.336228248640218885e-01
2.012006585235309508e+00 6.971100518049177630e+00 4.540786646823653072e+00 1.248946931341117506e-01
2.479076176302251522e+00 4.830703815718580429e+00 -8.754004732291794655e-01 1.301591214092972515e-01
1.961272349913772084e+00 7.474507724908140638e+00 5.323924466468406003e+00 9.046614910561812106e-02
1.935371042604159264e+00 6.125917457692941603e+00 3.599212017087363158e+00 1.074789835650423742e-01
1.916648528005074237e+00 5.302773628295291530e+00 8.942287093833591882e-01 4.582154537548647211e-01
1.470254852744977470e+00 4.974487391038787898e+00 1.249419170039561600e+00 1.739687392106444297e-01
1.587997737462984338e+00 4.574377368908398189e+00 3.217561908674333004e+00 7.016392936711444983e-02
7.542079252623531405e-01 1.225294220254215816e+01 9.824469772275219448e-01 5.281665629368054171e-01
2.187465836133202224e+00 5.699911429901587390e+00 3.127233938864537155e+00 6.336685401968940312e-02
2.387337036266177215e+00 5.311360168613627586e+00 9.711187631578375168e-01 1.822704877886477393e-01
1.225616133998583157e+00 5.491327895878965748e+00 2.449759561918539941e+00 2.245932410706377447e-01
1.228116949224069554e+00 2.905878911264355047e+00 2.284548704836955935e+00 2.908631342762839078e-01
1.587830588633489803e+00 3.955818927153093689e+00 -3.945228001317643840e-01 2.284753340472374106e-01
1.014982354733876546e+00 5.725568116802658203e+00 2.904992318533955231e+00 2.897183342662354444e-01
1.196259995040666713e+00 4.751716037628956890e+00 -1.486549822959112088e+00 5.545947948283266871e-02
2.028183869594606392e+00 2.992084138472681953e+00 5.683223778272327387e+00 1.352201333176885900e-01
7.109379940760317540e-01 6.529587364164690655e+00 5.177051849960273344e+00 2.586184364375317957e-01
1.573338997237526238e+00 3.900274985166558572e+00 -2.081891210412467608e-01 7.737261474717134491e-02
2.296574262113005194e+00 1.191328665969103184e+01 3.899405082450208226e+00 1.718776500969823595e-01
1.509804381342657376e+00 4.033039553271605904e+00 4.742409717528399682e+00 5.313084766355886945e-02
1.559363710498435918e+00 1.020313807035145892e+01 1.799026200922585250e+00 2.854386793361569086e-01
2.144222105384817390e+00 3.218859139172961736e+00 4.922956146488080442e+00 2.515406324659630322e-01
1.794477153397153080e+00 4.493181902950784234e+00 5.827957272638774278e+00 1.095554108148561467e-01
8.291321300309443254e-01 4.243314426699027919e+00 -1.036750486928133430e+00 1.639761058224629975e-01
6.822981570273320973e-01 7.446447945111465572e+00 1.864538878226522423e+00 1.435368942764187472e-01
1.684851430238362147e+00 3.086390134435207155e+00 -8.379762676075518391e-01 4.026142062652853792e-01
6.816944861250476828e-01 7.741233802269247732e+00 -1.275649059009630326e+00 1.237038966085676761e-01
1.361156109667646774e+00 4.489192663298921637e+00 7.795320672267805895e-01 1.963153322045064764e-01
6.283957556120596255e-01 4.690916401382711598e+00 1.800676997489647935e+00 1.661683935437449633e-01
2.623603819590949016e+00 1.200669828096999758e+01 1.004587988867140513e-01 2.462848631638622776e-01
1.875210669323078561e+00 5.681076255082385451e+00 2.344468125842107398e+00 1.586164292799448761e-01
9.532640632666945502e-01 4.354587879430789954e+00 7.661111398758541080e-02 1.372624607095125904e-01
1.662844062969324854e+00 8.084626742107309028e+00 5.046271556956432924e+00 2.574295702714152756e-01
2.944227294315924226e+00 6.606712155090080252e+00 3.712527942213834642e-01 1.902734796503134651e-01
1.267500701212694647e+00 5.741846474802296818e+00 3.530598840961786111e-01 2.277876070576392020e-01
2.124097543409842803e+00 5.957369557222738088e+00 3.329101681655648015e+00 1.087524113241802176e-01
1.584154152060575971e+00 6.520182706961744401e+00 -9.069800145058640739e-01 1.340869282457340661e-01
1.106155195275740688e+00 6.284841131216484911e+00 5.847893723684810752e+00 3.816205806906780018e-01
8.702097259976875332e-01 4.805024199738361368e+00 4.108510051013469777e+00 2.718666637168685174e-01
1.269199381868007181e+00 4.550364450630453028e+00 4.561158301416699423e+00 8.321862194977187877e-02
9.879213640654194162e-01 2.566631703374017359e+00 -1.935090983483981786e+00 7.716008362851739522e-02
8.774938686066129367e-01 6.480279619397940394e+00 1.044303628822899066e+00 2.457653196789908595e-02
1.742033587414377527e+00 4.593380724504433132e+00 6.016794096083481591e+00 1.210877519849632156e-01
1.782380777792285098e+00 7.155140939703320768e+00 4.526299740512975234e+00 2.414790006731631078e-01
1.840984415692834775e+00 7.474344915545472645e+00 4.571796597697058928e+00 2.160333847170791688e-01
1.885255139895275711e+00 7.095065338153446532e+00 3.696422533409303046e+00 5.735099847954897578e-01
1.860193489097954567e+00 3.835556598865912825e+00 1.554652458176472685e+00 2.321755861339908633e-01
1.538399652154546215e+00 4.927018647527599882e+00 5.862674824927222694e+00 1.950253532782424692e-01
1.529689054787812585e+00 4.474823081921460499e+00 2.833114646160840522e+00 2.361640720689532624e-01
1.894609676500361939e+00 8.414282376349170534e+00 3.052250383837915026e-01 8.984117974539584939e-02
7.491703543525910503e-01 3.719086886054311147e+00 -5.222426134527735631e-01 3.265841603540812765e-01
1.252826117367801251e+00 4.626920053629956620e+00 -1.232823825361018866e+00 1.059273452795993914e-01
8.476639087727306787e-01 3.122217324138977457e+00 4.447292233996922306e+00 1.702609733937537340e-01
1.710851284116407411e+00 5.778283889633914150e+00 1.816232906190770713e+00 1.259818159324616882e-01
1.818066563877980046e+00 5.791082794110313792e+00 2.546816101336525140e+00 1.444665534100405546e-01
2.223898829800083909e+00 5.768677791037869262e+00 2.330767394455080410e+00 1.554294127709967555e-01
3.766068746626317076e-01 3.771727149262230405e+00 1.347611261103431435e+00 3.018886076627645965e-01
1.717542170210809127e+00 6.089371642881237001e+00 -4.394964925372294440e-01 1.641672606121947764e-01
1.349544067053258134e+00 5.288122607284927668e+00 -6.692628371781536023e-01 3.662057599767578608e-01
8.805958214184868016e-01 2.636608495983620681e+00 3.060155696196882325e+00 3.130689177303965787e-01
8.268676432549728617e-01 3.566765029996979308e+00 1.987880363068989853e+00 2.339221533098103656e-01
1.466961845247510832e+00 4.634789231335325610e+00 4.520272593830815921e+00 1.994694331810451249e-01
2.191507916291970393e+00 7.233610940291923086e+00 1.899590223270348543e+00 1.834622569035505302e-01
2.888967142270420396e+00 4.721612525353845236e+00 5.812414235935245976e+00 2.529822761356816385e-01
1.367676955065771249e+00 7.376998472804372042e+00 2.408122170631413983e+00 1.589893875287945457e-01
2.318703717433200584e+00 5.116850570169589218e+00 3.455931385578125070e+00 2.809067221585931362e-02
9.941661387456421917e-01 3.666560999943795807e+00 2.487235868164934249e+00 1.920574519845656691e-01
1.959940639340620017e+00 4.405632185942243595e+00 4.076189865447481964e+00 8.498846813982377513e-02
1.052638240757517663e+00 5.948628505552415291e+00 2.277075065559361011e+00 3.835171915413470439e-02
2.065917666286420928e+00 3.839615042168842862e+00 1.357035951288374509e+00 4.230949809842571852e-01
1.579359269077759809e+00 5.640010035893543439e+00 3.801712728606680525e+00 3.064538636961271489e-01
9.114202463845346713e-01 5.826535698461162482e+00 5.493606219351792497e+00 2.265801967873466716e-01
1.708337450613939712e+00 6.921331403174880492e+00 5.356037454919835739e+00 1.096998214125509408e-01
1.477870714611883463e+00 4.420276119035085216e+00 4.889038533658081498e+00 1.553915883612644877e-01
2.531736638037725751e+00 5.814368538860307467e+00 -2.085800838851510353e-01 2.082678391585181532e-01
1.768297609345415911e+00 1.166395612749572486e+01 1.103868898014722433e+00 1.340995794645763184e-01
1.725719254639871636e+00 5.180265716379626184e+00 5.364971475167282122e+00 5.197479178023164392e-01
2.039385760712740137e+00 6.370556430951022975e+00 2.462009866833219651e-01 1.674556072106158922e-01
1.834687685202076146e+00 6.274535474863276008e+00 2.270066480116789798e+00 9.900578220753603054e-02
1.820317798006006349e+00 6.331988005866411306e+00 1.405364912299204239e+00 3.114530129996007091e-01
1.265081803886518141e+00 6.513063954626372443e+00 4.338159744698828035e+00 1.897645181140617532e-01
1.016416518576684025e+00 2.790995779205922567e+00 3.009719414296746720e+00 2.297517056899782140e-01
2.802071764179442148e+00 6.001849646626113532e+00 6.465957553236935773e+00 1.995604898502451874e-01
1.377258649341658758e+00 4.677572175357919804e+00 3.920711830152908028e+00 2.044624497286510190e-01
1.222095536481039080e+00 3.569820760452142583e+00 1.796183218520123859e+00 6.305386037921922870e-02
1.634129741916554579e+00 4.436050455367285927e+00 3.020305931484323025e+00 7.895629786578055309e-02
1.299152724313952678e+00 5.168898301567435460e+00 -9.660903210692260989e-01 1.161667003820663346e-01
2.342955081339054946e+00 3.806238035547949483e+00 6.298195439453613265e-01 2.896672072875258186e-01
6.951914496491701234e-01 3.894679934789723852e+00 -3.434035440734494182e-01 2.574212170641226316e-01
1.113608642869303056e+00 4.967342977281470340e+00 -1.671735032803911114e+00 5.487402309760925495e-02
1.715580428119860112e+00 5.493631851261310040e+00 -8.761186680145165440e-01 3.139412944859154564e-01
7.223992851195853993e-01 5.969376116297447687e+00 2.882196426789414456e+00 5.839532132991298585e-02
2.422011311498735608e+00 1.051637506053704740e+01 5.093631658946417673e+00 5.527349000502772280e-02
1.574890895898797050e+00 6.756089129069193788e+00 4.000124406729527848e+00 1.420803377356528729e-01
6.108980483262715921e-01 6.333693976165835515e+00 1.565570189318169714e+00 3.149501976409725401e-01
2.467529430320451134e+00 6.085108181050062903e+00 5.586408161126660055e+00 4.747798933537884514e-01
8.093057055971666358e-01 6.725708960660179869e+00 4.508304952704389912e+00 2.064631787652415895e-01
1.082784392550104613e+00 4.660336007039023620e+00 4.355881718286632065e+00 7.319968552711370036e-02
1.679229142356427174e+00 7.022244532928108462e+00 3.168530944493758161e-01 2.709873126641127450e-01
1.949329528965357161e+00 5.732012814105512000e+00 -4.777233104867970592e-01 6.719840582478435465e-02
9.950217025785135228e-01 9.656886434778041206e+00 4.445530684883148176e+00 2.350188011192021198e-01
3.329335853006526680e+00 7.034873734532810730e+00 1.346968858507039402e+00 2.484294094120448881e-01
2.255644235161120115e+00 4.592643788085740475e+00 5.650587109686814102e+00 3.501031832025923718e-01
1.582532677989823888e+00 3.411396965247178503e+00 3.137203212221553628e+00 8.297070738313583327e-02
2.052241562801373043e+00 7.568298913239894787e+00 5.406623872536091113e+00 1.398266989790488968e-01
1.625659953961405169e+00 6.259733582042617428e+00 5.021416059176364577e+00 1.087901143431120321e-01
1.420578962666725564e+00 1.027092701260666097e+01 1.123638576269698319e+00 1.245362908709992944e-01
9.174796877050462873e-01 5.228795176973709324e+00 1.903539463149633626e+00 3.150219429391606929e-01
1.039698219523434997e+00 5.965134746548446998e+00 3.796621861158622657e+00 3.334373474680912275e-01
1.308095745871587168e+00 4.012641962424241093e+00 5.211702280980541779e+00 1.975006300777668589e-01
1.152667046980637711e+00 6.535271595331390238e+00 -1.149893660693582564e+00 3.595591959623827827e-01
2.459313568663656469e+00 4.600371109448538220e+00 5.355809868429891374e+00 7.147332317771001864e-02
2.502513863670883243e+00 5.550072469707935774e+00 1.630807842975249278e+00 4.726422345717908730e-02
1.940044810194899716e+00 6.040410729883699759e+00 1.189982786934764780e+00 2.483656339129033386e-01
1.093485235201514083e+00 7.377200191696038800e+00 1.263927733535387787e+00 1.537213408463536379e-01
1.693742619755001400e+00 1.132371753450774854e+01 4.626534058783477121e+00 2.317704363099808706e-01
8.097244853651923702e-01 4.839003100224709364e+00 1.922441135123379441e+00 7.075878649807346155e-02
1.955668543122089931e+00 4.537151685793764599e+00 5.375198655808869574e+00 1.609380939377080821e-01
9.674100509763742251e-01 7.629257942808258086e+00 5.391449023576115884e+00 3.441335791918246900e-01
2.227267927014087601e+00 5.794256336830311938e+00 4.974015490977931719e+00 3.479051299588467039e-01
1.545479540635213089e+00 6.954012704479020535e+00 5.263062923125888304e+00 7.976746195239543813e-02
1.866056102623131263e+00 3.571239547263833192e+00 4.942873940211257811e+00 3.296462108801461177e-01
2.369148362099459781e+00 3.769775191713636175e+00 1.574950645302727104e+00 9.758594999434205830e-02
1.752242893264982948e+00 4.262755484475095891e+00 -6.657713954500021902e-01 3.698299478212595526e-01
2.046353513805574398e+00 5.047217096340048670e+00 -1.409730115226229596e+00 2.592258368921350753e-01
1.527489653859652963e+00 4.859938995404913697e+00 2.937616507187789772e+00 3.495113576423802826e-01
1.764275697309047430e+00 3.006079750023326280e+00 5.390022606940415351e+00 2.216004899140592566e-01
1.318257894090703486e+00 2.669386433566923067e+00 3.574391572394241656e+00 2.697028914115312537e-01
1.750799125337044959e+00 5.026615990784368826e+00 5.259610630692506561e+00 2.842334242664237842e-01
2.022254707727883183e+00 5.850467297683033863e+00 3.575062148314592791e-01 1.645381977066256163e-01
1.333185415852685463e+00 4.724823430095280941e+00 6.327630053494532447e+00 3.290463968546422091e-01
1.529070429396160780e+00 2.103621646963865999e+00 5.829570600406857039e+00 1.627689770678629466e-01
8.878627803591774281e-01 4.552550718364344107e+00 9.422150662426925782e-01 2.596511311037645875e-01
1.833039761552435642e+00 5.992263368043237115e+00 2.078191649485049142e-01 2.275554875559086254e-01
8.822099228203730270e-01 5.031256453228198922e+00 6.849801477278061324e-01 4.325709605322055618e-01
9.234975166136779601e-01 4.333605386550346772e+00 3.422718174559761461e+00 3.967106948195032734e-01
2.229569195517767000e+00 9.029369976322660918e+00 -3.991546312450134915e-01 1.929989291425908693e-01
1.796889908927034041e+00 3.671923651171714820e+00 3.471640538130259301e+00 1.710896516202741746e-01
6.811634464949467560e-01 5.258133348115035410e+00 3.208896888002711556e+00 9.544187252732461157e-02
1.412268783118714177e+00 3.827555973387647192e+00 7.258333864131516489e-01 3.956027523487554154e-01
9.840282773960624674e-01 2.594321462923831589e+00 1.766543385736779381e+00 4.431959494644560626e-02
8.563442018338257578e-01 9.188695099581064341e+00 9.499657257616362926e-01 1.241335149531719861e-01
2.930462339305974329e+00 4.978698430153068344e+00 3.832589876754894931e+00 3.109996231666988797e-01
1.573917309113146201e+00 1.200893348499053914e+01 3.533768693778070791e+00 1.677156895092576927e-01
1.219281947186308779e+00 4.949225141428418517e+00 2.955170764616321666e+00 4.267630665846909865e-01
4.105069149637867731e+00 2.983421083453158484e+00 -1.680241154081386856e+00 1.116241897554520468e-01
1.482086640539566957e+00 5.061885380025845649e+00 -1.508639054425146675e+00 1.334575391760068619e-01
1.171014974462272207e+00 4.750377728478313522e+00 4.125865326253967069e+00 4.638900215580383235e-01
1.288191082020285982e+00 5.590273656682096970e+00 2.254550315343916811e+00 9.585608464204999069e-02
1.023826376393089488e+00 7.176967953553120338e+00 3.850556661958132842e+00 3.156993791825327134e-01
8.846634481779230841e-01 8.323927461163544095e+00 5.617846061804709912e+00 1.203761094746962496e-01
2.221430718498107026e+00 6.995340947745539495e+00 6.180619211339864805e+00 3.216943892086314150e-01
1.128674948293834746e+00 9.162262186630425020e+00 1.604243816135107359e+00 4.177874011619316374e-01
2.026006762313450782e+00 5.976889205548820527e+00 1.944619191966383998e+00 5.242405364017971303e-01
1.552662591788682711e+00 5.995225736562590058e+00 3.364758597370780091e+00 2.492335739427653241e-01
1.209267284109881047e+00 3.909449062272772224e+00 5.508009221242029518e+00 2.856727613601834359e-01
1.531285816924091048e+00 9.251118156081583166e+00 7.574986008063167020e-03 1.362517026833113820e-01
2.160430239181299505e+00 5.488519271567697366e+00 -6.849213619879621628e-01 2.971241841135446315e-01
6.122638162078403168e-01 6.180267233642857683e+00 2.745888981181089150e+00 4.505902681795471154e-01
2.545510998820728954e+00 6.825458299985433186e+00 5.991793339766809723e+00 2.347763147769171554e-01
1.586418610190056588e+00 5.462996189935982905e+00 5.730946804839611275e+00 1.142961622979203895e-01
1.086353653739695613e+00 3.274760790817701217e+00 2.189746028764651076e+00 1.144209853059797999e-01
1.029376348611520831e+00 5.117067587761304104e+00 4.636146769244402499e+00 2.584872282793765352e-01
1.847442140241116526e+00 6.325522096306325004e+00 -9.501304640247860700e-01 1.606054977900443492e-01
6.913180354502859171e-01 6.476379053458509283e+00 4.030047299135215866e+00 1.951698672718863714e-01
2.196142514085039021e+00 8.888772238442410156e+00 5.935323607637188914e+00 1.116205852463178633e-01
1.695590908632823579e+00 3.797945039178136195e+00 9.084309665771430620e-01 3.257440358730421259e-01
1.909497035736482662e+00 4.512893720913277562e+00 1.948867672664743589e+00 2.296645931027845866e-01
2.126377074592274763e+00 8.658889414997217315e+00 3.129867258764505777e+00 5.683056817919647508e-02
1.112916479430910988e+00 3.497892239104629653e+00 4.333778764863882138e+00 1.012130972212431229e-01
7.993302701900494300e-01 3.309988864322767732e+00 -2.495904905429739973e-01 1.339741652961957130e-01
9.413754448964156696e-01 6.634965565301899737e+00 5.292495981998748267e-01 1.292167780424939572e-01
1.628854919935138756e+00 7.112380548517036161e+00 3.651857157837535617e+00 1.716128470189179078e-01
1.140411296221439663e+00 4.491970428792273928e+00 2.971415943649561076e+00 3.342355979620956763e-01
1.589974690168888483e+00 3.284582498376661608e+00 1.380350140005855097e+00 3.498973256132715259e-01
2.942066208459631405e+00 4.899047069694449696e+00 -5.209933013161094362e-01 2.031862419206207360e-01
1.564365118097764684e+00 9.202210830689978138e+00 -1.756412376233036365e-01 1.647800932981220434e-01
1.604649833478745125e+00 6.353141541954809846e+00 2.225637584422338888e-01 6.460023490169983229e-02
1.435112792376073809e+00 4.815417599315070518e+00 -2.782373289963292473e-01 1.716052652589302174e-01
1.895807620643796154e+00 2.930332958095381191e+00 3.222117173185744310e+00 1.375639592057096294e-01
2.975169706929340130e+00 3.741337801980876065e+00 -1.219273264039094418e+00 1.305020211017573206e-01
1.358862156593132031e+00 3.192941560538279155e+00 -8.008833269888590012e-01 1.601899939284915364e-01
2.107577408245746575e+00 2.946190799483055844e+00 3.547647128653570903e+00 1.442956217518035766e-01
1.439309057124662061e+00 5.420645797901659790e+00 3.111756192231928786e+00 9.166299026764861135e-02
1.670134530388271310e+00 6.625232455297199508e+00 3.884781619440637046e-01 1.288573206041331021e-01
1.551057441704754458e+00 6.744722163508560797e+00 3.998983983114303697e-01 1.278280551776080076e-01
7.054819402739895828e-01 4.452107696333266418e+00 1.081873864365306304e+00 2.486992132438640424e-01
1.755548461716902153e+00 7.784320391593295696e+00 3.076381337040397845e+00 7.547787533989860909e-02
9.804111291541148798e-01 5.079934667263253267e+00 6.868992035170626842e-01 1.559514349206601869e-01
2.472546772891359268e+00 5.564329084958907323e+00 4.621041818753157671e-02 1.139932094181526079e-01
1.180523070402118346e+00 9.536188692934260303e+00 5.989176123504664773e+00 2.895093427073207049e-01
1.208758710805573733e+00 8.285499194869620609e+00 3.856394155502579579e+00 1.154469701365517104e-01
2.936729543331326742e+00 5.956619629984034603e+00 4.757209440905460163e+00 2.084981969104706678e-01
6.449149197110095599e-01 5.150011576769284005e+00 -1.716914052887058340e+00 3.036343570240976897e-01
5.765588156545617959e-01 6.736053155518057167e+00 4.616447334859272722e-01 4.127419909140305210e-01
1.962306157496125358e+00 8.956488198928580502e+00 3.598062122943725516e+00 1.937934162387385806e-01
4.993676265155985838e+00 5.871760584022784002e+00 6.905007652504265181e+00 2.836835871193336134e-01
1.482479892631251683e+00 3.739492996391442503e+00 5.848369166355007032e+00 2.173342887863758122e-01
2.091164098707489316e+00 3.123222941835970712e+00 -1.010707676846031244e+00 3.396227514280148463e-01
9.624643836011768094e-01 4.867145314575013870e+00 4.519093431267403815e+00 1.461065625606101093e-01
1.335963849382943769e+00 7.836539110135865016e+00 2.487531426342155960e+00 1.450613779728974762e-01
9.064828034386293032e-01 3.935384779107589992e+00 -7.169700848346114430e-01 2.058240495876065002e-01
5.338400160053362598e-01 3.277038191745249573e+00 7.377006610037171175e-01 5.972777321240101134e-02
1.048718925594378959e+00 1.019034838081350181e+01 1.008979663791373493e+00 1.504193650371999091e-01
1.752414042400667116e+00 3.607067237548207572e+00 2.809182606066538135e+00 8.239829053884975552e-02
1.641881093936232494e+00 3.981364431327492959e+00 -1.596035501813203528e+00 2.897475487500235647e-01
2.781438435750829274e+00 5.169014451752326877e+00 2.959071306226384479e+00 1.238097374971987019e-01
1.009201267623970999e+00 5.242718051484660080e+00 1.117624984779722386e+00 2.349815414391270285e-01
1.268877602268986049e+00 4.366366694486003119e+00 2.733539348081068354e+00 6.198640775412566500e-02
1.075110537306034342e+00 6.342958393629309022e+00 2.366724394670105092e+00 1.142456002584967267e-01
1.130815622368735118e+00 2.835506059824643987e+00 -1.848137686100755683e+00 5.438559248432413284e-02
9.813687689879866394e-01 4.986492569859756863e+00 9.578513000721409210e-01 1.609382797136368892e-01
1.163090466142857160e+00 4.503017220336438697e+00 9.896080797527483375e-01 3.191338910094011494e-01
1.410566842724120029e+00 3.666863018841977517e+00 6.038273555602053477e+00 1.805573305669530559e-01
2.758915009431395671e+00 5.356972595079903421e+00 -1.291587406152464812e+00 2.238399044735351062e-01
1.931405928082643442e+00 6.652195585678727596e+00 2.014636382486418853e+00 1.321288142848991987e-01
1.493090420756032932e+00 6.000636049663075511e+00 1.692327984848282618e+00 2.964625888742913884e-01
1.321389474524215402e+00 6.391140087924886082e+00 -1.125586439256546889e+00 7.053297795414083249e-02
1.937104885148768219e+00 4.429828134003329865e+00 -4.875027464753087791e-01 5.575686427758312635e-02
2.343673692815654075e+00 6.627489792191195050e+00 2.908608733743720087e+00 1.373971417408792195e-01
2.217336286394857137e+00 6.794043169915610747e+00 5.802569663969449287e+00 6.821486547884531015e-02
2.727326198754435271e+00 5.348728626967492517e+00 -1.055433871557245329e+00 9.922945791381485026e-02
2.785571286928328671e+00 1.001440082000315712e+01 -1.424503964526264044e+00 1.481791072546257415e-01
1.517927593991903912e+00 3.386650583300001571e+00 2.141224499907843359e+00 3.034570726633651905e-01
1.445098563719825258e+00 3.970061987622965916e+00 -8.567340412182405940e-02 2.567408577068439057e-01
1.755730100221850387e+00 5.705661090126500135e+00 -7.248869566297521105e-01 3.266163589621309260e-01
1.691001106074633498e+00 6.760062144713693044e+00 1.447831747468879549e+00 2.219265409331601380e-01
1.810140803321074188e+00 6.300328565791870616e+00 -1.683570240686429909e+00 1.225246773417233009e-01
1.228721625649176641e+00 3.712302092919700591e+00 1.945734993239834676e+00 1.426571293812412267e-01
