# 500 (alpha,mu) samples from hierarchical MCMC for Cisapride + hERG
1.277501571690103921e+00 8.198180557216593556e+00
1.497484636302504279e+00 7.892519852402431368e+00
1.197616009351019972e+00 7.928522448981471626e+00
1.388207569790724127e+00 8.022961237736950579e+00
1.323630466935746597e+00 7.861095023875286358e+00
7.829729752470619975e-01 7.939805626209805567e+00
7.624372606899771920e-01 7.977254923700249023e+00
9.754997987540211524e-01 8.041265310661696475e+00
1.244049186865166190e+00 7.856856786122264680e+00
1.068043912298643816e+00 7.715805398498617684e+00
1.713113211227906607e+00 7.962693759326977982e+00
1.409525619934471230e+00 7.893602237655560572e+00
1.391442759179565725e+00 8.017098026347921902e+00
1.301981494963275976e+00 7.976577016056871194e+00
1.560835891603895131e+00 8.001614414614476090e+00
1.078623926210834583e+00 7.967412517802944016e+00
1.186804021321126390e+00 8.019500373720580555e+00
1.651175280341294682e+00 8.091575479981450769e+00
1.718573688348062900e+00 7.880696974176322200e+00
1.291991949029028142e+00 7.883564686242263697e+00
1.601862378863095016e+00 8.006222562442271595e+00
1.590243385373832252e+00 7.865709609683483983e+00
1.279305470004660439e+00 7.895388689089748446e+00
1.538269432574681739e+00 7.779252055522736242e+00
1.397562087847475709e+00 7.764465563442129792e+00
1.664103120127212287e+00 8.050998131796029966e+00
1.575252971944267166e+00 8.076335029081718631e+00
1.306316277445333407e+00 7.693140788244467565e+00
1.399416148879328192e+00 7.901145394254288412e+00
1.474489446778194379e+00 8.248086003827287627e+00
1.899004639084746815e+00 8.032276984937723796e+00
1.268086769602357000e+00 8.060861448737709267e+00
1.282331133503424425e+00 7.973603592703526921e+00
1.512469370629959453e+00 8.068839600148267621e+00
1.303033674755573967e+00 7.970559885720878590e+00
1.112636417464205163e+00 7.782686124858573251e+00
1.684183265517824379e+00 7.983027486994425104e+00
1.276613974442767141e+00 8.063843303967004772e+00
1.399165873460050724e+00 7.898716818587486088e+00
1.532749150223438495e+00 8.046317440742422278e+00
1.370277805899404289e+00 8.142756047048459678e+00
1.272006739556133414e+00 7.855313849334999432e+00
1.541551774400669927e+00 7.935794319073274927e+00
1.449124042918108923e+00 7.880847510120323030e+00
1.419311837928915798e+00 7.912762701577209512e+00
1.316565287971184883e+00 7.944512155407779552e+00
1.122792690705610497e+00 7.731713684926182495e+00
1.098552431467237023e+00 8.041448334061049863e+00
1.296513077649288803e+00 7.912153291190490378e+00
1.337065616364502052e+00 7.951401623797194951e+00
1.513805793091255181e+00 7.849168240931599705e+00
1.393449727789025427e+00 7.929552155985073014e+00
1.423376845414772385e+00 8.025127997266254809e+00
1.184261801666614655e+00 7.839937851543746561e+00
1.642639176801637513e+00 7.943136703680558242e+00
1.209119352263636760e+00 7.840715334797214275e+00
1.205865626248729505e+00 7.893465319610637465e+00
2.008055715460493662e+00 7.823516795532029278e+00
1.099847327651548801e+00 7.859378664668086323e+00
1.027710701076375299e+00 8.094201109777252157e+00
1.239078676066271312e+00 7.952564498721192976e+00
1.176980259572441678e+00 7.867027924612613354e+00
1.613688657587757147e+00 7.947797183595180393e+00
1.641607668225265160e+00 7.784978021174105756e+00
1.417512480930141594e+00 7.951474324042417940e+00
1.313315975943048386e+00 7.995840860672582373e+00
1.323630466935746597e+00 7.861095023875286358e+00
1.305739800426620301e+00 7.885472395917640931e+00
1.596258443116697734e+00 8.125669149428073723e+00
1.977076197661447265e+00 7.896530808696131665e+00
1.625691746441840779e+00 7.787793531677175807e+00
1.674211747213057766e+00 8.054882484579714230e+00
1.357671125640112608e+00 7.874640893778877881e+00
1.612967831243216077e+00 7.919693772135591558e+00
1.316513116913741843e+00 7.939945650181013725e+00
1.555632814966195543e+00 7.904444349377568457e+00
1.209320398663477070e+00 7.857228638737489668e+00
1.601863376351106538e+00 7.796086808914895805e+00
1.730908794611033974e+00 7.905675563584691368e+00
1.308456345630820694e+00 8.054567282273644935e+00
1.659715100743700988e+00 8.289909575203207481e+00
1.813846958681663901e+00 7.974824247686782108e+00
2.089067266345093987e+00 7.906609947560363061e+00
1.354644060485185930e+00 7.849212196512657336e+00
1.306225072670327503e+00 8.058500789227137417e+00
1.197466745028053836e+00 8.003663816519576812e+00
1.548322589906501179e+00 7.908950640147024203e+00
1.731808524971345964e+00 7.943383440078394031e+00
1.217722777177784765e+00 7.959551538187614739e+00
1.840467619940139743e+00 7.696094710877540379e+00
1.699344085577179086e+00 8.054728051689593826e+00
1.117417340619864197e+00 7.993285815799160865e+00
1.518322218824197156e+00 7.905625091381840441e+00
1.207213234263282420e+00 7.938967763913453268e+00
1.312142628417372725e+00 8.120611226893352352e+00
1.182431568962547752e+00 7.778266734526509296e+00
1.377703977192825002e+00 7.961473564463707575e+00
1.752836158287338852e+00 7.920221617167352512e+00
1.859573427500967435e+00 8.066228180588471020e+00
1.238994029067989278e+00 7.981283379400047728e+00
9.327011385607021365e-01 8.020406316999089569e+00
1.495270437427617116e+00 7.952809814449913084e+00
1.192750953938817471e+00 7.867983207508586041e+00
1.287226298252440282e+00 8.133329406254272698e+00
1.284706363970484322e+00 7.946657736842281494e+00
1.511304384794031508e+00 7.941343553495181951e+00
8.777571534817789622e-01 7.738083510896867523e+00
1.304211906629549222e+00 7.874974421460063212e+00
1.824737365616314388e+00 7.969592339759938859e+00
1.169438784399680298e+00 7.738305005377420720e+00
1.850569574336222267e+00 7.762300017824018461e+00
1.196318669679043767e+00 7.560390606470519970e+00
1.338717509849658205e+00 7.803228966866393002e+00
1.517079309975036594e+00 8.059296696847379593e+00
1.700783330743100397e+00 7.915086565572170940e+00
7.342137181388790346e-01 8.176153493387111837e+00
1.071002125681035366e+00 7.899234128763159113e+00
1.281000632874750744e+00 7.865368922894066195e+00
1.923336440494785471e+00 7.868902116073433817e+00
1.420620241936639383e+00 7.882282260935473239e+00
1.266244949006264608e+00 7.938841910075585595e+00
1.324485034140271411e+00 7.933481263293338692e+00
1.338993694862760764e+00 7.907845451765681766e+00
1.130172020526258203e+00 7.938919431458143272e+00
1.380268520901632323e+00 7.912528683858368161e+00
1.376763358865313425e+00 8.043725970480569032e+00
1.206357889284997986e+00 7.709546434235576839e+00
1.511948430735930771e+00 8.079753552361417235e+00
1.330836721566529990e+00 7.854085817890064547e+00
1.276113934682156392e+00 7.925481041344614397e+00
1.970180785081781627e+00 8.021242704919220756e+00
1.591917704058518401e+00 7.949053588553659289e+00
1.287332179309416569e+00 7.733331817047674583e+00
1.567054761608594138e+00 7.911333117617570743e+00
1.498995462533099898e+00 8.017626199444654489e+00
1.574955765292499255e+00 7.852863420490497681e+00
1.552886443851035470e+00 7.986253581941664237e+00
1.838317241655674561e+00 7.859580658110338902e+00
1.526369104340218774e+00 7.922944388529693072e+00
1.574124037029804857e+00 8.322896935651113992e+00
1.385160258898044949e+00 7.944866479648016622e+00
1.413127205510296136e+00 8.010483191615890064e+00
9.654690136049781657e-01 7.976044103465453894e+00
1.505399300853625721e+00 7.972117501935874095e+00
1.945508664415093403e+00 8.039332871268408454e+00
1.099444775762271398e+00 7.880123332211512732e+00
1.421185539707820578e+00 7.781714922408058399e+00
1.419265545746636104e+00 7.915549600775706018e+00
1.335215800075824077e+00 7.641302368285177948e+00
1.451098007175904980e+00 8.093584506958874769e+00
1.215710258214935502e+00 7.932455061238248284e+00
1.258447663902506619e+00 7.703644614364979937e+00
1.372855324968121238e+00 7.963841623211822984e+00
1.123865429165736618e+00 7.838339409898391175e+00
1.490325014917190050e+00 7.947294045964787834e+00
1.701329567610585514e+00 8.006099459640482863e+00
1.478488003609605972e+00 7.847118755478823537e+00
1.494008210206239751e+00 7.983889397288483458e+00
2.497609982413380614e+00 8.010776426451521104e+00
1.202138688379177589e+00 7.961831922399922767e+00
1.621733196268450916e+00 7.737947125389838199e+00
1.256343259272008961e+00 7.821084171449344424e+00
1.259272371257425860e+00 8.288409943600962393e+00
1.571013687225068178e+00 8.041397407645940021e+00
1.360141388752884151e+00 7.763272901985676100e+00
1.033655656945585921e+00 7.987203707010941400e+00
9.725141434117281491e-01 7.797369458366028461e+00
1.370687599002795132e+00 7.974314399332420145e+00
1.387922430717523969e+00 7.948150501553045366e+00
1.498427826837952281e+00 8.044938315852084187e+00
9.685846273462652700e-01 7.875352744482295719e+00
1.476402931344096503e+00 7.936330174637041601e+00
1.259352715951609802e+00 7.883072980173458255e+00
1.530394690154327275e+00 7.865216989831823824e+00
1.489405118237874026e+00 7.826089579339143398e+00
1.633205563770668833e+00 8.005915243573408446e+00
1.378997709563869689e+00 7.970554651102779609e+00
1.413723580676754299e+00 7.839867632915410667e+00
1.350369991054935159e+00 7.921365653368408033e+00
9.368562223215459728e-01 7.924441798639005441e+00
1.606630674207572662e+00 7.900023932805582128e+00
1.420741121787733929e+00 8.076600328220889580e+00
1.462972128114239156e+00 8.002224956231994923e+00
1.028127542376384485e+00 8.016005071253617942e+00
1.648501251572939141e+00 8.054112475515042391e+00
1.559533387522012537e+00 7.929476485600045699e+00
1.618106000569675462e+00 8.059128217403602079e+00
1.228423715227620061e+00 7.925751317671233309e+00
1.622370358775840682e+00 7.780387612857941448e+00
1.381645120807019289e+00 7.794701872555762634e+00
1.146966424283618613e+00 7.824755009842057518e+00
1.416815237400752991e+00 7.946194499210544215e+00
1.274153598497772766e+00 7.781466778119170868e+00
2.439698879978075219e+00 7.875495336206203234e+00
1.525743970590112797e+00 7.941644221622672362e+00
1.490969497234660768e+00 8.032290375978128338e+00
1.257957775086561814e+00 7.860787268838247854e+00
1.200488688931351966e+00 7.975453223652665180e+00
1.149450879264924286e+00 7.929754405307964049e+00
1.604533531867107676e+00 8.296630460304449173e+00
1.513836369291993389e+00 8.175537372846875428e+00
1.801746436278312657e+00 7.838408790558860417e+00
1.672911030147988809e+00 7.965369239014561842e+00
1.145612730285530345e+00 8.048892071578665153e+00
1.470864755444531324e+00 7.899597906091071486e+00
1.233030738615891186e+00 7.934476560215134811e+00
1.595102699071252683e+00 7.956053884576801849e+00
1.608153002562644929e+00 7.966209304934053215e+00
1.272006739556133414e+00 7.855313849334999432e+00
1.296746946988511562e+00 7.926601478925091371e+00
1.403877851606299965e+00 7.965275709282072292e+00
1.510663512034906342e+00 8.043739053811055584e+00
1.234119606951634918e+00 7.973204128047086670e+00
1.801746436278312657e+00 7.838408790558860417e+00
1.439708829311133087e+00 7.867287901205830103e+00
9.488544572207580075e-01 8.338149119370251938e+00
1.496964838197546221e+00 7.947925944371093898e+00
1.753480584963880151e+00 7.998947194265985772e+00
1.261724469757665057e+00 7.888511219960944842e+00
1.508841870880115010e+00 8.084017639488443763e+00
1.486752866490438585e+00 7.981359713314202686e+00
1.654909678311231147e+00 7.880328731009920595e+00
1.700572245081623191e+00 8.000677321037104051e+00
1.582557316098027078e+00 8.021963730178104157e+00
1.262979374557763101e+00 8.020904463840791365e+00
1.296690743385503275e+00 8.019477023327185705e+00
1.614848864524087046e+00 8.035030362874417520e+00
1.356137119274215319e+00 7.966897009140884833e+00
1.537521657022989263e+00 7.774818543131924109e+00
1.376458082541724082e+00 8.067543001081052267e+00
1.272198413379200366e+00 7.788870047976689470e+00
1.573047099659649728e+00 7.951912666804306973e+00
1.308241378148514711e+00 7.916119646208650273e+00
8.912221680698320103e-01 7.821807714025516667e+00
1.425509460248479243e+00 8.009110380878059487e+00
1.451750381399454115e+00 7.889747267425780031e+00
1.625976566740239493e+00 7.934748376642254186e+00
1.682301873102947098e+00 7.859313481157245818e+00
1.423860141506644306e+00 7.914434906093262612e+00
1.579931656579367294e+00 7.941872634523678975e+00
1.446227142898624862e+00 7.798387206111244474e+00
1.547465746129538022e+00 7.846457539128091518e+00
1.736135819778744871e+00 7.932601723781766090e+00
1.260692760124463963e+00 7.907409469317936868e+00
1.425674730594804762e+00 7.927962935800625388e+00
1.176146231117467078e+00 7.915406386422978890e+00
1.321159902447157641e+00 7.974362686094356611e+00
1.063983266624562996e+00 7.958415493572042365e+00
1.496836996310646706e+00 7.905328745605365803e+00
1.311507290125462744e+00 7.861718587411674619e+00
1.363031907713497137e+00 7.919814389863202742e+00
9.163790542281420315e-01 7.965374868507684170e+00
1.779263768594806727e+00 8.032836114868683097e+00
1.999588246116450030e+00 7.691580366060165375e+00
1.205385967628293864e+00 7.860455897487418575e+00
1.662012062687232117e+00 7.942675734155830725e+00
1.522377411239013156e+00 7.831592871051077154e+00
1.391967381158540906e+00 7.966817577156436236e+00
1.347529830485808988e+00 8.152695993065492530e+00
1.272760108869550599e+00 7.908323437153820024e+00
1.396129831513603703e+00 7.964521849903074546e+00
1.942300395991864992e+00 7.917288527735356851e+00
1.210186255163711921e+00 7.864973987887247553e+00
1.913247965970869657e+00 7.940787650066404524e+00
1.294149602966616186e+00 8.262429374629897794e+00
1.562262585778324109e+00 7.820222335766626287e+00
1.213117193523052917e+00 7.865302542355409265e+00
1.392695414032367074e+00 7.835523777292811687e+00
1.460684262667654831e+00 8.082252260526134435e+00
1.654787095654793649e+00 7.938772580895398612e+00
1.666132587761825157e+00 7.869368351012166585e+00
1.315275264730696669e+00 7.970938386458615632e+00
1.319770991379011660e+00 7.800243538081606864e+00
1.728396601246828812e+00 7.915779851169426173e+00
1.643066754815394770e+00 8.050401487467974349e+00
1.338733281363096994e+00 7.977613496224837064e+00
1.099242885148575377e+00 7.812068598174679579e+00
1.586754968591918447e+00 7.901785678567695648e+00
1.622575853859496764e+00 7.956860719243807445e+00
1.386864968182809132e+00 7.853555477448928457e+00
1.638121395702641925e+00 8.066195642351022599e+00
1.730930030602609193e+00 8.091727320282705804e+00
1.420861846882167878e+00 7.900256932967703705e+00
1.233060261679220559e+00 7.917703858254376392e+00
1.503463541825984962e+00 8.012120922854842675e+00
1.343095335244309352e+00 8.016557060144595681e+00
1.815181188387989142e+00 8.007873248295712898e+00
1.642631712862262061e+00 7.985322106539059384e+00
1.399524767096515188e+00 7.894595707261866657e+00
1.518719520071920348e+00 7.950128698698330609e+00
1.639957255137227676e+00 7.953163499531900271e+00
1.661196149953673595e+00 7.550143977291748243e+00
1.676996573813827496e+00 8.025614122754443969e+00
1.224018888165492980e+00 7.933947167667520617e+00
1.453415451687469107e+00 7.800805937150909308e+00
1.225935045039209026e+00 8.076535131049588756e+00
1.428942036775113333e+00 7.872652090764698407e+00
1.470032128277938499e+00 7.734367072181318470e+00
1.424887707476103715e+00 7.978654495757218967e+00
1.634726161943645062e+00 7.780181300252085208e+00
1.378423390846045926e+00 7.948042516989480610e+00
1.127963434151971978e+00 7.956123667926339849e+00
1.191851547319119797e+00 8.033335764098938014e+00
1.556655672545234292e+00 8.073274266679430156e+00
1.647032883444474738e+00 7.920128971476144031e+00
1.652840205437008603e+00 7.932171271572781457e+00
1.367664962103705584e+00 7.994204775369762039e+00
1.344346813284625464e+00 7.826738736445972400e+00
1.498961570320306302e+00 7.792240899625183737e+00
1.259362503293919300e+00 8.080975963647274440e+00
1.271836533082605802e+00 8.238470053761190570e+00
1.204660743228817443e+00 8.103188714468579690e+00
1.111654767005090250e+00 7.948376372323536998e+00
1.346444806287551588e+00 7.819665077108298945e+00
1.771275622111763592e+00 7.568281262731484382e+00
1.268762517622846531e+00 8.078013972924688701e+00
1.816567441680653427e+00 8.051523278296667030e+00
1.574820628265677591e+00 7.968262569475751178e+00
1.082782076302932772e+00 8.017053609951267035e+00
1.770268598945798910e+00 7.824746481008408416e+00
1.727481520619747579e+00 8.036468629540861386e+00
1.872279508530993120e+00 7.953801628996856721e+00
1.572946877071081939e+00 7.816980657240517161e+00
1.503478329762539367e+00 7.999899073963248064e+00
1.742262124931982514e+00 7.860177541833246906e+00
1.108007341015629921e+00 7.877809309626131018e+00
1.480781537906765921e+00 7.947457960498476304e+00
1.317851905053692985e+00 8.001496645710332700e+00
1.615876237817615690e+00 7.908535601038611418e+00
1.760094733618255969e+00 8.064437371711139946e+00
1.652284943621118440e+00 8.030313667977971193e+00
1.649526099565469250e+00 8.034637611371422850e+00
1.737297803942960517e+00 7.821962108943334435e+00
1.643082366072690759e+00 7.876023906988987022e+00
1.504992098479693619e+00 7.827385893459409161e+00
1.181477870579593858e+00 7.989953545394657297e+00
1.353453146850655653e+00 7.961557942810005173e+00
1.454122841437806457e+00 7.758317857739359447e+00
1.260262673976987324e+00 7.884551308746044818e+00
1.842324933362143868e+00 7.979716775976410936e+00
1.716872659195030293e+00 7.955179004545180454e+00
1.230412009807523299e+00 7.963423612887915226e+00
1.538929112959265044e+00 8.082498225787702495e+00
1.316549045188150968e+00 7.790657797664369610e+00
1.268321236981179601e+00 7.911799520713067579e+00
1.213285573660936256e+00 8.001773252433892480e+00
1.198235536029083059e+00 7.863411960714864257e+00
1.398955408042733550e+00 7.931667783984827302e+00
1.359771852033596184e+00 7.734015496899433018e+00
1.503381517506582998e+00 7.773925613339680574e+00
1.165180270199986046e+00 7.768803403766805893e+00
1.335114220053731593e+00 8.015687524966267574e+00
1.210922632267672272e+00 8.488517266296909725e+00
7.981123766291864374e-01 7.891326555876521098e+00
1.174842693526573445e+00 8.033260727583517280e+00
1.612630964294363034e+00 7.845460701983986596e+00
1.166759533049815278e+00 7.790648618283086968e+00
1.366416112909411895e+00 7.831369665655123491e+00
1.178546936045159033e+00 8.079355202088967403e+00
1.216592357829048954e+00 7.853018159528018849e+00
1.304817422358950596e+00 7.999759254488149729e+00
1.146678043030638250e+00 8.237370063111617569e+00
1.737747135777764296e+00 7.939403774598969399e+00
1.624624460754535704e+00 7.926759536117995886e+00
2.164692023306694857e+00 7.819457634214573183e+00
1.516680554439234108e+00 7.910227592688007903e+00
1.305712334114445650e+00 7.913533598884147757e+00
1.331883597943977815e+00 7.900820326662123527e+00
1.243577819067853252e+00 7.891647492315266632e+00
1.497707222833516649e+00 7.876823226871818129e+00
1.468068725958675103e+00 8.227885993837505296e+00
1.442041879599396337e+00 7.897407611342298850e+00
1.260014324309697287e+00 7.876543157610220725e+00
1.212738215150201970e+00 7.974085788245909079e+00
1.746134528821805088e+00 7.969470699292084959e+00
1.149658982369188065e+00 7.985441533229876043e+00
1.328915366149630906e+00 7.882853968364813113e+00
1.523682018153121209e+00 7.853253617611250625e+00
1.123409979361418065e+00 8.015964003529267856e+00
1.154939736414070550e+00 8.094192019811377037e+00
1.606501277851952292e+00 8.018639576510675937e+00
1.493102725285425869e+00 7.967520748122470131e+00
1.417346754646406470e+00 7.984101273602404625e+00
1.259157830305579928e+00 8.175380259248177239e+00
1.405222475347690292e+00 7.949437136012126537e+00
1.728778720178360651e+00 7.985196137580820697e+00
1.417086799457514257e+00 7.929736201220084268e+00
1.430290390268542211e+00 7.707834731424512142e+00
1.569731957752118490e+00 8.128186329982385772e+00
1.403142895059730444e+00 7.965788760572489302e+00
1.531451227565639561e+00 7.836817213084443345e+00
1.441171687320046635e+00 8.159352605815504589e+00
1.287552144812685206e+00 8.065444525328617331e+00
1.223187608083414313e+00 7.588582653925892707e+00
1.249557632895150538e+00 8.657868459077967316e+00
1.502624009888366530e+00 7.877884973786007272e+00
1.911756408632524940e+00 7.694284252260843893e+00
1.500501789388436702e+00 7.945390893537285670e+00
1.393133773234791928e+00 7.793036694634235317e+00
1.324515062173865276e+00 7.787028606527615970e+00
1.438966690076427302e+00 7.926752932846537369e+00
1.447362159706678808e+00 8.015877834506127897e+00
1.228094516068915620e+00 8.000620409940626843e+00
1.189911998170608110e+00 7.784572040101426893e+00
1.492486012346238677e+00 7.891209113813602016e+00
1.333064339601048642e+00 7.946697065762280410e+00
1.590075896039998993e+00 7.665056592212046382e+00
1.334785879470535175e+00 7.969707344997426723e+00
1.165341681876248092e+00 7.982155301771163280e+00
1.564888574800111787e+00 7.899354079988860633e+00
1.524143441375484853e+00 7.931891012358217807e+00
1.367861298660827840e+00 8.025076575430631465e+00
1.354417713819221714e+00 7.824740054114296406e+00
1.462307570484634223e+00 7.989163284443728585e+00
1.106828761274110118e+00 7.857921965530181296e+00
1.378242717288727048e+00 7.902286637603693542e+00
1.495089454270338569e+00 7.900097597355191681e+00
1.131238405099769251e+00 8.094428129625203638e+00
1.253857393373914331e+00 7.932414267628372428e+00
1.168314728296365068e+00 8.022507494036730691e+00
1.864274530476216496e+00 7.867363547297741455e+00
8.826967336222170113e-01 7.977066570271565737e+00
1.329816638474134560e+00 7.855464182720326427e+00
1.937069040536711251e+00 7.862975473527268555e+00
1.837966914350807501e+00 7.680851391358012314e+00
1.536685110466086579e+00 7.847625280099884471e+00
1.396935498958958410e+00 7.907805373488069556e+00
1.148046306072952882e+00 7.905120370981028266e+00
1.578771560154171194e+00 7.894536377383449377e+00
1.193938492874637936e+00 7.910934425816270377e+00
1.465143009786041617e+00 7.948554058803313893e+00
1.818489817092184380e+00 7.904724543042918050e+00
1.505121948728397330e+00 8.089811685504145089e+00
1.457563430223669076e+00 8.016620096681062790e+00
1.272317450065727051e+00 7.995767044520350808e+00
1.430544353439079375e+00 7.899520675619417176e+00
1.987784678120671611e+00 7.969457291290512835e+00
1.552583864233493260e+00 7.871049608987117807e+00
1.184256115671098231e+00 8.128022959884710019e+00
1.285053590796869205e+00 8.066853174692978357e+00
1.272776857397022843e+00 7.884793354112254349e+00
1.381501818945134241e+00 8.031765365358207731e+00
1.770484690509651848e+00 7.891553911227092044e+00
1.647226692723573471e+00 7.882940581736596286e+00
1.596127729719368338e+00 7.652688240741757575e+00
1.494636710224676257e+00 7.992905302089283737e+00
1.338005278653279895e+00 7.977620929538996819e+00
1.309642903677262549e+00 7.804698346335756654e+00
1.304034312499786408e+00 7.923413437058485442e+00
1.192575488932702266e+00 7.945768082231944973e+00
1.464289436017579771e+00 7.996673450489724999e+00
1.440555251955043303e+00 7.912221772273075437e+00
1.174173538750685308e+00 7.964683302874015602e+00
1.144389447517961456e+00 7.836973231917103710e+00
1.410519304021529363e+00 7.872149395617366707e+00
1.784206033343333164e+00 7.915858805097976791e+00
1.830959903598943228e+00 7.855541598140112214e+00
1.308836792435217333e+00 8.388616587979560890e+00
1.240231651747888630e+00 7.961463391684684865e+00
1.535628069560221132e+00 7.730399858276258307e+00
1.480664668949098983e+00 7.755591281444546681e+00
1.981073772180943493e+00 7.771120285342012934e+00
1.522367869420922393e+00 7.893153207627878309e+00
1.657026572987847723e+00 8.106766703483719638e+00
1.504880698315905985e+00 8.010026206431684059e+00
1.723385937827836445e+00 8.017971758774814717e+00
1.319004739538889304e+00 7.862019487925810068e+00
1.423812266825711825e+00 7.977837612257536293e+00
1.563772374126308540e+00 7.915939257674234675e+00
1.555681007798493276e+00 7.829180269433655859e+00
1.180344799974697212e+00 7.955327583230355160e+00
1.613307488061860528e+00 8.069185463751230358e+00
2.134901804826330185e+00 8.037018260948814330e+00
1.402836835354742240e+00 7.887581228098591524e+00
1.407984910470316597e+00 8.034328655729128243e+00
1.306555987707137323e+00 7.879232309195445261e+00
1.316101936182590970e+00 7.923882994270703861e+00
1.557517556370000333e+00 7.867757727846706572e+00
1.505667168241911824e+00 7.992474796769344358e+00
1.342333317906186041e+00 7.727758175488419035e+00
1.978987439903974632e+00 7.991361704590866921e+00
1.174689987711832639e+00 7.907693948170601672e+00
1.404123276979226675e+00 7.970875875267220856e+00
1.363081413226987726e+00 7.857938132005783949e+00
1.279922000783341396e+00 7.960199842198415254e+00
1.218346496641039112e+00 7.940403095796420452e+00
1.467183120306718713e+00 8.155316332098932364e+00
1.764162639296952717e+00 7.920141273169027052e+00
1.329755618031990272e+00 7.931720284869232529e+00
1.594941660792712490e+00 7.704788654405892778e+00
1.288271625160456679e+00 7.872965065332338419e+00
1.465884759807705384e+00 7.922587149551081787e+00
1.685962573757449956e+00 8.036662570780963577e+00
1.380716323270435364e+00 7.738198594031558741e+00
1.393449727789025427e+00 7.929552155985073014e+00
1.200811350306264069e+00 7.816511202591031271e+00
1.238710077726909109e+00 8.022565372008802598e+00
1.387027582133454340e+00 7.998769634581964105e+00
1.936435191321493221e+00 7.973013879918537050e+00
1.654861999519462890e+00 7.922070527954290675e+00
