# Hierarchical MCMC downsampled to get 500 samples: alpha, mu
2.170800006189547826e+00 2.603178435616825048e+00
1.065679110617163916e+00 4.319547687415896675e+00
1.918872569833901975e+00 3.897059782056963240e+00
1.557143613985736863e+00 2.409623299070561497e+00
1.389312621700716344e+00 4.142988986268338891e+00
9.627296914540020012e-01 2.256136775255939142e+00
3.385094574094806408e+00 2.924199239196313638e+00
2.961735553025585332e+00 4.194228682538763131e+00
7.066292857197445931e-01 3.996166168586954726e+00
2.188602807317595378e+00 4.406400249142558678e+00
8.966843566121835973e-01 3.979636225636534075e+00
8.398339143014535990e-01 -5.444771600082018992e-01
1.360940858728050706e+00 4.445633137074871399e+00
9.696499730191094901e-01 7.060427106063256186e-01
6.619671921969013662e-01 3.494255223874785266e+00
4.113809846034635620e-01 1.826402404886463327e+00
6.510597090555585442e-01 3.279866745853466714e+00
9.488153883407700606e-01 4.131626604881739162e+00
3.722634331088764403e-01 1.754919034515130649e+00
7.844923668720957810e-01 2.755740187013838938e+00
5.233452836931289376e-01 1.917382057839978948e+00
2.237234014993191966e+00 4.069629511079519091e+00
1.279781881837684043e+00 4.210921973184355238e+00
1.594224261752107852e+00 4.111645294602944922e+00
1.612909818384199667e+00 4.340322495531575342e+00
6.032193344404832569e-01 3.068361873668037365e+00
1.127542699416871574e+00 3.953235263297833146e+00
1.836085358843964510e+00 2.400076251966341001e+00
1.600630172642112825e+00 1.786208411191186007e+00
2.314554265643571362e+00 2.021086659375555428e+00
2.100947519945367326e+00 5.954495850738893425e-01
1.496483222710803362e+00 1.670271327112663462e-01
1.555365204102711285e+00 2.355021112265671679e+00
1.878123354017929847e+00 1.937401329356440050e+00
4.770025677854606849e-01 2.340626149756504848e+00
1.967132149941344554e+00 1.815937248674816651e+00
6.279748334995525205e-01 2.758009729919471020e+00
7.360951160943924876e-01 3.265644423636024474e+00
6.373147122768901829e-01 2.595483705617342984e+00
2.934876992138305773e+00 4.043105289270618741e+00
2.386516687625289901e+00 1.086832515814742051e+00
1.286054402876927405e+00 3.620516035559708357e+00
6.035260690437631581e-01 2.861821829000295914e+00
4.373204399988640523e-01 2.784937242732411278e+00
1.693915690300971555e+00 2.718932898987131530e+00
7.710257041785505416e-01 2.149014674069608333e+00
1.363361613700397879e+00 4.211640433061243805e+00
1.972770860147696759e+00 3.643757074920936923e+00
2.107776227976531747e+00 1.670529440995655257e+00
1.531035483955044407e+00 3.980833409732974726e+00
1.659184423623745186e+00 2.350222825750770461e+00
1.550045358195524248e+00 3.491249258601797578e+00
9.339909377935673440e-01 3.175467344126546632e+00
5.778991186685886738e-01 2.864425417753045267e+00
2.119735287029306026e+00 4.207820690893322002e+00
1.111614654986496475e+00 4.084203450472138286e+00
2.566601453970351443e+00 1.517299909166832439e+00
6.444295549468620488e-01 3.095872166921352697e+00
9.316443741596959205e-01 1.889995767916894831e+00
2.276867057576298148e+00 2.218075439378832225e+00
9.940903843203376944e-01 3.846971539374532956e+00
7.492521809754116857e-01 3.732638888841348646e+00
1.486848186466374067e+00 3.120368196619727641e+00
2.327775110246808943e+00 3.737855225959218597e+00
1.047681515922652462e+00 1.176115145760765701e+00
9.023396211300855896e-01 3.412699805903874672e+00
7.963038633629379026e-01 3.330936538170516048e+00
8.621530290343458747e-01 3.764386143141441377e+00
1.564537529481913491e+00 3.872559454326430561e+00
9.547772320943074265e-01 3.213410906939384137e+00
5.858967984433804954e-01 2.361003608968481604e+00
7.199706139292938456e-01 1.096549976796509229e-01
1.560481348302115157e+00 3.248874141479152655e+00
5.228677882371759456e-01 4.092276177472171206e+00
2.121629416888267006e+00 4.450428116259125488e+00
1.329862718224964269e+00 1.835160911373501236e+00
1.135396479442337458e+00 4.390904153989644954e+00
1.648324417896370742e+00 3.756162220818047182e+00
1.466242067499079704e+00 3.867948484359386985e+00
7.154951959054530741e-01 1.619190648195931947e+00
2.363919337519331698e+00 2.257711925468346870e+00
3.262066646047256380e-01 1.647087692948869142e+00
6.048692668258695004e-01 2.848922727485301287e+00
2.416203681504103251e+00 4.445886765290550713e+00
6.817118098935792680e-01 3.396601554642326271e+00
1.036649796667812984e+00 3.552839661192385812e+00
1.707688042622767188e+00 3.763931584824201426e+00
7.392942352584848109e-01 3.026009717995154169e+00
2.371996822681713191e+00 4.161482460434515751e+00
1.671558506346435324e+00 3.810495056427085636e+00
1.379956351865907704e+00 2.352145787179122927e+00
8.871639698582012290e-01 3.340876889147035733e+00
1.083807220789098524e+00 2.375141670249528936e+00
1.975273605563058643e+00 4.239170312316505651e+00
1.837432026356916825e+00 2.798449311254396221e+00
1.534797409334185403e+00 -3.651813339955965465e-01
1.101130973892042508e+00 1.206719969349707711e+00
8.328288590684722603e-01 2.506999569015869511e+00
7.546543727908463506e-01 1.718446333246322677e+00
8.410602573641541291e-01 3.635540594352264510e+00
1.731987404697264088e+00 3.463943839276000247e+00
1.173272901368289656e+00 3.392541409509358452e+00
1.485612093384263144e+00 2.174199934382091026e+00
1.482756749420016673e+00 3.683293277300314195e+00
1.128126471112054885e+00 2.431888049685158926e+00
9.993783716212334411e-01 3.259878297263350433e+00
1.708523848586354976e+00 1.136039960849117847e-01
1.867230394649129543e+00 3.947622803444301720e+00
1.006773502391206332e+00 4.157169426762806097e+00
1.092867834293294482e+00 3.120930968978956610e+00
1.768579950495533515e+00 3.892481611915743933e+00
1.533814662546220564e+00 1.854889265096816953e+00
9.904393663761232869e-01 2.023084848236172739e+00
1.871976622071691576e+00 4.361340103031086102e+00
4.544677347169543413e-01 2.931323073561767245e+00
1.442689699409390069e+00 3.783117623718485589e+00
5.899201291567215399e-01 2.945391544933848582e+00
1.130857116622345337e+00 3.605456631365142606e+00
2.003741737322749294e+00 2.664286211339100596e+00
2.336517038240075284e+00 4.009418353952423075e+00
8.800397885045785351e-01 3.789642541094001338e+00
1.056284318808283107e+00 1.640966043003268648e+00
1.144403800473021926e+00 2.180512743490427230e+00
1.228754828261274801e+00 2.426094546538858143e+00
1.197689913538460216e+00 3.829865739795947466e+00
5.753261675202436809e-01 3.409627271702290852e+00
2.196019702629547599e+00 3.190914543157056471e+00
1.997803225146553840e+00 2.734174763821905607e+00
4.955166359895201156e-01 3.841265397827983374e+00
2.493855244903238955e+00 3.792897222812954272e+00
1.515861996199553641e+00 3.083678075205779301e+00
2.150496311759228174e+00 2.475037939207791915e+00
6.273758352830490770e-01 3.654552556194061719e+00
1.610019018542768521e+00 3.953731320000458016e+00
1.574648167137350008e+00 3.454599078848154203e+00
1.309066736299476341e+00 4.310045892536233936e+00
6.700087540234974659e-01 3.134317536615485622e+00
1.436753321420226825e+00 3.990248491310806056e+00
9.458148968279063151e-01 3.490393298485094498e+00
3.090572648856728666e+00 4.504358970589200872e+00
1.732484906657812518e+00 1.242451034053598136e+00
1.944492225728547297e+00 3.654252188637042487e+00
2.024760232457184728e+00 3.970547036202583424e+00
7.550085705174358619e-01 1.391521166399431575e+00
7.944030136155459942e-01 3.507323502995442155e+00
1.636455769032717944e+00 2.844850294047483796e+00
1.705870798066202898e+00 3.927221035279052419e+00
1.605937187424342216e+00 3.800324411427929316e+00
1.726310796143126547e+00 3.700329556230887107e+00
1.417037385363604907e+00 3.919425561762685195e+00
1.287196836864927807e+00 4.049320746617940614e+00
1.428169419842182153e+00 3.935837281271711507e+00
1.988909032577096836e+00 4.304590151649207996e+00
1.580824015211493849e+00 3.988725918550654281e+00
1.499901022355048186e+00 2.741422187249035858e+00
1.211449212816156029e+00 2.916256340028329674e+00
9.577715168808407231e-01 1.079282959489579641e+00
1.782998750621846762e+00 2.844914827162787763e+00
1.295631372761996358e+00 3.525007032884473368e+00
5.241178024930984725e-01 2.124544795078286530e+00
1.203018329954423704e+00 3.707601811529566582e+00
1.387000825227182377e+00 3.539589423606599006e+00
1.030978119790670000e+00 2.746138687955176128e+00
7.202474531217532006e-01 2.615989733677808182e+00
7.230950837960279376e-01 3.448771974668451534e+00
1.831676330264810915e+00 3.807415513095478765e+00
1.988513335724441999e+00 3.057262849969407892e+00
6.444471088534586833e-01 3.108648841282180886e+00
1.241079940490762423e+00 3.915354396531441239e+00
1.916236350399977972e+00 1.175628146136471042e+00
5.659960891309776532e-01 2.555289137267044097e+00
1.281958983979386124e+00 1.976321940975870994e+00
1.065339445868085821e+00 3.911189480743181512e+00
1.186543316878541976e+00 3.825054626068503438e+00
2.086254654798775476e+00 3.674051136761092184e+00
1.626456154739739812e+00 4.426938496154933844e+00
1.508828112714222902e+00 2.409393385092312823e+00
1.135489275464839132e+00 2.543879808212227811e+00
8.051067635543023293e-01 2.468053549461475260e+00
2.108271187883709263e+00 4.417001512096754290e+00
6.320610655744680617e-01 3.055007308201967309e+00
1.511609648215624047e+00 4.054415072668529518e+00
1.801602725698108198e+00 2.232727731047546182e+00
2.879923214773632001e+00 4.367966215960114695e+00
8.539941524412801854e-01 3.173414608331536879e+00
9.579138496720546181e-01 3.796115413643379899e+00
1.166490041150715751e+00 2.820771902712639445e+00
2.406922828517503277e+00 4.468903677173394762e+00
9.406286612284326942e-01 1.893567867254404513e+00
1.447434282839580755e+00 3.682784535749926036e+00
1.685411523865971040e+00 4.091168686330589388e+00
5.933800657259516997e-01 3.786601632431399356e+00
2.519039796383820473e+00 1.784450958281640354e+00
1.248720334778957941e+00 2.483071785723554914e+00
1.645643848785138141e+00 4.014925719538185334e+00
2.476254462646880761e+00 4.217283518491234062e+00
1.846764698676415462e+00 3.924748025101357118e+00
8.858651612503338768e-01 2.304927701427573528e+00
2.022771708563354309e+00 4.010912941885767857e+00
8.726572999285213683e-01 3.495345194633968866e+00
9.530222054562076384e-01 4.183134765125406496e+00
7.362617710562673334e-01 2.496702662481692148e+00
1.432619095240076135e+00 3.918171690485378278e+00
1.743493171271768727e+00 3.963916338543046258e+00
6.768790611207557983e-01 3.253207803713524360e+00
1.292242201618891917e+00 2.587519877500565446e+00
1.241170027010076948e+00 3.274768768169609601e+00
8.603334903723536264e-01 3.369850166777011324e+00
8.621201065162853450e-01 -5.333096766850961012e-01
3.368767086886936823e-01 1.843302588769887063e+00
1.781210806594060836e+00 3.690485433945498439e+00
1.070792200334911293e+00 3.151366173290054640e+00
7.984427094966262128e-01 3.005318967494808202e+00
1.021934177895392093e+00 1.995498758932795713e+00
8.724455323482613878e-01 2.302565983711660547e+00
1.938150929189987215e+00 2.337689210888342917e+00
1.130906624908866176e+00 2.195377325432096516e+00
3.362784455857911192e-01 1.251608201090988137e+00
1.170486817990975092e+00 2.770819952583427614e+00
8.227247913383006761e-01 3.470914201407357069e+00
2.082113756481159150e+00 8.609553950361931163e-01
6.278012057424692260e-01 2.470323850799780452e+00
1.872064637594639702e+00 4.226640784996812172e+00
1.378551333396847323e+00 3.761900494999820488e+00
4.129340525867687406e-01 2.635350444809831938e+00
1.378511114428661921e+00 3.858104070653599837e+00
1.874449538726045805e+00 4.035428760961232264e+00
1.704399556715054942e+00 1.297465070282899813e+00
4.258412481432964358e-01 1.365830858827852712e+00
9.790734107671064113e-01 3.154332452707681700e+00
1.398064546192613333e+00 3.309427572795765826e+00
1.196678736248416808e+00 3.993767749006580381e+00
8.991588084612847087e-01 3.237570751329548635e+00
1.165536746735619023e+00 3.752578054277186936e+00
5.606750048741537817e-01 2.930489601445195103e+00
1.314815284675277418e+00 3.952680094027674507e+00
1.177410324064190217e+00 3.470500376193491388e+00
9.783165776325343233e-01 1.417132313950690614e+00
6.732167467161085384e-01 2.531945875947156477e+00
1.845444439551995552e+00 3.099143366980691372e+00
6.379958714434496025e-01 3.141968100383846441e+00
1.791737890374627273e+00 4.047820846657994132e+00
5.121869173770590145e-01 3.368930774093386482e+00
2.470990711437483611e+00 4.274528752542014587e+00
6.660175501347329607e-01 3.536611624720117142e+00
1.098276029853523461e+00 3.842031735014434624e+00
1.172888175184247039e+00 8.365385552694393212e-05
5.072153077389535136e-01 2.785564212328960121e+00
6.867401397861339074e-01 3.308965676355137830e+00
6.702266539209705831e-01 2.640162367145754363e+00
5.666435645734769766e-01 3.383315416628492667e+00
7.682984227770561780e-01 2.419797114457182374e+00
9.990220893277012015e-01 3.814762192761924187e+00
3.682921801055015543e+00 3.819474374866264732e+00
1.092395027014727793e+00 1.047990829790527822e+00
1.000462890182036935e+00 3.882423053805050817e+00
7.154335766495678595e-01 3.741306581680124754e+00
1.319131420823143719e+00 3.096015165461082130e+00
2.930202775509334501e+00 2.233877293057432656e+00
8.854139717197597736e-01 3.307094773115902608e+00
9.323443465822190968e-01 2.847461187786633374e+00
1.757378785271459964e+00 3.742398778466083265e+00
6.985945913236830673e-01 1.794742890623857612e+00
1.338030651767574852e+00 6.515458613182052439e-01
4.344052596416930756e-01 2.455100007683241881e+00
1.775666649083004422e+00 4.080154170310350992e+00
4.804751874944372947e-01 2.352506956269996952e+00
7.415753080636016126e-01 2.792892787362800888e+00
1.590494212818562625e+00 3.549678033259736853e+00
1.586714004275967760e+00 3.573035167313381777e+00
7.514302933301375553e-01 2.523295387388491573e+00
1.500264872397053084e+00 3.302754943290514777e+00
1.342885979886145886e+00 3.644022116181067084e+00
1.073909018110839941e+00 2.794701524433783391e+00
1.280654700144001401e+00 3.989919345479267410e+00
1.863483946483321940e+00 1.896236464165324875e+00
1.675429612733693396e+00 3.954818618149156695e+00
6.080538975259948131e-01 3.499740136583575190e+00
5.839156504483826726e-01 2.584884131740116775e+00
1.947717804422127053e+00 4.004875536405640091e+00
1.423268253896220692e+00 2.044480015350679025e+00
1.016429091504895466e+00 3.429226683002949638e+00
1.456512652797258944e+00 3.976870401572696778e+00
1.325474488394437156e+00 4.037877509289245381e+00
1.545500870564922469e+00 1.981729304973308015e+00
1.906644308699718016e+00 4.484032769702062104e+00
7.513943074774840358e-01 3.777352749016065658e+00
2.645012549619622622e+00 4.152105583303369762e+00
1.623048028026060408e+00 3.898395036992549745e+00
6.452180766353770025e-01 1.245675185671789809e+00
1.150208179761737615e+00 4.098745573411929577e+00
9.217875176539652715e-01 2.146213412230226769e+00
1.365139730408970964e+00 3.629585056244879038e+00
1.865758422171835074e+00 4.117048385307094271e+00
1.296978163661429928e+00 2.939475072731574823e+00
1.562628812888475105e+00 3.386121445596651736e+00
8.698586448658098824e-01 3.366189758971983803e+00
1.732653538721963926e+00 3.522543878966966968e+00
5.679985536954531566e-01 3.169666145502570753e+00
7.139179130309258881e-01 3.767147641022909887e+00
1.133736237886750153e+00 3.239054846160834167e+00
7.840506298294893650e-01 3.892054970597155883e+00
2.446343304327936785e+00 4.202917219713078190e+00
6.491032081976176871e-01 3.721491173663490581e+00
1.462027440485276664e+00 3.806124951184876704e+00
6.970099186796617774e-01 3.688500765615838617e+00
1.917997674841831923e+00 3.174535825099646935e+00
1.346878368048775476e+00 3.631155317867754473e+00
9.272940712519915918e-01 4.181492041059609477e+00
1.151162192570265086e+00 4.103683524607528277e+00
7.843072234680168453e-01 3.518580113321743141e+00
9.104539829500631898e-01 3.816058265602065624e+00
1.104920576071545923e+00 3.481561471268042496e+00
1.604491324894635751e+00 -4.158984273787120767e-01
8.819314731096549176e-01 4.584365886901300424e-01
9.342004560334924435e-01 3.493816171768910905e+00
1.206563571116389344e+00 3.671778674564255329e+00
1.845444439551995552e+00 3.099143366980691372e+00
1.403817220620194650e+00 3.490087388759961051e+00
1.030568193364572505e+00 4.299087925646622566e+00
1.268020231947775578e+00 2.228297136636373743e+00
2.688641461005010669e+00 4.476242535239024711e+00
1.676258509981883638e+00 1.614965951792306509e+00
1.077675997961422549e+00 3.830364620535559261e+00
1.168272519710382928e+00 4.178503649757658422e+00
5.476766680647802144e-01 1.876701929253531187e+00
1.285878098168054429e+00 2.042588066807220049e+00
1.890752135485594954e+00 3.478792930790723048e+00
3.649355491311490063e-01 1.348695404954929122e+00
1.748326083178130430e+00 4.204877251930402515e+00
1.743826650541255630e+00 3.344017999629090632e+00
1.504559541395124933e+00 3.723145961834951834e+00
1.481981765906186910e+00 2.612899010042945669e+00
1.529752389591175987e+00 2.544123577567978689e+00
1.990385683220368351e+00 4.382257938936009012e+00
1.192477591510776147e+00 3.968854919638612255e+00
1.027162254964822274e+00 3.838668999713253260e+00
1.522955467348628744e+00 4.353260215114384657e+00
1.537930789782359753e+00 4.248440530058684494e+00
1.373909048637555363e+00 2.878430677996989040e+00
1.864647035937912811e+00 4.016124220493963115e+00
8.683763772803008152e-01 3.165432663075880004e+00
1.076164623459047398e+00 1.291242051912349309e+00
1.425498931654655133e+00 1.788342832485136036e+00
1.071019101432431953e+00 2.445608197962525487e+00
1.118696443670545104e+00 3.595351817426316376e+00
1.252450091214068584e+00 2.822772601697437267e+00
5.427241094357375673e-01 -3.919792999267843747e-01
2.522290733892051495e+00 4.321713962310519186e+00
1.836340556368517563e+00 3.849172078456546409e+00
3.238814765558775122e+00 3.146073331977797150e+00
1.796587917941664170e+00 1.895864481903978493e+00
2.986442585749789824e+00 4.110628278293246396e+00
9.953953044255148264e-01 3.664982885514501909e+00
1.732324774506998066e+00 4.299686592423569209e+00
9.601311230462923341e-01 1.012839849936720604e+00
8.826109592141117011e-01 3.615093782873033845e+00
2.645546096321425900e+00 6.260043178053114055e-01
1.708157407992142440e+00 3.925570864879933008e+00
8.921801794055536083e-01 3.796816771910661803e+00
1.241472863395387760e+00 3.023113667488382728e+00
2.224847225162433162e+00 2.057703377454427329e+00
1.533593958716538586e+00 4.244205060922539907e+00
7.982879453888144239e-01 2.437523247899839429e+00
1.227425580107871950e+00 3.948115024721558619e+00
9.550377504722942223e-01 2.633167811989582496e+00
1.045177999403126945e+00 1.709019866871797522e+00
1.674373223156316204e+00 3.781227738040340292e+00
1.948309365577737040e+00 2.735365273437609712e+00
1.162166737126387739e+00 2.869298848738365049e+00
1.348121070844779279e+00 4.029355132607538081e+00
1.241674211264999661e+00 3.283011693892039951e+00
3.110692585698378476e+00 4.170841799847248232e+00
1.775666649083004422e+00 4.080154170310350992e+00
2.126247561653778817e+00 3.817502524716217316e+00
2.415360273554023607e+00 8.741199600890166010e-01
8.168561225366108847e-01 3.759736211585256616e+00
5.928581164119910429e-01 2.983327136228187459e+00
8.005337640225935747e-01 3.083660648878605137e+00
1.565494399013430904e+00 3.020419334974431269e+00
6.180857546591486118e-01 1.521937728336270723e+00
5.582548205490571736e-01 2.897917491710820137e+00
1.493698887130381125e+00 2.437701398396065144e+00
5.063189238983829554e-01 3.471044235416631096e+00
4.373204399988640523e-01 2.784937242732411278e+00
2.293022803225802431e+00 4.412017336998382611e+00
6.097007059541110774e-01 2.477445060645404595e+00
1.656480764713268439e+00 4.542873352371241680e+00
1.277062034951250480e+00 4.273754000974412826e+00
8.134060115846264427e-01 1.709411996010504753e+00
1.432328752948232253e+00 4.407595692173774005e+00
1.451796124239289831e+00 3.042042556270773801e+00
5.871938551325288635e-01 1.961415597382197396e+00
6.420390387220465955e-01 3.017115477910717658e+00
5.920392935470506490e-01 3.070718733299258041e+00
1.942928358297482117e+00 3.407572700779316399e+00
9.889579026745268786e-01 3.271063320490232407e+00
2.431597272839584711e+00 -2.323255151290689602e-01
1.202180643742327915e+00 3.677838644715015093e+00
1.530880996372679714e+00 4.122966910343223823e+00
1.111633435230273470e+00 3.271011343656786696e+00
6.852387092084618603e-01 3.231257351364418717e+00
1.648489280022329195e+00 4.164385776754268242e+00
2.779572805500969412e+00 3.148604505270095277e+00
6.756896392797733242e-01 3.395761546126618402e+00
1.263692163549280156e+00 -2.493604314053209092e-02
1.564322758845789529e+00 3.293852452713354140e+00
1.472263298450666502e+00 9.400303083722271191e-01
2.158739321664687516e+00 1.898976344132860428e+00
6.971485414204557918e-01 2.458444908549846986e+00
8.285593214689450647e-01 3.852994974404620354e+00
9.053389892190694122e-01 3.788093499579805457e+00
7.761567808143989833e-01 3.286926193305846233e+00
6.933397266709779849e-01 2.881979826473370032e+00
6.257954217908114902e-01 3.192005002162948024e+00
1.421600932140581808e+00 3.991653222265693746e+00
1.827491721118463364e+00 3.500581867070330144e+00
1.479378030098179142e+00 2.709946100105800504e+00
1.868174782175596293e+00 1.567617520156067146e+00
1.502559846267242705e+00 1.026014751872978525e+00
6.014239744926025422e-01 3.411137354103612740e+00
1.458832801528016088e+00 3.582163381233739674e+00
7.965316086052796063e-01 3.804254419957577849e+00
1.279127248829799557e+00 3.351356212137401869e+00
1.664022196533712528e+00 3.460398330463284822e+00
8.755114868664718442e-01 1.027504393729924637e+00
1.428840414788161928e+00 3.599917028578822897e+00
7.176448436700617606e-01 2.074303669843965192e+00
1.287359067920559541e+00 1.513038658795639924e+00
5.213643423063868410e-01 2.902519340620408617e+00
1.215388839339456961e+00 2.577749098156307372e+00
1.452575152540842796e+00 4.304114747197822943e+00
9.362419465609630453e-01 7.510113652729014655e-01
3.235602113843212280e+00 2.317406173914716483e+00
1.734558414832340745e+00 3.840065252962868936e+00
1.142628241352732887e+00 -4.877511654986697587e-01
1.017838827626667442e+00 7.425496954929019511e-01
1.185592372107967973e+00 3.599718520995603299e+00
9.765480735642287913e-01 3.573907138638675374e+00
8.115983209425627898e-01 -6.507779986380022308e-01
7.799682701651434735e-01 1.869992057553415687e+00
7.769417052627997089e-01 3.801790434653439021e+00
1.014086970570738266e+00 2.690617116089674798e+00
2.352535286245231116e+00 4.163578288840017905e+00
2.860364532888466815e+00 3.131978123884022747e+00
1.359369015831829897e+00 3.558158365189809214e+00
8.046795037208609447e-01 2.883743253240811377e+00
1.359626880489588796e+00 2.753696049470658380e+00
1.309565932556238987e+00 3.335001472024953006e+00
8.336634055926791520e-01 3.529455528376686413e+00
1.696979613912414919e+00 3.670675577365929421e+00
7.013983761364904757e-01 3.376765198823501013e+00
1.578468349598043829e+00 3.723992954161049251e+00
9.785646191032583152e-01 3.381341151046742599e+00
1.773742090068211041e+00 4.328006586649870258e+00
1.897056810857382869e+00 3.664507182366229632e+00
6.447183219492574890e-01 3.288264310073459207e+00
1.308894116538833252e+00 3.858044457107329350e+00
8.086091304067540841e-01 3.625212992395809408e+00
1.605375715180261231e+00 3.110182216287475931e+00
2.941021763979855042e+00 4.256140461770708150e+00
8.247095068915494265e-01 3.745658662538685402e+00
2.614336059142234880e+00 3.761645701390302854e+00
2.038529569805674679e+00 3.856583078633654349e+00
9.587401762320324483e-01 3.309638045350171254e+00
7.587485004678826694e-01 3.254762370343290634e+00
1.958123384623073671e+00 4.336754732356126851e+00
4.717588756001079853e-01 2.647841709497887219e+00
1.855897022773647098e+00 4.182465990988230686e+00
6.607247940597184011e-01 3.146867396220753399e+00
1.026122648088844791e+00 2.115092056587758229e+00
1.523659680790284021e+00 4.331124591804245583e+00
9.122365312968920836e-01 3.664109499676165616e+00
1.278471170700552273e+00 4.024544621274107392e+00
1.370923909888394743e+00 3.392678474167263758e+00
9.265680512235496824e-01 2.055345476518419368e+00
6.376792732924112528e-01 2.252846417556513714e+00
1.144419675270077263e+00 4.398149524281437905e+00
8.473304385571374109e-01 3.877623618276347717e+00
1.004370685693683818e+00 4.034171009248547435e+00
1.495458476695849637e+00 3.956966835017023509e+00
1.659400505373170409e+00 4.289944151724504273e+00
1.212049093371220909e+00 8.355333739945842719e-01
8.703358989512044452e-01 8.115161572319842254e-01
2.402102480061008904e+00 3.140371158255209405e+00
1.429224352296973644e+00 3.116411494572083996e+00
9.023396211300855896e-01 3.412699805903874672e+00
9.907217629771398748e-01 3.265352154174573140e+00
9.391709765097977503e-01 3.839951652909880497e+00
1.270509733312508160e+00 3.395150521957725598e+00
9.239447064688333100e-01 4.134081000686321339e+00
1.497551150437551604e+00 3.787049970694470691e+00
5.951922179915358768e-01 2.701445086101120996e+00
1.200726968497835223e+00 3.207587191916817737e+00
2.325948802658880155e+00 2.289926115663678985e+00
1.261971393448479306e+00 3.268924701282247991e+00
9.412406891794342645e-01 3.667101836143832561e+00
1.891429925910935728e+00 4.418425515439917461e+00
7.200011831176672539e-01 1.594198752454879298e+00
1.075701156363038757e+00 3.932587576399713569e+00
