# 500 (alpha,mu) samples from hierarchical MCMC for Diltiazem + Nav1.5-late
1.400677838651502638e+00 4.765674106333522175e+00
1.425676306120968739e+00 4.778854949861186974e+00
1.454258856419895274e+00 4.795177202832756613e+00
9.741964845272073070e-01 4.894619954845346399e+00
1.551630918365562550e+00 4.738695616223584040e+00
1.284311436577335375e+00 4.885374163976462292e+00
9.973502874036765942e-01 5.032738334293840765e+00
1.401309365739059176e+00 4.664849806028073864e+00
1.169708051818890482e+00 4.875302749917186595e+00
1.254488430894873607e+00 4.745754463790675004e+00
9.775337444514113905e-01 4.550030152521377325e+00
8.236324542348755218e-01 4.603472367956819689e+00
1.476311307475523860e+00 4.844168430562535654e+00
1.403597445461107762e+00 4.940964279584456165e+00
1.469011235866482856e+00 4.859691179727617438e+00
1.327157091792064980e+00 4.704616214359778503e+00
1.304933855789391028e+00 4.743678673371885424e+00
1.610043723206409538e+00 4.986590599078770225e+00
1.668496868784692611e+00 4.707219755766731240e+00
9.429277087800569390e-01 4.662402525830798616e+00
8.482427009947731689e-01 4.715738777177125307e+00
8.874234882340209518e-01 4.806432225282995852e+00
1.272609968737219432e+00 4.917353809056646874e+00
1.260250003299571597e+00 4.817896494179637834e+00
6.850488497162737778e-01 4.720496102663854998e+00
1.235081305260716578e+00 4.839677428320957375e+00
9.389836463474294792e-01 4.949768839792668018e+00
1.145038865056005495e+00 4.689401577372375840e+00
6.746518464773850754e-01 4.554511840188128602e+00
9.368860737036028841e-01 4.907280138768755684e+00
1.811658144998999020e+00 4.773920138645502576e+00
1.172972067964385356e+00 4.636474211749487040e+00
8.592920448165941583e-01 4.530002052508220522e+00
1.990386219456229400e+00 4.830518599068384766e+00
1.434350290910309189e+00 4.829668490299869887e+00
1.267573845503646046e+00 4.757149663102153703e+00
1.265431180497186059e+00 4.727350154147669237e+00
1.085097815912141828e+00 4.695694744975692281e+00
1.361637052857147312e+00 4.833434536132853232e+00
1.044799525606878943e+00 4.480229871142594966e+00
1.185609628861125531e+00 4.774782339495030392e+00
8.470231899406525100e-01 4.571951901463070733e+00
1.215550497306438604e+00 4.737394139804058213e+00
8.889593624075733391e-01 4.698109657211171353e+00
1.580354360361787780e+00 4.864194759801006462e+00
1.145853641148895763e+00 4.339393931290546291e+00
1.379818948466124962e+00 4.542288054187165081e+00
5.907236744941529727e-01 4.453884267706439637e+00
6.348314206338189214e-01 4.601779196970277042e+00
1.151025400001184806e+00 4.345143036211091214e+00
6.913623579044539946e-01 4.697012787484389662e+00
1.411163238769488126e+00 4.716550152482106739e+00
1.277065613584845494e+00 4.523000465544020798e+00
1.566842085609078339e+00 4.688721378788601513e+00
9.989964698820694711e-01 4.934881444442034137e+00
1.309965123538731957e+00 4.942642298601255035e+00
6.341597239464418223e-01 4.468713889934775807e+00
1.638337708096048617e+00 4.680850813436520319e+00
1.031896715739007764e+00 4.641588842098411050e+00
6.892555320134321484e-01 4.786337284759932587e+00
1.215882800017395571e+00 4.772099565782283115e+00
2.336915081499189029e+00 4.768153511875862449e+00
1.177442547732228562e+00 4.775591808048072373e+00
1.228998775790157483e+00 4.798112793344605720e+00
1.107437403934590892e+00 4.932115605964810356e+00
1.843125105539744402e+00 4.773773688764382683e+00
1.317717719796463127e+00 4.478825373164593948e+00
1.370131052064531341e+00 4.710734205300825650e+00
9.930584665305857150e-01 4.786148787423919693e+00
1.088667384968044827e+00 4.609393319731164951e+00
1.324986418328431004e+00 4.807124018427148648e+00
1.003908974727397485e+00 5.128835590718669124e+00
9.878011786886992107e-01 4.808187460457609141e+00
1.356823237685367278e+00 4.333399511456450526e+00
1.729998964287795316e+00 4.749532720953664189e+00
1.283051478095069253e+00 5.000102482823454153e+00
8.620669400889140466e-01 4.353971303948299898e+00
1.147714216065725656e+00 4.855733168695707924e+00
1.608732679102366170e+00 5.214785649165233572e+00
1.516733122744695850e+00 4.719296966140782423e+00
6.776383772042605669e-01 4.426137457679306664e+00
1.145322750428637182e+00 5.016968184852459878e+00
8.255190506232519265e-01 4.570416219331267627e+00
1.273536357657329976e+00 4.823101786964145710e+00
2.337158059125805210e+00 4.881994916072479818e+00
2.058804001573855569e+00 5.084099874024960108e+00
7.868116882077857976e-01 4.555699280173769239e+00
6.228086667774266338e-01 4.421715456219721396e+00
7.721282544106927714e-01 4.919725485341830407e+00
1.006915110679599046e+00 4.792392429797703635e+00
2.956697717587953633e+00 4.840609760097075664e+00
1.147343724420245792e+00 4.642818865043793153e+00
1.073948306157229249e+00 4.777130898841410733e+00
9.741895157986436571e-01 4.484742226262396159e+00
1.177785090366835430e+00 4.809035182818896637e+00
1.178822768933269316e+00 4.679202362751300193e+00
1.188976951043946739e+00 4.646518815351857512e+00
1.689404192982132846e+00 4.541410165374366592e+00
1.512513333592601983e+00 4.869513236656946908e+00
1.174237902373667986e+00 4.985640508246286906e+00
1.091891903345386883e+00 4.923841360986032534e+00
1.056014471638996310e+00 4.869094471467354523e+00
1.222791577083099490e+00 4.742765346295143125e+00
1.048026720573764559e+00 4.663272811390370087e+00
9.489545411587928525e-01 4.539542192951881106e+00
1.041282998900579848e+00 4.723910269669621798e+00
1.371998725318185564e+00 4.816836612895482261e+00
1.219107963880008194e+00 4.671775748454718880e+00
1.192998181363156718e+00 4.758379205371263687e+00
9.622583619108844299e-01 5.104214603190873056e+00
1.238351629617853167e+00 5.081474354227801804e+00
7.868448035503006199e-01 4.813028761109762854e+00
1.213099768690957703e+00 4.852729331929708678e+00
1.365218851036516634e+00 4.674310280068560530e+00
1.037360923288996872e+00 4.634853306501935499e+00
1.112029276386744758e+00 4.716305089173986609e+00
1.145835462217411616e+00 5.219388573890904937e+00
1.197757422413380679e+00 4.279731334986348834e+00
8.370806438609362798e-01 4.657620352375031914e+00
1.294041124998316361e+00 4.581556943257524495e+00
7.902984907443658669e-01 4.735659628682303612e+00
1.083651124404194865e+00 4.792509537288845323e+00
1.521505290578996750e+00 4.912508140230565701e+00
1.272761144724427584e+00 4.485284190387891279e+00
1.219224998365558532e+00 4.774504857495844412e+00
1.299957049889646221e+00 4.837557818274186516e+00
1.998454985514405369e+00 4.816514590232428006e+00
1.077105169923508576e+00 4.589816876789996059e+00
8.670775768602749789e-01 4.767341089452494352e+00
1.482741372783350275e+00 4.658991477196206432e+00
1.868935220879217596e+00 4.768593708472529613e+00
7.424202323606992060e-01 4.659662295470927695e+00
1.218972719542530614e+00 4.925275505082650440e+00
9.772056683758730822e-01 4.662831385090828284e+00
2.189157057826361275e+00 4.963572413821195184e+00
7.841150690811344859e-01 4.652903828712041445e+00
1.869242497006021964e+00 4.885402119895424278e+00
1.198166999830884816e+00 4.276657974271460994e+00
1.010883106695973144e+00 5.007553874183194864e+00
1.643819944296243785e+00 4.769092195480305385e+00
9.912209222120558216e-01 4.539769650689208902e+00
1.310172333017591173e+00 4.954512242628589469e+00
1.349268521616259653e+00 4.827017605566271463e+00
8.791502101965527061e-01 4.601355073024513409e+00
5.185290719753952171e-01 4.289898850812126518e+00
1.768282296625777850e+00 4.782137708893977823e+00
1.432775164195907447e+00 4.773396455304624197e+00
1.376624746530696886e+00 4.767367235711587270e+00
1.643795036123301356e+00 4.857650761386756777e+00
1.479874172830084156e+00 4.804733477640583672e+00
1.191453508793189453e+00 4.932596986034746500e+00
7.270326284410869588e-01 4.718972937956604774e+00
1.858475440988671235e+00 4.626127729894919050e+00
1.277925121955422627e+00 4.794822145880601738e+00
1.209312148299290790e+00 4.750337651819520168e+00
1.275261199619668995e+00 4.719892553196071816e+00
6.919417503214475573e-01 4.387372417875994302e+00
1.115823894591905230e+00 4.679712133319472223e+00
1.259305146596971792e+00 4.648137571177014316e+00
1.595634153510918862e+00 4.868767374697731576e+00
1.289264674587704551e+00 4.602090310713196075e+00
2.244218925911905416e+00 4.796908376979834188e+00
1.472308341579421143e+00 4.665818502212879082e+00
1.289189535604317038e+00 4.528608746428878007e+00
2.193752227313163328e+00 4.601974517756004524e+00
1.518650264979553022e+00 5.066558890494441414e+00
9.055097689298789998e-01 4.743757971223037551e+00
1.050006838617352667e+00 4.776337525751617186e+00
1.989039720962159752e+00 4.684120448322700803e+00
1.521938825984100241e+00 4.787329459124664233e+00
1.204959224109714899e+00 4.578498600495500170e+00
9.710481462088821347e-01 5.243789603321869386e+00
1.239218693785713699e+00 4.629212238054655870e+00
1.687593243787769870e+00 4.853602517680309703e+00
1.101844388260135199e+00 4.654413991239075621e+00
1.523494713547941526e+00 4.994925447584713574e+00
6.683041127013932270e-01 4.436807863204341729e+00
9.170863794844399397e-01 4.852202840206042644e+00
1.329647448783938479e+00 4.462477483240633092e+00
1.236644371855951885e+00 4.506846772709602433e+00
1.091238268965251557e+00 4.547398307346241175e+00
1.238560816439558288e+00 4.753961075018508176e+00
8.660618287614861854e-01 4.284548071668974778e+00
1.239838219669009645e+00 4.633090423925270152e+00
1.392481125129583885e+00 4.725473245663089017e+00
1.455606618839992761e+00 4.738641766698553859e+00
1.116606539618061555e+00 4.783198574243136214e+00
2.195593064614790091e+00 4.804473604926182695e+00
1.338617268720012632e+00 4.755594066053603797e+00
1.523140086351282951e+00 4.674650719833032930e+00
1.514861310290317897e+00 4.684792047332165588e+00
1.383589890643406539e+00 4.687696708714166327e+00
1.254943338965695432e+00 4.807042162476958147e+00
1.495324388394231319e+00 4.749987225341445907e+00
9.727243365834631339e-01 4.371152458156401188e+00
1.344999939322846449e+00 4.675346192709983306e+00
1.477504787440939715e+00 4.954250190047633673e+00
1.349268521616259653e+00 4.827017605566271463e+00
1.563049190415495948e+00 4.636178925272670170e+00
1.537511454262471489e+00 4.510102000579665038e+00
1.243931682360636559e+00 4.820198359587329229e+00
1.164627334870777853e+00 5.320757051333973031e+00
1.825913887131022095e+00 4.801192801257228915e+00
1.459351200878108656e+00 4.375374762614038460e+00
5.871317262124122749e-01 4.679491526653457356e+00
8.281216664779911252e-01 4.831681104058707987e+00
8.613588125785568428e-01 4.555941550875433066e+00
1.146283030503923772e+00 4.629830989334840829e+00
1.310133910521876555e+00 4.608048118987569275e+00
9.449400852769372916e-01 4.836722720232276451e+00
1.549229951362357305e+00 4.961842073725707181e+00
8.174333075802563409e-01 4.921728737327166314e+00
1.551686932798870711e+00 4.868599845827909611e+00
6.321537750500820785e-01 4.517836425068475492e+00
9.845902879161834154e-01 4.773585966037357409e+00
1.120985679965226467e+00 4.836032288687076353e+00
1.855948464721463020e+00 4.834345175179858956e+00
1.353079198344225853e+00 5.010095282817238704e+00
1.411833024752746857e+00 4.940697782552095241e+00
8.209906178309104297e-01 4.846548873638578669e+00
1.094280127045325068e+00 4.678450922575533077e+00
1.425137475246387453e+00 4.669387711854318113e+00
9.601252733952723162e-01 4.480550116959625129e+00
1.399125976168009045e+00 4.402589955425147750e+00
1.302474726558103590e+00 4.843583474755224216e+00
9.828063933415388531e-01 4.677111719473929341e+00
1.302139877457761497e+00 4.609918419157659208e+00
2.023779673842804439e+00 4.886571347355977757e+00
1.426820476970189100e+00 4.737176905881574029e+00
1.321957319118378438e+00 4.860901130132473824e+00
1.726158712473982559e+00 4.826837919856323822e+00
1.007591173101848536e+00 4.724515400426702705e+00
7.875052704044391838e-01 4.686758787884600430e+00
1.472848136951939724e+00 4.836342021732378704e+00
1.195863552202475644e+00 4.643666025726394864e+00
7.803018902076455099e-01 4.663068606582305264e+00
1.186643044414515291e+00 4.819028474765109316e+00
1.404089997921154520e+00 4.706469200441066647e+00
1.853531325844530508e+00 4.746174599690692553e+00
1.466497753143300331e+00 4.633133199301624927e+00
1.357153406136882845e+00 4.487748869141647390e+00
1.301084086299512332e+00 4.527984227484307844e+00
1.246528461653430231e+00 4.698228160931405384e+00
2.747070849255747849e+00 4.663239984872784127e+00
9.392210851799461802e-01 4.703445378685088052e+00
5.580702990700974198e-01 4.477645166822691536e+00
1.320983482613998117e+00 4.872529133963516834e+00
6.274664668485512298e-01 4.382606825824817420e+00
1.337064710302882986e+00 4.610658268746369970e+00
1.134474902008696384e+00 4.912654702547700758e+00
8.909777493532121673e-01 4.619685997816078249e+00
1.090423706253648817e+00 4.467858669356631118e+00
1.506533632321906069e+00 4.711684453760157432e+00
1.227376330186961351e+00 4.763568879453237592e+00
8.544656718027174858e-01 4.801144691725856006e+00
9.117007976075218734e-01 4.781741643466424385e+00
1.480641930839243781e+00 4.732031344126452765e+00
6.017944612799566162e-01 4.729223676225400297e+00
8.074177539655900127e-01 4.619959735167913806e+00
1.046924999084089869e+00 4.666403482431354277e+00
8.437002458020107509e-01 4.686846951061585109e+00
1.627583643965088145e+00 4.848011495620532685e+00
2.271025993939785881e+00 4.835488410947142768e+00
1.740711172349989511e+00 4.772792910175072123e+00
8.696117606489672802e-01 4.686634106413946732e+00
1.592670347641187201e+00 4.991312762725694796e+00
8.430123864324625682e-01 4.706396889083248603e+00
8.421961084721076851e-01 4.563368370634833582e+00
1.080709479972046694e+00 4.690985181326066566e+00
1.128537431998092755e+00 4.712860082949224427e+00
1.299948558194806481e+00 4.866774775356938143e+00
1.571747594715500185e+00 5.099680056137653850e+00
1.197747469796488939e+00 4.711847320772265313e+00
2.226525603216892968e+00 4.778651194567288485e+00
9.760213258699238503e-01 4.680239506340127420e+00
5.593543938538663163e-01 4.424807851466902697e+00
6.972689056098915206e-01 4.241928535307753378e+00
1.609848447472598920e+00 4.637153472092106377e+00
9.597209740258412225e-01 4.604002392144507461e+00
9.037662766946988890e-01 4.886029605692320033e+00
1.529447740087436003e+00 4.776692264057807336e+00
1.128224265989591357e+00 4.707145063571056554e+00
1.366557292323767880e+00 4.677288074397152329e+00
8.828148373847548580e-01 4.667784355047751355e+00
1.253546496768613405e+00 4.948087741260097872e+00
1.026922222792137740e+00 4.636022705470791649e+00
1.122524473465813521e+00 4.891228706435008178e+00
1.889739510706907266e+00 4.726133485917555888e+00
1.185409428919933728e+00 4.654929184917453000e+00
1.408875018646401189e+00 4.824812988768052868e+00
1.472694443939226439e+00 4.514130336654408104e+00
7.830554986563120767e-01 4.739262049217209061e+00
7.175599090711740624e-01 4.676107033665443780e+00
1.444298740370448808e+00 4.794611301041277862e+00
9.695250200675089580e-01 4.564511477207958912e+00
1.510509860557002426e+00 4.520444567208297570e+00
1.363928206283639311e+00 4.886310547571755869e+00
1.330819228866100712e+00 4.349743566414321805e+00
1.080229141372016421e+00 4.568186933062538202e+00
1.257312787540863841e+00 4.804552527852471222e+00
1.230519923905071256e+00 4.882600261790402740e+00
8.256292644036486994e-01 4.894795616748464973e+00
1.545848609245140004e+00 4.946185285786674157e+00
1.925662393587808996e+00 4.397905978949717465e+00
9.320046254097896776e-01 4.634323572166850980e+00
1.060637455451352240e+00 4.593310154803129208e+00
1.196960270426750350e+00 4.853910222621965254e+00
9.190896021433988539e-01 4.186382512643433529e+00
9.789513525090407509e-01 4.811087873291387318e+00
1.759518218803770795e+00 4.912495749061130290e+00
1.658436567597384226e+00 4.803233455136699526e+00
8.138634140866112254e-01 5.041053835808817496e+00
8.980770254772081351e-01 4.450065992993587294e+00
1.799306621461954414e+00 4.730943280345162094e+00
9.486562894584275041e-01 4.683998054671046241e+00
1.857185273672732340e+00 5.186274204680893618e+00
1.028225421048167387e+00 4.819822501560384609e+00
1.344910888633228607e+00 4.819152025583028909e+00
1.492740922386748492e+00 4.800207799773182238e+00
1.240801749197725679e+00 4.550230023510200006e+00
9.263840977945820843e-01 4.782943469837546147e+00
8.407997175250480071e-01 4.567560150499236471e+00
1.691899324879496014e+00 4.706148873892440854e+00
1.367012033731793252e+00 4.525933203335259947e+00
1.182089275802357564e+00 4.647243616131093269e+00
1.570646079389072636e+00 4.778601809955484114e+00
1.074057494037355065e+00 4.598533480206637769e+00
1.377602471537367590e+00 4.589894871451215330e+00
1.491940044360757334e+00 4.730673048777126688e+00
6.872207802637612106e-01 4.785094349106627121e+00
9.392210851799461802e-01 4.703445378685088052e+00
9.820955313222073935e-01 4.614468067068642654e+00
1.129277569909732160e+00 4.859424642359340574e+00
1.333515782760260171e+00 4.509084004151280745e+00
9.885957809246485040e-01 4.567775880108909448e+00
8.099421680663188017e-01 4.516975366961962557e+00
1.426985289044247374e+00 4.682395247239540481e+00
2.107162394415046602e+00 4.799322651427478270e+00
8.970139724599355269e-01 4.669907418197994708e+00
1.528783180470536074e+00 4.772462133527909600e+00
1.066176927443786226e+00 4.812086131889512508e+00
1.437018950396810268e+00 4.786181424350167468e+00
1.033456222811456104e+00 4.885093898371531296e+00
7.908532384555965189e-01 4.353894909017124171e+00
1.418242871313745157e+00 4.643506026619921734e+00
1.186468127171990350e+00 4.624722415691927324e+00
7.779723483744174217e-01 4.576409143432554671e+00
2.322087379215221681e+00 4.815215559888108565e+00
1.442527430694143131e+00 4.802410185423173772e+00
1.127721820291415877e+00 4.975381085669119408e+00
9.907021226760556187e-01 4.768261817795004909e+00
6.122489411756679711e-01 4.612555579990031518e+00
7.872781708316173299e-01 4.558814362246365270e+00
1.321797350318376196e+00 4.841084096127233671e+00
8.617319880730019976e-01 5.001460311787345070e+00
1.401103265032808798e+00 4.758074274668485870e+00
1.979832595587379895e+00 4.610112526189546145e+00
1.654795272513783777e+00 4.862037296278370668e+00
1.426985289044247374e+00 4.682395247239540481e+00
1.328026795810953731e+00 5.310901755405796898e+00
2.511164796326727178e+00 4.813362742224137847e+00
1.246167373219201790e+00 4.849695202835335728e+00
1.257790925249844927e+00 4.748887098150595065e+00
1.537913260097923285e+00 4.896633469833557406e+00
1.612924523689225342e+00 4.631903000653359470e+00
1.345372415098306851e+00 4.581046967714754281e+00
1.300462513984303348e+00 4.824366727032817437e+00
1.497211973006706165e+00 5.033349881869518150e+00
8.867077789682190625e-01 4.823095468896356763e+00
8.498161729370872219e-01 4.754463973390079978e+00
1.559153705471515883e+00 4.774466842340882700e+00
1.375829097062330142e+00 4.585544118520799906e+00
1.502474832276899264e+00 4.764937241897083453e+00
1.168467357939608320e+00 4.623557896238269294e+00
9.276039610974800009e-01 4.641705198219956863e+00
1.722523911399971741e+00 4.998471192216658920e+00
2.809647243775812875e+00 4.854032569786029150e+00
1.161312441424103614e+00 4.680619999473383253e+00
6.984937876275969515e-01 4.726818077891365100e+00
1.103494592655108075e+00 5.202793294221974563e+00
7.077277368191834395e-01 4.837383514170528365e+00
1.168012353144376902e+00 4.499204357114809483e+00
1.130177959206470018e+00 4.726521359769844111e+00
1.148641268581363839e+00 4.731786995503216353e+00
1.046750759803034780e+00 4.666539562195728408e+00
1.031796786153493573e+00 4.908958205033411737e+00
1.803391202820330497e+00 4.974980098840256382e+00
9.372363019367202508e-01 4.687586169209996712e+00
2.062974845576973859e+00 5.077588912201363769e+00
1.235537953388061716e+00 4.544187541685618115e+00
1.013701946739612225e+00 4.915444185626202334e+00
1.445307957234209573e+00 4.926143280457765172e+00
1.014188643597499828e+00 4.610889420829057173e+00
1.283719227977677013e+00 4.801889639106675212e+00
1.636233841211248929e+00 4.857858290148747038e+00
1.002769444032422630e+00 4.197875075128349565e+00
1.178903510501939644e+00 4.870295720885875035e+00
1.127721820291415877e+00 4.975381085669119408e+00
5.325033377308008298e-01 5.039980381927212427e+00
8.201637013758840133e-01 4.435873118093270229e+00
1.117492247139012962e+00 4.629238177646347374e+00
1.504177177246557084e+00 4.664424370544093534e+00
1.478689853872413584e+00 4.691074860624937948e+00
7.670386575582652799e-01 4.662461359977345232e+00
8.478664456556778140e-01 4.775743672425368125e+00
8.445361620605266184e-01 4.576476330058141251e+00
9.234416397151538058e-01 4.840660969813940895e+00
9.999887741477525571e-01 4.498265368116904916e+00
1.228246501527642476e+00 4.693611369533379651e+00
1.333106168437568018e+00 4.681188306977507096e+00
1.083381977810045971e+00 4.646663242813843908e+00
1.500033080195654955e+00 4.780254949335692061e+00
2.320978431345593673e+00 4.665884180092007227e+00
7.329108659046459362e-01 4.544254917814915196e+00
9.261209080307853947e-01 4.641581059767293738e+00
1.605313977176668461e+00 4.628691951782876401e+00
1.154075349395649264e+00 4.660474018951766162e+00
9.000756006143787458e-01 4.716804121698949359e+00
1.217847315304337874e+00 4.666043203109296655e+00
6.921158641530417155e-01 4.508543683082567810e+00
1.374713778486532423e+00 4.805299576410674511e+00
1.002651864212842581e+00 4.800384725929214724e+00
1.176250172325845833e+00 5.056045506305745008e+00
7.147303110867599951e-01 4.892490927473467366e+00
9.161815947475586697e-01 4.788166131730198671e+00
1.266725508729311223e+00 4.842952103077985626e+00
7.305030595381201142e-01 4.480415937672196591e+00
1.591110086007107904e+00 4.918968669427530749e+00
1.292646593729425364e+00 4.689022404307878311e+00
1.098672212413074778e+00 4.431484461618543591e+00
7.469669867867245738e-01 4.770998069862256941e+00
1.196855784908557485e+00 4.728895691454182426e+00
1.079365844487130577e+00 4.344823235515121063e+00
1.090340896190678643e+00 4.646670403787241277e+00
8.132573973047988458e-01 4.698483563245241967e+00
1.993297846172818577e+00 4.525202860783410941e+00
1.071932724569175210e+00 4.842144504813945538e+00
1.046394415064936023e+00 4.663473012414809382e+00
1.359090995405497937e+00 4.760016060365780177e+00
1.492693189344226123e+00 4.727204950636070713e+00
7.656471595770324434e-01 4.870006057170799707e+00
1.884362180913033535e+00 4.835578400090307483e+00
1.326020991977820973e+00 4.788819653278228117e+00
1.462389531007097787e+00 4.691300312777610948e+00
1.007163342821624896e+00 4.345662830152200229e+00
1.584815786720501940e+00 4.881706091595932051e+00
4.952196906813133293e-01 4.776683176099755457e+00
9.772560359605836355e-01 4.365231228070902247e+00
1.377316600120090939e+00 4.762409041738272286e+00
6.209976401324039941e-01 4.648785510632129636e+00
1.585238206634371316e+00 4.820550566803179393e+00
1.160793680626227564e+00 4.761221615443806954e+00
9.233024869389251377e-01 4.558554312777983064e+00
8.329334209475316442e-01 4.759053653557193009e+00
7.586973212222634100e-01 4.632179964134000905e+00
1.194103561340784436e+00 4.730915930474629327e+00
7.218829051629856997e-01 4.778200780821953764e+00
8.584653480010262516e-01 4.619355352839843221e+00
1.255763198462645391e+00 5.219516459032720768e+00
9.547404815906977982e-01 4.793256634008408845e+00
1.884090393975612843e+00 4.781330235591054745e+00
8.219976633091261586e-01 4.826788842903582122e+00
1.240167959000300746e+00 4.779529096671340405e+00
1.499623088862213294e+00 4.841731272323452018e+00
1.808317631690633753e+00 5.118272207645496508e+00
9.298459469872671912e-01 4.713121681787804995e+00
8.359919235222097456e-01 4.473570058712268427e+00
1.166637220663981900e+00 4.504844258236587073e+00
1.123105676913657147e+00 4.776583344346785331e+00
2.071068459125728900e+00 4.688611856130620481e+00
1.164181644738554233e+00 4.907350605035781577e+00
1.231866479492903066e+00 4.725160073867210819e+00
2.037649331602661817e+00 4.671182200833561282e+00
9.415703529314585207e-01 4.692435131821428129e+00
2.526583936248794515e+00 4.942497682143424775e+00
2.805577872500614411e+00 4.762324747870923858e+00
9.993825171198997825e-01 4.855412620277523850e+00
1.039485470671711376e+00 4.684781956880030407e+00
1.579006032798514925e+00 5.132084788780904461e+00
7.027471541087876306e-01 4.487653193330463530e+00
1.178480538437567615e+00 4.862175637924232241e+00
9.332022001435767988e-01 4.930480548238436178e+00
1.215232773090535012e+00 4.678323765817649971e+00
7.561007633213272516e-01 4.637505177096005404e+00
1.139788353298420986e+00 4.610516600683054023e+00
8.746470630962287496e-01 4.732770249856923961e+00
1.277504904414648479e+00 4.511989110009943182e+00
1.146665536763412652e+00 4.833358589419330720e+00
1.310459850349288580e+00 4.669706430835537603e+00
1.153260259475322291e+00 4.588813529735986663e+00
7.428516067002531864e-01 4.577569150549471999e+00
6.983975747871435935e-01 4.649777414584717938e+00
7.965244556325612457e-01 4.573875677935824058e+00
1.223202247800263098e+00 4.704878681432983711e+00
9.507098905254640631e-01 4.392096699824548089e+00
1.216072112767803359e+00 4.653945186526080136e+00
1.302234738967502414e+00 4.880680445990263294e+00
6.798433972174752205e-01 4.847141126741734141e+00
1.070337049016932163e+00 4.627605832910322015e+00
1.133402009148640088e+00 4.654479127208790423e+00
