# 500 (alpha,mu) samples from hierarchical MCMC for Diltiazem + Nav1.5-peak
1.708613456686723264e+00 4.404998834820808895e+00
1.151358775786397448e+00 4.295985937855860470e+00
2.671934486483352522e+00 4.577919873124499439e+00
1.311142990600997482e+00 4.636061477162515487e+00
8.856246429508640716e-01 4.514154545429312826e+00
9.690074091288891633e-01 4.281236139935939100e+00
1.880981103139272914e+00 4.537920175922293353e+00
1.302360835682847107e+00 4.383017037019159901e+00
1.084804134890250626e+00 3.074377801179868364e+00
1.343845870487700767e+00 4.487727673237294823e+00
2.448962603075234501e+00 4.554677477852620449e+00
1.053037864382194044e+00 4.188259003236493250e+00
1.116920767880477561e+00 4.229135516751596491e+00
1.398711344948623259e+00 4.380865501099197701e+00
1.512758150813839242e+00 4.355384256049032565e+00
1.077232967840306532e+00 4.342537654702592675e+00
1.611959766254539073e+00 4.136929269604213921e+00
1.239969769188592252e+00 4.297222781865017716e+00
1.363310819378505290e+00 4.419919140606118901e+00
9.059782314906592582e-01 4.229569297679797835e+00
1.415475717293392943e+00 4.280518977995880547e+00
1.042365224946795399e+00 4.368474239351513688e+00
1.741254855182070349e+00 4.591815521215322882e+00
2.169435855344420183e+00 4.432401484184772755e+00
8.474159739955882120e-01 4.259205279022935109e+00
1.197903947333898156e+00 4.164419984195615321e+00
2.170933362527401655e+00 4.520146634827066023e+00
1.810388921894044767e+00 4.040706045100461274e+00
1.165270516024912384e+00 4.230576831979250052e+00
8.704390139108841851e-01 4.154438140807615198e+00
1.147505866046610423e+00 4.067932608432697883e+00
1.771457336373869484e+00 4.480851509489438556e+00
1.473201938798187394e+00 4.508719281765303677e+00
8.347711496476649673e-01 3.981359523372564269e+00
1.091814565638820733e+00 4.473482480124219229e+00
1.138352552766472625e+00 4.351852238238329562e+00
1.641012885564455015e+00 4.480370411098503425e+00
2.082717402624744807e+00 4.202256235969113796e+00
1.585317901311400712e+00 4.519345374140926630e+00
1.737823271327194163e+00 4.472990678961864752e+00
1.451309040716137755e+00 4.411359569241160017e+00
1.295180204138582925e+00 4.357057696675003200e+00
7.291936103941891734e-01 4.135055444105475431e+00
1.314579565520109572e+00 4.452981575152505478e+00
1.388929851251249348e+00 4.560342433270531792e+00
2.142998885381331764e+00 4.588007124189577901e+00
1.056060732944537284e+00 4.290181692282546422e+00
2.271242041023039171e+00 4.434305486018555342e+00
1.117035484498090314e+00 4.267231524796425646e+00
1.181074660753869798e+00 4.336835635637282138e+00
1.602371668878867617e+00 4.180537737457120429e+00
1.160639876882321397e+00 4.396401835600769914e+00
1.918642201722766449e+00 4.553344285521992774e+00
2.003419231987380034e+00 4.606384876149877350e+00
9.792249875378766788e-01 4.583424860283185964e+00
1.335967738055345411e+00 4.469062891278234417e+00
2.386863708531066219e+00 4.831046492528976444e+00
1.133785784594723234e+00 4.308556108958481623e+00
1.625864240272433925e+00 4.570554543091144062e+00
1.024990245472246375e+00 4.534242942436797819e+00
1.352580644174927516e+00 4.551547736265921351e+00
1.492981135117563696e+00 4.181390508893566782e+00
1.243786942854616218e+00 4.499794232152492413e+00
9.103360734734325943e-01 4.266118477724246461e+00
8.902849898650425642e-01 4.616632051536846859e+00
8.296619494211955326e-01 3.825853404622613585e+00
2.581536446574084653e+00 4.608327589628970600e+00
1.225330310817208890e+00 4.505856291818775894e+00
1.830398841268252808e+00 4.106441440955685529e+00
1.625804833678553329e+00 4.013946035265286483e+00
2.473210284165063388e+00 4.675035714906290885e+00
1.021913087053967883e+00 4.279976923778650466e+00
1.127180342645343281e+00 4.389401057236481662e+00
1.335695509731345210e+00 4.420586928429538709e+00
1.044555654857894700e+00 4.631741667179110955e+00
1.113660974866296449e+00 4.324553394468885870e+00
1.623700424100964934e+00 4.392799116266878023e+00
9.589767050873125864e-01 4.157799262891874292e+00
2.332921695838247711e+00 4.445263437813192553e+00
1.713363625371843613e+00 4.383881640983564587e+00
1.162575600125392405e+00 4.797356497145867316e+00
1.107002873027693957e+00 4.133214993341614019e+00
1.185061051655235120e+00 4.304608908779145260e+00
1.177438545659797553e+00 4.299959320493353054e+00
1.903951253025105261e+00 4.734141384097458882e+00
1.704779434452491138e+00 4.639667426012000107e+00
1.316973436161213318e+00 4.471836845750061684e+00
2.276529368859252944e+00 4.612872663222286285e+00
9.966712218607497453e-01 4.242049107338559111e+00
1.328669525798326756e+00 4.259945930695119287e+00
2.271847902006925324e+00 4.563909231396437782e+00
1.964304862496414339e+00 4.280422109084327076e+00
8.308082002395522636e-01 3.836364748231174016e+00
1.713951384923813492e+00 4.506390736546898701e+00
1.015591456082890254e+00 4.273149668009944335e+00
9.028520694220070197e-01 4.456954820395781169e+00
1.477099764876778520e+00 4.257590281355065009e+00
1.159562991210573601e+00 4.515955489817644164e+00
1.114189533239115626e+00 3.943839465294952884e+00
1.080349497881225584e+00 4.167875417424914630e+00
1.766311962774304467e+00 4.433412453893723182e+00
1.648955338557565264e+00 4.545735361950678843e+00
1.115432511105519664e+00 4.345984583660643885e+00
1.386938319912067508e+00 4.413424378382345914e+00
1.277011821898584865e+00 4.241353894886755960e+00
2.270337874932117916e+00 4.508677799688516785e+00
1.647379784257423374e+00 4.865111380976692601e+00
1.195042278267789415e+00 4.416201323131756951e+00
1.464980849928449347e+00 4.530993702484520824e+00
1.560016438060766841e+00 4.381548444537451736e+00
8.926946605070141816e-01 4.613400602439390319e+00
1.083940920391979645e+00 4.377059052204392842e+00
1.329994810343477551e+00 3.978602486588366460e+00
1.896758222963295104e+00 4.058464300569865735e+00
1.353577561656369443e+00 4.792351152098015099e+00
1.323443418320953358e+00 4.511008459164939310e+00
1.083638815800557653e+00 4.311882627958865122e+00
1.105474007747740961e+00 4.438585296642371780e+00
1.806494640745816227e+00 3.897451097288028965e+00
1.544583529137450117e+00 4.453833459426935981e+00
2.116322264481306892e+00 4.486911459037509431e+00
1.123841616763112450e+00 4.482688180066092265e+00
1.935760965847961090e+00 4.511317465867032084e+00
1.386548390566560318e+00 4.557128771473624163e+00
1.268868296444797705e+00 4.466222121131153244e+00
9.103541431915082027e-01 3.989503108669584464e+00
1.178690370126089126e+00 4.222184993391816299e+00
1.683281050452986038e+00 4.551708357217563616e+00
1.193050092065337964e+00 4.224320626697275038e+00
1.089436518240202822e+00 4.383019730520615553e+00
1.334389413989804707e+00 4.143064981734223551e+00
1.517472194692984777e+00 4.435111533049256316e+00
1.318150362643936813e+00 4.376343640675586677e+00
1.289322814151696139e+00 4.368203264429161514e+00
1.590475904442192112e+00 4.447620115208436253e+00
1.215422343592396093e+00 3.924595915528494405e+00
2.291744708793919116e+00 4.539086493528826871e+00
1.838494977712638923e+00 4.584052794688361132e+00
1.328348347352782621e+00 4.143466556549563862e+00
2.273802326732840218e+00 4.543699307633558782e+00
1.026596573864637874e+00 3.912688841701227105e+00
1.851452555331201122e+00 4.631410037281683323e+00
9.281278741707754687e-01 4.192039630202510914e+00
1.546301613289485788e+00 4.621631451689799164e+00
1.028858858553063360e+00 4.284099277736529210e+00
1.692623382273174881e+00 4.734145183500361398e+00
1.841149459671287403e+00 4.770241503035498098e+00
1.565002105543219724e+00 4.460554421117098656e+00
9.132244215375141527e-01 3.791622005884897728e+00
1.364929203900613786e+00 4.273720545740220977e+00
2.081569315658366115e+00 4.233094777109194240e+00
1.340657672560418900e+00 4.082238506742650763e+00
1.851955605317354481e+00 4.372035453484123479e+00
1.648594452669446264e+00 4.492013692617963905e+00
1.234506476144168197e+00 4.081555063185999366e+00
1.781009713160569330e+00 4.482394260097561478e+00
1.513673361182392485e+00 4.324757500885530348e+00
1.458674504703454833e+00 4.633834588500484131e+00
2.698566116778087665e+00 4.628023199083546757e+00
1.639765588575913702e+00 4.422827471623870466e+00
1.398293529548327863e+00 4.406197451244320717e+00
1.323468917320688387e+00 4.551151273123138274e+00
1.459718477360151256e+00 4.680876808264490485e+00
9.775423500616019501e-01 4.252876930907727449e+00
1.401118879826359631e+00 4.268569523324679871e+00
1.008467420646403712e+00 3.863225138617836230e+00
1.378677591365593313e+00 4.518142909184400757e+00
1.115185955779623317e+00 4.117593128825702387e+00
2.258898570665639038e+00 4.618260114564735730e+00
1.483578434660547618e+00 4.312781099345035507e+00
1.086763858726809806e+00 4.304572192296896027e+00
1.312353326093784966e+00 4.670942898457784764e+00
1.305895888514882808e+00 4.316898369579724282e+00
8.831699290975590921e-01 4.318054611236244789e+00
1.450950243110503912e+00 4.269228486334307959e+00
1.849958726659138408e+00 4.437246472002665421e+00
2.487162710979292424e+00 4.480610653510262331e+00
1.136739672452608874e+00 4.238747428786456162e+00
7.325482322637365540e-01 4.108894743588740184e+00
1.363547090696063835e+00 4.324500661929918444e+00
1.703479671438225429e+00 4.710545036800910523e+00
1.173996534824025550e+00 4.253001584745852881e+00
1.536997895895948041e+00 4.220099354232456079e+00
1.362002256215407492e+00 4.675372920369472496e+00
2.201812733051345727e+00 4.568619377176248442e+00
1.381656733342234045e+00 4.129315190191333862e+00
1.442586044423297853e+00 4.442442565883997219e+00
1.109403031127418338e+00 4.849364759359609423e+00
1.358988414745866180e+00 4.540497463170910741e+00
2.217481483002082587e+00 4.704125016607522802e+00
1.310736847860209942e+00 4.473230261163363863e+00
2.044022191988490889e+00 4.843892798261404842e+00
9.354348243547727648e-01 4.326807902988384136e+00
7.003924455014837180e-01 4.402560174873825005e+00
1.227605409775359480e+00 4.420560668580559849e+00
1.855002542947352451e+00 4.519094555716510087e+00
2.142956067868152736e+00 4.553069972372801644e+00
9.883684910188030859e-01 4.216608177050072293e+00
1.025575806563820302e+00 3.851123339718062866e+00
1.728989996827745346e+00 4.739492525602448936e+00
2.185160349063953067e+00 4.579135597079790010e+00
1.036051396888399090e+00 3.766214191369568809e+00
1.419013771355466913e+00 4.555084681344167663e+00
1.560723229925721656e+00 4.381774035330327166e+00
2.347953235191400090e+00 4.504504476091735654e+00
1.676448498387805186e+00 4.330369923302294310e+00
1.152359159115373011e+00 4.321495527057804154e+00
1.790386614193115955e+00 4.443510186851952426e+00
1.758183506305762922e+00 4.327158088446325657e+00
1.312543352864846913e+00 4.229348724925142022e+00
1.020168461104105972e+00 4.221645683010669003e+00
1.212240144775950546e+00 4.556597578581006225e+00
1.347076696152999631e+00 3.845298100980247380e+00
1.825890466001340418e+00 4.658917684947535776e+00
1.800921526215489621e+00 4.101501756070295102e+00
1.253037395874613491e+00 4.017785814449556625e+00
1.119089957968628202e+00 4.385355612564456607e+00
1.050432542795260771e+00 4.385153006858552693e+00
8.500454409405232559e-01 3.786653002997904416e+00
1.382577598086789594e+00 4.385864692106734353e+00
1.497637599508104600e+00 4.363665612106879088e+00
1.303879418329694673e+00 4.445274711600492701e+00
1.065025392451858677e+00 4.698462151004967779e+00
1.233269032299575407e+00 4.330447809545695748e+00
1.205574112051095881e+00 4.441739622452456793e+00
1.111868791718357619e+00 4.390518153862588591e+00
1.376101721634806152e+00 4.380945645865216065e+00
1.125145305031524545e+00 4.224013854903101439e+00
1.092017429297243991e+00 4.298120104787678919e+00
1.273092796711762453e+00 4.199077616181986272e+00
1.924137198805242699e+00 4.409212634369789718e+00
1.680346527879183371e+00 4.732863033495575245e+00
1.366819767468688163e+00 4.281946206906269481e+00
9.180532724978343051e-01 4.299960465049427860e+00
1.265362984442974570e+00 4.277530742237507511e+00
1.883339077548194185e+00 4.328858990921179206e+00
1.576003607659896888e+00 4.449120168875791315e+00
1.619260291306330313e+00 4.196431198017052111e+00
1.154399690225030639e+00 4.267341017863960140e+00
8.235512040947791101e-01 4.461353262520787233e+00
1.597927806233865100e+00 4.449459246069866758e+00
1.687803656637688388e+00 4.384979574526045809e+00
2.197318303719807631e+00 4.540325052594592847e+00
8.275461365647900358e-01 4.059061728843495587e+00
1.154764690861390442e+00 4.339298797042328459e+00
7.939124198275671063e-01 4.207703145776367393e+00
1.528632619769523693e+00 4.693708580190373958e+00
1.137821162033500144e+00 4.344552892069387440e+00
1.064220776909590382e+00 4.503868714933132900e+00
1.487681552981689137e+00 4.474292768409869225e+00
1.193420624501560390e+00 4.408919487087969102e+00
1.020000286481897334e+00 4.185063888466769910e+00
1.600605743245783419e+00 4.396220933149455057e+00
1.648011908173146356e+00 4.358086498916056151e+00
9.671059548250163784e-01 4.314879793697101285e+00
1.128137390797365303e+00 4.547155717246924134e+00
1.671547933738764424e+00 4.419610528559440255e+00
1.050115789167483715e+00 4.337479318856281907e+00
1.142556391707838293e+00 4.538373261726722951e+00
1.519703683281308004e+00 4.621520639341714976e+00
2.299878388572032417e+00 4.561816598643494203e+00
1.414424233754438820e+00 4.411240944265490960e+00
1.665408950216165529e+00 4.117974666986885524e+00
1.794958739919485069e+00 4.226541871444259080e+00
1.255385644756590091e+00 4.262189875649807114e+00
1.024244783772574108e+00 4.278292138102788300e+00
1.339640097273599117e+00 4.473879344840768546e+00
1.340393807113937630e+00 4.571269035352155896e+00
1.239141290283240382e+00 4.511611671206386731e+00
1.139952215939126434e+00 4.290515186368970113e+00
1.202262100718700877e+00 4.795710562623926698e+00
1.644295213707423597e+00 4.169320777050957716e+00
1.604822271905752773e+00 4.469952639415120998e+00
1.511725013723501432e+00 4.388074880641532616e+00
1.669872867232917057e+00 4.575485667735922135e+00
1.679838491864273253e+00 4.419096520024778485e+00
2.736437562269816937e+00 4.631258522093757435e+00
1.565926378309158373e+00 4.272672248438890819e+00
1.102846586598124068e+00 4.297999442862384001e+00
6.898544017973966547e-01 4.377083166947036474e+00
1.476484669438019370e+00 4.478546031470018285e+00
1.293549652843144715e+00 4.395644619489001315e+00
1.085779149353895301e+00 4.624107933065964460e+00
1.099458067075788081e+00 4.405576979675548621e+00
7.304792062512632800e-01 4.384881140659037335e+00
1.236532304296498408e+00 4.454236110578447594e+00
1.827800694425715022e+00 4.836871265158104727e+00
1.141609676576133880e+00 4.864330354363963771e+00
1.126583299799488902e+00 4.392610446349564768e+00
1.420097209511724579e+00 4.261295266147439698e+00
1.324266050366328829e+00 4.329357529863924192e+00
1.219433934307587286e+00 4.215279630696718627e+00
1.769074540683567953e+00 4.508374991542056343e+00
1.095913489660336415e+00 4.194664130821990966e+00
1.405858268349214679e+00 4.653545982329231556e+00
9.716987484256495167e-01 4.160696875837736286e+00
1.475382172833714201e+00 4.153177702787519188e+00
1.712793462174416748e+00 4.642753484305550238e+00
1.480640499560930801e+00 4.493573153515581176e+00
1.206519265976715882e+00 4.147406224904920613e+00
2.112105520506042833e+00 4.617764705840392558e+00
1.457381786115005129e+00 4.540066457220152785e+00
2.327065231307473336e+00 4.621133684412807696e+00
8.002620675596571198e-01 3.865601971113551194e+00
1.099812258435460821e+00 4.165138116924039124e+00
1.295191115082822364e+00 4.397801894972582559e+00
1.409919768912614835e+00 4.441704971074739383e+00
1.623886801224975640e+00 4.694410396052646206e+00
1.384396467594607882e+00 4.328387427510003604e+00
9.393034607326906649e-01 3.993112147252493749e+00
1.999889899213730393e+00 4.393966250252345773e+00
1.371392140848846308e+00 4.071693287554817964e+00
1.624629466016751067e+00 4.547248527889903080e+00
7.224618994912236358e-01 4.388059578546725348e+00
1.954588805677546448e+00 4.485072207103480757e+00
1.463147033294636801e+00 4.423089771982194662e+00
7.733745077818354741e-01 3.857382345203975049e+00
9.467080008767259081e-01 4.230851341852541303e+00
1.426674747072043115e+00 4.370728602780051375e+00
1.683390707439250233e+00 4.563811147512743638e+00
1.227079144156267621e+00 4.411970035425894388e+00
1.217258366062863306e+00 3.965047176340597446e+00
1.206184778055247042e+00 4.372419195244988899e+00
1.638980622315330926e+00 4.452732688932386829e+00
9.623985693301670974e-01 4.322795383331810903e+00
1.138790348565531962e+00 4.426495890907270692e+00
1.283907547552681105e+00 4.528293038035138274e+00
1.216271044009407776e+00 4.354170526985633671e+00
1.343611666901678880e+00 4.461577467786426610e+00
1.715277981663953621e+00 4.709544673690529315e+00
8.218283284454649396e-01 4.214845790671705394e+00
7.935723212062526510e-01 4.115573100510253823e+00
9.571766359897949661e-01 4.341482004111745674e+00
1.043578018126543716e+00 4.392253019417961646e+00
1.540931092448988293e+00 4.374038112843424919e+00
1.354054699070848633e+00 4.253852225233844209e+00
8.339527196606265624e-01 4.011928965766490940e+00
1.606614740479072490e+00 4.386221196738117278e+00
1.486396221737819490e+00 4.341571756195627962e+00
1.008090155669643551e+00 3.900273837845110503e+00
1.428380622871364469e+00 4.592288272320539377e+00
9.801968865584756996e-01 4.447710148412854281e+00
1.690392415551070338e+00 4.503083541316674321e+00
1.311602726165643107e+00 4.250578776896078992e+00
1.018804038561086589e+00 4.359736863378397054e+00
9.749292586098249336e-01 4.312979877796331074e+00
1.446247102185400646e+00 4.372685056578072604e+00
5.566101522769564269e-01 4.034229920227004662e+00
1.476962420194667169e+00 4.423810539391792140e+00
2.325932962056773690e+00 4.275930046481547286e+00
1.728296187180063059e+00 4.493232294440280938e+00
2.006572949495350588e+00 4.698996087250278286e+00
1.393759432871422677e+00 4.388677719695795787e+00
2.225242133003241918e+00 4.615151889881886405e+00
1.419766894008796188e+00 4.176095911290727436e+00
2.108445894575923685e+00 4.443296821076985204e+00
1.863444172701603341e+00 4.753733240060232568e+00
1.349949444898874917e+00 4.069326726505763325e+00
8.339527196606265624e-01 4.011928965766490940e+00
1.014930629787061056e+00 4.093658677247377753e+00
1.469369911087577307e+00 4.165249261722316909e+00
1.088233770085206276e+00 4.154236027895573891e+00
1.815326270635732708e+00 4.697213807646941852e+00
1.836646722218888472e+00 4.594549418023583520e+00
9.365152407961039316e-01 4.417963429242938389e+00
1.559166515288514354e+00 4.424059855884672210e+00
1.399267556682340263e+00 4.430281773174955973e+00
1.187498706918471925e+00 4.325060425465649949e+00
8.148022113773289998e-01 4.162673853058784346e+00
9.233595375048517795e-01 4.297606821042562864e+00
8.988980690985580724e-01 4.088648049347663793e+00
1.835427837727041211e+00 4.410552968242161143e+00
1.756263426513761772e+00 4.343237957213282208e+00
2.566409956407456505e+00 4.381197042056836466e+00
1.922219649558579047e+00 4.392979590319445293e+00
2.503720089100931911e+00 4.844580087178555594e+00
2.005632898830574717e+00 4.519005611895906327e+00
1.166152172476492721e+00 4.388528692964313471e+00
9.406068471411552778e-01 4.292761803818906152e+00
1.440251375282845858e+00 4.173111631017965450e+00
1.555850865613612743e+00 4.349122481224094727e+00
1.984090392371024691e+00 4.540725704344844793e+00
1.557955908034185599e+00 4.357301414609339396e+00
1.014120418661470735e+00 3.692722588697722852e+00
1.841628991724490572e+00 4.524928222671876554e+00
1.377058842222231849e+00 4.481033685673081024e+00
1.112949712941698532e+00 4.161870268100764214e+00
1.664760192684153317e+00 4.640401926140548028e+00
1.350466079391003049e+00 4.526324938310241741e+00
7.732419177177850544e-01 4.304330150160954105e+00
1.214049231665025097e+00 4.376354829826020421e+00
1.686985788629924876e+00 4.386894076355162042e+00
9.627083506257849699e-01 4.016050724984843612e+00
1.119471513177176414e+00 4.305980792381756572e+00
1.056389496868539002e+00 4.394500627546589655e+00
1.346680364109193118e+00 4.099520376998808224e+00
1.210550289695480508e+00 4.378613771932528209e+00
2.325932962056773690e+00 4.275930046481547286e+00
7.924578451383892386e-01 3.947664500663996989e+00
1.220604723829127991e+00 3.951853122401753460e+00
9.358315740567868524e-01 4.355674755583817337e+00
1.915468194976469807e+00 4.441786705427027471e+00
1.512136775091086127e+00 4.240123897241833362e+00
1.894122438142529896e+00 4.627713390555578066e+00
1.932652798571807606e+00 4.472142277652225495e+00
9.985211037397832001e-01 4.399403052043759921e+00
1.284277685075069009e+00 4.598067793994366603e+00
1.713087602077333793e+00 4.377596324533234551e+00
1.399570555259219695e+00 4.339618651618235567e+00
2.281719351855886480e+00 4.718478117148877438e+00
9.223567150896837541e-01 4.400753144658839489e+00
1.273402908734601269e+00 4.359643792160420084e+00
1.841644448625566532e+00 4.367453093434577660e+00
1.351696084345386684e+00 4.361512123486455117e+00
1.809638454370218419e+00 4.496366217207171445e+00
1.346199775124664821e+00 4.693430608145222394e+00
1.538134105896608039e+00 4.347873503386471938e+00
1.025304265036846019e+00 4.204213251499691495e+00
1.452559578855338263e+00 4.564786036095905608e+00
1.356914267925910744e+00 4.608542799282137281e+00
1.620630518747472326e+00 4.646860995714620302e+00
1.307857386629494911e+00 4.037407587687701138e+00
1.115674846458437175e+00 3.894994020217787511e+00
2.445472247119006237e+00 4.375189381147004397e+00
1.263326291710053617e+00 4.081348836287554960e+00
9.942450222516167058e-01 4.425863075365517929e+00
2.114010749367309039e+00 4.547122249489506274e+00
1.769143261006278500e+00 4.495249750188380133e+00
1.903049133846803409e+00 4.324630818549099587e+00
1.055866304204035266e+00 4.199470698227961485e+00
1.461904674127640247e+00 4.042999241619693152e+00
1.194528668160902862e+00 4.206583247756365829e+00
8.596075811412933199e-01 4.008472604852187260e+00
9.099466426102990058e-01 4.157346033347268488e+00
1.430588960785607933e+00 4.406910966562616494e+00
1.351390878295468445e+00 4.535935698545901396e+00
2.204361109346105962e+00 4.553432423831852205e+00
1.731053036761962094e+00 4.272142342537244453e+00
1.551746607699246328e+00 4.601455070087414612e+00
9.879163199869239742e-01 4.482307913735115612e+00
1.980964579699211248e+00 4.389413558226276102e+00
6.923837164920866316e-01 4.211237139262355100e+00
1.592899837903410942e+00 4.526192147512224651e+00
1.054170362822377527e+00 4.469670840545473922e+00
1.075896086634135607e+00 4.544034620924026768e+00
1.167154220148811206e+00 4.201645054326507811e+00
1.753389036885079522e+00 4.500430265492829207e+00
2.190181263571718162e+00 4.568349975403992680e+00
1.059753669208239657e+00 4.082870437765135918e+00
1.489427096451095167e+00 4.486359186873039917e+00
1.276670464619286349e+00 4.495932886436677656e+00
2.014018051924143737e+00 4.345674393360742904e+00
1.017859023320367928e+00 4.130843017077589607e+00
1.064775327885087997e+00 4.207995764612673106e+00
1.525146875861121742e+00 4.393494708315155428e+00
2.202287399587760763e+00 4.503564968682219671e+00
1.532221752509758561e+00 4.467711397555986785e+00
9.050584111733894765e-01 4.262942201583260093e+00
1.431287298053923962e+00 4.344649478989128788e+00
1.070887610810871138e+00 4.537037632362612705e+00
1.092191901903525109e+00 4.516343310316915272e+00
1.325280649785036235e+00 4.310487994944928403e+00
2.190329991386204433e+00 4.393862764191766246e+00
1.470336994900526051e+00 4.506177251621422464e+00
1.168037560519615159e+00 4.366848861473976662e+00
1.472221992443851990e+00 4.192937867683397712e+00
2.366869485030777209e+00 4.573859595795548572e+00
1.829024443066832761e+00 4.489939703781846703e+00
1.934927519790452299e+00 4.462770829513566184e+00
1.536600315815682460e+00 4.833208458940352337e+00
1.423988136591173070e+00 4.560824757062047041e+00
1.861378237398483293e+00 4.565455464176421785e+00
9.951877392312302728e-01 4.070174337984902913e+00
1.741399045210328511e+00 4.573895748527750271e+00
1.174298977839028035e+00 4.352674288262394775e+00
1.992768226566130618e+00 4.367951124009955777e+00
9.813430250077963546e-01 4.499968727352515074e+00
1.105099545609179668e+00 4.367145813403281451e+00
6.960218293060791428e-01 3.947917808835035736e+00
1.079018041201979861e+00 4.592876836756878411e+00
2.373952074229495501e+00 4.603512792588889901e+00
2.160543459704404423e+00 4.392344752369012895e+00
1.841857174463988445e+00 4.243111803267265891e+00
2.179395433010836935e+00 4.591056684427418766e+00
1.398239743145618608e+00 4.509929120568951788e+00
1.388220808159227548e+00 4.352723153069353756e+00
1.353433670574846648e+00 4.321274589922987630e+00
2.946459494585554229e+00 4.697003531377539787e+00
1.035290870089304871e+00 4.646756280675432116e+00
1.312449689610603043e+00 4.500084229464447638e+00
1.606604915242982212e+00 4.466473124967237140e+00
1.275448984882059600e+00 4.641484092403241668e+00
1.558992454390656146e+00 4.538564805146294567e+00
1.275049238582288247e+00 4.120407791034619294e+00
2.019235166461550435e+00 4.445127290398867892e+00
9.130063464155007136e-01 4.126252773943039465e+00
1.112959958711771780e+00 4.096256174409686146e+00
2.273705307597727376e+00 4.574818007549519727e+00
1.445897822508740660e+00 4.556152295805219410e+00
1.335249056312490579e+00 4.194435016385277493e+00
