# Hierarchical MCMC downsampled to get 500 samples
# alpha, beta, mu, s
7.423075286244601445e-01 5.938537393719893309e+00 7.903510835314418337e+00 8.820773740784415562e-02
7.864072570557242292e-01 4.095800262916772461e+00 7.968434205884896038e+00 9.125725846152334120e-02
8.956190029800927821e-01 3.779324258052656926e+00 7.923562547434608305e+00 8.101592469193444335e-02
1.176502195903599057e+00 8.514881287435818180e+00 7.886472379754801310e+00 1.061916744937912022e-01
8.054861314384208493e-01 6.621573103267011540e+00 7.462970305856268638e+00 1.197786119486117240e-01
8.998081238375719160e-01 7.301800531090758994e+00 7.726799278736774745e+00 1.494084174107327412e-01
8.069535171239836657e-01 4.340436524734219148e+00 7.554335981385984944e+00 1.293858299896255004e-01
7.834266552603034173e-01 5.570045134927597452e+00 8.253136002191112652e+00 3.799689285255351545e-01
6.499746716965333349e-01 3.109940720175622619e+00 7.632485255141032710e+00 4.905964976628955643e-02
8.486040869687732080e-01 8.396637513555333499e+00 7.852692976685656134e+00 6.416731694120367258e-02
1.116195688230753991e+00 1.189084997448087755e+01 7.830549526377698299e+00 1.043445504081443320e-01
7.808284446210801422e-01 7.790819534162486626e+00 7.732281886610872235e+00 1.744277958013439322e-01
7.057119281498758223e-01 8.464895574282346402e+00 7.570979896670949394e+00 3.520168175001949784e-01
1.001579880419397384e+00 9.581860349750003891e+00 7.765853730647338082e+00 2.481349652174732467e-01
9.283090903285837747e-01 3.791469765920842061e+00 7.639744528299679871e+00 6.919343611265604821e-02
5.076416295924611743e-01 5.521135094040406699e+00 7.517192120075351980e+00 1.472608503019809389e-01
7.452844023521894012e-01 4.416046170050948128e+00 7.629308369298949621e+00 3.941387781060386869e-02
7.804329354618046999e-01 7.145842023587134051e+00 7.650997820741630484e+00 9.459975236766585138e-02
9.471859985490774791e-01 3.602986864328534100e+00 7.406397336525167852e+00 1.222665213885737456e-01
7.400539130671494048e-01 1.115039116819159837e+01 7.692304215285913571e+00 8.225787513355874159e-02
1.015415196947562437e+00 1.336290768275501684e+01 7.614992955320341039e+00 1.414970366646368105e-01
8.503706306510430135e-01 7.760335923339725994e+00 8.623861733673425789e+00 6.028758515858825273e-01
9.827186304287615082e-01 4.569260195769962785e+00 7.849843003847561285e+00 7.876558706221661876e-02
1.482888443440244286e+00 4.635389368969995871e+00 7.987160821190714799e+00 5.094945241539045044e-01
8.033152625244819323e-01 7.466762758698274105e+00 7.954890843938973610e+00 2.414784130818146135e-01
1.132847101065103335e+00 4.588087035827915550e+00 7.660188878931420753e+00 1.962236741477519086e-01
9.789303929804514803e-01 5.582341877808659980e+00 8.018445641793380929e+00 7.209036897963612411e-02
9.008430967796018374e-01 5.463376091932341083e+00 7.741198210576058614e+00 3.888692277197927649e-02
8.823548273413506227e-01 8.289666278911724362e+00 7.866015204948226369e+00 1.128907673568176895e-01
1.274495881491664928e+00 5.378415447499603097e+00 7.741508552846313229e+00 6.113691748679335458e-02
7.412038005084642389e-01 1.156743396203111018e+01 7.593980089558867164e+00 1.402902358747254719e-01
7.052217337822866972e-01 4.864837966331716501e+00 7.761408966684785860e+00 4.464656938318844331e-02
1.011149409636922236e+00 3.647376307923401395e+00 7.497904670301798191e+00 3.084091419044978633e-01
9.342989225595522695e-01 5.047729481002239282e+00 7.642845520979319573e+00 3.043297100824921692e-02
7.656013982890153002e-01 2.384157653442199987e+00 7.618925620232205098e+00 6.600273001784151550e-02
6.883445575793517568e-01 6.025732229504938253e+00 7.790890964793297790e+00 1.531453032080805077e-01
1.216094524594107051e+00 5.707976184714946832e+00 7.703826386733650722e+00 1.844789529660147975e-01
8.176655222132379608e-01 1.065751881813447710e+01 7.532246715163988249e+00 2.122652805937148279e-01
6.545825916799474786e-01 8.611936263054221996e+00 7.765615802372479948e+00 1.815344684364895156e-01
1.698547926043153744e+00 6.043552109187804611e+00 8.115882156139408110e+00 2.394323629020906063e-01
1.001484434100829546e+00 6.525415447582148865e+00 7.898299341586947797e+00 1.752703996166746214e-01
7.917137094078682269e-01 6.875118062667938013e+00 7.871052460282344398e+00 1.287407203873732198e-01
1.385713593284931155e+00 5.168864367285084249e+00 7.802131005464536528e+00 1.968227472861448502e-01
4.889342640604083523e-01 5.963723799258930036e+00 6.770026895444993364e+00 3.030560681516863419e-01
7.004633760051720559e-01 7.053835839046023182e+00 7.615230790824604412e+00 1.201118397014256101e-01
5.973349349426297916e-01 5.153857493174688997e+00 7.471062710350553360e+00 6.992196472168933641e-02
7.858770578152480812e-01 7.300337339318714314e+00 7.659966793715782707e+00 2.275332629047325250e-01
7.052180035571690153e-01 4.968964802521453450e+00 7.645663798763027152e+00 1.302457942912710331e-01
1.002365987848270690e+00 9.173333656353669596e+00 7.695192826872444769e+00 1.850771010233135117e-01
1.147116426009116008e+00 3.044707911064657324e+00 7.863848428860206852e+00 4.475858167179018465e-02
1.007028262843348676e+00 5.916586125804439433e+00 7.731529565860014941e+00 8.067723777790249129e-02
1.107088275405312183e+00 5.329878285291472118e+00 7.836528125923918786e+00 1.325801543515037484e-01
8.430021103610634281e-01 1.047802674287963676e+01 7.758708680596962282e+00 1.714886973751628407e-01
1.150705873091411480e+00 5.434468235022443139e+00 7.922750623384919422e+00 1.960832802340544967e-01
6.857527628215416282e-01 8.581104404118701012e+00 7.752273337441984324e+00 1.419484048848779489e-01
9.206500093793491546e-01 6.115301683188230086e+00 7.412467243563107822e+00 2.242789658200654290e-01
1.190846624205012638e+00 5.716482405356444474e+00 7.986478801896424784e+00 2.805820986390007987e-01
6.445558707965910461e-01 4.200713110866009181e+00 7.789540853923923258e+00 1.919867201064309747e-01
1.178918970844243796e+00 6.634881523310691698e+00 7.792397310597745985e+00 6.790904019348778520e-02
8.490435382519450069e-01 5.522480033382967335e+00 7.186193669096123671e+00 8.437547705892287087e-02
7.165903404721941650e-01 5.696112424009229791e+00 7.102167776938662413e+00 2.125296300178082243e-01
7.463794811487359793e-01 4.691421024395594941e+00 7.559387178241856020e+00 1.196040938586440255e-01
9.197102899842092283e-01 6.626441125157011669e+00 8.234171137520716499e+00 2.831142826549178371e-01
6.801990310406370588e-01 5.424980282432580125e+00 7.542441032508818033e+00 2.386498885807850356e-01
9.846230727492295554e-01 9.122119266400916970e+00 7.543495768361789366e+00 1.503425232128171030e-01
1.441891541457078318e+00 2.848635479016517813e+00 7.724645244115703413e+00 1.648713980467118589e-01
1.175448948769316271e+00 4.489555680506434499e+00 7.916221433370067118e+00 7.397808450460369167e-02
7.303043712814536459e-01 5.950909690883137593e+00 7.927567231966180294e+00 2.831960312397623358e-01
1.001929392258057661e+00 4.178377402304374044e+00 7.878024180874575677e+00 1.599066901877735647e-01
5.906797484705502699e-01 6.586107304977320887e+00 7.381248997447585225e+00 5.432699251640766835e-01
7.041863144647623196e-01 6.411474662907830080e+00 7.082914798162676107e+00 3.183345145024322198e-01
5.852629002915267220e-01 7.684441019549183238e+00 7.813325185360907810e+00 2.918956284006705149e-01
6.215571398739283548e-01 5.571525971142023081e+00 7.643674054409258289e+00 1.346356776463883687e-01
9.818783271661563061e-01 6.714190032875579028e+00 7.857780888518551166e+00 5.515180211498451474e-02
7.213837236778939399e-01 5.621454970642446369e+00 7.419525380250052038e+00 1.315784619213311579e-01
6.312225404550840802e-01 6.528523321298447257e+00 7.917707055062767729e+00 1.869263064565891141e-01
1.157947502453418709e+00 6.408838414114431892e+00 8.004270849746264460e+00 4.113448630678514378e-02
8.840331347402063944e-01 6.262601160640170583e+00 7.384881009134845797e+00 1.655806249456824863e-01
6.610612806823589205e-01 4.102630431968733227e+00 7.780991200118098305e+00 1.291557750555738238e-01
7.035368217627994136e-01 1.066763619373966421e+01 7.855739895186586885e+00 2.112908405256818112e-01
6.349130246542016298e-01 3.647993418777167207e+00 7.941785922032018163e+00 1.401456839094537832e-01
9.321610744930015624e-01 5.094425139197605645e+00 7.397335856611366722e+00 2.089630937248401765e-01
1.053569414945268790e+00 3.211446297590123233e+00 7.971531625486006689e+00 1.010490623946400518e-01
8.761632657441169592e-01 3.526265062554859053e+00 7.814211067170112379e+00 8.133150685703124938e-02
8.008123223189195228e-01 6.911759472516047609e+00 7.560170800736513819e+00 1.323856443975139074e-01
1.166722003184465173e+00 4.300462797005146776e+00 8.274573623526229937e+00 1.791035687343317251e-01
1.200056414348456446e+00 8.349466076306823581e+00 8.145929296480748150e+00 3.683815434897447227e-01
1.077379476952999848e+00 6.521975501999368596e+00 8.030148583289024700e+00 1.782599149306782205e-01
1.240314501375668899e+00 9.086854448439400045e+00 7.942450272270351164e+00 2.021705435676253437e-01
6.720160174665282815e-01 5.338558583347756681e+00 7.901099473638619308e+00 1.317270379152614690e-01
7.260022149903052613e-01 5.313363180279714548e+00 7.591730431856593242e+00 1.089340953628724212e-01
6.655848441528012804e-01 4.029930791473464780e+00 7.281712228455832658e+00 1.945858429338625240e-01
6.606998265746091281e-01 8.500876620370672043e+00 7.595605448360724488e+00 6.589506417924761994e-02
8.808769357370954678e-01 6.688079541253358684e+00 7.518140196571310163e+00 1.514123991993142626e-01
1.110909751215565677e+00 3.514185949183872726e+00 8.120217867051357175e+00 2.731825362637355092e-01
1.257509620872764744e+00 7.545154158096835317e+00 7.948514795423425205e+00 1.139008662249843540e-01
5.923057580399792021e-01 5.201739670951228689e+00 7.503846855904846791e+00 1.068122587695245485e-01
7.421425215518113738e-01 8.955056519143512972e+00 7.742796019825635589e+00 2.233899716444108230e-01
7.513598723153251946e-01 1.086954002354543825e+01 7.258496332228967063e+00 2.617722283204613198e-01
1.166873853762225632e+00 8.882115292277568130e+00 7.772640109173864609e+00 1.329201265251441222e-01
7.658304160142325179e-01 3.312266703116669486e+00 7.901505833156532432e+00 1.639620541422170952e-01
7.728310465724756995e-01 4.656405364589446982e+00 7.941930874347556291e+00 1.096260818476646887e-01
9.787866510690055311e-01 7.673002731050033276e+00 8.025782632261764249e+00 2.359981870481905053e-01
4.513730421796410264e-01 8.153343708511672006e+00 6.711379034568891733e+00 3.462467466966805407e-01
7.301868358923242486e-01 3.984222857396526152e+00 7.902175760773214819e+00 1.582742236015871051e-01
8.775781727000114829e-01 4.942799900783542810e+00 7.260581849567813606e+00 2.054907246760865891e-01
4.981951101768531953e-01 5.739860021074703056e+00 7.314796650881557838e+00 4.278898331992292969e-01
1.056082365678171042e+00 3.795640565091157548e+00 7.473351775073738601e+00 9.435315420257402164e-02
1.281042079777148013e+00 5.639132706802431727e+00 7.538490457567800007e+00 1.254388574159860381e-01
1.055958735294737716e+00 8.933137603667237414e+00 7.809828564732749889e+00 9.875031131571739007e-02
1.196946292975825443e+00 7.456896808513293173e+00 7.966097960991150195e+00 1.770380371712310663e-01
1.144203700200999707e+00 6.792477751347721693e+00 7.762249989079980317e+00 1.794686099488894404e-01
6.905403457975308745e-01 7.324075089247223502e+00 7.524077811911599412e+00 1.165275605104061085e-01
1.058909006037105360e+00 5.763366793314284919e+00 7.983177524763096500e+00 6.430137615457517941e-02
1.038425068071020752e+00 8.893444735422209035e+00 7.601833364693013628e+00 1.109432533810704585e-01
6.658051396422149937e-01 4.124471391320741809e+00 7.383499296074718110e+00 1.168226813238289197e-01
8.646958226148317994e-01 4.429875230218565108e+00 7.657978707406093655e+00 3.363758731328877483e-01
1.148952313550641424e+00 4.294892684736386634e+00 7.876475687584353125e+00 2.473279064033369057e-01
9.478150782490724069e-01 5.078360431647597650e+00 7.627010925440499634e+00 1.957487169133898808e-01
5.225056245456339843e-01 8.815686747856128491e+00 7.434178028368547686e+00 8.418258779062662289e-02
6.900696752319446237e-01 5.333760150068897588e+00 7.232595258950455630e+00 1.658617708924687295e-01
8.225047321083204244e-01 1.314916971516918665e+01 7.630867003706295115e+00 7.613702200055183500e-02
4.869826665714057645e-01 7.900262566464900438e+00 7.376935931872253605e+00 3.117666666490482852e-01
9.846603922846529633e-01 5.815714167462221695e+00 7.713995934251248521e+00 1.779164530449515169e-01
9.569057806895000517e-01 6.681765962634460543e+00 7.890463155147278584e+00 1.690957018866499073e-01
7.159323059738115225e-01 9.104665232246590634e+00 7.810072111464590350e+00 9.650652292723337078e-02
7.512290955819843630e-01 7.322742131946688993e+00 7.702406412261662894e+00 1.791116114884977462e-01
1.057128483216697390e+00 6.399078102782872257e+00 7.846071232576601773e+00 1.239666759905760501e-01
6.541440185717795064e-01 5.432644405476344751e+00 7.113404508707064977e+00 2.549790666602770872e-01
5.854092615521419019e-01 4.887416686265665611e+00 7.718407939596307443e+00 7.036992406312490844e-02
1.008431422660982069e+00 4.227625907851359166e+00 7.672231153231204637e+00 8.695356200589038353e-02
7.404757765034416517e-01 7.749832353791762607e+00 7.282782791151461765e+00 2.848282875386783375e-01
1.160357739051409709e+00 5.401775711888671339e+00 7.573629828139604392e+00 1.506037834529794783e-01
1.400487568429080731e+00 4.373525118647138221e+00 8.123252576820428672e+00 1.181573300404072102e-01
7.902165331878375776e-01 5.721769222505233010e+00 7.618552052274197628e+00 1.859082722671995813e-01
9.244802197153328960e-01 5.787501532047678587e+00 7.601372286937118083e+00 3.442449372437626082e-02
8.866281363642861679e-01 5.961574949293062531e+00 7.689293774510614021e+00 1.401654974066026682e-01
7.930912080141352405e-01 8.365576241891737652e+00 7.804748176242157776e+00 1.172836767595483165e-01
9.380628668311918883e-01 7.602607634113680568e+00 7.630009014999973083e+00 1.667546604758815276e-01
8.328597057090414424e-01 1.195171310784056828e+01 7.731692115520752751e+00 8.002102726704782287e-02
7.517872315951174000e-01 6.082518513956686412e+00 7.762764477394146212e+00 1.396233063077162162e-01
8.339501457063641654e-01 4.830843867148639781e+00 7.730908839725041837e+00 1.226951474457965291e-01
6.811880281773513568e-01 4.006850615555407558e+00 7.934747342173203322e+00 1.993384324405662877e-01
8.472600182938341273e-01 4.187897491993007648e+00 7.592927947562718494e+00 4.874808243644769834e-01
9.250693631338047229e-01 4.003950241535458865e+00 8.038809500226351545e+00 9.042093151314636867e-02
9.999419627639309915e-01 7.346593475464860745e+00 7.943855621890794971e+00 1.159255720356548724e-01
6.882125967476850903e-01 3.254746186555701470e+00 7.705151351784409464e+00 2.199835823813841296e-01
1.372183985713876675e+00 6.411265552748314001e+00 7.404279099392993224e+00 2.868265205920189631e-01
6.372386733734821673e-01 3.878391864883576012e+00 7.682726577408128144e+00 1.292912276131167881e-01
5.949342272590798508e-01 6.218671199922503945e+00 7.534912106265204024e+00 8.120855667198655092e-02
8.377411367840080780e-01 8.646823193654377349e+00 7.784608079017791837e+00 4.695786386523713440e-02
5.931723653244268535e-01 5.117611674639013231e+00 7.731451891884849381e+00 1.568304873246685605e-01
1.153338639755316697e+00 6.508026906311877191e+00 7.911083816674079117e+00 1.016933990582823133e-01
7.788156787651118185e-01 8.507009800311447378e+00 7.570847188643187842e+00 1.536922363092178001e-01
7.202323197222556539e-01 4.105011198836813868e+00 7.427270654987957244e+00 1.292644782962569794e-01
6.896739846888700898e-01 3.878592834174383608e+00 7.716235057911234207e+00 1.285205538404934344e-01
5.211348316239319267e-01 4.687861993154321283e+00 7.094136102651091846e+00 2.564304835853335462e-01
6.894201720647525899e-01 1.123632543680572482e+01 7.935270566622546262e+00 1.892984809271978097e-01
5.979467319049287521e-01 6.850496106418662023e+00 7.645067514227111616e+00 1.289582741120570419e-01
1.130172935220864927e+00 4.323541408056216007e+00 7.627191989551629803e+00 1.345921520338448085e-01
6.520060382665276988e-01 5.175943791286213624e+00 7.675079920510740727e+00 2.523131868612217277e-01
1.456042094328782843e+00 5.648788016154275837e+00 7.856861567241270272e+00 7.500607452765321870e-02
8.331350553442119500e-01 4.046196414430422550e+00 7.295740398085730938e+00 2.858588344361175371e-01
7.205611057308085599e-01 8.537286585053733390e+00 7.586736008200807291e+00 9.411854312994236138e-02
1.000774321500170538e+00 6.109152869878789360e+00 7.741175065125459831e+00 2.159223481373695464e-01
5.896218549905958284e-01 5.093075356255717168e+00 7.539586639515674094e+00 2.624172051935934058e-01
8.382884348234873606e-01 6.500875994951595516e+00 7.427708379692849583e+00 2.228849247024886626e-01
7.758280942582678197e-01 7.476372540800977795e+00 7.425337885211174438e+00 1.839258526385196824e-01
4.470201565459097637e-01 6.892420192203260854e+00 7.466388743996333233e+00 1.674855411834178520e-01
1.267558522570675805e+00 4.992593985470013429e+00 7.950109650353586410e+00 1.485700910997473090e-01
8.620037363870540759e-01 7.979412358142483619e+00 7.263939749229897380e+00 8.353558286106152475e-02
6.623353443250353800e-01 3.730471845009134757e+00 8.051215371139491594e+00 3.674992968343412936e-01
9.936240691999854713e-01 8.462362283001994001e+00 7.926088015677091647e+00 3.205600670681891806e-01
9.968874139350860641e-01 7.863591881760172875e+00 7.914003311705345212e+00 9.142194473694435775e-02
1.254987844832137878e+00 3.416328649837478970e+00 7.786327160912820844e+00 2.525057233611666813e-02
7.922869814272630595e-01 3.570756460754465511e+00 7.349973055020302404e+00 1.607988688728154703e-01
9.472739691508226256e-01 7.481293156635462793e+00 7.911984786981745010e+00 1.016765755310532621e-01
8.253198101575476286e-01 6.814683422096908139e+00 7.640702351303951367e+00 1.440690623914758217e-01
1.107124193512483146e+00 8.410585693928402051e+00 7.936147713735109299e+00 4.270951135664524667e-02
1.091002537129531547e+00 3.938026464361209733e+00 7.893748950294964928e+00 5.458237231695615282e-02
8.766506648800573842e-01 7.709209025273144889e+00 7.713602877896872378e+00 1.891850713473656187e-01
9.637736176633316942e-01 8.728550881097831393e+00 7.813785521321005234e+00 6.323989371382482405e-02
4.699789589086492692e-01 3.882728164055695430e+00 7.503169481825842091e+00 1.003233518325243045e-01
1.258123559845803152e+00 7.015423284953606675e+00 8.019327114185298200e+00 3.229985181187117887e-02
8.441368910363561406e-01 1.137158573774063086e+01 7.569418733445216319e+00 1.226761302170786827e-01
6.794970397544406460e-01 5.813208140780531608e+00 7.656016095884879746e+00 1.101755280330007081e-01
1.181934246505335073e+00 5.017588946659000015e+00 7.998654200021110938e+00 1.546127585920912539e-01
9.663745233362365239e-01 7.728897932602762033e+00 7.898307359199311151e+00 8.323406087074457227e-02
9.594567810086127579e-01 5.906959495656765036e+00 7.849605550511888907e+00 1.992681495378814671e-01
1.617400000206043575e+00 3.283228442281301618e+00 7.650499957362066006e+00 1.364361477645727183e-01
1.218797050500180612e+00 6.523063480443607176e+00 7.927702098769228378e+00 4.399094192225590921e-02
1.056928705842811178e+00 8.796740775193930162e+00 7.642581437872983052e+00 2.728017952154931924e-02
8.797416403758624437e-01 8.697946872644530814e+00 7.525401990449185341e+00 2.856896819346778638e-01
1.111356626956697013e+00 3.937708208033525281e+00 7.660431067089681356e+00 7.317685157213586755e-02
9.123626772173245580e-01 4.774941853307741013e+00 7.883851608534510724e+00 4.833514025812334081e-02
7.795674784391741774e-01 1.111294575992107703e+01 7.741408822832189784e+00 2.901795352197542588e-01
9.230726648952959357e-01 5.287340202325585992e+00 7.670105447882944461e+00 2.272144022966656463e-01
6.347982986240150449e-01 7.875109606573461818e+00 7.546626133938580061e+00 1.005356064911781394e-01
8.368559623081400778e-01 6.440429769768450718e+00 8.189103267283266874e+00 2.441588323531554972e-01
7.718097917466701929e-01 6.077634407909850545e+00 7.767866768254508614e+00 1.152327482253149016e-01
1.639908295456182108e+00 5.814247442835982049e+00 8.009933664653017260e+00 1.097168798540607976e-01
1.557103667420566273e+00 4.644492293910037262e+00 7.849166830034358000e+00 9.726407435699394033e-02
1.104669859765886164e+00 3.945388038760000438e+00 7.553776630293785210e+00 2.083527330559009627e-01
1.464787533313657297e+00 4.402685247106645328e+00 7.736566724433428632e+00 1.280231255073057406e-01
9.835077890320593763e-01 4.213300871211019150e+00 7.823171099884053348e+00 2.283143137509879017e-01
7.652241386989254712e-01 4.823825752088515273e+00 7.729017667131422797e+00 3.016378003472872105e-01
1.096223527489266658e+00 4.801967481169739926e+00 7.774589752158695966e+00 3.524533290030094634e-01
8.115446435188498064e-01 9.856482829108863086e+00 7.552128338723258949e+00 2.336378256795466624e-01
9.002277330457113536e-01 6.145804264237494152e+00 7.640884979871092497e+00 1.561246814886290690e-01
1.141515948449953521e+00 4.470573809077930783e+00 8.024365892659528043e+00 5.249891638310962005e-02
8.862047208083109195e-01 9.840784310583943650e+00 7.622698986975867896e+00 1.137900268683895572e-01
8.152565781066610784e-01 5.819320024724731866e+00 7.468611529290607898e+00 1.239145388010145926e-01
7.147874225898278588e-01 3.444001698695888347e+00 7.343524392563833381e+00 3.253149486920067224e-01
1.300026015860410000e+00 5.230909137668660058e+00 7.940719438657646734e+00 1.455994992487410489e-01
7.657278103199773867e-01 5.783256024772722270e+00 7.665772274557273391e+00 1.964522366319105817e-01
8.402908841203609036e-01 5.985562036400983388e+00 7.612197042115874446e+00 2.550899981979530273e-01
1.021532983515255122e+00 7.785932489251924160e+00 7.710804379177686130e+00 1.865337762245966313e-01
8.442298454934684671e-01 6.309966447676719881e+00 7.722685725629234277e+00 1.298096990712353793e-01
1.304970400038487632e+00 4.445842084931302729e+00 7.588012902196693332e+00 1.066937064620092357e-01
1.070816890781437936e+00 4.087020774536950896e+00 8.376694618449036511e+00 3.508133672324165175e-01
9.668273694606792645e-01 4.342631158022524751e+00 8.175779255348242458e+00 1.026736728613849986e-01
6.013831369308832997e-01 6.382316882928064317e+00 7.752031428046415762e+00 1.051792592123410031e-01
8.036319741529684979e-01 6.475774628917243092e+00 7.374725061614583410e+00 2.498354927804219694e-01
1.347776451359795180e+00 3.842523977046592876e+00 8.201832770094812375e+00 1.489820727855571403e-01
1.233020172386887214e+00 2.675725729318183532e+00 7.252472298741417411e+00 3.708733242817698339e-01
9.840148358348059787e-01 8.457934873136290221e+00 7.993044307490006162e+00 1.416034834274656207e-01
1.113859998644204152e+00 8.056860250998571615e+00 7.714091427580608951e+00 4.476165100450876788e-02
9.099370180437050815e-01 6.239392494856272009e+00 8.036970778849905628e+00 1.618740428877791793e-01
9.490465882228318328e-01 2.937185683960755078e+00 7.789154023009700722e+00 7.187887311327284534e-02
1.033473721286361835e+00 8.259770570468532469e+00 7.902348472256710998e+00 1.596720963870632559e-01
1.027797958418211977e+00 7.079166649239985176e+00 7.469662935099774970e+00 1.411770687430320970e-01
1.073770629779770225e+00 3.061876174166799913e+00 7.511350667819002069e+00 2.321911867018676134e-01
9.346863276403589715e-01 4.776200362774081221e+00 7.691238959695336774e+00 1.241864731233701113e-01
4.801765862305884536e-01 6.159730657925531538e+00 6.990777067994159211e+00 2.324171865903908729e-01
1.108778409065474646e+00 3.374866579847659587e+00 7.764866904360004263e+00 1.454444390764395023e-01
6.280319768852646867e-01 7.399250289166545258e+00 7.559921029268694248e+00 1.088962405141272044e-01
9.530417045800667619e-01 3.499943175727120437e+00 7.830931623645894568e+00 8.130251222714275638e-02
9.568117064519804371e-01 7.926950636664898298e+00 7.590404577544221709e+00 7.750967967675820303e-02
1.053985153479291670e+00 5.785007825954981087e+00 7.656723440228512700e+00 5.240920138362561986e-02
6.333967841435074186e-01 1.123049949881460208e+01 7.498909547497163430e+00 1.376818748157980221e-01
6.702628102172050184e-01 8.298878221155638002e+00 7.917072649397654871e+00 3.148878960129804505e-01
8.238633946194505731e-01 6.282309301860101058e+00 7.648681279891991203e+00 1.792459811898089450e-01
1.162750588836978682e+00 1.005638199569647462e+01 7.775942065628345112e+00 1.724229151792041059e-01
1.116363847335645199e+00 8.128313090832477883e+00 7.798468588712800020e+00 2.002324209064689775e-01
6.724336207037655555e-01 8.164314944992055345e+00 7.726021420838193876e+00 6.993967348161629627e-02
6.308175990200810546e-01 5.555153472370239598e+00 7.163791396501989261e+00 2.202661394267391715e-01
7.450712127502728821e-01 5.739279857217829850e+00 7.272144497862288226e+00 1.020822286309982230e-01
1.024564797908463554e+00 8.069619754037933745e+00 7.729167824434203915e+00 2.962761250340245067e-01
1.217045780611574202e+00 2.803231792023942681e+00 7.921139971275851899e+00 1.975129038179935792e-01
1.077781024012554711e+00 8.341930082767140320e+00 7.906495155548240561e+00 1.650337568357639617e-01
1.006631669882055879e+00 8.667909179694440525e+00 7.887033539977605479e+00 1.619207292439132362e-01
1.230863649129746884e+00 1.195591878308907852e+01 8.080208744885380767e+00 8.343873672319800094e-02
8.773501732709070300e-01 5.936821071652131465e+00 7.793771706194862148e+00 6.854480711667690351e-02
9.184604231715984834e-01 3.857898203039053175e+00 7.727040328444609862e+00 5.975479000831848686e-02
1.178953820867775448e+00 4.251549857743670557e+00 7.839018170025374488e+00 1.191436929074357470e-01
1.286369010905233035e+00 5.092394040216365880e+00 7.958853566655130329e+00 1.359293139901287528e-01
1.031186958922620134e+00 5.098767910057878439e+00 8.114399838113371288e+00 1.747967655617906901e-01
1.024397780966395999e+00 3.644161636636704227e+00 7.647958469822778937e+00 1.580302476386810373e-01
1.440914689377324809e+00 6.128065200923155764e+00 7.524247084966350307e+00 1.520195864401056030e-01
1.004925984295181651e+00 3.470897193991280716e+00 7.883718945857457250e+00 1.334967434668528352e-01
5.379690654655582271e-01 5.055826081322605248e+00 7.727533560624911146e+00 1.441444543536227474e-01
1.371033370443053290e+00 7.848429144451094075e+00 7.658682452061496448e+00 3.382137418550192898e-01
8.626585710198941825e-01 5.846586017944623848e+00 7.571701106522964686e+00 5.433450623372861055e-02
5.581129977921960306e-01 7.276318602315722472e+00 7.408833984127579875e+00 4.154012460345337665e-01
1.134466187554992622e+00 9.096298186613474002e+00 7.996667356355461109e+00 8.685123216417861558e-02
1.029765347246545559e+00 5.979467799944818474e+00 7.942214294486221071e+00 5.757604764212641973e-02
1.260772382462423291e+00 5.942894712079116459e+00 7.835621067879571910e+00 1.960514832868667234e-01
7.483390915721634951e-01 5.768061017924111411e+00 7.815677833453271717e+00 2.966209856369365072e-01
7.340509292184465018e-01 4.553042400092456532e+00 7.553941591607419070e+00 1.981796890187164373e-01
9.685734533250118794e-01 5.139410866101658648e+00 7.898677444642807188e+00 1.065078499117626809e-01
4.537965982610381310e-01 1.140422643943296954e+01 7.129349616350878271e+00 1.170468754549584267e-01
1.100116907920581699e+00 6.787243043881844962e+00 7.766072142562062020e+00 3.650038415642709588e-01
8.500229268570209662e-01 1.113741441030356683e+01 7.653106348242471491e+00 1.387331928690547223e-01
9.266952797028247257e-01 3.657045210868739016e+00 7.827120478160876083e+00 1.488986767959427637e-01
6.611232777549153061e-01 7.950869975374686760e+00 7.364309000506619185e+00 2.600906891191938630e-01
9.759895375068158296e-01 1.019205058934759478e+01 7.984411395695308222e+00 1.229775950548988583e-01
1.088386894552520578e+00 7.647809585881480743e+00 7.891862465800757676e+00 1.011458104888310755e-01
7.356212867416694889e-01 3.919299323826674453e+00 7.551807881303497894e+00 4.670388253086849711e-02
1.047319963959575162e+00 5.745581080947024688e+00 7.730307292980466372e+00 1.364184245902670678e-01
1.055820616373148280e+00 6.541915764442291170e+00 7.928018147835812712e+00 1.894693367223162506e-01
8.360387404801923328e-01 1.377895825665328289e+01 7.789542631592314414e+00 1.040897333788723123e-01
8.215907630778400694e-01 5.067646883003458669e+00 7.728769276151164824e+00 1.385191273396498279e-01
1.049631863420969591e+00 4.928183433605116015e+00 7.706645659245515034e+00 1.321231170985922854e-01
6.208211595650854342e-01 5.717356981809249561e+00 7.600710899736450976e+00 1.986491705344537728e-01
8.836507784172038527e-01 7.262161912425875165e+00 8.087953824291675531e+00 2.945550142174249153e-01
1.191041323160556553e+00 5.030983654295845042e+00 7.974022316328798432e+00 2.029615388037862567e-01
6.695709787760756315e-01 6.447162261820377438e+00 7.944537054030359258e+00 1.100148892336761247e-01
9.870418702089035490e-01 6.210548536050701784e+00 7.727923504991213832e+00 6.086248203070133977e-02
6.435638836118899864e-01 7.226710702616971460e+00 7.699617672347101482e+00 1.304799493211723505e-01
5.651640151470744833e-01 9.911465628451603394e+00 7.690203164336981700e+00 3.678050352139177193e-01
8.756550253228625458e-01 7.963762396429173052e+00 7.170487965493157922e+00 3.868946675704454385e-01
1.511953008818740729e+00 3.105827394495259686e+00 8.176686681144117230e+00 2.024669544218981321e-01
8.855917760622505908e-01 8.136820136354007360e+00 7.803273935417763596e+00 7.273489919905046230e-02
1.526194065316289761e+00 5.233970391678204770e+00 7.862440988617406035e+00 1.924064818293456658e-01
1.001862424521496875e+00 7.045187377622717406e+00 8.002207957219448886e+00 1.893246467954164403e-01
6.236233609741602679e-01 5.559514019869869372e+00 7.312370771538726721e+00 1.347901671942540736e-01
7.556422635843776936e-01 7.152789934890620316e+00 7.824070976580173031e+00 2.078495981230185086e-01
6.446247456785921814e-01 5.863588258702451483e+00 7.632331218085113278e+00 5.553112159574786350e-02
9.438411799896277987e-01 6.459997427023432159e+00 7.471488067739995742e+00 1.746035708529075081e-01
1.006709460849635862e+00 8.487376448292321740e+00 7.849736580065465930e+00 1.009485466283748106e-01
8.781404549868909726e-01 4.693161938655738830e+00 7.526193470836394006e+00 1.049550587023610621e-01
1.173237656160529996e+00 2.717309256352907543e+00 7.549072787101182236e+00 2.884678725477146655e-01
7.527452988427197900e-01 3.309111962708628507e+00 7.662728512808901549e+00 6.925865719334843573e-02
9.933073264856970841e-01 4.943025773061530792e+00 7.411153291093798501e+00 7.227793181375327669e-02
5.326293060643654265e-01 8.027628078808179524e+00 7.548869985774663505e+00 2.440762801098092238e-01
1.009822437479729329e+00 5.736447753031200136e+00 7.940067979682382315e+00 2.191032904846456630e-01
1.179454310400071648e+00 5.506159356156462792e+00 7.921980863589648258e+00 2.006298553517697481e-01
9.781756217507313611e-01 6.351102101237859010e+00 7.918414497075429104e+00 8.512983312730786067e-02
6.311659217030110014e-01 4.630658752933616285e+00 7.488587006105205113e+00 2.789034273605263681e-01
7.681749349279420880e-01 1.016912624870714588e+01 7.452642051836429360e+00 2.188345065386111954e-01
7.548513900291247136e-01 7.662836896576319390e+00 7.422242517699106479e+00 2.140672891938656952e-01
1.065709669154195849e+00 4.561827589471843858e+00 7.502568986995199474e+00 2.340355425681426571e-01
8.747113334397013107e-01 5.442468048976375705e+00 8.033657809691462148e+00 2.195590624251802236e-01
8.764224407038986309e-01 5.764653532155651128e+00 7.787021268887356129e+00 8.690510593543064599e-02
1.052071275220007873e+00 4.023626688896924541e+00 7.908715335104174571e+00 8.906477658754886895e-02
7.385390998947916064e-01 8.082059312508109272e+00 7.460890374824572291e+00 4.402874556987122767e-02
1.016245753955265618e+00 4.421615598247287338e+00 7.730278511740724667e+00 1.738090923466731885e-01
1.131386615455982847e+00 3.678902415463820574e+00 7.953753676990705124e+00 2.753162785946521862e-01
6.635232533234597385e-01 8.593993101212394237e+00 7.746433956179381575e+00 9.302012372394505291e-02
1.159104803808456596e+00 7.655917804810533411e+00 8.053947615241838776e+00 1.974699149028555645e-01
5.311798716277529309e-01 6.256340509174016518e+00 7.372133007626072931e+00 6.700539589160403597e-02
9.668184762084857109e-01 5.201565977020228715e+00 7.770469725925249982e+00 9.955480564730020965e-02
1.045214779087821233e+00 7.628638557593202307e+00 8.123215739413456760e+00 1.349653919825901938e-01
9.826818660443312758e-01 4.371728824010666870e+00 7.736555681824066610e+00 8.242287196175326902e-02
6.855747399156170152e-01 4.050144765700916416e+00 7.272241607037998712e+00 4.436373357247037630e-01
8.013012773986321058e-01 5.346514955148721882e+00 7.611039019222410218e+00 2.952879622040859298e-01
1.480280170143648766e+00 3.726835882222169438e+00 7.837887240519942900e+00 1.670636551256547975e-01
8.380002166845700318e-01 5.287504111590370037e+00 7.998313678895288881e+00 2.550215960708906437e-01
7.896912849318177274e-01 5.956804869102007238e+00 7.716102475777241843e+00 7.518248938755354993e-02
8.116195734567950293e-01 7.006358092718441455e+00 7.791809781671338087e+00 1.397953188007322045e-01
8.492861093462957811e-01 5.049717627372620754e+00 7.960532471220552964e+00 7.008155263957518977e-02
1.188021738229046553e+00 5.530981928194321995e+00 7.780429789173848754e+00 9.565551829706928078e-02
8.813523073491487114e-01 6.549897774313624410e+00 7.880768419973041006e+00 1.352614251786012634e-01
9.868912101384050839e-01 6.618021345195283622e+00 7.546886654334532096e+00 1.958221033106103126e-01
1.024848351788918643e+00 6.137287795816184222e+00 7.649424990406176406e+00 1.542831356346401617e-01
1.215691858794717639e+00 4.234788758178342327e+00 7.159097231606208922e+00 1.804694552132828644e-01
6.432080262947492688e-01 3.407062471780883506e+00 7.669694072226103110e+00 1.432438737142477381e-01
7.177136560517779484e-01 5.016543309618795909e+00 7.609452978522434741e+00 8.052973498068707880e-02
1.473448284077405024e+00 2.901437818333321594e+00 8.221768476274910142e+00 3.140808823088834800e-01
5.006273652455069945e-01 5.266635005181063534e+00 7.305832609865978711e+00 6.716004957053850477e-02
6.968991194222766694e-01 5.564417272219635002e+00 8.079276896453256640e+00 2.139867279737212857e-01
1.066515805118800619e+00 3.041177822021133181e+00 7.944332003702200495e+00 1.764439951874223755e-01
9.435319490334944659e-01 1.258654506414962349e+01 7.932592486474324467e+00 1.256627607195249241e-01
8.366531784614092970e-01 6.496847609073610919e+00 7.588125092400296090e+00 1.000458759332426284e-01
1.108125372535175623e+00 8.451521800620778180e+00 7.860309009760061194e+00 1.624984991693581016e-01
1.107564010252097386e+00 4.024232371362767680e+00 7.706138745640165766e+00 9.403233478139307044e-02
9.763894927452563266e-01 1.193658371565780030e+01 8.029867359801365012e+00 3.021020792771016428e-01
8.459975605159059109e-01 6.697165440257626834e+00 7.853150208378115060e+00 3.162808584154992442e-01
1.046822277840453674e+00 6.632370738534946852e+00 7.907366272665615092e+00 3.627298892832431787e-01
4.537308483048045349e-01 6.692667056042044038e+00 7.432144517566690922e+00 2.825926849674730290e-01
6.092469094038978072e-01 7.510490204532429992e+00 6.932145943571412339e+00 1.627821660380881497e-01
8.617610787429290653e-01 5.621568688361109345e+00 7.932598191473219096e+00 1.984506546077298983e-01
1.067016574654112704e+00 3.487777951152731148e+00 7.943116892038192489e+00 1.076282891158105576e-01
1.096646098910639910e+00 9.830278290836671928e+00 7.997235649270526103e+00 3.053929805438614919e-01
7.637157716581425282e-01 3.427022217474757326e+00 7.721561310183502336e+00 1.297611753497940057e-01
8.574324130679646938e-01 6.412115228218776330e+00 7.707156554788409331e+00 1.677332501311322721e-01
1.050066334123631817e+00 8.247014128245162112e+00 7.792699158451306118e+00 1.972323665239633372e-01
7.720127659326873060e-01 6.715951606550795816e+00 7.545080706676167814e+00 1.606403760427918548e-01
8.989762296477986636e-01 5.746535240296542391e+00 7.774139278747557391e+00 1.159991432477371631e-01
8.890478646123242124e-01 9.354497983861165267e+00 7.820396909905564797e+00 4.099119438874473248e-02
8.330051517212048173e-01 8.979371017444465863e+00 7.695441308462852348e+00 9.548276061720824270e-02
9.086264509117738530e-01 1.182745894156981770e+01 8.108122590152575526e+00 9.445276369698703267e-02
9.731864307322320995e-01 8.708919026990821877e+00 7.823505783738111674e+00 1.132969398191472354e-01
6.000197950528275426e-01 5.213584582404100054e+00 7.229492259732009707e+00 3.120252353230246189e-01
1.014834865177048240e+00 4.180691700917036790e+00 7.525864712858792771e+00 1.360979213817154476e-01
1.073384672698360687e+00 1.013774452834086581e+01 7.833472578562981070e+00 5.566690615324912383e-02
1.004872571654707780e+00 6.172785241481445695e+00 7.760997746061677915e+00 2.314879105255883973e-01
8.742633822048321290e-01 6.229198356924367630e+00 8.019171162823935717e+00 2.404778375000260759e-01
1.115797822832313768e+00 3.341141730720457836e+00 7.569578982468710748e+00 5.447774600466774586e-02
7.922681750721768390e-01 5.639613032890122390e+00 7.698498034359098519e+00 2.543629342830910356e-01
1.258423237767097191e+00 7.475419744350910278e+00 7.918796454370161442e+00 8.025510132120519668e-02
6.743680749568066179e-01 6.399725453264078823e+00 7.844951435024755781e+00 1.941420080447310847e-01
9.091484247090162452e-01 6.233142747246029458e+00 7.926291819623581425e+00 6.463101950533454987e-02
1.045458835971762479e+00 7.271516946368991263e+00 7.486380096557629926e+00 4.076767149446312577e-01
7.669218916409347164e-01 5.457041424121795714e+00 7.204665293577342311e+00 2.432553217503589937e-01
8.341465980137218184e-01 8.413169232027460254e+00 7.810469459845076123e+00 1.582539698814124096e-01
5.970811679533479799e-01 7.643904808700407116e+00 7.477122082319544560e+00 1.423939992642735963e-01
1.594683041337474627e+00 4.886347495089929716e+00 7.752233211704245619e+00 1.558065908739501848e-01
5.712360825266469266e-01 8.161058453642823451e+00 7.423091200307256443e+00 2.130021111666143274e-01
7.094108014220470437e-01 4.914190663520284552e+00 7.832346260827220519e+00 5.545058414010700654e-02
1.120743750872955191e+00 3.495478163504773139e+00 7.896878722267623552e+00 3.660338371307976513e-02
1.314916115475244229e+00 5.878024615108691009e+00 7.662692619794723825e+00 1.295803904570795584e-01
1.054679708386993209e+00 3.739597954148011549e+00 8.000055303518363914e+00 1.800837563467387603e-01
8.350469855992509460e-01 5.668636519347041158e+00 7.713736479663190870e+00 6.530405458471896796e-02
8.689866827296272023e-01 1.146130813034336526e+01 7.663512623271889979e+00 1.874008115000572461e-01
8.782181727612680122e-01 1.240205199056427254e+01 7.793259628793216542e+00 7.212967509648693376e-02
8.887444620131468298e-01 7.429305622653293639e+00 7.577307138000340281e+00 1.582123497468106155e-01
1.232842679361653815e+00 9.327529400294038098e+00 7.868073045416540623e+00 1.228104481892390992e-01
8.079379136320148369e-01 8.466483214073182495e+00 7.772196300513980027e+00 1.682630907933735653e-01
5.104139214802665414e-01 1.496012197078670525e+01 7.304356808139913504e+00 5.923921047502477000e-02
8.710798795528646998e-01 6.489448117131506599e+00 7.686036376474006282e+00 1.086020618712907199e-01
8.438228935329299407e-01 7.135617119471129755e+00 7.362401698369930081e+00 1.601636398797814387e-01
1.928055150448376054e+00 3.684221380468086782e+00 7.683679278143362268e+00 2.620910150980064190e-01
8.577469854933493787e-01 8.397603257845347002e+00 7.718873866901579284e+00 8.173008390086175523e-02
6.211920281645134656e-01 1.007563557038846014e+01 8.333128085805782348e+00 3.683574170641207846e-01
6.988859530089464034e-01 6.511905545392664862e+00 7.474252617708839530e+00 3.694317451697948784e-01
6.498383609652071957e-01 4.394631629824545804e+00 7.700880582005404484e+00 2.927694474340495345e-01
5.002865457617251543e-01 3.441866090672919487e+00 7.945111160897606162e+00 1.802647780153759094e-01
1.001434925284010458e+00 6.350834919264397804e+00 7.289410122135457470e+00 1.711140521485402244e-01
7.036482847522442796e-01 6.244543790066697575e+00 7.539322283642198919e+00 2.256778644201345441e-01
6.286175850019184441e-01 5.955172439295772335e+00 7.451899413011401130e+00 2.207859588759276959e-01
9.427311687943454865e-01 5.961318265863999599e+00 7.821885524940957346e+00 1.432804405924872626e-01
1.154195784574436834e+00 2.656924763045135585e+00 7.984568090100159665e+00 1.355674008019246146e-01
1.049259046748310942e+00 7.761675010035512301e+00 7.560783212846976298e+00 2.316352174766567740e-01
1.028232088001365563e+00 3.158371560288611768e+00 8.066190796208886127e+00 7.946319719793591696e-02
6.666970913283455369e-01 4.284270771488039919e+00 7.107037637064336444e+00 6.373990706168722875e-01
1.502623337285327487e+00 4.761827532066708280e+00 8.120381572865932540e+00 2.035597381532388839e-01
8.180102728428499947e-01 4.522621295095889948e+00 7.820100139965502350e+00 1.600037610897539764e-01
9.507497971780159984e-01 6.371610469642789099e+00 7.838883196399367037e+00 1.664418491161977487e-01
6.323057016517794615e-01 5.957656917712508715e+00 7.624722315186687638e+00 7.828248145726335316e-02
1.101267193628000740e+00 5.623934751885328431e+00 7.698130741787210241e+00 8.405794921611813020e-02
6.553594755524567717e-01 8.445290024592088329e+00 7.489318746819259687e+00 9.239803259673208535e-02
9.079162801410383121e-01 5.022826924071839727e+00 7.745592238976310107e+00 1.006187147723500153e-01
1.008661432806361669e+00 9.501102400039764362e+00 7.884511387599554055e+00 8.137284791430605957e-02
1.092053271314463281e+00 6.721900032134931813e+00 7.799287179873343412e+00 1.191809690397607341e-01
1.264684930667431706e+00 8.281419514196674214e+00 7.749545282770878174e+00 1.886984192987848918e-01
8.142330267171992153e-01 7.704600206690377817e+00 7.942526418150299250e+00 4.588115652190732363e-01
6.112060991686028011e-01 7.165724637213650716e+00 7.129537900185656696e+00 1.710685955615476594e-01
6.154351797479856723e-01 5.794997348686998784e+00 7.947198104812065900e+00 1.501680540805999386e-01
5.385196485380145948e-01 9.088357022510397343e+00 7.439248404074669807e+00 8.411524992539128054e-02
6.258112733725469390e-01 6.293322123584257355e+00 7.239476529581873265e+00 1.751169670679629531e-01
1.026809615104931517e+00 6.778511830228050705e+00 7.766511415749781655e+00 5.274598181850455314e-02
8.771560122612179766e-01 3.374762108562148200e+00 7.348120929033753690e+00 2.087299301034863108e-01
1.089907454845406409e+00 1.186815970754687477e+01 7.901537748196437505e+00 8.130478559319498366e-02
8.005363396602515058e-01 7.544463310114464250e+00 7.940790167118937148e+00 3.943991688870170931e-01
9.969459872478063645e-01 7.297108160182163239e+00 8.074779699819151446e+00 7.463912540446543398e-02
8.405978063749449669e-01 5.020917539677229868e+00 7.953399839498669799e+00 1.355752122946331517e-01
1.052307207351431462e+00 5.903181686642179571e+00 7.818307341219706608e+00 5.293288584772985750e-02
7.998363825642179625e-01 3.555678752866926917e+00 7.649778234732213633e+00 7.500045191568599501e-02
1.136853128298378035e+00 6.562137060964482238e+00 7.890717545030823565e+00 1.978649724780219277e-01
8.352248205031871375e-01 2.707569585249978594e+00 7.917456813133172844e+00 2.873637266524279310e-01
9.468380440272544663e-01 8.689855287346997414e+00 7.922184457038140337e+00 6.989300207826773526e-02
6.620855007760617639e-01 1.036602047426463358e+01 7.419506855770150899e+00 7.113003509819576520e-02
1.042421120138937729e+00 5.660816622490234096e+00 7.869883202489146079e+00 6.464029180278539621e-02
7.736500974549528342e-01 3.939049764468883552e+00 7.611596872651688273e+00 1.483777936079899717e-01
1.013632301274098646e+00 5.294274326207530912e+00 7.818963370804421054e+00 2.592995415135966597e-02
7.284375861216466630e-01 4.669024756420123268e+00 7.580588269368033316e+00 8.659128317868514113e-02
1.117420222207398117e+00 4.694478248334698733e+00 7.583271376809325837e+00 1.613306102860364577e-01
9.574516442079193945e-01 9.098107460346223974e+00 8.097561068435881637e+00 1.901549666817295980e-01
1.148862389547999019e+00 5.714388304178873668e+00 7.685839404477694536e+00 8.903157131855024553e-02
7.714605032426540276e-01 5.815996241725674309e+00 7.378277639131625598e+00 1.950874769049903978e-01
1.166354249658758890e+00 4.052830742226006144e+00 7.882233193773106272e+00 2.972143014317483178e-01
1.072990086741471671e+00 5.711377033626341415e+00 7.933978451120439424e+00 8.138196834337357854e-02
1.009883172726145695e+00 4.160524125955702424e+00 7.780273876152612011e+00 1.473061212251566277e-01
7.888393753533714525e-01 6.799533087660492470e+00 7.983894293577890267e+00 5.709513168537840022e-02
9.344337685030121854e-01 5.279974002617589868e+00 7.465081303115315592e+00 2.969662273149916154e-01
1.055354800778609103e+00 5.438383679875514964e+00 7.570645230972679940e+00 4.247201567666119421e-02
1.091832277999335021e+00 5.693649606203035063e+00 7.787344563581325652e+00 4.294358149419420789e-02
8.499086874109248457e-01 7.661150963734934649e+00 7.890372756058898318e+00 2.423916473705404750e-01
7.640281308216221312e-01 6.696851518942338544e+00 7.866789102458533911e+00 1.215905896389374574e-01
6.698932632467035075e-01 5.866633829834237979e+00 7.442143644681605608e+00 8.315421222040368654e-02
5.393067580642451064e-01 5.063827721544500449e+00 7.617383902219795111e+00 2.073547032225023790e-01
7.957631560000251181e-01 6.072093903275837867e+00 7.787505019080703583e+00 8.807428580732526435e-02
1.025009606368301851e+00 9.557263341155454839e+00 7.886657543401224935e+00 7.878803515526475176e-02
7.631890610383256224e-01 4.751074350901606458e+00 7.746120631785474053e+00 6.074221488753854536e-02
7.505004570499297367e-01 7.375773709008784706e+00 7.899055230136655226e+00 2.412610694277377843e-01
1.444361527948568424e+00 4.677298598569377575e+00 7.462750174904487999e+00 2.063605853552349101e-01
9.368814911804501655e-01 4.114780663381758075e+00 8.059329425849471207e+00 2.297720775215565114e-01
1.103430482404072821e+00 8.206901231964119248e+00 7.677971423121476846e+00 1.579600369187733611e-01
9.594951908708400090e-01 9.298516311077291263e+00 7.849861390995078736e+00 5.027276835022372742e-02
1.255540285037255233e+00 6.303478670258403582e+00 7.703523934367832560e+00 9.103538431354325777e-02
7.279009318262293915e-01 6.776641249369378173e+00 7.655080202881438645e+00 2.302599870006117044e-01
1.188823545263348880e+00 3.459414992736941752e+00 8.223526111079975109e+00 1.248697039220397487e-01
1.072420660194982611e+00 4.815449826471734696e+00 7.571020409855165667e+00 1.069573736191352098e-01
7.196671118199599038e-01 3.374337331863545231e+00 7.739979841650503012e+00 9.940816170274054120e-02
6.801996310748773533e-01 8.221243383259439597e+00 7.544317898969943315e+00 1.601578459424427003e-01
9.037155175318285494e-01 2.634984772925575758e+00 8.343461030191859251e+00 2.402877260364388035e-01
7.807731858511013368e-01 7.744707318466115709e+00 7.425973113125352576e+00 3.335531557898253063e-01
7.782646855267063568e-01 7.816272433017354970e+00 7.673765872486899120e+00 2.100097396387621759e-02
9.218984481642031881e-01 7.374615731466057866e+00 7.933684417330184147e+00 1.169611871604967213e-01
1.145602678995439216e+00 5.557697741921488799e+00 7.782029286990006511e+00 3.235756634053835734e-01
5.383575195923794299e-01 2.656064995943293816e+00 7.551068906599467390e+00 1.276841656405445224e-01
2.102108501252450079e+00 4.110767210597434662e+00 8.119679827680071682e+00 5.193664862861518960e-02
1.189897879383462476e+00 4.969063959731300884e+00 7.712407063355836812e+00 2.855622035995436514e-01
6.101245860469723947e-01 2.807247844943768555e+00 7.393128352069325615e+00 1.835944852143096273e-01
8.453651518970831669e-01 3.629179863007532258e+00 7.665183606908176017e+00 1.601701531280294299e-01
1.005948496143005855e+00 7.649752332154114320e+00 7.506373354535674558e+00 2.665230007414867708e-01
1.034957793753703337e+00 5.370063493145606159e+00 7.783222931752559859e+00 4.221823391019689509e-01
5.292905569400525589e-01 2.940424437086973430e+00 6.853373737848805547e+00 1.261595382900132234e-01
1.418584739420785779e+00 8.160850582561076649e+00 7.987652498711153015e+00 3.182102350598155910e-02
9.594708838522258976e-01 6.300410927125868810e+00 7.624889899902946411e+00 1.423572757232515196e-01
7.386488676445424062e-01 6.464822667170130543e+00 7.749755537943486594e+00 1.721620477072416111e-01
6.490093589554426501e-01 1.201284592086044789e+01 7.531040823745183133e+00 5.858144895011589692e-02
8.554661957245204285e-01 6.427081918196124732e+00 7.700591750627538978e+00 2.275726983112945634e-01
8.890199185784382063e-01 8.763544010850770505e+00 7.861446326203513024e+00 1.040813401115506798e-01
7.430435463454150291e-01 1.177915890475545169e+01 7.756862279452328757e+00 7.283775277415976968e-02
6.592467714732000994e-01 3.851524737143214416e+00 7.930130095240541799e+00 2.510143635731819090e-01
9.404473121520208201e-01 7.614038742302540186e+00 7.538573776193966403e+00 1.213245538136210472e-01
8.463952732185817673e-01 7.407922917401132956e+00 7.779993472812964939e+00 1.676307726317185776e-01
8.191307571060927328e-01 7.341789893400390454e+00 7.771485333670338669e+00 7.900194198566747039e-02
8.687349812711354646e-01 5.108970605740331017e+00 7.819706839383188779e+00 2.653194904873567572e-01
9.208575224338868548e-01 5.283671524788990936e+00 7.908485705427048984e+00 2.118175171967878190e-01
7.781099087796610192e-01 7.578453035819231687e+00 7.672654978121173031e+00 7.683616542760735024e-02
5.730846786591200503e-01 1.405137722672206024e+01 7.591985321023796196e+00 1.126785139507041067e-01
7.149166336638221875e-01 5.014317787351271427e+00 7.333556433308030087e+00 9.013123222008512236e-02
3.623286870501111756e-01 4.822885832048692478e+00 7.439492967981574445e+00 3.755605384923442203e-01
8.328180935759517123e-01 6.991932149052494161e+00 7.419606159645215193e+00 1.941914891795207820e-01
7.748231839535373311e-01 2.947974595363736849e+00 7.628927431534716419e+00 1.410224881293821453e-01
8.742390415727979702e-01 5.971150194299904790e+00 7.833264513082009550e+00 1.006492498830732912e-01
8.561260108260546620e-01 4.287463638407768229e+00 7.370363484670074961e+00 1.520206126851825768e-01
