# Hierarchical MCMC downsampled to get 500 samples: alpha, mu
2.619250548684733282e+00 4.302976916524610118e+00
2.970940197339991151e+00 4.506496294007396486e+00
2.258168651269766514e+00 4.497300295122522051e+00
2.950188713286193476e+00 4.452871986639895141e+00
2.335542208169852696e+00 4.499236423903538729e+00
3.054857123069722125e+00 4.472371226557964263e+00
3.103312916619524575e+00 4.443548311892608460e+00
3.321131941446696878e+00 4.466289651417507223e+00
2.297371193823898761e+00 4.484869501923626878e+00
2.766785501467170061e+00 4.412727927161897767e+00
3.100148863290352885e+00 4.454045895976758374e+00
2.596469838353407056e+00 4.468035054555187457e+00
2.775991422954112497e+00 4.520751527870507935e+00
2.613723309061079636e+00 4.498787227930632682e+00
3.180001172772509932e+00 4.619222706418968372e+00
2.624627361224265876e+00 4.439846569892005768e+00
2.648334320909423223e+00 4.494433529159164387e+00
2.934366934854632181e+00 4.468205263528435722e+00
3.059674201984603936e+00 4.507709417065479229e+00
3.046375018855941086e+00 4.638318886455917500e+00
2.340901526591382620e+00 4.489324358647541757e+00
3.058681931932883291e+00 4.459917324638161595e+00
2.617984332875675779e+00 4.401476121323875113e+00
2.728008189792944460e+00 4.423136390200030910e+00
2.658716452406953312e+00 4.250100589110312299e+00
3.328581451417376602e+00 4.367861638980145678e+00
2.719328472248988771e+00 4.434852766344057784e+00
2.384293296200965528e+00 4.466224227701677485e+00
2.574254203705799604e+00 4.417983235425904098e+00
3.689250244715334137e+00 4.578765305346823133e+00
2.624022514086179925e+00 4.473966029283011459e+00
2.632235673726816660e+00 4.440666955375791147e+00
2.434642341419666511e+00 4.432884430405320764e+00
2.105859421500172690e+00 4.450263709722491967e+00
2.069478627448464003e+00 4.332902631138059846e+00
2.121907887932490411e+00 4.385230232582298271e+00
3.539508202838691719e+00 4.470060125765638936e+00
1.920311327465222151e+00 4.429181985838235747e+00
2.585642784938016359e+00 4.428519210638291348e+00
2.223036974844932345e+00 4.467267733589213030e+00
2.955634331063146547e+00 4.392485999246409811e+00
3.190288853076762354e+00 4.400075037920085919e+00
2.561578404342067294e+00 4.406301515122955870e+00
2.317673438352087167e+00 4.477431682761961795e+00
3.112886481101867275e+00 4.504537874495097682e+00
2.794331177351534024e+00 4.468391766966498757e+00
2.133159780585999421e+00 4.308762616836115278e+00
2.285171609543343418e+00 4.516696266240285418e+00
2.982234347286209175e+00 4.450074660853093889e+00
2.921950627088174102e+00 4.475424973195491596e+00
2.570582052258164385e+00 4.431576044443635176e+00
3.390515221865765483e+00 4.481901699722658172e+00
2.719497864044208679e+00 4.522737444238633664e+00
2.206901555324661590e+00 4.456770917036995350e+00
2.368143968551385647e+00 4.446174697261409570e+00
2.145437698476744259e+00 4.437235157794836127e+00
2.505544506637884083e+00 4.405369989065569314e+00
2.956520443544980115e+00 4.462733406892210652e+00
2.736472966932292472e+00 4.503070299777724550e+00
2.865917907614611515e+00 4.564392961783482860e+00
3.303081770631260294e+00 4.530954481457437844e+00
3.480644854769374241e+00 4.478159053088054620e+00
2.612796568173553435e+00 4.410608018332188962e+00
3.115817379197659331e+00 4.422798722496661838e+00
4.072336074715573240e+00 4.495579694643453195e+00
2.649121710244720873e+00 4.519777278201195791e+00
2.226844877722580662e+00 4.402502248866516865e+00
2.894296975797020721e+00 4.421272585639084873e+00
2.336028126060398780e+00 4.406785635395768175e+00
2.229377279757308816e+00 4.450706412485740948e+00
3.082430517186904417e+00 4.467059716753703391e+00
2.119820168348719669e+00 4.443327040757296231e+00
2.727158684817839518e+00 4.552905205877903150e+00
2.693559081656273335e+00 4.415375416225892025e+00
2.047616135055891462e+00 4.376772384731400400e+00
2.810413137412857143e+00 4.437770581490671162e+00
2.879638600943822624e+00 4.403153317164723468e+00
3.493188643649449254e+00 4.445038385863631092e+00
3.076251545152214106e+00 4.419411614901036955e+00
2.248102626239865565e+00 4.448279070703154758e+00
3.202499420066006852e+00 4.477319156449860671e+00
2.433655975710065533e+00 4.474376039523976445e+00
2.953924389047541066e+00 4.517708274379455879e+00
2.505243561944531905e+00 4.455658836873377382e+00
2.653636227394286173e+00 4.482479977968510276e+00
2.664794808547712446e+00 4.441191151373500290e+00
2.220512940148470449e+00 4.449860056098450478e+00
2.715316156122414171e+00 4.467489721221286736e+00
1.570083357914337840e+00 4.221101642718622315e+00
2.630792391127179108e+00 4.456634843075882202e+00
3.171615402496094749e+00 4.471172838514990033e+00
2.430924603902708370e+00 4.471110050171670736e+00
2.427907530091561128e+00 4.490806319456411622e+00
3.072258255852215569e+00 4.464839790205409997e+00
2.822568176224492298e+00 4.488676991081645085e+00
2.294912391731516177e+00 4.485034139916745488e+00
2.225480915662945147e+00 4.455387803716260642e+00
3.019512414074004170e+00 4.465624709105957102e+00
2.633380822831125734e+00 4.551178348684978836e+00
2.710157043296776980e+00 4.490862809173509440e+00
3.580532584299835008e+00 4.483586820935785866e+00
3.299143309906152233e+00 4.438360798384792361e+00
2.528530707076801942e+00 4.528624722430236282e+00
2.670343746015619413e+00 4.538963949518378449e+00
3.033219704270256667e+00 4.470678069392509890e+00
2.922163161896208283e+00 4.531213970530601820e+00
2.849297594821647017e+00 4.517104496155956994e+00
2.139066705445618055e+00 4.476862141804950568e+00
3.037546310554666285e+00 4.530183265050888863e+00
2.642943299584175953e+00 4.525572392299235247e+00
2.314812917482722554e+00 4.462986591603781861e+00
2.829034718964199335e+00 4.435951253683771967e+00
2.842755100528607581e+00 4.507473381123718426e+00
2.897913464104207915e+00 4.532382522112028411e+00
2.748995188455382710e+00 4.511600626264844927e+00
2.401932086048427450e+00 4.413888860262548341e+00
3.026520523134803131e+00 4.452776940378375237e+00
2.979843195944245515e+00 4.398846014808477811e+00
2.721049267229320723e+00 4.442409503799406245e+00
2.117363920115533649e+00 4.422999377775194141e+00
2.785873881170319422e+00 4.404383870452930339e+00
2.333033727392507028e+00 4.387214266195795354e+00
2.089948276872362509e+00 4.430271484996912257e+00
3.133768528681886156e+00 4.480403968121116520e+00
2.647454177826935151e+00 4.449679927417347081e+00
3.003746064445303343e+00 4.530807188848560152e+00
3.343290098819613032e+00 4.433148732908512635e+00
2.626494228680325005e+00 4.412427246959292226e+00
3.049112160531819438e+00 4.450892125977663483e+00
2.279448865318735251e+00 4.393932551400170361e+00
2.997713326783578935e+00 4.411008791696898967e+00
2.658198225753779287e+00 4.436673106854845727e+00
2.724096857547488870e+00 4.408908149464052961e+00
3.476077818836748268e+00 4.511026333338947758e+00
3.474769483045974994e+00 4.589017704673196363e+00
2.342730543787297837e+00 4.497750126686149486e+00
3.056420723711120946e+00 4.452231037167087457e+00
2.443783217753720649e+00 4.466402451914799343e+00
2.238583533118647217e+00 4.461011328585353652e+00
2.616799025917242005e+00 4.459099302617214988e+00
3.404681482314881436e+00 4.450605603590490844e+00
2.565123340737737845e+00 4.414330459002619556e+00
2.372692723502287659e+00 4.355249382775123301e+00
2.701702980571824675e+00 4.412356625615254657e+00
2.707337700355830545e+00 4.533698116815652490e+00
3.463161782137525790e+00 4.504975934409745975e+00
2.424430209823190019e+00 4.382530890929131395e+00
2.559488805894569730e+00 4.427100644822007602e+00
2.457906136444893530e+00 4.433307157503700857e+00
2.775000663411660629e+00 4.499627453237646790e+00
2.998418234501833091e+00 4.434153425721087061e+00
2.323677533167841869e+00 4.500594795654128788e+00
2.196656358916678542e+00 4.392479948755789287e+00
3.230149140120292195e+00 4.451271235444862029e+00
3.980665403442808614e+00 4.563823541990267962e+00
2.645701951800548457e+00 4.449610866494670525e+00
2.435353232796118927e+00 4.473302396801305925e+00
3.093655988338251284e+00 4.494058095607705638e+00
3.082324568344554372e+00 4.538217717604254631e+00
3.295481207523887512e+00 4.469034245771922542e+00
2.951201632599302016e+00 4.369848147545233097e+00
2.665543365238004281e+00 4.450522536404225349e+00
2.784012168836652368e+00 4.320566939306294429e+00
2.547593592639299409e+00 4.412553154451845039e+00
3.333161900916951748e+00 4.503667014735863283e+00
3.572019223096936980e+00 4.546382449667744297e+00
2.352137195547744142e+00 4.444629099135493533e+00
2.702294787685615596e+00 4.408317188341861481e+00
3.120817916598408903e+00 4.500246856867636147e+00
2.978976605047821025e+00 4.433822010328142937e+00
2.791855886072665438e+00 4.512989564424062294e+00
2.226162140299114967e+00 4.438366683948518521e+00
2.679083056696711207e+00 4.472294601779402967e+00
3.187384243809333384e+00 4.500911363878406846e+00
2.942179770485945589e+00 4.475078553838275575e+00
2.543158543334018695e+00 4.490606361075407449e+00
2.345036012404228654e+00 4.481477357610032186e+00
2.656204533959404923e+00 4.367888798449356180e+00
2.829523290728169993e+00 4.533203920960933608e+00
2.570959497497210311e+00 4.518154429108323988e+00
2.977989661951870204e+00 4.489627343495108391e+00
3.108934556384029158e+00 4.322625928930706962e+00
2.414658084647760550e+00 4.456939290405074416e+00
2.549032853642048568e+00 4.398401903800142954e+00
3.183554916830346748e+00 4.405539785905105532e+00
3.194888675014842416e+00 4.513278054812142948e+00
2.783693121828438422e+00 4.449866313722352196e+00
3.006744793450347508e+00 4.516631047711977764e+00
3.173076193306993975e+00 4.495438983623012419e+00
2.687913837798569627e+00 4.529393655487930381e+00
2.153441175924281747e+00 4.385801033548974104e+00
2.438963058131696116e+00 4.414058520167347233e+00
3.210711752530275298e+00 4.464281722390231799e+00
2.233982510718310888e+00 4.421945392336818159e+00
2.911782986845402821e+00 4.481256969054128625e+00
2.375589081943506820e+00 4.532302423115920575e+00
2.343662685325008432e+00 4.368794884306648640e+00
2.584652277054067415e+00 4.503622358884927124e+00
2.487722595299055595e+00 4.451517918065008850e+00
3.962969565496314850e+00 4.535020984408350664e+00
2.295964224206101356e+00 4.398327509794948575e+00
2.244544431117095229e+00 4.502751941156053483e+00
2.250853155595201827e+00 4.436572191657109698e+00
2.732332863556729663e+00 4.566492241985768530e+00
2.545373630735188186e+00 4.447965080287388240e+00
3.158251722064058242e+00 4.447330526074928514e+00
2.742119318372846504e+00 4.492623049867590979e+00
2.304542465038759147e+00 4.394397005582020732e+00
1.681734029676054121e+00 4.428536924737333180e+00
2.259036911433846662e+00 4.465962515773645336e+00
2.934405896736536068e+00 4.504774177104557076e+00
2.793675558658380798e+00 4.417913863746830039e+00
2.770271546820225250e+00 4.640130731205721837e+00
2.623313287033782526e+00 4.472032994151588170e+00
3.597174130381211477e+00 4.513305167699516396e+00
2.462232967658565919e+00 4.319905038483373261e+00
3.806762246207738176e+00 4.473896172396060855e+00
3.018521708788952207e+00 4.640051792851366486e+00
2.503076867529501204e+00 4.412891706901693745e+00
3.056344192242534508e+00 4.612366623306334290e+00
2.551722106863376638e+00 4.421860156126669494e+00
3.321958012259743409e+00 4.496372852618338634e+00
3.780095487557038947e+00 4.468221948374849539e+00
2.577785141511040656e+00 4.390112623177715889e+00
2.275598710667090074e+00 4.464534716259400682e+00
2.458418028502062924e+00 4.482602490465980694e+00
3.481817920240620090e+00 4.544154553434793797e+00
2.607451533228520191e+00 4.457809347083084184e+00
1.981149216626252318e+00 4.307741792321383656e+00
2.368281446222570530e+00 4.394405605462694098e+00
2.711755013952849680e+00 4.497156696415582466e+00
2.869647736027901352e+00 4.480577109100110533e+00
2.678143299627345542e+00 4.447240841866690886e+00
2.664219982977501289e+00 4.339452711379950145e+00
3.197061929684890114e+00 4.521221039171633649e+00
2.496327874372403777e+00 4.376279340367378090e+00
2.213498009167909952e+00 4.363291962948282254e+00
2.574614085043516631e+00 4.426543250883869796e+00
2.335437448871110711e+00 4.306175640791587433e+00
2.201129141789416099e+00 4.488490095142546821e+00
2.637914571856266654e+00 4.522184952827095650e+00
3.506415601190278508e+00 4.408224766576115172e+00
2.196656892765838087e+00 4.469131906470416915e+00
2.694395886473300195e+00 4.501931595690733978e+00
2.731989437018730538e+00 4.496749729636617232e+00
2.195071781939904376e+00 4.375676275287722738e+00
3.324965569202100291e+00 4.515545272799012189e+00
2.478320801657576844e+00 4.498370136697902311e+00
2.234884706171972102e+00 4.505842818160449958e+00
2.502295979077418409e+00 4.334770368345710168e+00
3.041452055668827814e+00 4.365226599995960299e+00
3.127858546880238677e+00 4.536868246875437549e+00
2.650931366248434617e+00 4.479235085286702223e+00
2.239174778180303971e+00 4.466081169565264908e+00
2.201230427376657417e+00 4.294373142234458207e+00
2.953449391215157149e+00 4.541073180773844697e+00
2.590754058208676991e+00 4.467706235220906485e+00
2.473483142991530492e+00 4.404367464881331351e+00
3.283222794709012682e+00 4.502878623620599541e+00
3.044374758569125650e+00 4.492518479694274092e+00
2.264551479085137764e+00 4.338786831437062119e+00
2.843638766108939286e+00 4.531882694179866888e+00
3.019608081470939620e+00 4.388027737772433490e+00
2.495772126711321093e+00 4.460362717161209467e+00
2.675542994097475091e+00 4.488692133613691126e+00
2.575522025115997149e+00 4.466988495894155697e+00
2.704663604251031916e+00 4.504276192087110608e+00
2.054659268378034920e+00 4.478653816879654137e+00
2.512266630291550840e+00 4.493012326811101964e+00
2.484041112486962799e+00 4.477709201730085020e+00
2.602620980224157776e+00 4.372097275406551020e+00
3.242247186630962563e+00 4.480361605845533113e+00
3.118266639987896660e+00 4.517283784921722223e+00
3.131363777877942844e+00 4.336451879768448592e+00
2.256555108394612041e+00 4.403872340137784391e+00
2.701090274436088290e+00 4.431819246983813798e+00
2.493901007262517400e+00 4.321592678691487777e+00
2.944431575830412040e+00 4.399163177836334704e+00
2.624831811606697318e+00 4.476994187741717646e+00
3.378026986651000652e+00 4.468987327412297539e+00
2.293524643906084126e+00 4.439560053267052275e+00
2.627641917151878559e+00 4.468543532113759653e+00
2.997670326667036367e+00 4.460052351191856168e+00
2.698593296097780314e+00 4.531223472375686789e+00
2.443811640621499581e+00 4.478020174055709290e+00
2.828244233368240934e+00 4.497212840013175672e+00
2.719515173556879439e+00 4.425287485297872969e+00
2.745487998909854177e+00 4.490829007603609924e+00
2.124088379519490477e+00 4.393062035714103253e+00
2.664461281804442638e+00 4.458080078591614814e+00
3.191288764897203034e+00 4.493944749788584936e+00
3.201776851671756852e+00 4.461051716887558527e+00
2.445699696176987459e+00 4.419940365430703011e+00
2.444735863334991599e+00 4.550375640338587324e+00
2.159880361188918130e+00 4.453799117038914623e+00
2.087292414043469435e+00 4.383328984927929994e+00
3.327255632035525323e+00 4.540543611770379684e+00
2.790313389986902592e+00 4.375440851881871929e+00
2.581191518774432314e+00 4.506809402230528505e+00
2.613157374323287208e+00 4.428136220105368004e+00
1.912209105811708332e+00 4.404077337940873527e+00
3.028028882904864272e+00 4.527146259109815496e+00
2.623382623917445589e+00 4.398672686853476677e+00
2.058379528001287984e+00 4.481077515748691731e+00
3.776527622626820513e+00 4.461370011254713219e+00
2.940545148147785781e+00 4.467752697542000995e+00
2.002505072393549135e+00 4.561212877348430617e+00
2.468965477814736076e+00 4.503027240593554303e+00
1.712731397738075589e+00 4.518151939551052543e+00
3.185066229608827904e+00 4.602390385248631866e+00
2.491063367124969563e+00 4.535018208133130280e+00
2.967678113633923864e+00 4.471935628991052347e+00
2.477899897077148861e+00 4.430787449899922237e+00
2.552241618424911707e+00 4.410483206554886237e+00
1.907861883432107719e+00 4.464403476278063998e+00
2.015061518567208498e+00 4.429235529657737480e+00
2.415248397986496265e+00 4.646486094770686748e+00
2.367537951666754736e+00 4.473510373268154261e+00
3.252310993453114030e+00 4.495940243215587273e+00
2.848520422158423049e+00 4.484162739582066237e+00
2.477774847762825861e+00 4.447240540527282349e+00
2.378395315248515995e+00 4.449121426120654199e+00
2.806472593955827488e+00 4.631116948076081208e+00
2.272891213615941819e+00 4.418119291580151931e+00
2.575400393627963247e+00 4.434885349931144027e+00
2.714571468866711523e+00 4.471102521698192334e+00
2.553035529224171984e+00 4.528665374891390094e+00
2.864361474729171242e+00 4.556998380312549557e+00
2.892023988241233745e+00 4.494056715599193730e+00
2.407668892422588858e+00 4.445183919509407389e+00
2.994537884562501695e+00 4.463330786721267707e+00
2.646731937616062069e+00 4.455713571126249661e+00
2.657268532235187664e+00 4.463768696067646147e+00
3.313593080610581776e+00 4.490905617594016519e+00
2.603494496226845811e+00 4.469797232912690710e+00
2.703792457259645232e+00 4.478670730393275790e+00
2.288732086556828804e+00 4.432006067057591814e+00
2.419416111246075918e+00 4.418309511379431953e+00
2.046798573556678935e+00 4.412708868199151979e+00
2.513316090086679555e+00 4.471285459110924343e+00
2.860648147444766920e+00 4.451232476453680142e+00
3.388401502513056052e+00 4.491695229564127700e+00
2.971762224102277639e+00 4.383831607532073349e+00
3.163528389782393813e+00 4.559239610541543364e+00
3.193141691014358852e+00 4.432286729758063260e+00
2.030537052922232633e+00 4.436425860666566301e+00
2.809743927913928463e+00 4.513010024377329010e+00
2.755741774636982555e+00 4.342049406547165091e+00
2.704597496217880703e+00 4.412859243475968363e+00
2.857648123126898199e+00 4.528565956273434168e+00
2.449506992748382572e+00 4.397892253951625641e+00
2.529511101604773771e+00 4.391926795982729281e+00
2.132573776359389939e+00 4.399274282205240638e+00
2.939051000372221001e+00 4.580341027489919448e+00
2.428181524031103766e+00 4.460989926396440097e+00
2.196786334758781489e+00 4.480336724221774425e+00
2.058204749247710463e+00 4.461219957458482099e+00
2.617424818544212162e+00 4.460756843829510210e+00
2.358864630844689447e+00 4.439168147006000709e+00
2.590649499807704093e+00 4.436026150763875187e+00
4.366926976745296507e+00 4.551138472501412124e+00
2.989834744452716908e+00 4.418464568843264217e+00
2.754450743933484880e+00 4.427763553972889454e+00
2.142556604187869862e+00 4.341554321256007043e+00
2.420932542201811533e+00 4.436580793699798519e+00
1.605634398127978146e+00 4.513669683548084954e+00
3.088108940800591729e+00 4.441169139280823686e+00
2.734822823989717211e+00 4.490246637595471491e+00
2.370341951700842831e+00 4.646211605257808408e+00
2.614658961268608195e+00 4.433850258975422953e+00
2.607844693724296725e+00 4.436929722692756428e+00
3.050990130727359695e+00 4.455322086700920892e+00
2.537952381292966297e+00 4.407647973670329122e+00
1.626004986856507628e+00 4.455122817422654258e+00
1.511828830573743732e+00 4.468305513370204096e+00
2.748724991005249585e+00 4.492449078250297489e+00
2.723716385297022313e+00 4.334480614507477902e+00
2.653508557221624820e+00 4.368507657322886040e+00
2.941787058733176696e+00 4.421676126963467013e+00
2.537995118317487364e+00 4.436138734737205880e+00
3.130220033120682643e+00 4.472183694241687490e+00
2.362640776849200819e+00 4.462740822052214895e+00
2.905704757783262870e+00 4.386514610848180062e+00
3.032255181322257354e+00 4.430149520895583670e+00
2.253320716262281920e+00 4.430564847077564039e+00
2.847709287918129384e+00 4.459670781825298747e+00
3.215578401630942551e+00 4.507203998855294991e+00
2.559605595054392335e+00 4.444431194270773489e+00
3.527428291646429237e+00 4.473390297619590505e+00
3.148305405827417580e+00 4.533202185850591981e+00
1.995997860917221089e+00 4.441329278397500246e+00
3.138951827537128203e+00 4.429455306983255625e+00
2.359016363991445431e+00 4.353392875239888937e+00
2.483552737139730127e+00 4.472177902534326677e+00
2.764192994115992619e+00 4.453371718746586438e+00
3.027295284827042465e+00 4.448542656059808920e+00
2.818731655717236162e+00 4.476591368406169558e+00
2.422226941224503882e+00 4.442114501690546113e+00
2.887787320176852024e+00 4.569607302001408300e+00
2.821410708369184839e+00 4.480866190137097860e+00
2.234831321047589192e+00 4.597942886147573738e+00
2.773859342195701849e+00 4.553418424488236305e+00
2.747778069902903741e+00 4.489015871506526700e+00
2.932915552907390033e+00 4.415494404915069282e+00
3.151556819514622187e+00 4.464299136475320395e+00
2.848064220229162835e+00 4.553412452192995730e+00
3.024866347503878394e+00 4.496185374857013528e+00
2.764428405739122852e+00 4.589925558926474025e+00
2.740035314786852361e+00 4.442437864659079416e+00
2.039035833585586488e+00 4.437856990450907979e+00
2.689133755403541937e+00 4.489172973979279391e+00
2.393502817343759137e+00 4.466063154966212423e+00
3.091853164344506411e+00 4.471880656622437833e+00
2.623185886979331194e+00 4.402882111490936445e+00
2.009728679970079313e+00 4.410867350144054733e+00
2.844016101737274038e+00 4.474956945698778554e+00
2.494761796774267459e+00 4.418156966918311390e+00
2.806148678020536913e+00 4.562153224159946951e+00
1.985000859016431196e+00 4.416224971264723465e+00
3.512340773762344881e+00 4.448095565235361093e+00
2.456075253796786040e+00 4.387598966194895311e+00
2.824827997162470794e+00 4.480102978415440695e+00
2.401394633352092800e+00 4.556519393620005687e+00
2.638793496157158636e+00 4.484199989050670077e+00
2.675152036516833753e+00 4.368096555654921609e+00
2.121614946334216434e+00 4.401230686305697581e+00
1.904753543730561161e+00 4.424686544549409462e+00
2.913474005793714738e+00 4.476833492203340370e+00
2.762686448903927783e+00 4.403675000418976637e+00
2.377498256559119838e+00 4.556704037658843909e+00
3.462631205536456314e+00 4.498736472309392553e+00
2.524076581012649090e+00 4.391810721455431832e+00
2.379518481950285480e+00 4.512848958282731360e+00
2.389392710313889001e+00 4.398122525882184775e+00
2.627241788411825318e+00 4.427777336325189772e+00
3.002731149753256723e+00 4.460234020322851656e+00
1.855230546386299473e+00 4.433471724418229343e+00
2.175808371970157307e+00 4.419424173761251851e+00
2.788484510743368450e+00 4.417777364920087102e+00
3.350696247267788586e+00 4.516507677302852741e+00
3.205589720218473548e+00 4.455096733113765417e+00
2.574918378335071090e+00 4.392584135669626022e+00
2.448789352285788645e+00 4.433678791610319081e+00
1.826894144779260154e+00 4.464042204384765178e+00
2.965908157135388468e+00 4.428322056590214828e+00
2.861979404268889304e+00 4.444929276303848376e+00
3.007033572328724702e+00 4.452358352035448164e+00
2.542492597569530943e+00 4.438569867626658727e+00
2.990245924927047660e+00 4.491363350534776977e+00
2.259630820219905800e+00 4.451644618826441580e+00
3.805985901244014258e+00 4.445407215717533056e+00
2.770139225113115167e+00 4.474641517997218543e+00
1.955788940298928580e+00 4.431714763886982489e+00
3.192378355611499519e+00 4.487541685178205064e+00
2.926269724477973622e+00 4.480950740405106103e+00
2.294747349454265617e+00 4.415215644255526151e+00
2.348109618555048961e+00 4.475741277305430366e+00
1.803206440270952893e+00 4.367267738138679078e+00
2.674294274431634033e+00 4.403731890917465641e+00
2.393826722630108428e+00 4.605626468998925027e+00
2.996668965838042986e+00 4.512261916003840412e+00
2.359080109174719553e+00 4.424221905515969056e+00
3.110599072960792633e+00 4.469455031875027906e+00
2.812504464454388842e+00 4.488880867832516941e+00
2.341668772393750597e+00 4.471097938031967978e+00
3.080239406406725333e+00 4.533112973682375646e+00
2.655971162521995943e+00 4.516124676106931801e+00
3.115888884991805607e+00 4.522587987061792880e+00
3.321223693211099004e+00 4.463010214208741111e+00
2.665429696155807715e+00 4.449551602718492482e+00
2.742342618592465975e+00 4.452752971042557739e+00
2.952442917519785492e+00 4.555694137020947387e+00
2.026983622861497025e+00 4.460271762823246888e+00
2.237346928341569452e+00 4.354545511272796432e+00
2.834872822583501595e+00 4.390408721266171987e+00
2.491552265177828129e+00 4.421524373360464999e+00
2.105013977172476292e+00 4.407136050204005784e+00
2.586910747342247685e+00 4.445621339571605546e+00
2.592458568323310786e+00 4.472661913549925039e+00
2.137745245427519869e+00 4.439683021048645095e+00
2.259805899678935859e+00 4.450349820353641128e+00
3.013843912747576237e+00 4.492395686665138221e+00
2.758652485831528445e+00 4.382055314542759206e+00
2.535237749386293871e+00 4.431042968517052039e+00
2.400132314707289272e+00 4.397749145929084946e+00
3.087246295977162269e+00 4.570621490563958389e+00
2.494605685305548715e+00 4.462345321555380551e+00
2.969610553027621336e+00 4.402879950180023982e+00
3.436926749175520879e+00 4.525145814030564040e+00
2.204137593381103155e+00 4.460591892432638872e+00
3.461447243554995445e+00 4.515196448181029609e+00
2.724826222620149174e+00 4.523839931630754485e+00
2.480212843965889924e+00 4.438534221499832455e+00
2.128087470445086282e+00 4.390183189410411302e+00
2.640796403507365220e+00 4.426975648931706253e+00
3.360869728518741884e+00 4.434455681805522964e+00
3.110315943365534519e+00 4.486406306677736211e+00
2.344363588337167847e+00 4.361780811912902678e+00
3.563132759025175123e+00 4.480771033633528688e+00
2.353904069414859190e+00 4.446142844166129038e+00
