# 500 (alpha,mu) samples from hierarchical MCMC for Flecainide + Nav1.5-peak
1.486307338203174178e+00 5.347753412803829320e+00
1.881986748392630249e+00 5.190586930142241151e+00
2.642848185780335424e+00 5.080352064241017374e+00
1.603308961144814582e+00 5.082599619678871861e+00
1.743922795586347441e+00 5.047539480717015969e+00
1.979185762475748955e+00 5.361480803123386707e+00
1.628963668044012492e+00 5.249535043544361734e+00
1.799221057122523781e+00 5.220098780421347229e+00
1.532229717782629619e+00 5.108187798398122759e+00
1.706742300441792759e+00 4.988384712204501525e+00
1.626069964336207763e+00 5.360824522755804011e+00
2.105237620401520626e+00 5.120478530411775253e+00
1.427811906766401018e+00 5.266432523966696699e+00
1.377476407031017702e+00 5.335524995459024034e+00
2.051467551818453305e+00 5.209591137810234862e+00
1.518954247646358224e+00 5.508976246602887095e+00
1.807738031618034258e+00 5.138365406124631996e+00
2.179438263030462952e+00 5.339131167938846012e+00
2.011943278363653942e+00 5.002912406440870541e+00
2.117094698740292102e+00 5.036505812485925659e+00
2.090762712465588979e+00 5.202058803535655862e+00
2.908624051020037626e+00 5.566262863108182302e+00
1.637821611221891072e+00 5.205780585666198945e+00
1.748170089687666184e+00 5.068033861720341982e+00
1.945715089973925505e+00 5.312905730649218228e+00
1.903513354883099140e+00 5.140780496413862366e+00
2.244377240473879986e+00 5.069563713566632046e+00
1.866105000307494377e+00 5.045561318610899626e+00
2.392262412482685452e+00 5.201645699564772407e+00
2.397623330038713974e+00 5.008942257003415222e+00
1.132078603377082882e+00 4.839521819626530608e+00
2.355264371498830389e+00 5.649150268798534213e+00
2.050060118971506196e+00 5.138891013148954912e+00
2.780290298907534652e+00 5.295003941017188964e+00
2.239751735958408929e+00 5.228266045706117637e+00
1.919838521552254873e+00 5.220136613545166782e+00
2.496990663738466676e+00 5.253668882007055174e+00
2.018777948063550820e+00 5.151706946846361213e+00
1.432473573642301101e+00 5.100926676941759830e+00
2.434906105328662029e+00 5.129488731510659427e+00
2.576211584912886821e+00 5.119297299401260659e+00
1.410963314492135856e+00 5.059033498423506359e+00
1.911700137325684112e+00 5.168301499384658548e+00
1.751402613841200662e+00 5.384769715759591513e+00
1.934162999924273540e+00 5.321316183885820728e+00
1.884035921201437480e+00 5.191195380637330992e+00
1.892306589096912406e+00 5.039429887788579698e+00
1.699680560549666986e+00 5.096712143340612400e+00
1.764168989735223070e+00 5.179611088447641620e+00
2.068989501453886160e+00 4.952334218864950621e+00
1.629462521804134978e+00 5.251228324472955400e+00
1.953238314140994802e+00 5.165205096416459085e+00
1.452341521815014858e+00 5.228671906753066700e+00
2.357411895269809765e+00 5.175332863119941784e+00
1.776545182281818569e+00 5.189711601018839993e+00
1.998747713668839410e+00 5.313160392301641721e+00
1.827687788707391903e+00 5.322050106842595163e+00
2.130745484398156364e+00 5.201096321894411290e+00
1.794527164824120558e+00 5.154143612890203840e+00
1.986154133841899760e+00 5.003956157012106942e+00
2.601297487517931550e+00 5.178008532995063362e+00
1.802843052994785422e+00 5.292868436555348666e+00
1.671540404565244442e+00 5.549867070006268222e+00
2.133219390610877841e+00 5.086712790855420607e+00
1.877395897586819018e+00 5.008780635748857790e+00
1.672657573590248026e+00 5.198843639508460512e+00
1.792782931163100280e+00 5.316337427713221153e+00
2.364550192112199856e+00 5.313865413845726415e+00
1.498205799914729575e+00 5.171903694582361766e+00
1.428020330870444443e+00 5.157231618728690847e+00
2.552819893260744433e+00 5.104257820192846573e+00
1.678827382951687763e+00 5.094282513700462367e+00
1.043948988980262227e+00 4.837548201862603925e+00
2.152517391965339311e+00 5.167612563497899991e+00
1.698985064317261484e+00 5.270002236271871254e+00
2.154949826039328720e+00 5.181727196626409793e+00
2.438098739215574184e+00 5.214226774060048086e+00
2.511632145391382576e+00 5.184379149208019122e+00
1.934702517566810887e+00 5.133948364545508625e+00
1.436533462108632975e+00 5.168715208793650540e+00
2.267276087393120143e+00 5.220280720022363319e+00
1.834565090070043203e+00 5.384133730425265441e+00
2.227020631055486088e+00 4.987968913787397263e+00
1.966176613720247879e+00 5.252979795144701036e+00
1.783407378619748851e+00 5.245817050469575804e+00
1.937231849770233216e+00 5.074276126034865442e+00
2.021094085037434596e+00 4.987362487421342472e+00
2.112471505569663677e+00 5.201624096251633134e+00
2.168326103097006907e+00 5.250457083542161563e+00
2.446243536890838843e+00 5.177277161803961469e+00
1.192401930717356562e+00 5.351885063990631686e+00
2.520434921252519000e+00 5.119575868959980625e+00
1.917416961375559170e+00 4.915598322458633262e+00
1.626449200627598124e+00 5.098759898864273943e+00
2.081927080056117152e+00 5.049065923848266024e+00
2.065578306497203975e+00 4.996786813945158556e+00
1.624933073801070327e+00 5.100390741144961382e+00
1.450927905912561711e+00 5.301538721490977046e+00
1.725568767482898114e+00 5.159045007655727488e+00
2.650806895511300887e+00 5.145101920849890043e+00
1.736174735503750899e+00 5.057855763166839047e+00
2.102966444631757970e+00 5.125416099682907678e+00
2.629691294388485368e+00 5.235263574908450401e+00
1.803519649935766633e+00 5.260184848126643331e+00
1.479761475495222189e+00 5.236393260257502291e+00
1.724152828918128266e+00 5.208221331286091882e+00
1.809525152150204264e+00 5.456202480605802485e+00
1.914914619633405035e+00 5.109444485025474769e+00
2.411977434891348082e+00 5.232983231972519356e+00
1.946305742167026676e+00 5.308579633617506843e+00
1.621127432572688987e+00 5.173900793179836199e+00
2.137181200830895023e+00 4.912299329906336887e+00
2.634639484947465249e+00 5.269406855879701368e+00
2.128849616191768934e+00 5.244792886805266896e+00
1.534835973076326132e+00 5.223648324689309952e+00
1.361387481046187009e+00 5.083924018879055318e+00
1.535572173015525843e+00 5.202248234787131054e+00
1.718081900931018202e+00 5.310870928761564969e+00
1.883920184199527004e+00 5.043868090096863988e+00
2.423355473475266919e+00 5.211079980856916372e+00
1.108657237697310505e+00 5.070368487495479748e+00
1.835556728399830639e+00 5.153313905076974066e+00
1.604357349911558206e+00 5.142531822822546950e+00
1.585776489734369576e+00 5.243444051767113478e+00
1.834777635199424051e+00 5.256916070452576584e+00
1.748999262872760863e+00 5.064677728127356282e+00
3.107994083683709885e+00 5.352136365457120348e+00
2.040887038678873111e+00 5.066007047766079019e+00
2.179936859196395904e+00 5.201761166721744267e+00
2.116290498010920285e+00 5.153281259266804248e+00
2.024788121879480318e+00 5.303686712321144192e+00
2.294960321687545601e+00 5.161981521243653503e+00
2.098809304066781678e+00 5.022610963794361005e+00
1.545734019268001358e+00 5.277741947345592877e+00
2.192751655223259544e+00 5.105155600695090001e+00
1.696336898859559739e+00 5.007396202561650078e+00
2.344543439002507057e+00 5.188851272096812295e+00
1.735560270300119168e+00 5.172154398425455213e+00
1.747850914129778888e+00 5.058220557600454192e+00
2.045516318739073025e+00 5.171271958267176672e+00
1.916830489411666782e+00 5.143167399739400736e+00
2.168770751295992394e+00 5.134849968924143582e+00
1.846178483313418495e+00 5.284652047530951968e+00
1.881785957937261555e+00 5.249928422387141858e+00
1.697582200073670888e+00 5.067252629327631652e+00
1.847669489295828749e+00 5.150897738532707493e+00
1.460052730011948352e+00 5.372466333040447850e+00
2.065096789669310873e+00 5.076916466163349462e+00
1.647258796065920183e+00 5.149754500969788928e+00
1.848894897964704631e+00 5.198363034599245758e+00
1.476582736939681340e+00 5.141101786589790557e+00
2.257141501125649707e+00 5.387409088425121340e+00
1.364783733228126072e+00 5.261679770345245366e+00
2.234682513957594541e+00 5.150211283810731011e+00
2.317476248408611106e+00 5.234976149678349344e+00
2.478595130575071082e+00 5.064131581868068110e+00
1.786203391500780224e+00 5.319172735084070069e+00
1.639536633676971666e+00 5.160331967717358914e+00
3.088226977918760330e+00 5.007918422328875074e+00
1.900645718625953773e+00 5.364447416381858069e+00
1.825618925518269986e+00 5.018674326782956108e+00
1.939517443401864050e+00 5.011060805071896773e+00
1.721368204935994628e+00 5.172820623750406632e+00
1.852921384734311339e+00 5.110942845726047956e+00
2.128577949755683374e+00 5.244512332096797458e+00
2.703465300387865700e+00 5.028347086091039309e+00
1.530781467074621149e+00 5.008599443647019811e+00
1.858768949285180438e+00 5.060151493312863735e+00
2.306133924460132878e+00 5.175246001186333267e+00
2.641092131544887867e+00 4.990259120189159070e+00
1.854162813050692193e+00 4.914493077267219512e+00
1.818354641601974686e+00 5.374641267043787529e+00
1.881753313522749771e+00 5.385116554361046859e+00
1.911032661108339026e+00 5.328481239029488670e+00
1.966416917668088127e+00 4.971635860818008901e+00
2.148818672701655164e+00 4.892608577576279316e+00
1.803711127861929553e+00 5.142033142227495190e+00
1.548787534944694677e+00 4.785289035331148355e+00
2.824416728650746666e+00 5.227519557499099356e+00
2.222063599468549366e+00 5.214175320738290154e+00
2.297627825117473765e+00 5.409028407113389392e+00
1.639566703031099859e+00 5.300062377337783737e+00
2.073264287638993064e+00 5.025698543237391291e+00
1.923152749988571664e+00 4.984223081271197842e+00
1.567086150892550211e+00 5.023993958804987336e+00
2.023168179333264316e+00 5.306798615114470152e+00
2.814943414074864148e+00 5.243245088079663496e+00
1.747413632471775280e+00 5.321680674159599000e+00
2.256244429120545902e+00 4.966707120056804037e+00
1.885993498984189776e+00 5.179328366094928526e+00
2.786035728671643952e+00 5.202167700473559364e+00
1.672993872297085849e+00 5.155590354042993262e+00
2.120768853960047107e+00 5.253130607084982806e+00
1.964139281303316498e+00 5.282499315981875831e+00
1.256911215683669480e+00 5.157976519147398520e+00
1.802321745160118338e+00 5.102040274393579544e+00
1.981143786359435000e+00 5.088188170084916528e+00
2.025742014868971541e+00 5.321042977694744103e+00
1.719564622942171939e+00 5.249458078235669234e+00
1.502538587057746566e+00 5.302597020006555972e+00
1.450739919996577809e+00 5.019516070749528325e+00
1.899632619423125890e+00 5.290265215474806659e+00
2.288324262998847836e+00 5.332549417246597478e+00
2.105927931667692210e+00 5.248470993718004962e+00
1.870806834608734093e+00 5.275601480676964883e+00
2.013112792706031939e+00 5.141977348658680391e+00
1.348235091236708705e+00 5.046474395786841427e+00
2.685386415540420568e+00 5.154402376198946811e+00
1.444108233429158172e+00 5.204383715396961207e+00
1.538421587800526069e+00 5.178116298227976699e+00
1.938686419275943873e+00 5.374509566723824072e+00
1.889923152546692187e+00 5.207364543564009018e+00
1.728748991461195761e+00 5.126884447968288683e+00
1.979684765517594647e+00 5.546966983112555205e+00
1.462464810932651016e+00 5.126662624802439616e+00
2.104564730643528669e+00 5.155499018888621166e+00
1.568868427634670049e+00 5.352014235807105891e+00
1.739341710901437077e+00 5.036790666585100773e+00
1.821040882435900343e+00 5.179184017516727856e+00
1.763061765730749686e+00 5.134586651275552249e+00
2.145774492323276217e+00 5.275865597402702889e+00
1.730105858594275237e+00 5.097404315187351820e+00
1.776556442496522559e+00 5.490780770971216640e+00
1.781880627173135334e+00 5.231667464356502428e+00
1.219425676268011127e+00 5.194058077388897132e+00
2.310609249424466327e+00 5.312844633077668632e+00
2.123776618588647302e+00 4.919043116761796064e+00
1.633406897177473560e+00 5.442843950523931440e+00
2.718811412788387116e+00 5.126275102041737419e+00
2.619328176474256420e+00 5.225375324610620709e+00
2.147262786310654814e+00 4.960124770568269170e+00
2.294355074504555336e+00 5.509556934030588771e+00
2.447225634029829955e+00 5.118371528729645625e+00
2.043753273092146383e+00 5.219978515466277003e+00
2.003038676376224014e+00 5.082513728258909680e+00
1.862959207306802645e+00 5.082331008468123912e+00
1.807624022627886351e+00 5.067508788707606016e+00
1.701907608252503756e+00 5.228280640663073520e+00
1.670131506188615056e+00 5.250781246057088403e+00
2.087085014591912646e+00 5.211074751191097754e+00
2.009735044248141644e+00 5.245302425158383741e+00
2.608320737788808241e+00 5.105804088069232805e+00
1.994757856639320037e+00 5.394222551563764512e+00
1.812225625712434507e+00 5.243730891476738876e+00
1.709669328246494313e+00 5.154255988507133068e+00
2.150023252607200508e+00 5.183552297650555474e+00
1.803816783160314685e+00 5.139606306872301467e+00
1.919429608210721838e+00 5.223222672763514041e+00
1.834930407515179107e+00 5.176199639387569107e+00
2.147858613128683647e+00 5.107950225072935169e+00
2.602602941506926282e+00 4.986552461899871780e+00
1.924408582914956645e+00 5.193695585786531232e+00
2.529663222854656279e+00 5.285886420647828210e+00
2.166966634661978919e+00 5.277801604470756303e+00
1.752374575529648482e+00 5.256468058422204770e+00
2.051668931195042678e+00 5.289022721794654380e+00
1.798962528808477401e+00 5.036149205294154996e+00
1.990676565190820257e+00 5.239488522848548158e+00
2.157841370982353624e+00 5.189918155064034089e+00
2.113368918612866132e+00 5.064597775056002504e+00
1.669133521226290329e+00 5.114091655603631104e+00
1.723856331396045549e+00 5.153820459894878248e+00
1.627433176441850593e+00 5.179570640593710529e+00
1.957033822489209873e+00 5.005382699820919434e+00
1.601996652061293158e+00 5.250295912479921334e+00
1.665877819862778386e+00 5.121024609964254459e+00
2.725621903323087292e+00 5.265329244884941140e+00
2.043935555102027291e+00 5.102121555229768290e+00
2.014587475499759250e+00 5.242314560138217949e+00
1.872314922515128544e+00 5.238562489364593233e+00
1.631786232541536208e+00 5.366253361940433564e+00
1.981789710498720103e+00 5.062479303631690186e+00
1.665920838357002109e+00 5.285479854076790218e+00
2.411098281902918306e+00 5.238683248796955461e+00
1.853422766246576758e+00 5.288536077366403632e+00
1.363375183974899318e+00 5.222606804023995686e+00
2.084909569724137324e+00 5.197378385873708595e+00
2.976954093720292516e+00 5.431255989549266694e+00
2.485262106292918549e+00 5.183060126526148892e+00
1.887950258805437320e+00 5.288966688131105265e+00
1.881694531527430492e+00 5.385243803727359335e+00
1.324655191676685995e+00 5.026390916774224671e+00
1.981740743597149912e+00 5.141357850281296216e+00
1.925950235969132285e+00 5.034048832418865693e+00
2.001413428200811140e+00 5.125031414111795414e+00
3.041629897780575575e+00 5.226329434480025071e+00
1.508706549770967964e+00 5.417435957804875635e+00
1.493926066247013740e+00 5.391471230032506057e+00
2.330844008095009467e+00 5.243913505864204794e+00
2.064099593365514185e+00 5.218102888056988853e+00
2.108682959019990921e+00 5.205602339065524831e+00
1.522222918631956912e+00 5.094686713759508656e+00
1.848486385273063082e+00 5.233747790126830779e+00
2.559214416768290867e+00 5.068584151050490760e+00
2.515789209550592709e+00 5.226631201626124934e+00
1.768079109235706436e+00 5.278480970632100977e+00
1.488519122872455691e+00 5.160616189569955381e+00
1.799447488481974888e+00 5.248495165552850672e+00
1.845569697785157004e+00 5.273879513820133980e+00
2.151659150510233154e+00 5.113086957576603808e+00
1.898777198441508940e+00 5.400211288191925973e+00
2.104564730643528669e+00 5.155499018888621166e+00
1.544777564273834169e+00 5.528018388216108470e+00
1.957530239015955686e+00 5.236611393881624110e+00
1.592172913510853327e+00 5.169035514638820494e+00
1.318936130802618401e+00 5.204660997396243438e+00
1.857775296280647082e+00 5.202315889684952843e+00
1.611984349291498697e+00 5.036195594175886470e+00
1.619956886194882761e+00 5.238603868496591431e+00
1.646561803901745780e+00 5.244454000681890271e+00
2.208015442263098649e+00 5.384785554630397542e+00
2.254374833233521169e+00 5.166015449873693655e+00
1.910659266804527023e+00 5.524110221596154169e+00
2.435800404153761978e+00 5.040228658414572571e+00
1.241369914762371129e+00 5.052242715860025157e+00
1.742440514913459415e+00 5.261859969991342645e+00
1.801511416445551461e+00 5.096294962142202678e+00
2.292083808253201571e+00 5.250010851114468302e+00
2.138961307985334681e+00 5.090283227294363222e+00
1.850588058954084625e+00 5.179658383035475211e+00
1.776581596051446166e+00 5.114613775297807585e+00
1.928284766935752126e+00 5.055043918444862783e+00
2.183826551233532420e+00 5.087931323113732418e+00
1.981485221843393596e+00 5.042858914604786413e+00
1.946663278077476633e+00 5.169964738946398519e+00
1.620447681798610873e+00 5.191015386974856760e+00
2.419783306990313854e+00 5.338019357732769699e+00
2.125195660805097919e+00 5.266248534133104009e+00
2.596565794274019456e+00 5.214178654537069413e+00
1.611984349291498697e+00 5.036195594175886470e+00
1.665823552608695968e+00 4.733947699117115882e+00
1.679232009288849969e+00 4.951077168054560218e+00
2.231366870268322256e+00 5.056466500119468854e+00
1.588830419282881934e+00 5.218050821513426918e+00
1.785652325211070979e+00 5.264999090027860262e+00
3.190525069867933272e+00 5.238185246939066175e+00
2.106271009652194159e+00 5.076612829649644887e+00
1.889563689882996389e+00 5.304503756017064475e+00
1.760818021772198927e+00 5.020685701355109387e+00
1.926035944746456119e+00 5.213796547895118039e+00
1.531725361652737316e+00 5.452572175962007606e+00
1.721632667706771480e+00 5.282748115603722816e+00
1.741525512221057781e+00 5.108883246398960409e+00
1.283274666878001957e+00 5.276795966450981368e+00
1.891347017325589963e+00 4.691852562705863150e+00
1.936225807612598437e+00 5.281704262476223377e+00
1.324580337268644881e+00 5.249775221775220935e+00
1.354031436054493831e+00 5.132222402831951413e+00
1.878846490043289297e+00 5.118709750123420221e+00
1.632019655573738293e+00 5.162126303219369383e+00
1.154575269997772935e+00 5.216776044068418550e+00
1.703561300887648899e+00 5.145589413685507374e+00
1.939513710231171917e+00 5.254130777523355000e+00
2.157036301906824605e+00 5.211860504351849777e+00
1.441796540266742976e+00 5.121706173603393530e+00
1.839501969318872998e+00 4.883722464245542128e+00
2.419379397538259369e+00 5.039815575913731749e+00
1.971023438059347432e+00 5.181024561751500279e+00
3.043046621468500135e+00 5.268631756809320166e+00
1.805990740505110548e+00 4.929195877142916515e+00
1.898595242465658472e+00 4.941985355656769663e+00
1.488027083671184636e+00 5.010848171088494674e+00
1.958168834358674060e+00 5.510832056824456870e+00
1.485726119449553684e+00 5.299379905609807651e+00
1.762796991810175129e+00 5.106829483163110694e+00
1.823897772700056485e+00 5.387492881461084515e+00
1.621287011244912035e+00 5.029503264051180089e+00
2.374497729070887075e+00 4.946451672611900996e+00
1.776581596051446166e+00 5.114613775297807585e+00
1.864788700554920409e+00 5.368583902457634061e+00
1.804228344253373084e+00 5.165329241137375682e+00
1.569339091365320238e+00 5.129401301626549170e+00
1.825948052059036542e+00 5.335932827461568273e+00
1.871601786803601453e+00 5.057882945240168127e+00
1.623219627518896147e+00 5.193098921326022577e+00
1.421342449064350255e+00 5.315314378062708123e+00
2.574335406528741377e+00 5.244260404067984993e+00
1.773027640069319011e+00 5.426750760604605262e+00
2.234650043373750616e+00 5.249381726710445228e+00
2.136400809794322786e+00 5.256207609569544026e+00
2.292056770760456441e+00 5.031990270574061341e+00
1.500855381097984553e+00 5.306402936836003725e+00
1.695018480720672960e+00 5.308613928774649438e+00
1.884585598304361120e+00 5.196160686009065444e+00
2.344018983333603590e+00 5.089798921107331786e+00
1.930432015200753026e+00 5.199442260400999771e+00
1.403084426777490679e+00 5.168243870539706464e+00
1.875858113523945825e+00 5.226116706425588454e+00
2.039064563744447334e+00 5.087147952952623342e+00
1.923108695375883581e+00 5.328524534724921935e+00
2.998522281207707696e+00 5.287626598046894166e+00
1.623380253189278699e+00 5.213072536454483874e+00
2.561476929535756231e+00 5.320329002135348873e+00
1.624286345483895611e+00 5.260578060468882988e+00
1.690921607279244121e+00 5.255067483710546661e+00
1.774793822815757816e+00 5.210465271149969269e+00
1.536094076514140871e+00 5.278930646598587906e+00
2.354731645046697519e+00 4.923486707395388073e+00
1.470549013547476580e+00 5.484408255679145583e+00
1.619327153422227550e+00 5.260394086344004627e+00
1.938821600621922769e+00 5.037615552351762283e+00
1.923693331461671541e+00 5.161860194744487096e+00
1.683676171304826497e+00 5.150741928872160535e+00
2.440788851512136315e+00 5.193071047166387899e+00
2.372487716022246840e+00 5.194267557950023040e+00
1.534504254886157160e+00 5.039346691432858627e+00
1.714463972197626251e+00 4.893119177706054757e+00
2.304209539838371956e+00 5.154986279703746455e+00
1.738556411951504899e+00 4.919147837762642084e+00
1.648484241343802337e+00 5.284192497844682812e+00
1.864764672390762934e+00 5.250169162206507423e+00
1.788815186063054563e+00 4.995261026046700970e+00
1.658633222013548680e+00 5.238385997945023576e+00
2.151890362340531215e+00 5.256917765692876721e+00
2.016274988289161296e+00 5.243687127793223546e+00
2.499646734971188611e+00 5.183325491860308887e+00
2.184694310773474424e+00 5.207426052557314833e+00
1.540453758023470732e+00 5.175336232784227164e+00
2.107927876538455703e+00 5.166316839961945462e+00
2.027622326416230969e+00 5.413617660950764687e+00
2.383968376850470250e+00 5.024303414720212579e+00
2.118557742862427151e+00 5.385371647107113802e+00
1.488241486612702058e+00 5.244437372476932424e+00
2.148917683981072191e+00 5.212863405266677574e+00
1.806007485584477434e+00 5.177652064229083528e+00
2.420332851037754196e+00 5.272895367667073785e+00
1.833078366944439930e+00 5.336632714108394460e+00
2.072077829783478986e+00 5.021398666253748644e+00
1.961743006991738536e+00 5.305412746799728296e+00
2.260775970293047443e+00 5.121004567827892373e+00
1.515227604512202619e+00 5.259092628964472382e+00
2.712569444304579136e+00 5.205555736019643831e+00
1.801173818475943600e+00 5.399807649962633960e+00
1.686711246801394948e+00 5.151385746354627315e+00
2.200637206844461069e+00 5.170694858975539709e+00
2.456315339614004944e+00 5.248805348668553528e+00
1.966981782770478526e+00 5.248020789847078760e+00
1.758424815145939846e+00 5.067708879618169959e+00
1.670744353246626845e+00 5.220837849486832383e+00
1.837764523420370777e+00 5.421094412067964718e+00
1.614823167546733274e+00 5.404438614324306833e+00
1.797865929840159582e+00 5.157108072473427285e+00
1.733368589502352952e+00 4.986727056614667752e+00
1.591894991253691716e+00 5.230306329758442452e+00
2.760723415530656588e+00 5.217609020390502117e+00
1.957785247830999165e+00 5.119104547234745617e+00
1.319733923337900183e+00 5.252719290664933816e+00
1.968320770546785337e+00 5.144911946898877986e+00
2.680245719599016141e+00 5.163041822190020724e+00
1.174046132033793155e+00 5.061533889602862324e+00
1.924507891987105035e+00 4.825695985163129365e+00
2.480823084414033985e+00 5.224937340525984908e+00
1.640087767862579371e+00 5.198694346487088502e+00
1.728815283493811528e+00 4.980602283223288573e+00
3.110275031205020024e+00 5.101115171116324731e+00
1.989698886553667778e+00 5.228025484035275561e+00
1.542497812836297832e+00 4.904855919744794512e+00
1.885265563115338994e+00 5.091002087350386951e+00
2.404776985662044009e+00 5.136466467308119732e+00
1.980660124200628092e+00 5.418552111228651214e+00
2.395651592164915744e+00 5.336034534817052588e+00
1.493150505397011329e+00 5.130543444376542972e+00
2.411907083009035890e+00 5.117342449055717779e+00
1.806883101512340106e+00 5.262112509630775925e+00
1.560681533640313035e+00 5.234857117640862256e+00
1.907169876009140230e+00 5.347828392304184497e+00
2.486726836749468816e+00 5.469753261573183423e+00
2.283357163115427912e+00 5.198641685769390008e+00
2.308279319570536003e+00 5.223143941636035237e+00
1.689610265910019393e+00 5.265778011084806920e+00
1.671447546156512365e+00 5.278385628225221282e+00
2.516178453283280270e+00 5.177026883401394386e+00
2.716035078353363996e+00 5.142771569443334911e+00
2.242491515010420766e+00 5.179613833353513108e+00
1.837561512510382578e+00 5.214332048138254017e+00
1.674160222855436864e+00 5.208539644253870726e+00
2.001291634589725366e+00 5.242557655001192529e+00
1.456338474536365224e+00 5.072313827936211439e+00
2.021573675255857072e+00 5.207566693122791079e+00
2.715643882267805065e+00 5.078991735082589720e+00
1.319045706206649848e+00 5.388457515329519332e+00
2.335761386695199615e+00 5.142246097890368794e+00
1.917024597734614755e+00 5.131345140138336092e+00
2.083924326660256288e+00 5.050754542926706669e+00
2.553877123739428434e+00 5.272300441213667810e+00
3.222731446025729696e+00 5.044117500301332768e+00
1.606818694402472270e+00 5.273986381290478143e+00
2.228150845179508455e+00 5.212028877350408429e+00
1.956686700263413403e+00 5.244360232261311872e+00
1.343789755136457043e+00 5.242299611743636234e+00
1.799687138706675515e+00 5.272495199903757701e+00
1.373488461342396327e+00 5.265003683406890289e+00
1.774363678437707703e+00 5.225976900099343680e+00
1.324580337268644881e+00 5.249775221775220935e+00
1.951832329605290184e+00 5.141310657578253895e+00
1.923026722255991583e+00 5.076104036361668292e+00
2.100801120072005812e+00 5.195878097741075230e+00
1.923110527608533182e+00 5.153049627212811679e+00
1.724051356331854246e+00 5.238510727941484646e+00
1.728409861862214347e+00 5.172852105728105165e+00
