# Hierarchical MCMC downsampled to get 500 samples: alpha, mu
5.232866514796981061e-01 4.564849353792447495e+00
7.258869173568822664e-01 4.816458902591545410e+00
6.998477385484098701e-01 4.810545349693173378e+00
8.145036362956301623e-01 4.767952637855474407e+00
6.724509735947469258e-01 4.596786110983095419e+00
6.763134195835497353e-01 4.683705608713204960e+00
7.972353968143184311e-01 4.788238338545173001e+00
5.814177042891388592e-01 4.715808763626267108e+00
6.940928144112260556e-01 4.709421610675198266e+00
6.886404879615465324e-01 4.799659386405797257e+00
6.164054922943238424e-01 4.778944581597507124e+00
6.619740949381174300e-01 4.716092735776701517e+00
7.016366661342663402e-01 4.785167713695172687e+00
7.076779291061126020e-01 4.790976510986812542e+00
6.949941850682412881e-01 4.656065898414242454e+00
7.021262663940444071e-01 4.819290878031126546e+00
8.542413602244484094e-01 4.683833465755451897e+00
8.494898419985709159e-01 4.775086266547013736e+00
7.092627493830944152e-01 4.750259394478172581e+00
5.771824644858201125e-01 4.545764492554947189e+00
7.501461243836211601e-01 4.789095961955573522e+00
7.407876513774068750e-01 4.811824194525296861e+00
7.100654680993995216e-01 4.787924399360795391e+00
7.093310137141202176e-01 4.879353627092695156e+00
5.635627134068980082e-01 4.602801950592852798e+00
8.016795490391499523e-01 4.772849339932436763e+00
7.024348699403357710e-01 4.742103925418906130e+00
1.088827017103075168e+00 4.709609359486728763e+00
4.153892320375798253e-01 4.679104833521605222e+00
8.865837136316475631e-01 4.770708411931535942e+00
7.571203258260821300e-01 4.946200049089748418e+00
6.610615377165396378e-01 4.694803208109370907e+00
5.932260341149063754e-01 4.721011832259677021e+00
8.250020050266013705e-01 4.756356453731171108e+00
7.381784376248522461e-01 4.761928316512801018e+00
7.039725218804483431e-01 4.856275311269773631e+00
7.605022965686815128e-01 4.908213974774659150e+00
5.320507161272812757e-01 4.742109906773487538e+00
8.144488259249709206e-01 4.866123118623239208e+00
5.017902287437450148e-01 4.810796968225044878e+00
6.149725140920134780e-01 4.722831534668333830e+00
7.662414482196754362e-01 4.687503559453684687e+00
6.801137616430799060e-01 4.796038341425759910e+00
6.504973772376121399e-01 4.795404351226544293e+00
7.284929722284506637e-01 4.672304444538235124e+00
1.731932200048592385e+00 4.800141311659954724e+00
6.788830612045358981e-01 4.814025183967730825e+00
8.111079881862538477e-01 4.679631865465751162e+00
7.101086972937137309e-01 4.686816801405586652e+00
5.396841590711809467e-01 4.677450862873737236e+00
8.079600594932299096e-01 4.985665994648890376e+00
5.940464710515243052e-01 4.715945347636877116e+00
7.212731906682691152e-01 4.506809090055963196e+00
9.640052616716087153e-01 4.740914681482966131e+00
6.179714295341347530e-01 4.643275952600886214e+00
7.800120766102874859e-01 4.854475591512311894e+00
7.915239934585101000e-01 4.899528810320647132e+00
4.678703450180560774e-01 4.899981991959433181e+00
9.019307873910544782e-01 4.954098692206152066e+00
5.908847451735038669e-01 4.741355839729182620e+00
6.699087142763657798e-01 4.588600361073762457e+00
8.070759468545160020e-01 4.861953428231659657e+00
6.638906574011166351e-01 4.563740000389123530e+00
9.900396278398461147e-01 4.781582897339880844e+00
7.435809674259845625e-01 4.706388153367043081e+00
5.675309676564954664e-01 4.733232119058617293e+00
7.541105372361920356e-01 4.694640489706133124e+00
7.463630056037522387e-01 4.778898824662896061e+00
8.922416391707512773e-01 4.713882849374152251e+00
7.095102782020251686e-01 4.715279021334580989e+00
9.229363986231811090e-01 4.695957215076936642e+00
9.019816209820689101e-01 4.659249668909589026e+00
1.116220021057195977e+00 4.777951156910852148e+00
7.391392411302835086e-01 4.628064261734929019e+00
6.170391004435272775e-01 4.731737891867603629e+00
6.633031868968070066e-01 4.640478733858755866e+00
6.241148087789377685e-01 4.606475375313658915e+00
8.661758954602579719e-01 4.692622002219929200e+00
7.563170961289157335e-01 4.822625945438754336e+00
6.016737653206823966e-01 4.711488529774571887e+00
8.385349926491839634e-01 4.675667919215314328e+00
7.702810183494795959e-01 4.795552359566458200e+00
7.252797737928325938e-01 4.654491891563703021e+00
6.265021699382340437e-01 4.736383386907915494e+00
7.303856590345845223e-01 4.675892572505463640e+00
8.292045111975319127e-01 4.909505755665550808e+00
7.271141648308753203e-01 4.741458338573347753e+00
5.135528089929783935e-01 4.835062911690402920e+00
7.173772619095128977e-01 4.825804757049033888e+00
5.585631627136977695e-01 4.757413047094421366e+00
8.584406790605737525e-01 4.523485758145161739e+00
8.284004004129377208e-01 4.629407897616482082e+00
8.313143410887724460e-01 4.739945100829856983e+00
7.349001095562822661e-01 4.705958198594990094e+00
5.183220694134423878e-01 4.659842700417909711e+00
6.874542462171817636e-01 4.822042441784059719e+00
6.955074293029978039e-01 4.589653292517949623e+00
6.853686689070349614e-01 4.721582949284884201e+00
6.297959576804557091e-01 4.721752943774362166e+00
6.301632336329655582e-01 4.661512813367644448e+00
6.813305327284103763e-01 4.762455231522186416e+00
7.803835478135368042e-01 4.837106846623335343e+00
8.012188494688611273e-01 4.575959303186670546e+00
6.946040635595588375e-01 4.768375747355071859e+00
7.029428243845818880e-01 4.708381672236461313e+00
6.233655920119381966e-01 4.574650739215236683e+00
7.251434318414700098e-01 4.897508946987403355e+00
6.168233193947193493e-01 4.734703132944313886e+00
5.595249684808712987e-01 4.668769727628999000e+00
9.869628381405156636e-01 4.610426305342559594e+00
6.119099655506657909e-01 4.771662129183768641e+00
7.405518021376844562e-01 4.669535197101206236e+00
8.052734864167311324e-01 4.678856110734970208e+00
7.915789680651638127e-01 4.736947344952687544e+00
6.418586260683264433e-01 4.478417364835539871e+00
6.255542816323773625e-01 4.750637691189207423e+00
7.008985043041051632e-01 4.805091318295219516e+00
7.147129558894946832e-01 4.730263452959131421e+00
6.320329387493469619e-01 4.667028822731177584e+00
6.235670764028727886e-01 4.770484441051897839e+00
8.134364679724683800e-01 4.843232714229130487e+00
8.209640261445466658e-01 4.767856893367002691e+00
6.477549904737589515e-01 4.771327724520465274e+00
6.458406118480513047e-01 4.762526298022460303e+00
7.378444475929193391e-01 4.710445755460678008e+00
7.006424621049821555e-01 4.879793442809590154e+00
5.472705771560083532e-01 4.630975531140700596e+00
1.066175852417485359e+00 4.720565252622066943e+00
6.560711518755466543e-01 4.775430532942121609e+00
6.793057414798280291e-01 4.669613752311179589e+00
6.149725140920134780e-01 4.722831534668333830e+00
6.645062941205857054e-01 4.801989090562086560e+00
6.852251081559976864e-01 4.799003128196036805e+00
6.037416743078387604e-01 4.768030937879125020e+00
5.771403660062408569e-01 4.736088482757009110e+00
8.719644809667510543e-01 4.753962869742681008e+00
7.660488393511147853e-01 4.530808545001297816e+00
7.036735046237512226e-01 4.553640348056164022e+00
9.806813670570320163e-01 4.892610485881055737e+00
9.146594804325629546e-01 4.741184112918538140e+00
6.637432166754951846e-01 4.746240237439523391e+00
5.309207446189935231e-01 4.638066774818509153e+00
6.552679930333522584e-01 4.652442977274690250e+00
8.642613256630345964e-01 4.602660836744138173e+00
8.176400638521348352e-01 4.768931856586513973e+00
5.907585919858653334e-01 4.816277527974968109e+00
7.549232671816539231e-01 4.806204611605267019e+00
7.295689260483690930e-01 4.665611957261894815e+00
6.047093513583514657e-01 4.717318158701195863e+00
6.881529277682313372e-01 4.698492898790822991e+00
6.078917926086899737e-01 4.707207883514823443e+00
9.527937036912289548e-01 4.726247231302432183e+00
7.053906402625065297e-01 4.885343449967892937e+00
7.796687218437843292e-01 4.720624758563833012e+00
9.029858599927512719e-01 4.659696654001238336e+00
8.843847071755280842e-01 4.832072218179385814e+00
7.274941537798007563e-01 4.725696940640053967e+00
6.426754857940748522e-01 4.746250845675153762e+00
7.447629217230009591e-01 4.835215885432753602e+00
6.897344099566046216e-01 4.741973784729288433e+00
8.141352757936155538e-01 4.675984117915541916e+00
6.202050071607315695e-01 4.708793991264196954e+00
7.535023451248479276e-01 4.558917447362734521e+00
6.969931857854894108e-01 4.792032493621567468e+00
7.010686569552193603e-01 4.632916117014241664e+00
7.279429585244665546e-01 4.627363486562173556e+00
6.904404568527694463e-01 4.621140564333108713e+00
5.971982998353353445e-01 4.574646156580739031e+00
7.675749578845197929e-01 4.702102222591483027e+00
7.244976024316156504e-01 4.770337007899986936e+00
9.456571161580442642e-01 4.707709177102739950e+00
6.065287536004014823e-01 4.798495266644036583e+00
8.427480809898297842e-01 4.730807316141988572e+00
6.582043115285769463e-01 4.748722478927183133e+00
5.449044022538475085e-01 4.628913990564632819e+00
5.278039736039498164e-01 4.619951713669671278e+00
6.107275195261355760e-01 4.769290345383438989e+00
5.997447798073746172e-01 4.753015672042804063e+00
7.521528613350255688e-01 4.641525211381582139e+00
8.137256103931337359e-01 4.913723730277347990e+00
7.133731844675941236e-01 4.715472829027565815e+00
7.787665277684618914e-01 4.741507532258652624e+00
9.731403494216960270e-01 4.693148975984652971e+00
7.146262801603965320e-01 4.738852428619912516e+00
6.850263243913775613e-01 4.739566326232726112e+00
7.153202779558049951e-01 4.768135269745982008e+00
5.092904656802470509e-01 4.740303013005327415e+00
6.500837353857624734e-01 4.693754431014700579e+00
7.559849921092537395e-01 4.718192324727144005e+00
5.947611204232664539e-01 4.538833811012341179e+00
5.980419349575138988e-01 4.716080717395485067e+00
9.057562288340547108e-01 4.683536132089522575e+00
6.599462546176965150e-01 4.751765785367112471e+00
7.829092296177969645e-01 4.804719273290613657e+00
6.509754892052436182e-01 4.856163033926582884e+00
7.226188280695118316e-01 4.867347447883697775e+00
6.337472392874785587e-01 4.682608676123751756e+00
6.231752090993597504e-01 4.757992653902078040e+00
8.269778742127804616e-01 4.710635979310025867e+00
6.986525655386951472e-01 4.720222067488572648e+00
7.207613133560070162e-01 4.691771945779800390e+00
1.047282097703957415e+00 4.748030176706962813e+00
7.221615837540171778e-01 4.665254577184069440e+00
7.720045157293722315e-01 4.673617093899090413e+00
8.997026948780454392e-01 4.756807655210672614e+00
5.039691342152032849e-01 4.519491711452316096e+00
9.832991480355840475e-01 4.765392148098865022e+00
6.171780317275080696e-01 4.629990165613834918e+00
5.731705007745175884e-01 4.762030853445799572e+00
8.431228588988890493e-01 4.730381579282985527e+00
7.948421788129518273e-01 4.847954194932461824e+00
7.968869975835486397e-01 4.907861327419931641e+00
4.829225890655332587e-01 4.456015603761353638e+00
6.668379805179582842e-01 4.666011040110605634e+00
7.724490021780411331e-01 4.738196508561797415e+00
5.449150010806615985e-01 4.788273590295085036e+00
5.768920455190110763e-01 4.721358064861969517e+00
5.895487639477313691e-01 4.772500756852329218e+00
6.778865257092977492e-01 4.732934984646189669e+00
7.722869207870021180e-01 4.701600519658374111e+00
5.693527835911824653e-01 4.605658332426123991e+00
7.515787396800325260e-01 4.654227492189614068e+00
6.947141192907425600e-01 4.686067944370186922e+00
4.709288755669254201e-01 4.760042127328878436e+00
7.501407880798547367e-01 5.009431892574002454e+00
6.336116890602682128e-01 4.701832538796411498e+00
6.416966087885338510e-01 4.745181008583340798e+00
6.238182780632470781e-01 4.881912771018301456e+00
8.377294698312578447e-01 4.865665632945657570e+00
8.835065947561354660e-01 4.896514836350729816e+00
7.669886376043842935e-01 4.786106531858076885e+00
6.917360903650002779e-01 4.672186942179594737e+00
5.330819418615500016e-01 4.764660541931116988e+00
9.163143696600711818e-01 4.628002720041118678e+00
8.105538968134141653e-01 4.762339726773004323e+00
7.860198116198556795e-01 4.802209193229772133e+00
7.120645812556491983e-01 4.773960302259490085e+00
5.061833676141374028e-01 4.486073642008571838e+00
7.027831913655875340e-01 4.673214167341885883e+00
5.917291320721274062e-01 4.776384642619491139e+00
7.406274466041350424e-01 4.602097506550559380e+00
5.860077054476867664e-01 4.779962299254620461e+00
6.765617699295363163e-01 4.741764386852238999e+00
6.872119481838874222e-01 4.869767408959422283e+00
6.679606731320527624e-01 4.703178760622352961e+00
9.353782058453110615e-01 4.711333686310079649e+00
9.159965563752839879e-01 4.826772578090047006e+00
6.606801650068651055e-01 4.846644736508184614e+00
1.120186718699590633e+00 4.674086776707638613e+00
6.156009969568945195e-01 4.605292604936876977e+00
8.906930601355933508e-01 4.662175337860774427e+00
7.925528027559468613e-01 4.726429950469548835e+00
5.613964144801989464e-01 4.765388489585039800e+00
7.860949965407795226e-01 4.735982789819034089e+00
5.113018736382028973e-01 4.757184667792312638e+00
8.273880662378281237e-01 4.677961218749386418e+00
5.123091347181761845e-01 4.814837357783796179e+00
7.204917925825010672e-01 4.750647758244165075e+00
6.542948969172428519e-01 4.622399150928714562e+00
7.543077974275439468e-01 4.741262458274254854e+00
6.499706956139046365e-01 4.709776064504440640e+00
7.269641910192968792e-01 4.741120032006028495e+00
4.653380358636980962e-01 4.539230274016404998e+00
7.375512334438716344e-01 4.721829646768111566e+00
6.041062234028566902e-01 4.602402084529017223e+00
6.761017294704333436e-01 4.752952567232712866e+00
5.010046860598253993e-01 4.481826369961227741e+00
5.988238318339537125e-01 4.660053795038247237e+00
5.468630924391273407e-01 4.965732965485218919e+00
8.586989815999056530e-01 4.705568322403927972e+00
7.965807481103091003e-01 4.678295010633171103e+00
8.277767727930905872e-01 4.606344398379546234e+00
6.709937770356707576e-01 4.661930302478781485e+00
6.211072223978554296e-01 4.708488006285925564e+00
6.672113628192797297e-01 4.730187151990431715e+00
5.130502436709853953e-01 4.720214994241450412e+00
9.785023050141784529e-01 4.716044803387947404e+00
7.625332486247242691e-01 4.703497130001649928e+00
8.232158408721713672e-01 4.893871894704570735e+00
9.034673015728678092e-01 4.683081363459571378e+00
8.350185590723230300e-01 4.714080530967999394e+00
8.412632909693424921e-01 4.712026205521789635e+00
7.993165286233248068e-01 4.682091260475504058e+00
6.858430631821627044e-01 4.716303440518929690e+00
4.611981939361496918e-01 4.718957449492834577e+00
7.884749070347799593e-01 4.631249609189376670e+00
5.897883292459812354e-01 4.675562851394609254e+00
9.591261194552029856e-01 4.677140067099451848e+00
7.405155845719259000e-01 4.743723070872398750e+00
4.633409034250511316e-01 4.619008970091257105e+00
7.180505272619931434e-01 4.734556196916687831e+00
7.967908742531814026e-01 4.791466227687492641e+00
7.630697364490347523e-01 4.686299351614027664e+00
1.049887104167743779e+00 4.698393552375208948e+00
8.344447385161450903e-01 4.969276463616331796e+00
7.994473251114584400e-01 4.680190895701130671e+00
7.382275981391912545e-01 4.679616895395665388e+00
6.153250184673428880e-01 4.687863068550410794e+00
7.119709310508415268e-01 4.775835605576995491e+00
7.528667145796682503e-01 4.715947387041062200e+00
1.063140966329933379e+00 4.914581478207677989e+00
6.117005077237146482e-01 4.887169964916110665e+00
7.328508123421498821e-01 4.659073179151004496e+00
7.655859842944121585e-01 4.664663940637255202e+00
6.853871808129541332e-01 4.620995668317223526e+00
6.601925403689884453e-01 4.810447005580352986e+00
6.974997112539597088e-01 5.002493949849660559e+00
5.845174870965288427e-01 4.733921142420606465e+00
6.624907044133638845e-01 5.056640759815113739e+00
8.817584733529882923e-01 4.744845237876462285e+00
6.550359857829936017e-01 4.765593483917493600e+00
8.082630353787465527e-01 4.813693156164526421e+00
6.581844512322857499e-01 4.628500082220372569e+00
7.072363402319514769e-01 4.659670597005007409e+00
6.173214651221314853e-01 4.712041435764459330e+00
4.972802302126685947e-01 4.501819163274266344e+00
5.216924080358715798e-01 4.757108003023836851e+00
6.699565463833156986e-01 4.669060118875353993e+00
6.361077648591981770e-01 4.701777289272049742e+00
7.075629460108109337e-01 4.898407805804394499e+00
8.008533580713275146e-01 4.844248642307547037e+00
7.856126938972533003e-01 4.758604110151711808e+00
8.257129934453876219e-01 4.662289447323777480e+00
7.023310204452265504e-01 4.840094106054108281e+00
7.217332490722819793e-01 4.555285480517438756e+00
7.300424515362813338e-01 4.705374767561602667e+00
7.180706346501043447e-01 4.775865280631766296e+00
7.423177700307884708e-01 4.718124354214659810e+00
4.909352535497580883e-01 4.929107429073705582e+00
1.011634640122361706e+00 4.762846274721985296e+00
5.763728865204204022e-01 4.683023195946089956e+00
6.026422303301920413e-01 4.735492152659999121e+00
8.457695373493827606e-01 4.761260634248242418e+00
6.367441634993402655e-01 4.652238070961815630e+00
8.000248678200044816e-01 4.758255812992167932e+00
7.377971950361016384e-01 4.668547201104154887e+00
6.308914828635239225e-01 4.703038502432086432e+00
5.669780322059919664e-01 4.666544076823610609e+00
5.879526438523230425e-01 4.616443868429904285e+00
6.731952421097877615e-01 4.852193326486628600e+00
7.248922515575303427e-01 4.662454050777104619e+00
5.901048967941530110e-01 4.654348700505687830e+00
6.711797978856485214e-01 4.730953249330191568e+00
8.186728509589259462e-01 4.728616200835128680e+00
7.122639049700876246e-01 4.709617977589560134e+00
7.019191395422871294e-01 4.682647172898978027e+00
7.317837596164513680e-01 4.734724310304174288e+00
5.481718282914840312e-01 4.619303279125304584e+00
8.827358270006760987e-01 4.605469438482090005e+00
3.891850359887562560e-01 4.565942503497802285e+00
7.966422005510931381e-01 4.729460853050428071e+00
8.779473173438910871e-01 4.875950530642780834e+00
5.583341804598059843e-01 4.858805602537215051e+00
8.464372448896246848e-01 4.664435271732766175e+00
6.744977003318999298e-01 4.696930458698734157e+00
7.202410799319909351e-01 4.791243677509984700e+00
6.064604131967707978e-01 4.596834871390660382e+00
5.966384283348810103e-01 4.880254945642031217e+00
1.138880350799454488e+00 4.748230833283789920e+00
6.362977023223717055e-01 4.542982678564730925e+00
5.008530732286111675e-01 4.644389624490472990e+00
7.265640903924210914e-01 4.733951873464972593e+00
8.042573311620296872e-01 4.729026706308125938e+00
6.369818141260383815e-01 4.699349104022622292e+00
8.021904355387414753e-01 4.679935418953069082e+00
9.294380372607922158e-01 4.942277541302616761e+00
6.975466382930741727e-01 4.636378877483557481e+00
7.099695656049245240e-01 4.751059516619450029e+00
6.566086685861087791e-01 4.763935252597647718e+00
6.733870748337925649e-01 4.579051238243144972e+00
7.587291371928890360e-01 4.629732840441396213e+00
6.216922060112576309e-01 4.767683945185339667e+00
7.297839468158719978e-01 4.738409883690824387e+00
7.694889259787991431e-01 4.789860671923574564e+00
9.640052616716087153e-01 4.740914681482966131e+00
8.877349419686283438e-01 4.826790009998481068e+00
6.443030924864359132e-01 4.649717519737175841e+00
8.641182836280997259e-01 4.670310132269751335e+00
6.649617725259984180e-01 4.795464424383318658e+00
6.514398819950487640e-01 4.742423679287063543e+00
5.941284234063388681e-01 4.693765805790972578e+00
6.821461090550606787e-01 4.597098653835180571e+00
8.120961956642023249e-01 4.765550716482342963e+00
4.454160125847235197e-01 4.631518149105907867e+00
4.976367066152358465e-01 4.556340162692113616e+00
6.062593469192093520e-01 4.747527873192598058e+00
5.251597978089533880e-01 4.650620378053327286e+00
6.205515321458561218e-01 4.778499494154350380e+00
5.971673922485183361e-01 4.539535610044119096e+00
6.657617793459932320e-01 4.716268060946007701e+00
8.112960129165465162e-01 4.858130945938037293e+00
6.527338362327640420e-01 4.568123167689637221e+00
7.858241417853351063e-01 4.735608144620270465e+00
6.148601739554429013e-01 4.841245767992072402e+00
7.897561362175606892e-01 4.792197730540841860e+00
6.574657662237972655e-01 4.713701386829696638e+00
8.147491073468848821e-01 4.713458407957118901e+00
6.985554631415928917e-01 4.654839140859281521e+00
6.563252936819183869e-01 4.636731400274648252e+00
6.890907495087102985e-01 4.863685307063836838e+00
7.780744178523698595e-01 4.760177585141190271e+00
6.310783110112506700e-01 4.733878713054024523e+00
6.164295351095572251e-01 4.585875914361293937e+00
6.236307689299466217e-01 4.644500948328922796e+00
9.807722210917090289e-01 4.760137854102596044e+00
7.446555029989606611e-01 4.726534206525748516e+00
7.254107197708319354e-01 4.770983051879713166e+00
5.443218275166431530e-01 4.713009049432762332e+00
8.768128388981961674e-01 4.653372039324649378e+00
9.145531724440105759e-01 4.727743835059037281e+00
5.281231496399447778e-01 4.720092785190255213e+00
6.560656056866400743e-01 4.836356971352722134e+00
7.877648605913821767e-01 4.690946955811990726e+00
6.209953428166764544e-01 4.638942649211621472e+00
6.215812301050150923e-01 4.730856273357934683e+00
7.376359288670375491e-01 4.848905451245592246e+00
6.497839419794502192e-01 4.775425547558256767e+00
5.557293702469229268e-01 4.621636468514375373e+00
6.654931103641288370e-01 4.630131275723712747e+00
6.027973026121021816e-01 4.661690314036027516e+00
7.813299140496375861e-01 4.859115661204323366e+00
9.308836903466410906e-01 4.730700858726178737e+00
6.540301359823775806e-01 4.751599448874968878e+00
9.535505361608234143e-01 4.833381575595592672e+00
8.259195443791853553e-01 4.756853277445489248e+00
6.019220330000289998e-01 4.375068062105335720e+00
6.314312073929785329e-01 4.689004986648131812e+00
7.146794928662096869e-01 4.823298678147098784e+00
6.802282983739210698e-01 4.712608457597506018e+00
4.583224638431241948e-01 4.575175987853049797e+00
9.701759337318343057e-01 4.856855416777584367e+00
8.370507887299656336e-01 4.714190832812533039e+00
7.879725673416719811e-01 4.749785993473181200e+00
6.744558263397272269e-01 4.580565622281044469e+00
6.422932206275240308e-01 4.744635978963536616e+00
6.731969994941661151e-01 4.697166169829056770e+00
6.608228288251459803e-01 4.784547475157084229e+00
7.812342166152603795e-01 4.889233302721449625e+00
7.893440081494060845e-01 4.711066606859409589e+00
4.607128919081067697e-01 4.703638308958425718e+00
7.451432812286570284e-01 4.726514918568383017e+00
6.651508996907301574e-01 4.697339062282193112e+00
6.253383823699257826e-01 4.723062065824754185e+00
6.990336067320387370e-01 4.555453153416607393e+00
6.354284180417759664e-01 4.664703012389365355e+00
7.369955750898344871e-01 4.836542420453914026e+00
7.413839340973763514e-01 4.593545618881305082e+00
6.606304286621688115e-01 4.885621292704265706e+00
6.211793815690873632e-01 4.455350374229740673e+00
6.803147788229513271e-01 4.676321763375721474e+00
6.693283246793179098e-01 4.719123700938043342e+00
6.844428358281532399e-01 4.696543683675705516e+00
6.990687185331286857e-01 4.842470262552078353e+00
5.564551072502854634e-01 4.812194380241521685e+00
8.037378514419987185e-01 4.619768472691286654e+00
6.638538168233696357e-01 4.799669066913487825e+00
6.378330998436162469e-01 4.677312773467487084e+00
5.925304717610899718e-01 4.739070292358263714e+00
6.832300353917756253e-01 4.755409383166957049e+00
9.205865268657908995e-01 4.835162332479794323e+00
7.371870391666804911e-01 4.679236609842694961e+00
6.379397123981043194e-01 4.728626670011153443e+00
8.399155610134269034e-01 4.822552796622693982e+00
6.759457599724092436e-01 4.637393657586545537e+00
5.394166816550338694e-01 4.655409116234092259e+00
7.354693631432246415e-01 4.467183831711045272e+00
7.094573664861585360e-01 4.598411929616092131e+00
6.439341894898373830e-01 4.816277163711383480e+00
7.068751701591637904e-01 4.605367690511001477e+00
7.407629535616909733e-01 4.758969691675459579e+00
6.614555013908185455e-01 4.727267739089054288e+00
6.875364572737151514e-01 4.623244828410872032e+00
6.861238955428455855e-01 4.899706072930394285e+00
4.284710234555828556e-01 4.653822727326218711e+00
9.115095774228485492e-01 4.710989766457845285e+00
5.584982962418263419e-01 4.681848846339752512e+00
7.750758527568140099e-01 4.769651963703546826e+00
5.941134444132194492e-01 4.559527084122754204e+00
7.189694814783360588e-01 4.709477746670455822e+00
6.319426901620721626e-01 4.674402877972993586e+00
7.578126266787146292e-01 4.787682319863246327e+00
5.894232485992743076e-01 4.835169143939376468e+00
6.120590697868530938e-01 4.645732300925699221e+00
7.677161907329287382e-01 4.682423954457118676e+00
6.339542269998239554e-01 4.688654969733443423e+00
7.417973239385399209e-01 4.870451411742456216e+00
7.300424515362813338e-01 4.705374767561602667e+00
7.071151490934202144e-01 4.819989561151616364e+00
6.926013931147595448e-01 4.775854631926627292e+00
6.294504003727009467e-01 4.751784964902260988e+00
5.665448670373023354e-01 4.657167839827318190e+00
5.717705846324628860e-01 4.634692210581460969e+00
6.476948019006019130e-01 4.676974315127513826e+00
6.487316855519684733e-01 4.776281277082291332e+00
7.265736722250303314e-01 4.726845514657139091e+00
6.121860761042011712e-01 4.465681685115113098e+00
7.960338949608393166e-01 4.868050913961982751e+00
6.742998321971718223e-01 4.785910312067038319e+00
9.299451914701170052e-01 4.736624033134248180e+00
7.800680654996597907e-01 4.784145152343444174e+00
