# Hierarchical MCMC downsampled to get 500 samples
# alpha, beta, mu, s
1.908816624953469931e+00 5.574661656579043445e+00 3.462151817461252001e+00 1.063660851184983769e-01
5.116656660015123093e-01 3.195109477901036499e+00 2.200041914909263152e+00 1.034904334130311576e-01
9.696438263865601037e-01 4.552885164621513603e+00 2.060959003252036403e+00 1.012488425970181488e-01
1.693088746082489271e+00 2.473910554345989166e+00 -5.825777839146952797e-01 1.518510010000031218e-01
9.572834653655354353e-01 4.131234082108081296e+00 2.884920971417372471e+00 2.894537933540464736e-01
2.046442084580854193e+00 7.316700528656829405e+00 -1.378724967727823714e+00 3.272269936255272627e-01
1.146998547271593560e+00 4.001127765698191396e+00 3.129174353092694982e+00 4.371687076382291953e-02
1.525036803508098338e+00 3.383084779954639298e+00 6.825206900782545549e-01 2.871788650646473484e-01
9.918184810461956324e-01 3.686820395741121636e+00 3.032448181612663607e+00 6.708762465278253484e-02
9.071468318013555798e-01 3.336595162939562265e+00 3.197528818875097656e+00 2.288493064676160593e-01
1.324146688074339773e+00 4.550877988521711437e+00 3.619429102950348032e+00 1.212763708039531624e-01
1.344004348854650477e+00 4.334016860374533486e+00 3.962565172634546329e+00 1.729551697145510492e-01
2.126972217253857877e+00 8.593228175023515547e+00 4.091852885181846311e+00 2.162694112972174398e-01
1.060636715307663014e+00 2.560782161508942334e+00 1.365526540322385962e+00 1.571845027238384929e-01
7.695656002144466434e-01 2.567743528562213218e+00 4.888568189632457317e-01 2.332656188837789746e-01
1.089991480129570478e+00 6.610332346691046190e+00 -4.232102268371074061e-02 2.866392699761091678e-01
8.610030930222316581e-01 4.205468055526018212e+00 1.571815556616314780e+00 1.669451151727781579e-01
1.016959951696017717e+00 7.722059126668720630e+00 1.883204007539839964e+00 1.536978785329662922e-01
8.061695405981372797e-01 2.213397609683984690e+00 5.600056854397927886e-02 4.202723273122677683e-01
1.338528561673512529e+00 5.766041104632369851e+00 3.110264655380243770e+00 1.919035124205527576e-01
1.229843417351005108e+00 4.116882472445444030e+00 3.555888040737360534e+00 5.274787441566501645e-02
1.058104370283626139e+00 7.430415211437393808e+00 2.991949474338888582e+00 1.966456914330540207e-01
1.496943715716732237e+00 3.941216532607743961e+00 3.101954057139145515e+00 4.579403772728457001e-01
1.062529424337127493e+00 3.148722230015986501e+00 2.586301783729850978e+00 3.126878264533353158e-01
1.812684088329106435e+00 5.598628054334253257e+00 4.400071940486703248e+00 4.485392359323179812e-01
4.796216037214653394e-01 6.114240868751634750e+00 2.583996943944979918e+00 2.987135375868700815e-01
1.853756289864953555e+00 9.333233740165747250e+00 -1.033377991052942813e+00 4.192012368791048910e-02
8.470292920214465004e-01 3.430632099488375886e+00 1.751047773191722889e+00 2.611193954521208727e-01
7.253707514806140288e-01 3.116234205621727593e+00 3.608760272146869674e+00 7.913257950676953756e-02
1.318395810362217757e+00 3.888581196302263177e+00 3.424760026641105348e+00 1.251215549632284374e-01
1.327964732983268670e+00 4.158417393341160562e+00 -1.154194355591493526e+00 2.069511936491783555e-01
6.933135966527019800e-01 3.396826075477440643e+00 2.970192571082916899e+00 2.617046291868411201e-01
2.074775526068412645e+00 7.506096605663719501e+00 2.976114869197359347e+00 1.919869348165586520e-01
8.176622811053310125e-01 4.864927462105795186e+00 3.719716500109490287e+00 1.910070527836359999e-01
5.336263969017750464e-01 5.819046187377534096e+00 6.474990423677384754e-01 2.412126746444626657e-01
7.697461008534105531e-01 3.511517808688394471e+00 1.470053685932144916e+00 1.105654488943853264e-01
1.091676619293898032e+00 4.477530754862237394e+00 2.354253331807781624e+00 1.280267166389227884e-01
1.814840897161212663e+00 4.331841727667884889e+00 3.216130608363042320e+00 1.434863058534188163e-01
9.150481619234770436e-01 3.447097847473440169e+00 2.453909243429579057e+00 1.409475568099333720e-01
7.957570572544861998e-01 8.921003288288440913e+00 3.356862299959950668e-01 2.108959812178659021e-01
1.438188363898880162e+00 6.729365234067200774e+00 -1.475999863343759877e-01 6.360783953713960992e-02
1.724989900393209208e+00 5.084447255832770907e+00 3.644398148792498571e+00 3.465807892997201933e-01
1.359823381541206411e+00 6.193402152272767580e+00 3.793905060147040320e-03 6.674089627998547325e-02
1.023050544879811730e+00 4.231765217522995393e+00 3.224651904259937751e+00 1.948541432280537222e-01
1.539304372298663681e+00 4.646750537820836691e+00 6.229253332557796452e-02 1.734036648247380130e-01
1.597408919362072410e+00 7.734859336574583466e+00 -3.045884899527498968e-01 1.505176369854076823e-01
1.529502458898340800e+00 6.405990971700987302e+00 -1.175983159778865028e-02 2.740674418937342760e-01
1.708188780698470355e+00 3.087464739825602322e+00 3.085417632368570917e+00 1.475231801933448716e-01
1.759841264725485743e+00 4.571144889538942380e+00 3.045826548293987024e+00 1.459400963228157377e-01
1.067549584710786315e+00 4.056158175026301826e+00 2.216974022849374504e-02 1.266954291614534323e-01
1.278963083192231398e+00 1.020815685786866389e+01 2.670156485457753082e+00 3.523087701981363895e-01
8.296636733906423977e-01 4.620436929114250191e+00 2.795961388894227628e+00 3.272398173265482768e-01
8.172935131635976624e-01 4.382146621003863096e+00 2.746634479896132852e+00 1.557492786858835077e-01
1.379631052106902178e+00 5.795194816000113214e+00 -7.818733303861187256e-01 1.246306810118823077e-01
2.276302807363319580e+00 4.523486699850130854e+00 2.023369728052684557e+00 6.588660917415940788e-02
8.868411200402783745e-01 4.533608104589605503e+00 2.599265209599545212e+00 1.729956605051391483e-01
7.016376261110466306e-01 4.870304118417760009e+00 9.778620052691686659e-01 3.532358152974621190e-01
2.350793619875442886e+00 3.920817185986549269e+00 3.760127851288241452e+00 3.663909160055905390e-01
1.847436404755489647e+00 7.220226065219447875e+00 -1.661459894174770247e+00 9.034354883112141743e-02
7.207597187080093670e-01 7.573095369837926860e+00 3.393702274647243833e+00 2.379299038766958807e-01
1.537249821866279786e+00 6.695267931740906953e+00 1.138890730356626468e+00 3.142548038469648586e-01
1.187973097145042178e+00 5.994833036388932612e+00 -6.119637753776794309e-01 1.374113620322892637e-01
8.397015300855925624e-01 5.182283155387635176e+00 6.115504471522079655e-01 2.307550415107056940e-01
6.711420593227710452e-01 4.535437136765954058e+00 6.843804903449098864e-01 4.936299935344446443e-01
1.123227081856793985e+00 3.310252684808870693e+00 3.381908338349641330e+00 1.920573825352766828e-01
1.602421786174893725e+00 4.873872513569227571e+00 3.437952300680928275e+00 1.105690188185451117e-01
7.212041710784594661e-01 3.387322942232594780e+00 2.775276599612020334e+00 2.022090856419953842e-01
2.883321076536363492e+00 6.214368326375928397e+00 1.819033644944825445e+00 2.249782783915542927e-01
1.496354981509913307e+00 3.453139899754333886e+00 2.385194241133131499e+00 2.422349844891146520e-01
1.524066176498765746e+00 3.774231168338590958e+00 1.601305446002513122e+00 3.191864156390546436e-01
1.297479022556142558e+00 3.534619613705295205e+00 1.460830523138064052e+00 2.768367285355940455e-01
1.542495628748629111e+00 2.986757048561593297e+00 2.598819195527863446e+00 2.683289970529644797e-01
1.753794125682833327e+00 3.952654878547664286e+00 4.374604423358031013e+00 2.722930657409063926e-01
7.932817280693653661e-01 2.484910070450204955e+00 2.212239421736305278e+00 1.675532703573485438e-01
1.493583415401945169e+00 8.945888906430139897e+00 -2.471036234866819115e-02 3.588019616624623653e-01
2.102676769803355494e+00 8.102193336508888066e+00 -7.727333356607847259e-01 5.875495020228053977e-02
1.227779101115690663e+00 5.567408518815492258e+00 1.692450575675545910e+00 1.932284275729918011e-01
8.542755058659650125e-01 3.117553720901083292e+00 3.530944311098287436e+00 2.007733460808858172e-01
1.261942097031799825e+00 5.992227906470763976e+00 2.966899128145072062e+00 3.861999943329912921e-01
1.380177526698434409e+00 6.975649243899612273e+00 2.219566136283892988e+00 2.450828312767022454e-01
8.959020423700074787e-01 2.632526559577263114e+00 1.318030629698624612e+00 2.285944820769668095e-01
9.720923656906443888e-01 9.943563849449226666e+00 3.385049027010868183e+00 2.250845584580799530e-01
8.835021225921501076e-01 4.557654105338651895e+00 4.510498123730180553e-01 1.212165859451177358e-01
1.407894155719562335e+00 4.805837859035235304e+00 2.890087542877370019e+00 2.511408957109054207e-01
6.806350486740707639e-01 4.076795507622031245e+00 2.045475870174715993e+00 1.834846644410465522e-01
1.601240062410266729e+00 3.500902225166752757e+00 3.207668794293542458e+00 1.471695098230060006e-01
1.967568277998552606e+00 5.006436649637015179e+00 -1.303600477996855522e+00 1.715006991841794837e-01
2.337514761349854808e+00 1.086675740495048537e+01 -3.279984174583845946e-01 7.476905153081468691e-02
1.154282880069005701e+00 2.980698556261542009e+00 4.118254390870562887e+00 2.851373949781306205e-01
1.050456304652678030e+00 5.184358361386833813e+00 2.362958909695535237e+00 1.369909902538084534e-01
2.673665954320126659e+00 6.759228422768001288e+00 1.310634975520543088e+00 1.438673603693898517e-01
1.534090789635959684e+00 3.508911500088938151e+00 2.519877163636649264e+00 2.175183860665378388e-01
1.426392532884996900e+00 8.209885986782063938e+00 -6.657238126271393108e-01 1.731786143960858115e-01
6.610273746452076660e-01 4.901406092826549710e+00 3.194811651409529052e+00 1.017075568409379627e-01
1.772172764536831480e+00 7.497059236245826597e+00 -1.200145043518726196e+00 9.072998156473000009e-02
3.685851308889394051e-01 4.828545138815086624e+00 2.262204146150698758e+00 2.055656112457203144e-01
1.230510389908530566e+00 5.479571789991745767e+00 -8.204295601989569642e-01 3.792576707715718531e-01
9.865479028696080288e-01 3.126755901631275592e+00 -1.226283217742980325e+00 1.094551085515349520e-01
1.398838706764394813e+00 6.222432216359012003e+00 3.546703304885625574e+00 7.921072999052758412e-02
1.283661673964525241e+00 6.500945084158297860e+00 2.376939824130976930e+00 3.505387478942497692e-01
9.323107955221754395e-01 3.387523674158098963e+00 2.899406516474525297e+00 2.069281120929398476e-01
6.753467016515398713e-01 5.265845186017643620e+00 1.422903435593136923e+00 7.515061519742155527e-02
1.789444103192593838e+00 4.761745618636909150e+00 -1.104150357394701132e+00 2.891746980439975356e-01
5.808000646170345949e-01 3.911036367192270546e+00 1.776353870385926292e+00 1.709724434171760732e-01
1.686025455017370334e+00 2.943294114521123994e+00 3.110966552754801828e+00 2.259981733367847079e-01
9.931418993624058222e-01 2.534605253407988368e+00 -7.949133000866756005e-01 1.168192768238691948e-01
1.309359871434956801e+00 6.425686001778887046e+00 2.920551949292074845e+00 1.568217247829158945e-01
1.216892006909843449e+00 6.108267129713825128e+00 2.557043121397521546e+00 1.817288985205105234e-01
2.647890572434080880e+00 8.517057578831447984e+00 -1.027632382335125438e+00 5.606376140254360624e-02
1.020279946491597034e+00 4.766038673602899678e+00 2.095851499777370286e+00 2.197965901126339994e-01
1.006482889545980530e+00 6.260473665269541854e+00 3.582900529374435816e+00 1.584592677819858519e-01
1.247357403696127687e+00 3.248392356203740672e+00 2.946419466824151900e+00 1.834613948264564309e-01
1.083957089645658511e+00 3.738823135979203904e+00 2.128118085013275707e+00 2.246901641188386867e-01
1.683870554361718286e+00 5.378086198065747503e+00 4.077259318897277218e+00 2.576751556904496865e-01
1.211625702033167329e+00 5.013684000715869615e+00 2.278373500755229930e+00 1.101258120230640680e-01
1.180397626441879400e+00 3.258023652600837927e+00 1.578509940986307702e+00 1.522301533695148423e-01
1.247364011681504792e+00 2.910579102849230715e+00 3.057718333203487404e+00 2.120214488469993608e-01
1.773446583658285558e+00 4.142982293528103099e+00 3.323845218392970313e+00 1.446713740355538291e-01
2.016511593902567956e+00 9.798977505532505461e+00 5.867433793411822585e-01 1.960752490837324724e-01
1.410438247776726772e+00 5.403742659184676000e+00 3.877869231790057047e-01 1.818614444778357542e-01
1.125136872872049221e+00 4.214392474620801465e+00 9.749235340079656642e-02 1.448431967697543787e-01
9.446239729697309961e-01 1.009005735584882046e+01 -8.679315884779098544e-02 1.860332025549890633e-01
9.802329520564282417e-01 3.604480465097245734e+00 1.714492858542011611e+00 2.314054262821843011e-01
6.346500934862574494e-01 3.385201918186764303e+00 1.187217875548529200e+00 7.976442817858853118e-02
1.182996857689667891e+00 3.808455198461848212e+00 6.800578199144662328e-01 2.994204970196917004e-01
1.727153551697060196e+00 5.725259388758686896e+00 -1.538107723534385185e+00 3.981592960893446942e-01
1.398869477973058162e+00 3.670429999939941457e+00 3.135781004402420358e+00 1.771139625703858633e-01
1.003397465415627909e+00 4.284434175142393109e+00 1.674620975346450713e+00 1.968005972119689084e-01
1.702687757922163314e+00 4.868765690216427799e+00 4.188633492966321370e+00 9.742313730435181451e-02
1.101131682457211047e+00 2.564398993033961016e+00 3.714937695326521627e+00 4.314817353207356931e-01
1.495594719391779570e+00 4.924726898450613177e+00 -6.669609273716365916e-01 2.316557131392341373e-01
1.436909420085052513e+00 3.315950963955645925e+00 3.526898304967135633e+00 8.275853450012660151e-02
2.123616597341271728e+00 4.937159505581822039e+00 -1.095184453719861173e+00 2.345087951864837372e-01
1.197340324426157565e+00 3.177162235833161485e+00 3.184819429708229510e+00 2.124193561838248479e-01
1.302646758769221425e+00 7.484922788347385669e+00 -9.160371869586070304e-02 1.279239622219287553e-01
1.149924944076886391e+00 3.689985943711417082e+00 2.890897906971991116e+00 2.782677511489500266e-01
8.956906182762504054e-01 8.232679856141455588e+00 2.895865172878282046e+00 2.822560880164806663e-01
1.706813180102381811e+00 4.731615555074823121e+00 3.073761435442194934e+00 2.727419554069041019e-01
2.370729161195402668e+00 4.276634063854157120e+00 3.775587230632690972e+00 1.826243453741239475e-01
1.520857733356045571e+00 4.108751218199624411e+00 3.799456068525378871e+00 9.467838051147983713e-02
1.000605640981290678e+00 4.772669115164382525e+00 3.035151264982351993e+00 1.543882430397082728e-01
1.520392893114272281e+00 6.182050753915087959e+00 3.264953230744257695e+00 1.307760207838721267e-01
1.590335642848909048e+00 5.386302410657078710e+00 1.445897659243602640e-01 1.153544571809575203e-01
2.488686787397832223e+00 6.292287704114855273e+00 1.747991065629578067e+00 2.495926559697295988e-01
7.305080896100628607e-01 4.324485666592646993e+00 1.820465189706185205e+00 2.024448262004825694e-01
1.031912223380618165e+00 3.516346146361575720e+00 2.748404429723015685e+00 2.382042909553434007e-01
6.323234582035920370e-01 2.316460078888569640e+00 1.853232595977996500e+00 4.513437031865340232e-02
8.555702571698020620e-01 5.835726419261505704e+00 3.301840796483990204e+00 4.492354759091222727e-01
1.261728259241628347e+00 3.767113161680035294e+00 3.670994648222835721e+00 6.478372429186171622e-02
7.336649697324835184e-01 4.246153125359376723e+00 4.151551538978005551e-01 3.140568938448701219e-01
1.640934064918351920e+00 5.224261907164444274e+00 -5.083157697454654400e-01 1.661749417991046918e-01
7.505610532502883236e-01 3.810147918118120813e+00 3.099627450089903924e+00 1.502301608438928182e-01
1.790846767733733413e+00 4.923889647984709406e+00 1.018387641528704979e+00 1.528441127442385916e-01
1.428475772357075568e+00 4.933810593976556191e+00 1.432371340232252432e-01 2.828115313761594973e-01
2.843990044514460358e+00 1.316385702851379591e+01 -3.386644912288422349e-01 1.244514176082426593e-01
3.513630911129146384e-01 5.384440278204425390e+00 -1.447459245605841716e+00 2.088101341718892334e-01
1.675803776471639139e+00 5.258934751320338385e+00 3.954784769415647272e+00 1.811315844462298152e-01
1.307774016775084425e+00 4.430898117936333591e+00 2.639682352699806334e+00 1.441586228966900141e-01
1.047296978319065097e+00 4.547268089833101712e+00 4.744770114280913997e-01 1.433800744356897860e-01
6.396172162369525571e-01 4.754190115871676170e+00 2.381434632616739044e+00 3.883479291428702518e-01
2.176123400070727687e+00 6.750851812912063821e+00 5.130097540377605014e-01 2.388826758005992701e-01
1.158137559074231326e+00 1.041613927484301350e+01 2.253232272645323775e+00 2.868140517417698820e-01
1.061859570662546437e+00 3.827809049618876358e+00 3.453489310207881413e+00 1.218564248163020447e-01
1.690396941984167123e+00 4.001812921163081072e+00 -1.971812076194910057e+00 5.246773272510846242e-02
1.482267274478686669e+00 5.056517726797132184e+00 7.860824908855589266e-01 1.087096004612400635e-01
7.864695449870059418e-01 5.886534252948431245e+00 3.837164044136701646e-01 1.927828714657394971e-01
1.671705155078684113e+00 8.511066554628786918e+00 -2.192737450489143924e-01 1.457891282212624429e-01
1.545145577739524656e+00 3.859133902312342101e+00 1.531234531684120270e-01 1.262104656133766212e-01
1.273698134517610381e+00 3.964897681701585519e+00 2.833443334570786121e+00 2.238475796511495142e-01
4.882239553558782585e-01 5.417007998746164787e+00 -9.115813733388834494e-01 1.126276745602885765e-01
8.763953007467618628e-01 5.903820087264551653e+00 -1.287064608875014837e-01 2.347053980904583170e-01
4.417213602339665757e-01 2.811344215737317853e+00 1.100881490617797054e+00 1.048575057383416970e-01
1.043686607139508782e+00 2.701357345111389474e+00 2.450963217568849384e+00 2.350913078191552708e-01
7.127838076934357447e-01 4.436690385968995898e+00 1.977974203675597398e+00 1.968724572520209048e-01
9.383238973810271721e-01 5.703167297831901905e+00 2.172864560007273127e+00 1.333460955784009361e-01
1.681745889283212669e+00 4.561055639025359376e+00 3.150784777933801628e+00 3.837218180779415899e-01
1.263320228916034349e+00 7.695404774053128172e+00 3.347648532179755332e+00 1.029515091202821281e-01
1.046074644243572882e+00 3.897914901224328599e+00 -7.168052179924668810e-01 3.665065414723728959e-02
7.436530776257853637e-01 5.144991436944668095e+00 1.116412888024163941e+00 2.927587684720112104e-01
9.681666957067094348e-01 7.585737444009976294e+00 3.378583817321347826e+00 7.023611148033635787e-02
1.162495675829707364e+00 3.184829716115626486e+00 3.019395270014514576e+00 5.128179118314162288e-01
1.510894459913617816e+00 3.270041274146302968e+00 2.556678115246845628e+00 1.515030070264227480e-01
7.984192627076641680e-01 2.211469470873036691e+00 2.037827257267123660e+00 5.704653868925999016e-02
1.396987108131738431e+00 8.317105553365962578e+00 2.867383521214876385e+00 2.193566251311943049e-01
2.357642703474337686e+00 3.632354913148704512e+00 2.372353632296805959e+00 1.575263827615826229e-01
1.433790280953282537e+00 4.554316622753970201e+00 2.393450286347179823e+00 6.661534787460210438e-02
6.364558542056180102e-01 4.968566068139817382e+00 2.006368174077755917e+00 2.414220893436644366e-01
1.046074644243572882e+00 3.897914901224328599e+00 -7.168052179924668810e-01 3.665065414723728959e-02
5.797309060654339818e-01 3.901215077889067739e+00 2.597944046373884763e+00 5.085781008860695146e-02
2.171056503037892327e+00 5.481118358421786851e+00 -3.269953480291377668e-01 2.398709031870268626e-01
6.546864188295009601e-01 6.319093327384853076e+00 2.485202919847470326e+00 3.394425947244088526e-01
5.310193565016018136e-01 3.598614884866308650e+00 1.034843973935508199e+00 1.965459148921032129e-01
1.695817239794510822e+00 9.028908129794137594e+00 -6.833893688862502369e-01 1.306945348701886445e-01
8.896232846367619906e-01 2.894578515028436883e+00 2.307506860809652505e+00 2.895242214863836261e-01
7.420681630611041246e-01 3.672553203683013301e+00 2.371735819459308114e+00 1.169069987912599307e-01
9.141208326706566911e-01 5.154976824747925512e+00 7.964653556618186414e-01 1.821255434912265603e-01
1.551703661964139780e+00 3.333877454241915395e+00 3.091735422331034933e+00 9.432936954297529986e-02
1.651897733192363216e+00 3.684851773954266552e+00 1.688389102594167468e-01 2.128379445989657670e-01
1.096232868437664765e+00 9.605326832175762775e+00 1.491396095971729174e+00 3.057369588325356546e-01
1.165051243159215932e+00 8.697101690183524525e+00 2.424208160294103909e+00 2.617056253164069535e-01
6.072263524438799021e-01 5.564755130051190157e+00 -1.001252867585497697e+00 2.832235479812385548e-01
1.640686575108014189e+00 4.275427231909514347e+00 2.025777523820706971e+00 3.485373552944182052e-01
2.220960667057348292e+00 5.681416910129012621e+00 2.330415252592872299e+00 2.079062263933958155e-01
8.783236132100281646e-01 5.571633429106938706e+00 1.943482688007392767e+00 2.559793941621101299e-01
1.070938906802832546e+00 3.573413189426358549e+00 1.460492136523015905e+00 9.813140790245292178e-02
2.577578117682214565e+00 2.564572029877995707e+00 1.888264951049517304e+00 8.450307188700095784e-02
2.163028734118848995e+00 3.804637172954403290e+00 4.449769563015418150e+00 7.013422737908006632e-02
8.607562110149967749e-01 3.585152038335250424e+00 2.881214632052703006e+00 3.658830797654004652e-01
9.638158189832344291e-01 7.137744322120096463e+00 2.099534652477472174e-01 1.154985178292627646e-01
1.048073927926175930e+00 4.246796307142622240e+00 2.156220115843058061e+00 1.004573562734628334e-01
1.269026643206709437e+00 3.994070686914983792e+00 2.771537317701721292e+00 2.157322634677990847e-01
1.939827910609118522e+00 5.616026531990487847e+00 2.524141562454290888e+00 4.537388206787338341e-01
1.140437693718667322e+00 5.245165785323491647e+00 2.448810186344385187e+00 1.234779456022075395e-01
1.190399014300240754e+00 5.849990883900314742e+00 3.752593713434586142e+00 3.637033960996620685e-01
1.334462023025353439e+00 3.330132022915930357e+00 3.450136547764336648e+00 2.636533643370334024e-01
2.499591454052954909e+00 3.723301473892472124e+00 -1.630933931207664944e+00 1.514599665438991216e-01
1.497574033757210765e+00 3.948635630958449827e+00 4.000915815776138196e+00 1.106664386783190318e-01
6.018146378419959586e-01 4.315100037629934882e+00 2.075789648199891868e+00 1.198408409670210922e-01
9.022547688158933932e-01 3.595868925712538910e+00 7.837547708707883753e-01 2.642543716110295343e-02
1.019409342625466897e+00 4.934291445028604173e+00 1.600588501468456215e-01 2.222359729749382451e-01
1.583330189242758035e+00 4.070854151581746905e+00 2.901184369271388785e+00 1.511181278614466272e-01
1.134384876962523991e+00 9.863717100038430274e+00 -8.021972979797534764e-01 5.083898880797478592e-02
1.128361225588490058e+00 6.663812943053086357e+00 2.597693890461634680e+00 1.190773582193532243e-01
1.658239958797431690e+00 6.969709909150063609e+00 3.518960229137107820e+00 1.617077442416429145e-01
1.394942005099667259e+00 3.075892706036145174e+00 3.601861987628813822e+00 2.123685531815091010e-01
8.434385439945328855e-01 2.592273882889264414e+00 1.694475057813228602e+00 2.400737874493218682e-01
1.551874959241646756e+00 6.781968601592542001e+00 3.440355158707468775e+00 1.146080482324229183e-01
1.757332643161208185e+00 5.036107300107292239e+00 3.855973323649550366e+00 1.610980627185699954e-01
1.048750304589314286e+00 2.904285149855234227e+00 1.291873066502342127e+00 3.092956301094220151e-01
9.027650136848847096e-01 5.328812854422136702e+00 1.415132749411541990e+00 1.577531203620882450e-01
8.578577344717094322e-01 4.102758096342030036e+00 9.931411765732371943e-01 1.629950190413893829e-01
9.574439273794972394e-01 5.408197324466306632e+00 3.334063833236734720e+00 2.498342357161024152e-01
8.592222631676071920e-01 5.941439760533613779e+00 2.814243128200408783e+00 9.273373754546333780e-02
1.274524666782082427e+00 3.868524401081612218e+00 3.266842128714262383e+00 1.706496820337117803e-01
1.439683462143300341e+00 3.395570315708171361e+00 3.250074663593097046e+00 2.167046902456244428e-01
1.776709911833332711e+00 7.357914522637525323e+00 1.815648010802426437e+00 2.575574717090764465e-01
2.303899411457531077e+00 1.122344859152053331e+01 1.319736068832005893e-01 3.421025605583504214e-01
1.217678450189553452e+00 5.923394412835324196e+00 3.133971879074830547e+00 1.275376778330506999e-01
2.383459516919654408e+00 9.660612495615863438e+00 -2.978352692212619668e-01 9.609390565939220086e-02
1.071408209066036399e+00 6.857894284302147980e+00 3.744114544010553658e+00 3.105809032945647807e-01
1.203488780604941910e+00 3.223919170269256895e+00 2.891984339954580818e+00 1.514877530293362862e-01
5.629418636746081894e-01 4.637638391730728671e+00 -4.114125526500920782e-01 2.038309083043962633e-01
1.435697906401196544e+00 5.394442223570427686e+00 1.642765733805892303e+00 3.087511853650902194e-01
7.589246196732458705e-01 2.838434885826778498e+00 3.296805752758246832e+00 2.851648659872392244e-01
1.037175342451633453e+00 4.172681456117876664e+00 2.698363540410960493e+00 2.239007048717240322e-01
1.177471755443651791e+00 4.156426123015977581e+00 1.539169085439471729e+00 8.948295744102632843e-02
1.136412102453122186e+00 4.960095337259663673e+00 2.686898047602596762e+00 1.927044902926665082e-01
9.127459134486479719e-01 3.145923788073460514e+00 2.607947917820971906e+00 1.749409337344688675e-01
1.345205906577951360e+00 7.553279464730633386e+00 2.907623028704534374e+00 1.730632867501108729e-01
1.774849600201209521e+00 3.228770147118818823e+00 3.418439020526567784e+00 2.578318655586135932e-01
9.232344034783299680e-01 3.392720706334215297e+00 3.041372321643259102e+00 2.788106215261853538e-01
1.908085710682523972e+00 7.532674114240681895e+00 -1.224140105290350888e+00 1.633423839436174418e-01
1.190861143313334036e+00 5.615618774872682906e+00 1.887302564265862959e+00 1.385853817698035617e-01
5.948745688119141395e-01 3.970597278553927190e+00 3.332554823357585794e-01 3.283157902768739089e-01
2.096533712693926965e+00 8.294114087129795365e+00 1.623663781764033587e+00 8.198305560479424159e-02
1.122853700533343657e+00 4.797903168876566760e+00 3.308152333695637992e+00 2.869262295128501838e-01
2.444884195368998370e+00 3.819243174424332032e+00 2.582709410603699074e-01 1.665210595829732521e-01
1.374924560744592794e+00 2.792688260920649590e+00 1.160389066015735660e+00 1.328204849062702975e-01
1.451945543927393834e+00 4.961975606788422866e+00 3.960013635106585106e+00 1.351125940872288100e-01
1.034474374488033144e+00 2.784561346307206087e+00 2.672186958921353828e+00 1.780311270936412171e-01
1.889022241000928304e+00 4.841942719565130560e+00 1.160561257968028892e+00 1.521912182657985668e-01
9.268055090796009088e-01 6.262338031340842548e+00 2.341310115085048604e+00 7.395272169772433568e-02
1.765643025865259785e+00 7.447852999133640850e+00 3.409091046420065219e+00 1.529481707002238455e-01
2.010566350605915709e+00 4.225933393862728593e+00 -1.348028661233129366e+00 1.446521136450645006e-01
8.226280936827333745e-01 3.560116076153624132e+00 -1.669541018235943586e+00 1.014107703997271515e-01
1.521550386650647457e+00 4.331164709000555391e+00 2.897709190523252154e+00 2.696455077212516205e-01
1.403683965358956787e+00 3.411653887907241778e+00 2.485402104289316405e+00 1.046954912136036503e-01
1.430991359392646434e+00 4.342217143287959047e+00 4.029308556757769999e+00 2.054844502561292974e-01
9.077537956035917066e-01 2.453707081116369260e+00 2.201260294759697977e+00 1.785273519840850365e-01
8.406664709395524904e-01 5.980777539204686022e+00 -8.725393163264687502e-01 1.299329847749907674e-01
1.473278055369458661e+00 1.379266191517477580e+01 1.797835986438561573e+00 2.161839873518195954e-01
7.910410177316911096e-01 2.462037857617469516e+00 2.833974153768066273e+00 2.218413926759709165e-01
1.432989533726604980e+00 4.821819811544565404e+00 3.690923772685563264e+00 2.990946828726863682e-01
1.072823077431975358e+00 4.913397842490546452e+00 2.153152144600047002e+00 3.469746662209755583e-01
1.871605537064191083e+00 4.146416005274483396e+00 2.986780661171170692e+00 2.580458583952839335e-01
1.178423543968057041e+00 4.134079441310654524e+00 -6.559827800877380266e-01 1.524764447857459571e-01
9.960375413348843132e-01 3.303552184938689962e+00 2.947312981800292775e+00 6.707101162800297445e-01
2.164712031417116656e+00 7.782381436035056943e+00 -3.452887822078770652e-01 3.001844788695072763e-01
1.975493119852816282e+00 4.019957646703517185e+00 -1.066355263530510467e+00 1.424616784158090343e-01
7.282626439139455732e-01 3.782179192932241918e+00 2.392545798986258188e+00 3.333816738394244639e-01
1.096563793897488370e+00 5.431808556565612456e+00 3.449714406660790988e+00 4.867609457310238530e-01
1.032252181490675991e+00 3.640288275248795280e+00 3.043908217725409315e+00 2.224768168936167023e-01
9.510212750566171547e-01 3.338046760539068902e+00 2.486726653239125895e+00 2.195396660084430462e-01
8.068528740404333766e-01 5.188821541301379625e+00 2.371348198013538244e+00 2.405733000176538405e-01
1.137416846587744557e+00 7.166564219322488327e+00 -1.288986744383260052e-01 3.024257449458863656e-01
1.544037699592792245e+00 2.368836653051183294e+00 3.161543812589551194e+00 2.457606608006630833e-01
1.070420553088363702e+00 2.432117970730428791e+00 2.153062920518704626e+00 7.413269603263396290e-02
1.284696320417901605e+00 5.728576934218169825e+00 3.318501170683865631e+00 1.081291782857109890e-01
8.081996024649465982e-01 4.191668453450624554e+00 2.303672600984707053e+00 1.286875889302381004e-01
2.202690209727899529e+00 3.985653302871911663e+00 1.571660719824188979e+00 3.006463619838441459e-01
9.730070082257663566e-01 6.046803888460599907e+00 3.462014673211548654e+00 2.381885374380997289e-01
8.867645184458815555e-01 2.826613128913079809e+00 2.533209348551485718e+00 2.353766477679584690e-01
1.327684737653141767e+00 2.956313119288117797e+00 3.167257808667459429e+00 1.002609119486324168e-01
1.652728584861112182e+00 5.141982467319196282e+00 4.313020946241350906e+00 1.620041306005191306e-01
1.006731380237892326e+00 6.151223154303402829e+00 3.440467910892838432e+00 3.283047861857383287e-01
1.471953109152947636e+00 4.257105139673884153e+00 1.991699839980169973e+00 3.364933335997518649e-01
1.258092073631171814e+00 6.083880973297680406e+00 3.571951983090042138e+00 1.595518450551577649e-01
1.452577307566056408e+00 3.570186981670348203e+00 1.212771516713833986e+00 2.426086973371297528e-01
1.108570683866536122e+00 3.299348573035905119e+00 3.522878075933866704e+00 1.981510505505535424e-01
2.238244749975210279e+00 6.610044626100003207e+00 2.158782232687629588e+00 6.779642936186534852e-02
1.453467553459103057e+00 6.658100476651416244e+00 1.918493397900759456e+00 2.404180398053284984e-02
6.990843325376587813e-01 2.782937976721915785e+00 -8.380297105889135123e-01 3.747589599909491032e-01
1.392549916639058916e+00 4.409355956607639015e+00 1.332266098538921417e+00 1.143766495201202216e-01
8.540239204696511433e-01 6.175520367261045251e+00 3.827024625260242896e+00 1.250169295377576706e-01
1.469457050346168359e+00 2.963787708185491976e+00 3.102962043434131623e+00 2.397362425795157848e-01
1.769378057405108562e+00 5.742822179322505605e+00 3.754067153043163074e+00 1.950529092149907995e-01
6.192167902967208315e-01 4.346137527656013688e+00 2.669559156902889363e+00 5.470035439605669403e-02
1.755213492875162817e+00 5.229115265919189071e+00 4.048684292888311553e+00 1.660612690713704764e-01
9.373137146498176087e-01 4.380839297774622665e+00 1.025116839122307777e+00 1.371107554643598014e-01
1.438513473652417662e+00 4.325392931017546516e+00 4.099970577237141534e+00 1.281228745661592838e-01
1.777315849133477510e+00 4.519856844085450298e+00 2.143270976728717248e-02 2.685020802370094994e-01
1.320941412935597192e+00 6.951350074162464310e+00 2.980439623190848764e+00 3.726956975329978050e-01
1.175934123754235339e+00 2.667126346479892884e+00 3.156966282297730242e+00 9.196646272813321921e-02
9.195254702605605290e-01 6.924659193646225397e+00 2.907254487665408504e+00 1.005183333170318605e-01
1.294381739293566591e+00 3.517694204674571168e+00 3.360990892227909921e+00 1.468452716092856769e-01
1.750951614434059556e+00 3.076071600210576573e+00 2.070861689266673356e+00 2.397633312839361763e-01
9.898325332417083899e-01 3.298249491254357402e+00 2.663767819776927670e+00 1.991326434804387424e-01
9.228278975138921592e-01 5.315185654781544144e+00 -2.982623479420882240e-01 1.545180924884103912e-01
1.266202901374023693e+00 4.045653680683582998e+00 3.508002629148866625e+00 2.880906920257948478e-01
1.237468755648776453e+00 3.378218479367194771e+00 2.756953616294680387e+00 2.134139957465806814e-01
1.626709854475857364e+00 6.198766848269032792e+00 4.063870961984838104e+00 5.519724683281442834e-01
1.214949253668066831e+00 9.274940811439909893e+00 -1.699160730349837944e+00 2.625737715267141836e-01
8.035225761229375374e-01 3.450126046185798323e+00 9.465543367659983165e-01 1.944786482302158503e-01
8.292359418696246820e-01 3.749179515699648135e+00 -1.093538234615252236e+00 2.021671280978123708e-01
4.705531882220972406e-01 3.785227321533803480e+00 -1.534714011064984396e+00 1.231818164416926403e-01
1.136384361314382918e+00 3.046627861543684368e+00 3.745619620337980127e+00 2.322516957405160731e-01
1.873764401231936993e+00 4.202081234700728807e+00 1.746425535434591669e+00 3.411620290129318001e-01
9.871055528471928131e-01 5.476142877579878387e+00 2.258505435157670771e+00 3.169957498834617970e-01
1.163206415742957134e+00 5.514769629719328492e+00 8.427375460501422832e-01 1.619999700574303592e-01
1.009094218061763915e+00 8.143085206904810747e+00 1.222715384749114786e+00 2.290154765157283445e-01
1.243392160482740705e+00 4.230301079204668468e+00 3.573783075154439715e+00 9.022359606410017274e-02
8.408874869201876656e-01 2.763082017353957198e+00 2.234281559165186781e+00 1.646882877874983331e-01
1.444555028996189705e+00 6.448629603329290028e+00 4.016086781630685110e+00 1.184470551369495861e-01
1.048297023424726415e+00 4.284724195550630554e+00 2.746663844838661550e+00 9.279245372940088388e-02
1.219001807355849731e+00 6.525177545928850797e+00 2.267948363337742634e+00 2.566228183840398303e-01
1.476995608240981195e+00 3.756946756553585232e+00 3.336772969620641627e-01 1.370733183289510604e-01
6.299759046749376923e-01 4.222441684590300781e+00 3.102103111366075527e+00 1.910448849198024268e-01
1.927733961843419497e+00 8.874353896203380998e+00 7.702635236443434730e-01 1.168481343300469266e-01
1.479743346210250277e+00 4.785842370112812105e+00 1.211161816928959967e+00 2.348194674539135773e-01
9.211170209401657871e-01 5.301871799218868198e+00 2.039887582443963510e+00 1.267760518482308196e-01
1.312001705416502295e+00 6.760094760508299494e+00 3.585121805406809248e+00 7.347907077240273255e-02
2.445910577426115395e+00 6.952063052340699656e+00 4.201011978506381084e+00 2.185669981227535974e-01
1.676876559758946117e+00 2.703679518543241400e+00 3.289691131250367384e+00 1.125904348197418609e-01
1.679577233931809133e+00 7.678088856382012217e+00 -1.359563001050521525e+00 1.094722276631031194e-01
9.745399307020551349e-01 5.400888375413912534e+00 2.257319191212192599e+00 1.575622935361594978e-01
6.562192525889891659e-01 2.811969495628831250e+00 3.288087874000138022e+00 3.041749128225285093e-01
2.992032846655900080e+00 4.580668476155245195e+00 3.706252403176568677e-02 6.472050859955560953e-02
7.171067561652224587e-01 4.075316371903693557e+00 2.505964252922336932e+00 2.884272331951707180e-01
1.742811023405531845e+00 7.125537510018302712e+00 1.259958764832726619e+00 1.718091724003309173e-01
1.149928146928772765e+00 4.202253922862821511e+00 3.653627836417332908e+00 4.749364334958090794e-02
1.092593855430666006e+00 3.416616697700975536e+00 3.794422705563855747e+00 2.015454363943765537e-01
2.057039877333706190e+00 2.759391880369809424e+00 1.968008711133843791e+00 2.000907438215567824e-01
1.418804949195488829e+00 2.952360818665824560e+00 3.342212746610675023e+00 2.622882159886398834e-01
2.143131088079305968e+00 2.738287607000881252e+00 -5.259604043295570963e-02 1.575750831464993451e-01
2.053395594359889387e+00 7.231862506847067884e+00 2.157542287540945569e-01 1.821973235605991170e-01
1.817865364794753580e+00 3.589724877501874190e+00 4.032688316922342864e+00 1.961328876598541215e-01
2.603597546793167794e+00 4.976110780532192024e+00 2.165106638619924251e+00 6.669508556005517008e-02
1.397987098855954846e+00 2.290728433610325521e+00 1.603865503678300053e+00 1.275284431932920126e-01
1.724726365726277022e+00 4.110238073114067525e+00 3.354063260160789817e+00 2.061833789025557251e-01
1.299827627379959827e+00 4.082717669986560161e+00 4.310675997063340148e-01 1.821662933738422696e-01
1.460340584732532143e+00 3.666168610008081252e+00 3.304698460388411529e+00 1.242525153496895629e-01
1.129703700205012318e+00 4.197912541532267561e+00 3.957713203707435401e+00 1.554229198369448950e-01
1.707476445157336986e+00 6.856800233575429893e+00 3.009225224166898194e+00 6.961176554354489565e-02
1.430091387061041663e+00 3.820077299030183227e+00 2.817488398132744098e+00 4.072649952682411145e-01
6.555885731545598727e-01 4.834635084356905921e+00 2.266972971485197164e-01 1.280146646750531525e-01
1.905713641244090928e+00 6.418168308977835856e+00 4.330873945030703887e+00 1.507557300727375982e-01
7.830573704400816126e-01 5.280755683117873467e+00 1.918200078285895449e+00 1.046316850353920802e-01
1.343836994396923945e+00 5.531082449325796624e+00 1.015682531641304065e+00 4.138864736387158350e-01
1.578173331727708906e+00 2.375013862478158266e+00 3.341299877834101650e+00 8.021236090872523039e-02
2.312436236426619995e+00 4.430378746871425300e+00 2.216443680899270685e+00 2.343602975089404961e-01
1.125405658532822484e+00 3.421698627251218205e+00 2.989022906181132200e+00 1.492528915211771001e-01
1.123477206118260963e+00 3.633696803195941794e+00 2.492406048211253555e+00 1.361674217575747914e-01
1.168779705628271381e+00 2.165863719045267199e+00 -1.495107501902413150e+00 5.047232777869069958e-02
1.407328729757971297e+00 3.692331713658127068e+00 3.312572151093378103e+00 1.070466484870268575e-01
3.142887280581398990e+00 6.391897084331547241e+00 4.071653923278087284e+00 1.519803308456366409e-01
1.464124148602462760e+00 4.193480214528548800e+00 4.003999994630185189e-01 1.622862313752299890e-01
1.609936309373803054e+00 2.271556516245393453e+00 2.798019580926703664e+00 2.058965906630768616e-01
1.789858738105248426e+00 4.401946640755920903e+00 3.629439705084480217e+00 2.578240654839897839e-01
1.560005951708258509e+00 2.843294473575856074e+00 3.474955898236548268e+00 2.551757703964715462e-01
5.963917355592807112e-01 4.645304968148472824e+00 2.034355052750519199e+00 8.823132494012617122e-02
1.058068171200658103e+00 2.232615532216526422e+00 7.102630749207848870e-01 2.547420360413527041e-01
9.831829338357976900e-01 7.096211175443364993e+00 -8.342287681867366356e-01 3.832408489515647110e-02
1.427122536174568523e+00 2.771414534262255813e+00 2.953448908057090261e+00 2.015058324830765746e-01
5.243219936425592698e-01 3.755234976187700191e+00 1.963276780747130745e+00 1.023311050618418844e-01
1.652313402419702815e+00 3.978588003464107903e+00 2.089086252928689103e+00 9.785565558565617605e-02
1.014427638723871983e+00 3.828793705104408307e+00 4.215422598044933911e-01 5.360825050635223410e-02
1.397897794607942501e+00 2.408107651708691677e+00 6.454928895973499614e-01 1.165593419366600936e-01
1.348246193948020366e+00 4.408068370350282095e+00 3.262109443993924440e+00 1.797604168310018014e-01
1.441532360613425379e+00 8.358851390372644019e+00 2.473840227839906092e+00 9.674022308391046210e-02
1.922042686464373151e+00 5.827707822639809798e+00 4.068548987624598823e+00 1.800430773948475116e-01
1.159762165874620665e+00 3.499212637023749739e+00 2.609896986237022709e+00 2.886225232683998776e-01
1.282432632982829501e+00 4.883402810084926493e+00 -7.407108121608023676e-01 1.196795422841751139e-01
1.685648217874258892e+00 2.928296484402067801e+00 2.425428910622446033e+00 1.794838322965672806e-01
1.055794548576995506e+00 4.417493509940894292e+00 -1.890707193221038418e-01 3.826477073044487476e-02
9.032548899643966234e-01 4.825466573903403500e+00 3.526057722387148541e+00 3.821321193949320238e-01
1.301419227675497670e+00 2.318938898259334191e+00 -9.558573592465013924e-02 7.133327358793228878e-02
1.072459071670101904e+00 3.581280513324418990e+00 -1.295280149270519932e+00 2.230515547965392087e-01
9.635821920225576820e-01 4.190460974189768706e+00 2.678325896941055717e+00 7.258825948848246501e-02
1.747038855221569875e+00 5.956724508443395294e+00 -1.036279167865306938e+00 2.131752547224545769e-01
1.437132476953037141e+00 5.944245166657223578e+00 2.166506466290166077e+00 5.061594101056690054e-01
1.752365824629205759e+00 4.413215073797958965e+00 3.387027724414438445e+00 1.613023615452135462e-01
4.396973683114845932e-01 3.935343279623249479e+00 2.317598208256324899e+00 2.074865313720777038e-01
1.266810888760608655e+00 5.060125302247812762e+00 1.591124679819725829e+00 5.391708702394391872e-02
9.864287555794432061e-01 4.283248579983354176e+00 3.625847625566126720e+00 2.280178690896316751e-01
1.015068727910391377e+00 3.265627292780693747e+00 2.721701155481667911e+00 1.110707919072629751e-01
7.155249411848952912e-01 6.005460099605523183e+00 3.767274920723677756e-01 8.137662700147862971e-02
1.147573989731193400e+00 3.728588699305857901e+00 2.072960255272100483e+00 3.014719921680093506e-01
1.278950376464971228e+00 5.988098228525105426e+00 -5.129167897578950086e-01 2.089534016375446945e-01
1.592962538440110931e+00 7.950661252913235444e+00 2.553587900067142424e-01 1.525463911806949069e-01
1.554623172102460815e+00 6.261897806007429068e+00 -5.899960900801348718e-01 1.655124013098921709e-01
6.354078401576274127e-01 2.711362685986757448e+00 -1.442688855442179952e+00 3.185114132068308512e-01
1.443809704169245034e+00 4.007873429846338986e+00 3.126171661733663232e+00 2.727979049995623573e-01
1.981856660380305168e+00 4.335474379691972580e+00 6.172695721169303429e-01 1.764821860814321797e-01
1.612157773097413704e+00 5.946435272829364571e+00 4.486133553954329001e-01 1.761765950035465988e-01
7.134143246802886473e-01 5.174190139063968630e+00 2.211721925639354325e+00 3.126503064325310555e-01
5.158591526106652836e-01 5.854977696661899600e+00 2.974799931422938970e-02 1.404613607538743869e-01
1.974077344100510834e+00 6.285405806482097013e+00 8.707664374773864679e-01 2.325228538568873682e-01
9.335403329670570738e-01 4.283864506681250184e+00 2.443876071221718682e+00 2.298702757151751541e-01
8.487009628507278247e-01 6.646925319048474279e+00 2.733981663279908325e+00 3.088684007930216358e-01
8.422104046796643484e-01 2.189256820981468010e+00 1.508466297284378976e+00 2.594948667976220702e-01
1.737512453210266372e+00 3.876008213067444252e+00 6.705114193657868427e-02 2.599231809386283176e-01
1.027165101365891564e+00 3.455914214232594261e+00 -4.175539297273598849e-01 2.542915160074080694e-01
1.335262789961940921e+00 3.701174659545845902e+00 6.692773740816874151e-01 1.497679693321704031e-01
5.926145814443627424e-01 4.832170803825686534e+00 6.846638098844037845e-01 1.093265032246992230e-01
1.735039111752521013e+00 3.107636310915287581e+00 3.480086691807285693e+00 2.689967159329946234e-01
1.261728259241628347e+00 3.767113161680035294e+00 3.670994648222835721e+00 6.478372429186171622e-02
1.714071819242354522e+00 6.070623877160589821e+00 2.820708769097769242e+00 3.398472312491048752e-01
5.342514089328639360e-01 5.381155140390550429e+00 8.741398236580868453e-01 2.649407610815586733e-01
8.788100038582715712e-01 4.299988369929505616e+00 2.695804719421745155e+00 1.648865224249994876e-01
1.433563341267737989e+00 3.758167550083977737e+00 2.986351505247170302e+00 1.011125027253209768e-01
6.627261355072452398e-01 5.577301622141771276e+00 2.654774963913459906e+00 3.441611267104337513e-01
1.556028013003017740e+00 6.141269667674017718e+00 3.590212089103625104e+00 2.220412653666590241e-01
9.543892207328559252e-01 3.341896276219357809e+00 2.226014067550297071e+00 2.832917028205817478e-01
9.040343655780828103e-01 5.845064573043647016e+00 2.907354386017783732e+00 1.576744853441373051e-01
9.567108958143899500e-01 4.309644425251837774e+00 3.241225060432781468e+00 3.272337957960472776e-01
1.053760225753998414e+00 3.084259975369106677e+00 -3.265370380551244622e-01 3.229045699386768886e-01
1.427497075832748097e+00 3.057109959751983297e+00 2.676617020108912115e+00 2.695935716495310719e-01
2.020070902995562800e+00 6.500091754390595611e+00 -1.136280873051050300e+00 3.934656408474078437e-02
1.731614748284181715e+00 8.304006727880313576e+00 3.553835601896077279e+00 5.189860181610314593e-02
3.317123903062913381e+00 4.519591841247044606e+00 1.262045768947444024e+00 1.447500312513733400e-01
1.552656662865746995e+00 2.515927224235424031e+00 2.873658634832581438e+00 2.920714547952432127e-01
1.045979654040786189e+00 5.083386176526295763e+00 2.022723901537953672e+00 9.684796636491602162e-02
1.423430265416941065e+00 6.492277914762285107e+00 3.037360575369065785e+00 7.889309484873477385e-02
1.339354955002361569e+00 3.985830663976175359e+00 4.285252791036302078e+00 1.721397847243359425e-01
1.052997711940926173e+00 2.761972723122338547e+00 2.165476320604584615e+00 2.385340400768008462e-01
1.396971351196410360e+00 3.393836932530119643e+00 3.820769983212390031e+00 2.133051766433748941e-01
9.871416851128891334e-01 2.462794073474959156e+00 3.259971233510176702e+00 1.032606893933774583e-01
1.567407331492655098e+00 3.755094445263182035e+00 -1.101399558022246650e+00 2.103655724225075574e-01
1.165270073841289555e+00 3.707455364275023868e+00 1.611893147342020605e+00 3.186770507201880931e-01
7.557715076505276963e-01 7.095523164074770683e+00 2.363099064966213803e+00 5.027553485091612595e-01
1.100911701486287475e+00 3.728667602120309343e+00 1.709666972673343333e+00 3.842786660242120123e-02
7.849141689643247544e-01 4.331984490291125312e+00 3.043790326818430980e+00 1.389375401745716332e-01
7.689606628132732435e-01 3.741183079576481774e+00 2.057837786585853479e+00 2.329476480589352527e-01
2.027606475336169112e+00 4.709260602065958423e+00 3.576782436574655222e+00 1.121491598355226216e-01
1.349890429485257171e+00 3.525315296440625801e+00 2.652561975366372948e+00 2.199740318880955836e-01
1.635944634868677028e+00 4.134433783104854321e+00 2.178798627856069814e+00 2.094547744637702547e-01
1.935738569744961612e+00 6.077829333447548166e+00 2.782531361075615717e+00 1.907690169701629079e-01
8.099261439398233176e-01 4.849594104903057534e+00 3.253646933264055630e+00 3.349932212569582402e-01
1.150920712287112790e+00 4.952853447095067807e+00 3.806480219451201297e+00 2.508698353085720978e-01
8.983654447181415037e-01 3.689617269906661612e+00 2.688136590240803869e+00 2.935359762061955369e-01
1.162977189803106715e+00 2.616287720918109461e+00 2.809332825048896254e+00 1.370896218873828287e-01
2.009969438591735713e+00 4.707891997184352029e+00 -1.467473876858756299e+00 2.790033506969358257e-01
2.171844729082805348e+00 4.448270487914926186e+00 1.424729236229348717e-01 9.545976884660563322e-02
7.790235822221319717e-01 4.610400580308972707e+00 3.609188986036867330e+00 1.637358021226879568e-01
1.691755700340811241e+00 4.321058218557615405e+00 3.008028017878721094e+00 1.393061970526861260e-01
8.852391380892113970e-01 4.248246144531266921e+00 2.853141277480932381e+00 1.804495423768727180e-01
1.558061281024870626e+00 6.716376041801133567e+00 4.558213081529637556e+00 1.192125575971380302e-01
2.037299782296984496e+00 4.970404147430385500e+00 4.834618089572408905e+00 1.826794758480831393e-01
1.038242652917451103e+00 4.852534122060182753e+00 3.864670963886272403e+00 4.446987956040937551e-02
2.445150374916164271e+00 8.270240301854245857e+00 2.666083613830249277e+00 1.958007746835990215e-01
7.341131390276585122e-01 4.920145676122219314e+00 3.151439237897957657e+00 1.163693824370445051e-01
5.781590264793101674e-01 3.745734802886620862e+00 2.032890294734557290e+00 1.744135232603825081e-01
1.234618484285296525e+00 3.209769843288354352e+00 1.615832419542107878e+00 1.521155569715201827e-01
9.359049034181146087e-01 3.600292249217513341e+00 3.158163091167544234e+00 1.099663257515016007e-01
9.610502045274524896e-01 4.328975937091371406e+00 1.648161897008348475e+00 3.322796254174865682e-01
1.298235322712078421e+00 3.910545497390680580e+00 2.362935292863493686e+00 2.306091558995588264e-01
1.688302882332871402e+00 6.533432081205466702e+00 6.425901980633061394e-02 2.379587857023875985e-01
9.157746261009427347e-01 4.383496221822236194e+00 2.376373393635873743e+00 3.016716837130636319e-01
1.312440283702978272e+00 6.457146415455542687e+00 1.725339433094892128e+00 1.641653865165773052e-01
1.308804072276182673e+00 2.497831909865263711e+00 2.587153381554197829e+00 3.797005248042677472e-01
5.241214290143592081e-01 4.404304633840858685e+00 3.054702409878534697e-02 2.385248901631487062e-01
2.064932664697360032e+00 7.703729092645503762e+00 1.217735843420245434e+00 1.105507290729998426e-01
3.110918759809143119e-01 2.175530963110340554e+00 -4.157091825341466818e-01 1.825245656325963639e-01
1.867861953899339511e+00 4.901341855468587916e+00 3.124172916928183774e+00 1.719066491439157351e-01
5.367810749551710225e-01 2.669754063315677772e+00 3.949615509712371964e-01 1.343024641195962599e-01
2.661152411355476755e+00 3.120059868965542993e+00 3.909491309072391729e+00 7.925508219538659471e-01
1.569799703497347432e+00 2.610113046429893391e+00 2.287024945548431720e+00 1.209930526736202050e-01
1.139799938008869695e+00 3.272307367651269949e+00 4.203842091955761973e+00 1.985883214269129615e-01
2.007244944364302341e+00 3.168189834576802255e+00 3.884189332294476493e+00 4.143722629302069166e-02
9.635988617178166127e-01 6.167770897136245267e+00 2.223389480125436801e+00 2.382505668052228853e-01
1.540537050551078702e+00 3.370981184686753451e+00 3.256467759614575463e+00 1.235376466512368154e-01
4.938579310055449256e-01 4.781214608011894462e+00 -4.205996736096715982e-01 1.321928299152227426e-01
1.796755232643466149e+00 6.360040905189400462e+00 4.888616173934912101e-01 1.647800113768583818e-01
7.074275817443600456e-01 2.776430276999263480e+00 7.790298570323115346e-01 2.089024392860683588e-01
8.940331294035986920e-01 3.187685162397362770e+00 3.166805661688249174e+00 1.530306309771651552e-01
5.637332771749328231e-01 6.270161526174306665e+00 2.015464697154341067e+00 1.837914619497348911e-01
1.489964701394257629e+00 4.578803256622347106e+00 3.505598660422887924e+00 2.759389766916307551e-01
1.427402541723626461e+00 3.371836324035997201e+00 3.995919976098815329e+00 6.876866940161967257e-02
1.154425676535440815e+00 3.457942325368518866e+00 -1.312820136978648300e+00 1.977175010968732771e-01
1.040107054808404596e+00 7.614647241336814254e+00 -7.514932490151374767e-01 9.855586248786653292e-02
