# 500 (alpha,mu) samples from hierarchical MCMC for Lidocaine + Nav1.5-late
1.397137341221887041e+00 4.905014508955210850e+00
1.518399002335879766e+00 4.818545386986535561e+00
1.806168511084515149e+00 5.032513498715300848e+00
1.282987968273551216e+00 4.972242589461251860e+00
1.427067040213590321e+00 4.934157971992766178e+00
1.711806089568625566e+00 4.890694106173362421e+00
1.507213926685291971e+00 4.926996643549542476e+00
1.491080553581607626e+00 4.978607195338470071e+00
1.264073846136355428e+00 5.060521409557157568e+00
1.550476900038541439e+00 4.883193208241684680e+00
2.113058141706701587e+00 4.845302607808632089e+00
1.095914062728915228e+00 5.001198768980590792e+00
1.186183006994975475e+00 4.860456540879212639e+00
1.448410146766051287e+00 4.960076511020409029e+00
1.581320334219061374e+00 5.031688135535678619e+00
1.544623398414996851e+00 4.834762104152980910e+00
1.170296168056506492e+00 4.779579428893371507e+00
1.103572906878698578e+00 4.967242948639666977e+00
1.112534334055347074e+00 4.877282709398722993e+00
1.201387757959715641e+00 4.998162598099406218e+00
1.221660946350752619e+00 5.024978218427193610e+00
1.195331355862019107e+00 4.818578457269031112e+00
1.043233210826609580e+00 4.883394125944418462e+00
1.357750603551123314e+00 4.788649825922032477e+00
1.794811101525641828e+00 5.003981198388062879e+00
1.334046940557133798e+00 5.126790189786187391e+00
1.620883600568954419e+00 4.954530021081079205e+00
1.323975120870260369e+00 5.004388701739447498e+00
1.984905216216086954e+00 5.065689031115089946e+00
1.730945948440977045e+00 5.079523567922050731e+00
1.530869412139272523e+00 5.124444327796498833e+00
1.371605574215253309e+00 5.076381775699331911e+00
1.550354571044115559e+00 5.142734103919104349e+00
1.177400181007147273e+00 5.000598213714391171e+00
1.171572831003213411e+00 4.829316932812731444e+00
1.313871987733041147e+00 4.988633451750596137e+00
1.341562011901641815e+00 4.887799128322012798e+00
1.282027410269898970e+00 4.937555712414872566e+00
1.391179264906045043e+00 4.885818586675076070e+00
1.314403300713084199e+00 5.059870028930323116e+00
1.177607101017929869e+00 5.020958476051928798e+00
1.005473860790880636e+00 4.815497756134077711e+00
2.057372423648296866e+00 4.727295586419753448e+00
1.363948447911298212e+00 5.224339547926398097e+00
1.187623033425894370e+00 4.731171830292693059e+00
1.000894016595246905e+00 4.905624309192107013e+00
1.359201345796699600e+00 5.012532851327941685e+00
9.655413332903852730e-01 5.027523995216197861e+00
1.290194858301809688e+00 4.920653560810850813e+00
1.342449991937356257e+00 5.014964694041812443e+00
9.468825430877141347e-01 4.981567092832545285e+00
1.584313933890818760e+00 5.029102585477819964e+00
1.671105077326775934e+00 5.022991284353200747e+00
9.783566983510141313e-01 5.200204389844583552e+00
1.182716085149754903e+00 4.961646310551592443e+00
1.611832994891636339e+00 4.924176031675790988e+00
1.436991562267347700e+00 4.966462973320481034e+00
1.386061011254927866e+00 4.690054166490803311e+00
1.464041056632116033e+00 5.062880320970796433e+00
1.767303265249953625e+00 5.002948696491545277e+00
1.539539264072176561e+00 5.008148271233645588e+00
1.096278822274935338e+00 4.970613558905125018e+00
1.274581837324411326e+00 4.760724826320375414e+00
1.657085042076616999e+00 5.220761889493866548e+00
1.163826342410563930e+00 4.955722185931541013e+00
1.237454432419486050e+00 5.297770507790194650e+00
1.627651334893722712e+00 5.100118354336712123e+00
8.618343006330687617e-01 4.994757502284631556e+00
1.166663441549911973e+00 4.959785985017711951e+00
1.415818373673427333e+00 4.988381270535290568e+00
1.273815283486053440e+00 4.956668080915009433e+00
1.376755168285751507e+00 5.040344031154222471e+00
1.346371394060086102e+00 5.068230405899841529e+00
1.144586048007560253e+00 4.968607894751768228e+00
1.460324204833885142e+00 4.931553928543075394e+00
8.380019806481574518e-01 4.831622635383900466e+00
1.622558932135459653e+00 5.102960606243971853e+00
1.668343018723260629e+00 4.950319958915708973e+00
1.147698902432253476e+00 4.980846540312169779e+00
1.301909194697439043e+00 4.805888114294358360e+00
9.589574128339033443e-01 4.942934288216425998e+00
1.767303265249953625e+00 5.002948696491545277e+00
1.126006508084176572e+00 5.039713843547273697e+00
1.023777939622212418e+00 4.930661454186933135e+00
1.226886709754075655e+00 5.025078140543715932e+00
1.337312852308660371e+00 4.961735184841479906e+00
1.275610992183386250e+00 5.211456536352813806e+00
1.197441165381203154e+00 4.884297128203791694e+00
1.408131153621102083e+00 4.975852535277804023e+00
1.621219046626650728e+00 5.041634883807145862e+00
1.354060070864070653e+00 4.971593865356497055e+00
1.439376212467561533e+00 4.985301457903807965e+00
1.588863917207647303e+00 4.990516671425576867e+00
1.435220595680597899e+00 4.857000445649997111e+00
1.273287169741914138e+00 4.851231607885165609e+00
2.695846501596260936e+00 4.882289736883370423e+00
1.162320812760850863e+00 5.012707543221015527e+00
8.212546250099216349e-01 5.042403802433844007e+00
1.475035022166163889e+00 5.021201844054166585e+00
1.299375423059814461e+00 4.875707082992134289e+00
1.717399449060379890e+00 4.958288724331642250e+00
1.152042345678306434e+00 5.154795876445475322e+00
1.325936569008805410e+00 5.057454773410951177e+00
1.571882458352387157e+00 4.869536436180752048e+00
1.736191439166599126e+00 4.970589610758515242e+00
1.750628172523764237e+00 4.939427419381828166e+00
1.367116806168400256e+00 4.962505599813863633e+00
1.232527505948457947e+00 4.843680120896946661e+00
1.731855816622244193e+00 5.279754423855804291e+00
1.168796410134625541e+00 4.982410751567944551e+00
1.618727122939190632e+00 5.095884610993299368e+00
1.040277835816194818e+00 4.861465906619582000e+00
1.817434720640505708e+00 4.991265253500740684e+00
2.236823658812156168e+00 5.161672227537953184e+00
1.190538138055982742e+00 4.877555253370761790e+00
1.599962192241767278e+00 4.849935210761217697e+00
1.600902967647196418e+00 4.971462380551639804e+00
1.275405902281245174e+00 4.983769761512911067e+00
1.810136515555232251e+00 4.953199839085271172e+00
1.216918522891355270e+00 4.904468791675118844e+00
1.346371394060086102e+00 5.068230405899841529e+00
1.648454164721317339e+00 4.728058128209449151e+00
1.352688935103483203e+00 5.042694394562028393e+00
1.324526443515514407e+00 4.926126281876209489e+00
1.322388462933881126e+00 4.954521554394142768e+00
1.058244978373582335e+00 4.776829955373345982e+00
9.918143067573472749e-01 4.966584421155129547e+00
9.672969771778965331e-01 4.820585399627741907e+00
1.497248034317867571e+00 5.006504033548027977e+00
1.205975302715694308e+00 5.042262006173277022e+00
1.293538015315950362e+00 5.026851991973521727e+00
1.457176630461124445e+00 5.040722098953518859e+00
1.329300720454874352e+00 5.043793499465929919e+00
1.376027776764786603e+00 5.086512889279720895e+00
1.123317248579617011e+00 4.818030449393241987e+00
1.695258096935053693e+00 5.002439649882600037e+00
1.201124604108751992e+00 4.950619825997557122e+00
1.350837482052112737e+00 4.911452111065711890e+00
1.035360671609508953e+00 4.978401792223600353e+00
1.287441535725904362e+00 5.063162298935877992e+00
1.473396930581315267e+00 4.963989999456456026e+00
1.647144351732337642e+00 5.248870427856556553e+00
1.428975199731243428e+00 4.882870281613326036e+00
1.288616158838404857e+00 4.954482913919328269e+00
1.488125034928521107e+00 5.025773876976922239e+00
1.259184869251076755e+00 4.946851873690659041e+00
1.671016715297687805e+00 4.985766269138394158e+00
1.386392892153363698e+00 5.050283627860414626e+00
2.125663886218160936e+00 5.291300422538921744e+00
1.037567427533251818e+00 5.039449802946433188e+00
1.442333251626946922e+00 4.909336966629008536e+00
1.353330547673969653e+00 4.939602057013767755e+00
1.268354818024280295e+00 4.926053021756469974e+00
7.040270881845247519e-01 4.907552302370747910e+00
9.437743342750483100e-01 4.984533728855371493e+00
1.081058361848426408e+00 4.891854212088621701e+00
1.443500310453600610e+00 4.964877225575865083e+00
1.082220109567548549e+00 4.963832038006608549e+00
1.132043185131222485e+00 4.988560900483978600e+00
1.689296520242386190e+00 4.897609297755217916e+00
1.759648218345936543e+00 4.943892804074553560e+00
1.315013201368894213e+00 4.951677214797164162e+00
1.397254654958044018e+00 4.839511106756372527e+00
1.153631969181296846e+00 5.006092219360575690e+00
1.754919369156881181e+00 4.807386304794122545e+00
1.261676121804721440e+00 4.989100951856376476e+00
1.621619689751868210e+00 4.915173844589952878e+00
1.569819116988891095e+00 5.280159807687518914e+00
1.512687327725581010e+00 5.176459753704788724e+00
1.283820821490096797e+00 4.927661356612878407e+00
1.229861905893494090e+00 5.037568613931457939e+00
1.870589583863717653e+00 4.989639733073495620e+00
1.285181768272106506e+00 4.897301348980329649e+00
1.406404431008355882e+00 4.911117279839336547e+00
1.124093282824705220e+00 4.913404571432386625e+00
1.590733294720018343e+00 4.577048374683244880e+00
1.357443738250858623e+00 4.906175634457144774e+00
1.259037107763106400e+00 4.944853514970853681e+00
1.168768338065033108e+00 4.992365377781792013e+00
1.579423878152487415e+00 4.955668698953884288e+00
1.265639181787090672e+00 4.864592344480080932e+00
1.191068651142541457e+00 4.797103357758576436e+00
1.500826978938433198e+00 4.969937630669144291e+00
1.315110424008259171e+00 5.044601273455841195e+00
1.328460807780599495e+00 5.001735327291118693e+00
1.209672896412635534e+00 4.652816782518152117e+00
1.134395930371520755e+00 4.981566016676339359e+00
1.563478836412235617e+00 5.033387414412885619e+00
1.459034485530918523e+00 5.037756333027174627e+00
1.406039597450948087e+00 5.037728286593747384e+00
1.429832974171666216e+00 5.004978919129098536e+00
1.220931797278319353e+00 5.029733094811315475e+00
1.075289019322726247e+00 4.984084695065683412e+00
1.205350467136660830e+00 4.958231279792570056e+00
1.930559536927264119e+00 4.940997238182031737e+00
1.587732386847886978e+00 4.705594237793819801e+00
1.066707634620850165e+00 5.014857147164676121e+00
2.137221029790158155e+00 4.960970967177064317e+00
1.180145870995496171e+00 5.002198690626022071e+00
1.328344349239694466e+00 4.804419052181667205e+00
1.584381360907695324e+00 5.048644684899246116e+00
1.242484370080217948e+00 4.980685014013943146e+00
1.126078920690496199e+00 4.917977510156992693e+00
7.973298474004574254e-01 4.746795246492859555e+00
1.457535089625684233e+00 4.831005690756732029e+00
1.727677762398051486e+00 4.956645848594211756e+00
1.192705471887095303e+00 4.947661868165667443e+00
1.115701600526238790e+00 5.010815063565311256e+00
1.797876320303006370e+00 4.955643934919598870e+00
1.518235763000344019e+00 4.946306690074880663e+00
9.516904961473519053e-01 4.931291545632776163e+00
1.592346135547957564e+00 4.933881814824019330e+00
1.775958205654595945e+00 5.269707762827656516e+00
1.135388610465801529e+00 4.776674000511077267e+00
1.131775017894956603e+00 4.924568344943421216e+00
1.609815800594273316e+00 4.803450714249217768e+00
1.759803376950165532e+00 5.052090490500628306e+00
1.047080569837225861e+00 4.939457377407051375e+00
1.325590330709274678e+00 4.978265052560865378e+00
1.475395834974527087e+00 4.915929866105371637e+00
1.398221863835355627e+00 4.909367484480039678e+00
1.758362328805047170e+00 4.985396723637589567e+00
1.187323333262971348e+00 4.990092587755166953e+00
1.854634370961859569e+00 5.107089452369119265e+00
1.398995634246474218e+00 4.996374929221444106e+00
1.246460196656623998e+00 4.905223466842997482e+00
1.214188679866048171e+00 4.946327274023337495e+00
1.000333647831063377e+00 4.887531531444383681e+00
1.612458869953847129e+00 4.978394646216105279e+00
1.599142465153682968e+00 4.854681707652368061e+00
1.147521509327281475e+00 4.978093983980016013e+00
1.431654277010100618e+00 5.029613990423037251e+00
1.522600672818937850e+00 5.000219394895539793e+00
1.127684696545672161e+00 4.900238273011564338e+00
1.503060808621514477e+00 4.926791307790879593e+00
2.029022302767354624e+00 4.818267159154411949e+00
1.354533765256717315e+00 5.026091621913126417e+00
1.315630507565485718e+00 4.810879414155883715e+00
1.046538777079912386e+00 4.781604683438275494e+00
1.248409848900043473e+00 5.049208073837037070e+00
1.741637648378191905e+00 5.169781285987669506e+00
1.273512760154415391e+00 4.955464719257585138e+00
2.087204480832769438e+00 5.005929733151620376e+00
1.200526004205254571e+00 4.938990381990003620e+00
1.683735801352895356e+00 4.996487225903185170e+00
1.475035022166163889e+00 5.021201844054166585e+00
1.676746935258300653e+00 5.025843376980458466e+00
1.671156741516051092e+00 4.995078323227244432e+00
1.636254362491597725e+00 5.088130697353818732e+00
1.092140355447903888e+00 5.028451884502492142e+00
1.537099480917711647e+00 5.142543844294082511e+00
1.408572090806786470e+00 5.077961096591672607e+00
1.095901248060295430e+00 4.923054825915692767e+00
1.416060220842500383e+00 4.908228345226905098e+00
1.010245936801950739e+00 5.007394113733359298e+00
1.080912980238485366e+00 4.842558685817722086e+00
9.803865643637088567e-01 4.932873593064821094e+00
1.168971965604005625e+00 4.951002552454673022e+00
1.260271367026030376e+00 4.972614559573019122e+00
1.264959475508100617e+00 4.989261045853796261e+00
1.374093851109395414e+00 4.896689961654279166e+00
1.677159270067011265e+00 5.062385160270048701e+00
1.257244284869461826e+00 4.809945098396177343e+00
1.448073822673817901e+00 5.008179550747906106e+00
1.039065756335949775e+00 4.980789087148660421e+00
1.196454883444122652e+00 5.007343320241622209e+00
1.476830929698723205e+00 4.993022354994516299e+00
2.115480436948779186e+00 4.997699381083340775e+00
1.735777655085507964e+00 4.928238801140429892e+00
1.374239004813729181e+00 4.981988906394599681e+00
1.334432976986300146e+00 4.862497464654937041e+00
1.972567147700716506e+00 4.973308586279554078e+00
1.137267315863596640e+00 4.856708058722213117e+00
1.456813163231432950e+00 4.952236866923635183e+00
1.259132335414201886e+00 5.113970917710710218e+00
1.450821250069408430e+00 5.025574852664675518e+00
1.349653678571128612e+00 4.896779582663963737e+00
1.174418877872306144e+00 5.015093281321519214e+00
9.951681008500703474e-01 4.975767860061379722e+00
1.174341296221008468e+00 4.976031373403767333e+00
1.431415582049259783e+00 5.164811727918889872e+00
1.054945989063268197e+00 4.862382823102749718e+00
1.341235264125423932e+00 4.920052614589772055e+00
1.550476199927948606e+00 5.170018187432501300e+00
9.980867979501786280e-01 4.807011123346812020e+00
1.493098677546016440e+00 4.927431156680446733e+00
1.307239202214182550e+00 4.903809683403200559e+00
1.117566049947452900e+00 4.858642348497310692e+00
1.443332536394966947e+00 4.673034859169927557e+00
1.315070590181199206e+00 4.965867223867705960e+00
1.240338023763069231e+00 4.517524606064241333e+00
1.387571179985486847e+00 4.908242402207703137e+00
1.851892835021192285e+00 4.934736790621514047e+00
1.077687812535969236e+00 4.842633336936073007e+00
1.311843982874852710e+00 4.860098756474383386e+00
1.472561035759622605e+00 4.773339624633472944e+00
1.461584935891180326e+00 5.040008779101576408e+00
1.000386398912405106e+00 4.878185666671806864e+00
1.866668145413899138e+00 5.131630007191749776e+00
1.584838817445070269e+00 5.014233045067817862e+00
1.213278263562657555e+00 5.066443541937896811e+00
1.233553963442550749e+00 5.033955496358749393e+00
1.287420483493193935e+00 5.003510131301778685e+00
9.646862868920160761e-01 4.787558899693515890e+00
9.952698928834911030e-01 5.177246800192064846e+00
1.348388530836169830e+00 5.087198113411480094e+00
1.574488939488864370e+00 4.944953780955905209e+00
1.128636923624333654e+00 4.990995318188361729e+00
1.100309574088236708e+00 4.741273034659323926e+00
1.333599508568764636e+00 4.911533575459676726e+00
1.167140467795145575e+00 4.982053657808052982e+00
1.561460031683957084e+00 4.965748818364916772e+00
1.104613533007146930e+00 5.210522612038329449e+00
1.130292376778026631e+00 4.986210256885634351e+00
1.260765109602216327e+00 4.938427481779577910e+00
1.555111747063761651e+00 4.853434760655434665e+00
1.684086109494292494e+00 5.015139195747278400e+00
1.253233961401936103e+00 4.906118102719273288e+00
1.669844891150402910e+00 4.683233784078928430e+00
1.618991406131390587e+00 4.945771634662957439e+00
1.641871694883717758e+00 4.930989700345794091e+00
1.780721411711463142e+00 5.038174919094672077e+00
1.383087901877734227e+00 4.816627010508867990e+00
1.198466768631408108e+00 4.902406775373596481e+00
1.213068136719207324e+00 4.737803519342178582e+00
1.216137144555107907e+00 4.874152204929415255e+00
1.370328696853208017e+00 5.015633685783599027e+00
1.125376847787859624e+00 4.821239284313162621e+00
1.329701206523371759e+00 4.848614807493793144e+00
1.226111230241562655e+00 4.890945209822715078e+00
1.503647047209643928e+00 4.841473861529741463e+00
1.868621459698367904e+00 5.194307391992899703e+00
1.314996436837476690e+00 5.065855148231385385e+00
1.176792260191095618e+00 4.842201332383353041e+00
1.409347882751883940e+00 5.013148902240240012e+00
1.180200351793782465e+00 5.060588246559245107e+00
1.675294100533278874e+00 5.032815395865964270e+00
2.218969546230307177e+00 4.950197348190229718e+00
1.101430531321335948e+00 4.780803438160585728e+00
1.131812691645762481e+00 4.933188727741431912e+00
1.625152627434704122e+00 4.936298656014503017e+00
1.311150124103473980e+00 5.028879937954252810e+00
1.096278822274935338e+00 4.970613558905125018e+00
1.465121521171731889e+00 4.978964397040636314e+00
1.728480305518900417e+00 5.048759099142759332e+00
9.900637348348535483e-01 4.942017740311162477e+00
1.033770857623611317e+00 4.798937798154486956e+00
1.286000805673929381e+00 4.866155998364249946e+00
1.388156578080824932e+00 5.102827691832236390e+00
1.211425009335298730e+00 4.985967937764527846e+00
1.460030697769109320e+00 5.121350456763966719e+00
1.079558442109581629e+00 4.973151939353640749e+00
1.168768338065033108e+00 4.992365377781792013e+00
1.280936647669732587e+00 4.969189284612919089e+00
1.265077909427307246e+00 4.920526075420385226e+00
1.180026229250765724e+00 4.936304445999113000e+00
1.186340080111148110e+00 5.068084299773937040e+00
1.226358901021946224e+00 4.960472811127118575e+00
1.103301819852872567e+00 4.924647581801388618e+00
1.449186861561728934e+00 5.000054779409890848e+00
1.381467433085262320e+00 5.177005857132774835e+00
1.176881224906024093e+00 4.974548981332887365e+00
1.356322095126488936e+00 4.969017969967295834e+00
1.763940162833874226e+00 4.960370088405367639e+00
1.439695852007208288e+00 4.898850100682800246e+00
1.464515649852168089e+00 4.958794890301033043e+00
1.207813765126772187e+00 4.940561381983903821e+00
9.748340663127550432e-01 4.967541687289105390e+00
1.342249222601612280e+00 5.018421486410538535e+00
1.107491263048798302e+00 4.897080560503764168e+00
1.204432193977122312e+00 5.023300050397865313e+00
1.495934853152059762e+00 4.848148677223883318e+00
1.732529224272330692e+00 4.935464628660321651e+00
1.222442788705391470e+00 5.143068171415786871e+00
8.839511498979998327e-01 4.949518342721776598e+00
1.453594999111830433e+00 4.742663152675303806e+00
1.645736703095782572e+00 4.968549676649265834e+00
1.810100955745933105e+00 4.886600372136205905e+00
1.809394711022356494e+00 4.896923576499368380e+00
1.323742821204097586e+00 5.109912713189578071e+00
1.425015458928359013e+00 4.947260715439686152e+00
1.378096681152294556e+00 4.958686220631672192e+00
1.952481584348688237e+00 5.003060931341915207e+00
1.202455819799403525e+00 4.886190562974854323e+00
1.162227495058279603e+00 5.154242655015575103e+00
1.470776660810521497e+00 4.940632141680723954e+00
1.374732148816604660e+00 5.103938515594743208e+00
1.216137144555107907e+00 4.874152204929415255e+00
1.187674542904925135e+00 4.899163757909954953e+00
1.176200831479739417e+00 5.030598341763699466e+00
1.435220595680597899e+00 4.857000445649997111e+00
1.070100057185155107e+00 5.074550442904276260e+00
1.343622743289256682e+00 4.955343511987319260e+00
1.886428715312874704e+00 5.035036679463046561e+00
1.723569683893205085e+00 4.760104207150002154e+00
9.973159039311254581e-01 4.717746662698070637e+00
1.353049622838637500e+00 5.005488833245106406e+00
1.066935784395678599e+00 4.934664139214945067e+00
1.525310008266218542e+00 5.144445308300316100e+00
1.439579437112118443e+00 5.115880688667377107e+00
1.396091371850778362e+00 4.992556743681033637e+00
1.281540992235610243e+00 4.837840589852025808e+00
1.334259774263560905e+00 5.052008792771549572e+00
1.280350206985616746e+00 5.093245217225462973e+00
7.472305138189614393e-01 4.823120750120832412e+00
1.591717040939894634e+00 4.911202386200425707e+00
1.387204956461057570e+00 4.960985280550704424e+00
1.147869820966703758e+00 4.698865110544581114e+00
1.252050941470895573e+00 4.952515368062420542e+00
1.430450681128464963e+00 4.846069075273766735e+00
1.572404415524140120e+00 4.922377082379086666e+00
1.543071938591381587e+00 5.066178323066713673e+00
1.585142626661148801e+00 4.882389048493241290e+00
1.540300459042990511e+00 4.983352611957884370e+00
1.718007129443388958e+00 4.979835972744270478e+00
1.211571691020806973e+00 5.055807845367550790e+00
1.427824727715481634e+00 5.525853307206597620e+00
1.269116195703164474e+00 4.987889397783566103e+00
1.617178968763328006e+00 4.984164740929728943e+00
1.861307448760934458e+00 5.001672141471643407e+00
1.730046857097829349e+00 5.004558550312429688e+00
9.937981733831504627e-01 4.755015000098381073e+00
1.089170560042874492e+00 5.004600426750068998e+00
1.826611611241976130e+00 5.086598881208543865e+00
1.878216220717353835e+00 4.871911688230029291e+00
1.444483140050555114e+00 5.084815732134696731e+00
1.413892845413257993e+00 4.901092000622561784e+00
1.560554684517580171e+00 4.830099951075585096e+00
1.438491984099677712e+00 4.982219773862746059e+00
1.293932979532570249e+00 4.872815503307609930e+00
1.419451337922764234e+00 5.050826098096438344e+00
1.070097800543262645e+00 4.925826800984916432e+00
1.142339421731117355e+00 4.999987093165749741e+00
1.118355990301620473e+00 4.938819652942440186e+00
1.111817688363787804e+00 4.992647121122252507e+00
1.220570475983576930e+00 5.023126853059822317e+00
1.496402095398865928e+00 4.873066795226178805e+00
1.051188132711722067e+00 4.771040104220990230e+00
1.542351466519876757e+00 4.968781054806018282e+00
1.454569495068110507e+00 4.754759915376509660e+00
1.382853451516993459e+00 5.101591197673721823e+00
1.583851975612878382e+00 4.987743543222088682e+00
1.360472821691207201e+00 4.960597239578396156e+00
1.855727055685119531e+00 4.947353533955872962e+00
1.568566602828440626e+00 5.008409189052629884e+00
1.397508061614338271e+00 4.832976186396259699e+00
1.953557053446161484e+00 4.993245139535980925e+00
1.485568336645569421e+00 4.965965921193170374e+00
1.296146268376211941e+00 4.992752577067222752e+00
1.293033427422210613e+00 4.923651312796059720e+00
7.988742157129190558e-01 4.653481166847646122e+00
1.530686290125519600e+00 4.986747235904590347e+00
1.220453872366215942e+00 5.006889478521654446e+00
1.235912691049973366e+00 4.821160422993118644e+00
1.420126341473754827e+00 4.989316038424211897e+00
1.233833354199206145e+00 5.015986307065559480e+00
1.586674551343877138e+00 4.948237200674637570e+00
1.380344069692215347e+00 4.913569443322748143e+00
1.361555274443638108e+00 4.706574602033406940e+00
1.504898350544435104e+00 5.066423885487806977e+00
1.037993205876646119e+00 5.007056267092838020e+00
1.260761010047017239e+00 4.998510987991004129e+00
1.603562949521147640e+00 4.927865951543532574e+00
1.441768040492080072e+00 4.940226214950395267e+00
1.283260734164821004e+00 5.002535561660518937e+00
1.785438487040239330e+00 5.075138714395106554e+00
1.206072025120364932e+00 5.020097014169710548e+00
1.700196177897679739e+00 4.915155746352044552e+00
1.590429809888582069e+00 5.035885780917479515e+00
8.175362883330410391e-01 4.788618002433828735e+00
1.093026081792585869e+00 5.081522810225505893e+00
1.244755491725374030e+00 5.012870444435232997e+00
1.794830209746369754e+00 4.865149842632545685e+00
1.576193023554433914e+00 4.833463023957334848e+00
2.148056961608610926e+00 5.006505044440155316e+00
1.683163190877156268e+00 4.925624119005218127e+00
1.917652672450747886e+00 5.060449775447994902e+00
1.324799679008920261e+00 4.940101964794997969e+00
1.528967258409699159e+00 4.970356554848112118e+00
1.421493635638023889e+00 4.913748632327726185e+00
1.074666497238198737e+00 4.983369590101044189e+00
1.434762367178461062e+00 4.970485795970216891e+00
1.302493338121637700e+00 4.829106014436814753e+00
1.289337336955903579e+00 5.177787998086061272e+00
1.767546458566313872e+00 4.964285156800621657e+00
1.083207032856524643e+00 4.891571047206380030e+00
1.517025734771115575e+00 4.856025349237604871e+00
1.946525842643066939e+00 5.073820931817713209e+00
1.623609244101516413e+00 4.957325379547120825e+00
1.250298755391473282e+00 4.963632271757885128e+00
1.325609327174618102e+00 4.944569528972477812e+00
1.584057389476934752e+00 4.825665608173142829e+00
1.169650547960475295e+00 4.972594238434916214e+00
1.200470152144307967e+00 5.131083229111673916e+00
1.320066454943646272e+00 5.204571650575678277e+00
1.778337663060140628e+00 5.046997322174665790e+00
1.224636058008007122e+00 5.045320165938971257e+00
1.364398406691788468e+00 5.059799738747154052e+00
1.539830481610771074e+00 4.905270687367505822e+00
1.301000558280100083e+00 5.064353905618829366e+00
