# Hierarchical MCMC downsampled to get 500 samples: alpha, mu
1.381545321908926205e+00 3.697052228781961603e+00
5.825168245662523114e-01 1.276210337999923006e+00
1.590600577974288887e+00 2.227893396105135704e+00
1.599897428686055445e+00 3.625460620252274335e+00
1.302907972544658399e+00 3.579499035479237978e+00
8.398288011201102687e-01 2.821330645400134784e+00
1.245594127949576579e+00 3.480565086249421736e+00
1.701257961753108727e+00 9.497279428247280553e-01
1.503188753072734363e+00 3.892182098228849529e+00
1.447992356709287387e+00 3.772690881425034615e+00
6.570344187589296503e-01 2.158970894569264054e+00
2.181597313754036094e+00 2.769621212456399473e+00
9.516909402448616717e-01 2.771595562055623851e+00
1.140649058802474247e+00 1.955309485133761571e+00
1.632145152164339530e+00 4.240041592718267971e+00
8.893409195247350407e-01 1.841849771471483654e+00
2.994506164506306689e+00 2.123081869263402588e+00
1.632053075056496994e+00 3.172982307459808471e+00
3.192930808172555146e+00 4.334947386924713264e+00
2.479912871244695616e+00 4.554895084416484607e+00
1.144498613516441221e+00 3.471684282046004988e+00
9.023724908224428631e-01 2.537560468846079331e+00
2.035654138134080693e+00 3.231294919013191880e+00
9.220065815359606010e-01 3.409606422166033823e+00
2.055227612619495492e+00 1.666733806234762305e+00
1.252219634502608869e+00 3.729840117780734765e+00
1.980361024523082270e+00 2.412006150154591300e+00
1.210335074165423741e+00 2.264924021337741955e+00
1.444205910594075659e+00 2.109504267565917246e+00
1.506124638721493936e+00 4.090655359719574946e+00
1.460721380256772894e+00 3.477442085680229500e+00
8.649530317024305415e-01 3.155682186625406338e+00
2.166078155330329214e+00 2.726550485031319138e+00
1.306192574221445080e+00 1.727549500904190793e+00
1.126106220657769663e+00 3.766563597370349292e+00
8.801884393467032108e-01 9.975705982550004958e-01
2.181532239510489024e+00 1.674194161610580212e+00
2.601204542800884312e+00 4.356165786069472468e+00
2.834131769339319096e+00 2.926010853079833662e+00
1.177775338251544790e+00 3.096654680253214220e+00
1.377666718014526115e+00 3.789222467919775017e+00
9.157125465876367887e-01 3.890432740932995959e+00
1.591872115130327447e+00 3.683541540654920343e+00
1.297123625366441102e+00 3.566206910670766561e+00
1.164918250628640184e+00 3.168632478911174388e+00
1.579706836951180193e+00 3.669355809447558237e+00
1.471172269332846616e+00 3.682912078182365434e+00
2.097162458879794134e+00 3.551548108615792287e+00
1.383313100323608102e+00 3.843330909379297999e+00
2.384807284937104477e+00 3.654316779018274897e+00
2.706128927543657969e+00 1.911527934804221895e-02
1.463686571990427288e+00 3.513176807794483381e+00
1.358792761335164689e+00 2.446128293916012719e+00
1.971516860778505409e+00 2.587096585057290898e+00
8.066743104985387713e-01 2.842568777454655304e+00
5.944848800362437791e-01 2.477645327007251819e+00
1.901299470057454810e+00 3.595994932130166521e+00
1.470345932930791077e+00 3.261760529237973216e+00
2.060776375385229731e+00 3.694263070533117421e+00
1.780248590359931438e+00 3.096170888109951669e+00
1.803459594668837207e+00 2.787146947147060239e+00
7.413803528997964243e-01 1.769926468344840575e+00
1.774117826355015248e+00 3.276624627283359903e+00
7.219037806029007243e-01 2.377062948642943763e+00
1.980220187084993366e+00 4.327872225004408269e-01
1.206004000016919209e+00 3.391288110771526032e+00
1.014961137438692207e+00 3.545471682557169490e+00
1.398809636853686644e+00 3.505159492623379336e+00
1.329578643317542497e+00 6.318501117299257785e-03
2.527425421462889066e+00 3.992371573509594818e+00
1.044037407924977678e+00 3.272625668809990618e+00
1.124036328324284684e+00 2.198991935257083252e+00
1.712683757399380058e+00 4.118076888262875990e+00
1.385340358476430556e+00 3.410556527144791295e-01
1.965383348696950527e+00 3.189139135692264926e+00
1.251302162429267062e+00 1.817140896254206162e+00
9.209861204163652948e-01 3.577208604168251149e+00
2.624160515641269509e+00 2.821828387909130598e+00
1.834050458557990870e+00 3.707949490290131322e+00
2.222894120048435784e+00 4.448219369090549158e+00
1.143705605917731738e+00 3.062002500462429833e+00
1.685361640577312192e+00 4.023043982170822375e+00
1.875883978347001158e+00 4.716967366856181787e-01
1.876812938611575943e+00 2.700725021111367141e+00
1.453784395512627725e+00 1.608993912967405127e+00
1.943085076266591660e+00 2.973822686407221028e+00
1.625742764106871352e+00 3.842581958271769516e+00
8.636783732802137958e-01 2.279564399128613861e+00
1.082623708578711152e+00 3.524019232064965479e+00
1.538204754341238711e+00 2.492813816481077305e-01
1.100822836686420780e+00 1.805736823925876866e+00
1.177775338251544790e+00 3.096654680253214220e+00
1.229692665901981785e+00 1.795791551485467874e+00
2.076747755666391804e+00 3.090529694731221966e+00
1.134554007913607832e+00 2.191269774339066334e+00
1.636249382407163111e+00 2.617713807659209468e+00
1.241867532907656502e+00 3.090614286549790535e+00
2.600100366522091200e+00 4.401978780405186420e+00
1.553153246871219473e+00 3.978163449282769548e+00
1.087353694155202666e+00 3.819955845167654740e+00
8.011641246902393432e-01 2.298871557841891011e+00
1.677098004832067391e+00 4.262205887556516082e+00
1.960271779211506971e+00 4.027882933734168169e+00
1.634710132125011040e+00 2.811808433805519591e+00
7.153443454815529012e-01 3.011723283530830741e+00
1.152689919464741308e+00 1.772683174058008460e+00
2.631880357643520796e+00 3.876584124820680710e+00
7.836611953539792674e-01 3.024671706143860828e+00
8.558915090300251993e-01 3.162318125889939324e+00
1.526798295078122703e+00 4.227404897456717769e+00
8.569949317900815711e-01 3.364061435379567033e+00
1.246222494396747038e+00 3.331353407083286644e+00
1.589462225613314850e+00 4.058637559150386487e+00
1.314230087596309549e+00 2.873917304920148297e+00
2.225370082464778854e+00 4.216732905273000043e+00
1.207281536336648697e+00 3.624278258482016124e+00
1.390581901040129909e+00 3.840637799584849521e+00
1.204233217431279979e+00 2.561519929074983271e+00
4.053482700231971769e+00 4.718323952190998760e+00
1.322739024533917673e+00 3.847527595347553397e+00
2.105386204919130755e+00 4.459437470566700590e+00
8.944247766658304233e-01 2.478185068331804519e+00
2.881235009091891452e+00 1.995927157302622490e+00
1.888270022006280691e+00 4.065307870728646300e+00
1.953421394670422639e+00 4.014087537437520226e+00
1.802940584109680611e+00 3.983515589578369820e+00
1.492029776895821058e+00 3.926351238783996944e+00
2.661079857281174910e+00 3.708392870982320400e+00
2.455547754610714950e+00 3.973683587413408436e+00
1.244054525370632325e+00 2.469120923446974203e+00
8.500090985436564717e-01 1.613317183071947714e+00
7.932831783967499995e-01 2.176741772185370571e+00
6.057538412378014048e-01 1.926112114821556753e+00
7.761122733813758945e-01 2.220788434554135105e+00
1.279196350256123438e+00 3.778629574993143336e+00
1.305692412457850615e+00 2.728241169310018588e+00
2.532512791552015585e+00 4.225366906333354322e+00
1.278094219510921281e+00 4.066098551936025984e+00
1.143011527530828797e+00 3.267467759485069401e+00
2.311698005539731149e+00 3.875458798457368292e+00
1.162086044740649138e+00 3.779144037355330887e+00
2.062855266274643107e+00 3.992414939224915305e+00
1.564558538516007236e+00 1.875554995198288388e+00
1.723401987966407312e+00 3.953111048822396167e+00
1.331208675520269669e+00 3.429143244265956625e+00
8.346080053216121675e-01 2.757313104063090936e+00
1.380961412290817814e+00 3.136449618926454797e+00
1.159003997768941030e+00 3.494478182674706890e+00
1.927278994775858623e+00 4.179697284085147402e+00
6.889190059685633694e-01 2.012003958333434372e+00
2.091664083973206800e+00 3.188246779366810557e+00
1.755036805290099089e+00 3.742059624754713099e+00
2.157031106161298339e+00 4.116754626680237727e+00
2.198405702839996145e+00 2.232123689846313930e+00
8.574651339561027985e-01 3.046580396558562498e+00
1.810570695860495904e+00 3.478986751621738094e+00
2.689994396831385082e+00 3.798090483778470805e+00
1.835728371083853006e+00 4.259566428687184825e+00
1.736970528077603104e+00 2.327194955984861036e+00
1.240571074667479623e+00 3.748797460817748561e+00
2.137657544812552768e+00 1.171933371598374407e+00
2.626178866851218263e+00 3.818730601259529234e+00
1.909318935854779076e+00 1.632616696811816315e+00
2.168456945523616675e+00 4.338365048802748980e+00
1.632544067070474059e+00 1.156531931231981059e+00
2.207971281857044943e+00 -3.560555181260107727e-01
1.357883277107318820e+00 2.929929605768820444e+00
1.447010744919518865e+00 3.444207850420664574e+00
9.978886239168381911e-01 3.451713996056045453e+00
2.175665099801404434e+00 4.278374583145962085e+00
2.448089682478819196e+00 1.284302948812447553e+00
2.140184609510011438e+00 4.299526087649913286e+00
1.779678401223186990e+00 4.107095784833099117e+00
2.703013106314331448e+00 3.751744996065749849e+00
2.105365754136868439e+00 2.950504723307971755e+00
5.432850548650295375e-01 1.185711841232405250e+00
9.667015265689880010e-01 1.799572737885948959e+00
1.854205604479269631e+00 3.991530385211528031e+00
1.487554941389291452e+00 1.847252001110262221e-01
1.776296712440026182e+00 4.165489425187120176e+00
1.792835902720389285e+00 4.069143864176290037e+00
2.028094735772520085e+00 3.008094256263930344e+00
1.873711485611118110e+00 1.897767649534789491e+00
2.359064182767862672e+00 4.149009929541378483e+00
1.068180846590877309e+00 3.063336548154230954e+00
1.633121962703237839e+00 1.580700133137691310e+00
1.329914250308142920e+00 1.988319992491125454e+00
1.363508040357143347e+00 4.270716410003444707e+00
1.225680857395991197e+00 3.991551703776184734e+00
2.529531322328895548e+00 4.281107396764081585e+00
1.899017407236975208e+00 4.088406816527522025e+00
1.573197378859527928e+00 3.840433276664375395e+00
1.167903788216663186e+00 4.077772058516152320e+00
1.539388440696390692e+00 3.974706655303370528e+00
1.563126158552719858e+00 4.135132693573713603e+00
1.492039563563577254e+00 3.266797627781593771e+00
8.949301065262664778e-01 9.241793840386418601e-01
1.495095579918193085e+00 4.017490498229663309e+00
1.567159859248399956e+00 3.724973573278000938e+00
1.150125452139508564e+00 1.377799380310946287e+00
1.084829655617659760e+00 3.737429674215890785e+00
2.335541179113452603e+00 3.971854443064372298e+00
2.136587910646858823e+00 4.309076246197220961e+00
1.603777768064584164e+00 3.098362454667500376e+00
1.913906970487175840e+00 -1.827906071045100611e-01
1.573077875339050857e+00 3.409440604943944741e+00
1.436891152012550243e+00 3.626333762886204237e+00
8.557588999046319422e-01 3.732026373141328346e+00
1.108713585051160910e+00 2.090288048224289597e+00
1.649178071211839347e+00 4.192186601428718795e+00
9.506494351926879638e-01 2.491484902480519958e-01
1.976395862371274514e+00 2.910074690315534784e+00
1.244885494147964788e+00 1.174858596501024532e+00
1.603777768064584164e+00 3.098362454667500376e+00
1.555565733722135136e+00 3.944713124984444264e+00
8.898050655540988840e-01 2.777198301088786181e+00
1.143817606049292390e+00 2.647366362561959452e+00
1.081233230528078959e+00 1.255851808745134690e+00
9.407535329820092551e-01 1.992865498682772074e+00
1.491904769218436400e+00 3.806816694573448512e+00
1.358576327310483389e+00 3.439871110453284420e+00
1.679482789258896824e+00 3.461829539799090139e+00
9.133497400232826191e-01 1.769087766992310184e+00
1.376521666558114143e+00 3.364937263186965843e+00
1.075066742038130130e+00 3.716522093922446590e+00
1.173412464720235526e+00 3.988378556123612473e+00
2.025659632967577117e+00 3.605806684793779304e+00
1.858981263823982655e+00 4.166656791500148671e+00
1.333201741165455312e+00 2.990811348854596652e+00
1.465809114684473835e+00 3.677935646564239658e+00
1.759131471737452213e+00 3.521674536474695749e+00
1.185933630571485375e+00 2.375277834505769459e+00
1.955088286589021784e+00 2.316371164244420022e+00
1.113304574303987327e+00 3.118795300457746222e+00
1.824895534844552580e+00 3.980123478487279876e+00
1.255070850448670949e+00 2.830532265429099414e+00
2.280242171072114132e+00 1.417528369677973910e+00
1.132717489327104143e+00 3.116581390053792866e+00
2.079480874122170420e+00 3.130468293557870929e+00
2.812293879835219279e+00 4.180183982037822155e+00
1.141173251727047866e+00 3.664931616903961853e+00
1.293545092790098439e+00 6.752629820468526445e-01
1.576187429279729102e+00 3.578264499597614723e+00
1.476303129895395028e+00 3.548658544853087626e+00
1.269983579897774550e+00 3.032956807444319391e+00
1.640150976575117658e+00 3.690148773316328956e+00
1.549174125116830059e+00 3.901340456733505491e+00
1.786584430627803144e+00 3.479775839202335685e+00
1.931040250146380366e+00 4.181736872820304152e-01
1.374228358571391251e+00 3.270122807040021229e+00
1.942432530667616897e+00 4.542531498376905397e+00
8.114815585040507928e-01 3.638030574731808464e+00
1.268025530078807250e+00 2.743529495792955686e+00
8.649530317024305415e-01 3.155682186625406338e+00
2.342931190308660039e+00 4.429699092919229031e+00
2.199458702407399713e+00 3.999521272478240963e+00
1.090011025385676291e+00 2.708481268331219383e+00
8.536224576663179464e-01 2.163229013274522439e-01
6.192056730661263941e-01 1.887345843119464073e+00
1.416049034801974749e+00 3.776753541706242778e+00
7.551304587202153362e-01 2.942764768879362780e+00
9.720190363540458511e-01 6.325634479287229883e-01
1.689593502629425537e+00 1.750355373118858582e+00
1.537438378527893779e+00 3.238774181009420161e+00
7.720198941139657656e-01 1.297599837222321639e+00
1.835728371083853006e+00 4.259566428687184825e+00
3.448766255982377960e+00 4.472036807577238982e+00
9.958657363572422927e-01 2.970403991292561496e+00
1.286685302334473091e+00 3.353872994447980371e+00
2.103128329183817424e+00 1.773331190945039992e+00
1.366124494554309399e+00 3.911736566552157512e+00
3.008036569173897945e+00 3.922312523318706390e+00
1.998786395268837612e+00 4.361496474814029689e+00
1.245774042336875720e+00 3.534443595850862874e+00
1.293697408164985685e+00 3.735066064634188887e+00
7.623563730384002035e-01 3.172332543306869201e+00
2.803109409305882593e+00 3.854420090735012572e+00
1.076003939103409079e+00 2.831974321270087636e+00
1.715165953579606661e+00 2.829638532288989872e+00
8.941332940971481458e-01 3.239998885440973808e+00
4.343195386966961502e-01 3.139552340113072049e-01
3.828782093812490572e+00 3.888205426814693944e+00
1.427758911001840048e+00 3.428757443266840621e+00
2.558007730561251858e+00 4.546413698101327228e+00
9.268165556563175977e-01 3.559229963619257475e+00
2.165609114111848310e+00 3.827480051823489493e+00
1.659536669144107357e+00 3.921057227707425152e+00
2.315946764977236949e+00 4.102568961045154339e+00
1.783368534663968497e+00 2.899729595988418840e+00
1.520772512329715109e+00 4.075428951474407313e+00
1.035034811591700077e+00 1.862458663689894323e+00
2.115062422290589605e+00 2.998981766541022331e+00
1.439318704028296869e+00 4.267875394010597567e+00
1.292608009962579185e+00 3.439212838366865199e+00
1.623359461967186723e+00 4.182344364191179942e+00
1.274248828652468690e+00 2.697581965646218549e-01
2.765681701124182545e+00 1.637110465723418784e+00
1.927734695455676217e+00 1.208061946538164122e+00
1.027763748137353828e+00 7.517402786793583314e-01
1.131415710331187041e+00 8.606798279718992362e-01
1.310407527720450771e+00 3.548411873816025075e+00
7.071207946841391312e-01 2.115584369149018595e+00
1.704747197034849782e+00 3.961729516227687764e+00
1.569351718729406597e+00 2.538354956551469588e+00
1.789463824667364200e+00 3.019925579009226535e+00
1.333423639625695767e+00 3.586586204367434139e+00
1.367644817266474355e+00 3.637217951972952168e+00
1.278274099161037736e+00 3.771186485173562808e+00
1.166137625795439003e+00 3.631982300533922015e+00
8.927284254910489159e-01 2.769121249108195570e+00
1.623440426327868114e+00 1.327186812486636613e+00
1.318415759296497569e+00 3.968065787027163172e+00
1.410215554259586668e+00 4.025947964575618876e+00
2.112680059624206130e+00 2.817166828094227693e+00
1.170859231508905474e+00 1.684870443605186896e+00
2.776558958090247664e+00 2.844976115611460354e+00
1.016097413636086522e+00 2.579509292308391988e+00
1.693726009935370813e+00 4.167388226596914436e+00
1.456662506416092517e+00 4.090893645857693883e+00
9.499384548557414654e-01 1.071898779310039185e+00
1.474681754340736006e+00 4.115357424680725629e+00
1.415299641209920356e+00 3.688277695017038393e+00
2.374445386772050526e+00 9.871510648034147462e-01
1.600942531982862960e+00 3.987094332565232602e+00
1.353932326599486480e+00 2.337859312870354422e+00
1.309387899195518346e+00 3.149577546053833998e+00
1.452626188771506399e+00 3.123066938635451706e+00
1.602238376859960400e+00 3.225145721906387042e+00
1.522832896430492466e+00 5.733219119415542409e-01
1.652388125435099164e+00 2.034480412449146680e-02
6.772459694783309336e-01 2.874245495878042789e+00
9.642122292201125155e-01 3.724611402905830371e+00
9.887683326831449016e-01 3.489780887627842887e+00
2.626254025249131985e+00 2.142154119987322414e+00
1.158038941681757583e+00 1.778940758799138377e+00
1.168120493679215999e+00 3.032855542803670090e+00
1.238063440965636808e+00 3.398373333197009405e+00
7.961372088307574479e-01 2.131905519630231449e+00
7.257153569160414985e-01 2.405555338024663481e+00
2.246431282324151901e+00 1.526706386060357135e+00
1.114541763057948609e+00 3.633482346355414006e+00
1.383976485989109717e+00 3.037933835006652483e+00
1.631953749719260882e+00 3.427151798480785327e+00
1.534523590180295383e+00 2.100553052887066396e+00
1.108007956079056777e+00 3.484299710603241174e+00
1.295296265785838674e+00 2.077554563324106152e+00
9.024558872012863331e-01 3.170935961396835090e+00
1.440919245702650286e+00 3.428880823229000896e+00
2.486571361982917061e+00 3.874826176570282943e+00
1.164649709355807028e+00 2.130514085331832064e+00
2.477588255331755640e+00 4.029984164723582118e+00
1.112954410887362577e+00 4.021450324617950045e+00
1.607282622427635976e+00 3.089062107099555643e+00
9.618119545934370462e-01 2.791647996782464780e+00
2.111397855777874089e+00 3.095940137720551988e+00
1.060085079271238628e+00 2.945694594721634640e+00
7.035186784218931955e-01 2.605051655910070707e+00
2.133528906644643008e+00 4.241724724204676278e+00
1.177840904940884448e+00 4.342686005482136125e+00
2.753115517327927808e+00 4.363380400304754048e+00
2.044178779615826169e+00 3.824003291502194646e+00
1.056070348799554859e+00 3.196266489783031073e+00
1.517455648240068067e+00 3.934454405626612417e+00
2.116547969391311401e+00 3.726447647805971819e+00
1.668843228514573340e+00 3.774315644102612666e+00
2.043763089093060259e+00 4.272814827602570809e+00
9.937462180135862022e-01 3.546520694744370594e+00
1.623729405355890165e+00 2.252014313581296445e+00
1.842244893784072968e+00 4.061254072581655272e+00
1.996300932473942691e+00 3.969079490975353952e+00
1.556604494400047889e+00 4.039443602797170740e+00
2.681860003313879748e+00 4.017642775318560844e+00
1.171787693563504540e+00 3.617706227725743684e+00
3.170468391371011219e+00 3.461473512215738957e+00
1.237378848008584331e+00 3.993221054801484371e+00
8.363604759390992349e-01 2.152284981523856722e+00
1.149020259870490612e+00 3.586317935014063263e+00
2.616350872144706408e+00 3.222521199492379029e+00
1.213061023860205756e+00 1.927943217645243346e+00
1.437284461688091985e+00 3.243588401432067503e+00
1.259144170218514214e+00 3.925232943799868757e+00
1.721909306681969953e+00 4.377708641247793686e+00
1.621416861489291206e+00 3.671238705840365935e+00
1.781365752680475367e+00 3.697587947007167308e+00
8.970544172906981251e-01 2.150857803946871982e+00
1.044275225044516198e+00 3.557842786197946694e+00
1.439542992389475362e+00 1.483216518094630509e-01
1.553204092733722730e+00 4.177199811146128816e+00
1.738496476028296378e+00 3.812723429109734941e+00
1.281780815233248827e+00 2.972633787695717622e+00
1.894088900015777455e+00 3.785972564401413720e+00
1.375538741319279445e+00 3.367755141690176757e+00
1.866478995095307791e+00 2.082337179310233655e+00
1.186040925823618641e+00 3.748158581517324173e+00
1.198525295297886428e+00 2.940067388963715445e+00
1.650648885828538859e+00 3.972480389356525698e+00
1.516433853986760560e+00 2.504851175799891028e+00
1.487245257618212912e+00 1.469690834662583878e+00
1.315430626843028916e+00 3.767999442996599946e+00
3.574207999409338754e+00 1.981476752012733211e+00
1.741312819086854979e+00 4.103297566611333380e+00
1.250762325374971118e+00 3.138564101401566830e+00
1.141693618290945844e+00 3.394642557542009609e+00
2.120306898223579761e+00 4.065208579148331225e+00
1.296417991020386129e+00 3.901577539868517963e+00
1.095029847445332605e+00 3.948950104243510228e+00
1.341982887525959844e+00 3.400272113890230763e+00
1.848384705072897871e+00 3.856890586291261691e+00
1.205824889507607800e+00 2.771667766660837362e+00
2.457440043470773272e+00 7.545466867376439124e-01
1.612146909033623343e+00 2.128849097462584883e+00
2.227434219593213971e+00 3.980543407650424914e+00
1.279837600960420430e+00 2.592864381556883924e+00
1.582231381659113589e+00 3.964808412339237087e+00
1.702482875177063981e+00 3.960445766306331716e+00
1.544334881121359304e+00 1.697189868553226511e+00
9.294667617512477609e-01 2.592490530236781332e+00
1.438631151082671256e+00 3.339586384293629973e+00
1.165340978545064576e+00 2.916636842451059586e+00
1.388952271357228874e+00 4.160903824147251129e+00
1.201664364340156110e+00 3.603250591418152293e+00
8.801497054267776177e-01 2.369682555506219312e+00
4.042365634943839936e+00 4.434374662736590977e+00
1.357918221924300894e+00 3.935192731992563253e+00
1.545226573350791721e+00 2.682730612758956301e+00
1.428049391651678324e+00 3.635201505982809334e+00
2.034486263393551209e+00 -4.114332448530880759e-01
9.937462180135862022e-01 3.546520694744370594e+00
2.479912871244695616e+00 4.554895084416484607e+00
2.558007730561251858e+00 4.546413698101327228e+00
1.034415809987269785e+00 3.611051593761918532e+00
1.162965738769300650e+00 3.056987602683989280e+00
2.565802936548892355e+00 3.685576404399594885e+00
2.051996699814083946e+00 4.186510652739135807e+00
2.028716362797253758e+00 3.544410719660658238e+00
1.963423737807949099e+00 4.251011468133614635e+00
1.405790896748034813e+00 3.151976379409218154e+00
9.845205008957242931e-01 7.994193225019715632e-01
1.045467974302460412e+00 2.585478228014484792e+00
2.490847004945072385e+00 4.057581256129115133e+00
3.629458171285078638e+00 3.491052419813557961e+00
2.077437916285630681e+00 9.376729223097153287e-01
1.257052921263077661e+00 2.760608595354228534e+00
1.473087869857470755e+00 1.708295354447977754e+00
2.094809639312105620e+00 3.432826956859949874e+00
2.208753513729496021e+00 2.820091199803664406e+00
2.175353236947987767e+00 4.338033247308596962e+00
1.734547263097283576e+00 4.174623705834838994e+00
1.291492919480391022e+00 3.724340742501222934e+00
6.204646607743163900e-01 9.779178647079411757e-01
2.462107609695340482e+00 3.967513789081134945e+00
1.074404786931514089e+00 3.450969461440721364e+00
1.480340537577970572e+00 3.195588607644080703e+00
1.321022315282286641e+00 1.773856766865629986e+00
1.267591968150485693e+00 3.957704847686957628e+00
1.369137126213926026e+00 3.921612360675305275e+00
1.682411377268297370e+00 2.845733080782012259e+00
2.696117776860306403e+00 1.620747035417284154e+00
1.554435145372265126e+00 2.519695590664245533e+00
1.230683785048263035e+00 2.807623550111492339e+00
1.481676612981522201e+00 9.482525140048215784e-01
1.699419609509849050e+00 3.573819836946289907e+00
1.324952942439837411e+00 3.774122642038278297e+00
1.618443254042756463e+00 4.112630939955431053e+00
1.560094382042601868e+00 3.625810736560836745e+00
1.406583275211856332e+00 3.860926187807112164e+00
1.278002969443106762e+00 3.153907366815660307e+00
2.002726055123425830e+00 1.023763058633396339e+00
1.895775843406899863e+00 1.639123177124786279e+00
1.495368030118740199e+00 4.082820158400022770e+00
1.087732739927483205e+00 2.000672647143812100e+00
1.648282279275776308e+00 3.896325970541363315e+00
1.076224393321430828e+00 3.527872708866148344e+00
1.443759814932576324e+00 1.429689978489146363e+00
1.126439207592512037e+00 1.266110807051485043e+00
2.678188966459382758e+00 4.289972542324071547e+00
1.726494432927732525e+00 1.825893442380875475e+00
1.470092713479368873e+00 3.769362591269223461e+00
1.247738788404388899e+00 3.953416068707114928e+00
2.120724976062613010e+00 3.163124943905166742e+00
2.904827142431469333e+00 4.173841384791617592e+00
9.094895749086563397e-01 2.086447083774497280e+00
1.942402022427292652e+00 3.230930993449777411e+00
1.381103349457376339e+00 3.889596120781328548e+00
1.291492919480391022e+00 3.724340742501222934e+00
1.362537641553013046e+00 3.820676616939863823e+00
2.189237611085292023e+00 3.952377801084774323e+00
1.770977258770171092e+00 4.179794261320052051e+00
1.215229619205955736e+00 3.493864925075082617e+00
1.585420512669583060e+00 3.800967877930151229e+00
2.396099406105589580e+00 4.001508056068133534e+00
8.970482237929300329e-01 2.668739950611762612e+00
1.886040670590293455e+00 4.103482478423872593e+00
8.912329328783985538e-01 1.772234111378032440e+00
1.526504868387986269e+00 3.921775240854051159e+00
1.576642153384928413e+00 4.032776592739254262e+00
2.000174504019935018e+00 3.987191515281743870e-01
1.272111640650424258e+00 3.980068013887671619e+00
2.017362587812817853e+00 4.231739697766586872e+00
1.591125311293267508e+00 2.700564516364426293e+00
