# Hierarchical MCMC downsampled to get 500 samples: alpha, mu
2.820954405197977355e+00 2.668442846716276851e+00
1.908247505472410399e+00 2.697793260463587028e+00
1.313532256024353639e+00 -4.143568992964719033e-01
1.218202915988614077e+00 1.461154406485028812e+00
2.290063762893463029e+00 3.759153919597876481e+00
7.774042666619171982e-01 7.226400142768063528e-01
2.358807944818089197e+00 2.337597046513478105e+00
2.219351398039548062e+00 2.333786182357444172e+00
1.892993348359466532e+00 3.068012700943508086e+00
1.942318569963415342e+00 2.125407440605657339e+00
1.112087552518126854e+00 2.386127510727232170e+00
3.073782929461295499e+00 2.290023493164389912e+00
2.121444787808846488e+00 6.539926676483502899e-01
2.380400516187829218e+00 1.529553843557047932e+00
1.756138868960010591e+00 3.580802962429049607e+00
2.400114106213612875e+00 2.548978121246258333e+00
1.532013548919196833e+00 2.492286232359780307e+00
2.606159130012406955e+00 7.153643838775795016e-01
1.314216769938744811e+00 1.302335205081499803e+00
1.870580738073470251e+00 2.612875902259370609e+00
2.390715566304788542e+00 2.609650763754519431e+00
1.980179218792937235e+00 4.096450853305197981e-01
1.496263126597617399e+00 2.007902525297222684e+00
1.166246716047311560e+00 2.275513845068930063e+00
1.887184126582103438e+00 1.119065580421651163e+00
1.055096299802638082e+00 1.133671980462486850e+00
2.294645103367956462e+00 1.413186570178063040e+00
1.361894738667511540e+00 2.539278910559375380e+00
2.255960789173584224e+00 3.095744612459228939e+00
1.421018195376597681e+00 2.993225567954715949e+00
1.062563173839975006e+00 9.263464768730704790e-01
1.984802539611458139e+00 2.890188654709920257e+00
1.743401420997909401e+00 3.228181336174679394e+00
1.218216591728660481e+00 2.215791895596377792e+00
1.790546200529173904e+00 1.198716050222987661e+00
1.552237310939462711e+00 2.327745532812611984e+00
1.815197144555839470e+00 2.635289763572695065e+00
1.534645567315941372e+00 8.066320760324168226e-01
1.412630046164836450e+00 1.860968157766198061e+00
2.027682547611439290e+00 1.964161183092134166e+00
9.940408169923119486e-01 7.828584076289533122e-01
1.159755341546473861e+00 3.381470421625562550e-01
1.885019595784388491e+00 3.255824507214090779e+00
2.440054725271215030e+00 1.948833443890143791e+00
1.640536440577041288e+00 5.159761633553923144e-01
2.513088682435961729e+00 2.896903592467505728e+00
2.695901049236806291e+00 2.939044751982105907e+00
2.054999288101934329e+00 1.689043407807564012e+00
1.504480132434038442e+00 1.902840364129539275e+00
2.118735049193566589e+00 4.052672684431782635e+00
2.033762691212002149e+00 3.918092295782525269e+00
1.323822950095182804e+00 1.360745894036985426e+00
1.437592123129572297e+00 6.950806893314109836e-01
1.043461746289913172e+00 2.060370376618096522e+00
9.230914907954049786e-01 1.141587500780377074e+00
1.766602401627416663e+00 1.814913316990114156e+00
1.318394381111253955e+00 -1.298124664795843319e-01
1.646948580312395105e+00 1.000285206583873876e+00
1.683074034662160878e+00 2.262702210667177027e+00
1.754962051269058909e+00 3.183160507924434057e+00
2.447001908031205542e+00 2.857024956682182371e+00
9.765731461500991584e-01 4.409829132431739573e-01
9.890888767498837719e-01 -5.563198816984290529e-01
1.172110578398828373e+00 1.592651371740533950e+00
1.104466261172244002e+00 2.252788036692765061e+00
1.618367733376877116e+00 3.330329181179445097e+00
1.672647415430892348e+00 2.731803539513565582e+00
2.025170248737770962e+00 9.551490378296643158e-01
1.586909443181470980e+00 1.468797909456003525e+00
1.194009368336737875e+00 7.808494562306613762e-01
2.078866030956425082e+00 5.102770625233229440e-01
1.171272088970621406e+00 9.991890605616134957e-01
1.287393855328547110e+00 1.919331709199413760e+00
1.305833461646491056e+00 2.057236067548704916e+00
8.108468580268572978e-01 1.065495542135443063e+00
2.116637005043213282e+00 3.922243715301004130e+00
1.030495643441143860e+00 8.787966033417440315e-01
1.167246136685074598e+00 2.078475990201972046e+00
1.544996403990469114e+00 3.582910123448028727e-01
1.735195246774904332e+00 2.001239993893976443e+00
1.381694617930925073e+00 1.689647688751103383e+00
9.981638272168666948e-01 1.531063894952099158e+00
8.457893176464370555e-01 1.005970625169437582e+00
1.415105712837633867e+00 8.952085301993379929e-01
1.450322563172787405e+00 3.809175569299597663e-01
1.478517664002597654e+00 7.893633704083450331e-01
2.371580942298336492e+00 1.566556203814350123e+00
1.931395895786774952e+00 3.065964323689970517e+00
1.263373848893778906e+00 1.362893545387782179e+00
1.845508904265086514e+00 2.013078609406961039e+00
1.662799364501761135e+00 3.019000989783874100e+00
1.783324930274667430e+00 9.425580706963074817e-01
1.804986125056370794e+00 1.277546134261209332e+00
1.375518578602873854e+00 2.927999854776789146e+00
2.764449737215386449e+00 3.764246694437883622e+00
2.303754368925826412e+00 1.877989406235780478e-01
2.034232536281156634e+00 3.324027286148369953e+00
1.525864744566812536e+00 3.043614702285305729e+00
1.892475022376016058e+00 5.064777948778561578e-01
1.753964397340241455e+00 1.660568757668941409e+00
1.667565981026732480e+00 1.314914309298413464e+00
3.003936709218533618e+00 3.928880894850874661e+00
1.941769968387875522e+00 2.770916173563173324e+00
1.852361590060362273e+00 -1.137717253311755633e-01
1.744288284161899627e+00 1.114457263452640401e+00
9.318004936520264403e-01 2.738152821962858141e+00
1.397985687299632129e+00 -4.497262642706357783e-01
1.529992899109700932e+00 -9.768454632241285740e-02
1.887756598969723365e+00 3.028739789679547378e+00
1.085752408560634930e+00 -2.397984935923260785e-01
2.642003839857332892e+00 1.675106929532502287e+00
2.231478548725747579e+00 2.831082658329397539e+00
1.127677957461160840e+00 2.433464358535127214e+00
2.839850361103875898e+00 2.568140029935712221e+00
1.718146773603906885e+00 1.672343089527433824e+00
1.119847881874600937e+00 1.449973094460170309e+00
1.477199392333360839e+00 7.615389902731276583e-01
1.901836158520549658e+00 2.044782880615908738e+00
1.091846473192721323e+00 -1.658848547869026802e-01
1.970738810876581981e+00 2.638952961214243942e+00
1.535846028808464769e+00 2.080290928007039408e+00
2.104759691322926507e+00 1.866005862693477901e+00
1.012462674240300009e+00 1.075852855892358129e+00
2.083423743371743075e+00 2.719733805588094189e+00
2.212472943722792351e+00 1.698576922608102002e+00
1.522271971633075927e+00 8.664698936426025178e-01
1.738361308118564486e+00 2.363471374399372937e+00
1.979991219578389305e+00 2.720803670167682764e+00
2.260433853949631366e+00 3.602920422424114477e+00
1.366884019198534528e+00 9.067181580901455540e-01
1.750531897295256378e+00 2.938142519478920800e+00
1.717796214161096957e+00 1.776708055871651037e+00
1.451290290841060981e+00 2.605623687323287641e+00
1.367725081916570273e+00 1.626368093767909473e+00
1.850237183506690197e+00 1.572376459978901408e+00
2.491806590749995998e+00 3.054521620391764891e+00
2.142765752925558154e+00 2.878220446754010897e+00
1.530912077531467741e+00 2.634367648667403028e+00
1.454567103805354256e+00 1.438682052382172838e+00
1.943043438326733208e+00 1.481460886726981840e+00
1.640886135355195341e+00 1.955237882286157136e-01
1.887168437281754985e+00 8.352457367498828944e-01
2.236936370298253873e+00 3.678075818065997815e+00
1.860083936195415344e+00 1.227853276105151270e+00
2.051848201592500143e+00 1.904214698407337147e+00
1.664489365440793289e+00 2.983974495587288001e+00
1.697755279442116461e+00 3.059495715498713242e+00
1.921112916495510969e+00 2.795679743908385806e+00
1.333545602859834256e+00 2.423487589792040708e+00
2.389601900760852882e+00 1.226414958988756743e+00
2.233289590898840160e+00 2.646024695053966980e+00
1.404605888103157341e+00 1.471316411833370363e+00
1.259657906873087985e+00 1.881300614895036194e-01
1.218088784830487992e+00 1.249389541626973354e+00
2.670006802034330828e+00 6.384010617883759675e-01
1.914901018844447078e+00 7.295519295070895804e-02
1.943228194835783240e+00 2.498971855048066182e+00
2.126825501955965869e+00 1.675934913264844228e+00
1.086176147011601145e+00 2.049772947878104379e+00
1.784999584799687122e+00 2.298085208789635736e+00
1.931425839043032333e+00 3.320133838228401135e+00
1.537709947783340247e+00 1.646348943365823381e+00
5.563275616053552364e-01 -9.677299380536539264e-01
8.424561825824721240e-01 1.114127839551602106e+00
1.610500320478803093e+00 -8.188117743349974109e-01
1.746342250250054517e+00 5.751995074563460708e-01
1.428237102561351834e+00 1.468003521625750096e+00
2.327132892055295166e+00 3.279458953150135692e+00
9.937791539101727967e-01 1.146906990753626676e+00
2.565474703119004385e+00 2.694028944303711093e+00
1.271081906650715965e+00 7.923647357451278905e-01
2.294136230710361879e+00 3.307581039518694865e+00
2.805718545330021296e+00 2.334124758853578729e+00
1.525379451702005396e+00 1.992367953686781101e+00
1.344321983627851491e+00 -8.184039038721222514e-01
1.477284123860687970e+00 1.005655995543046410e+00
1.467014971967354420e+00 -1.157315257420150179e+00
1.541864166758048382e+00 1.303959732772695501e+00
1.236197771860729766e+00 2.452636494923237986e+00
8.879041676221014479e-01 1.931301754810428983e+00
1.161516225313653727e+00 1.509143432925432293e+00
1.234781925786588408e+00 9.094825446287972959e-01
2.590057610374268737e+00 3.692167547724711341e+00
1.936137460421941903e+00 3.456115136999640125e+00
1.587211994531949388e+00 2.177354094809492935e+00
1.753277639922189879e+00 1.186067209400383238e+00
1.991860759467809050e+00 2.968885676024169307e+00
1.098878755029895959e+00 1.888031209956087419e+00
2.201888003336093913e+00 2.548069890350806332e+00
1.989224164028386976e+00 1.412613939736519608e+00
1.435564983561703256e+00 2.778065839234447942e+00
1.126393372707554796e+00 1.338277469435080302e+00
2.771170542261613079e+00 1.756517344286102178e+00
1.251192122069508583e+00 2.148754303216260375e+00
1.409273370072241072e+00 1.281447170715539263e+00
1.731634620617692466e+00 2.453193059851891178e+00
1.301447732388318901e+00 1.561388207163156849e+00
1.630266370795118602e+00 1.282875437706140764e-01
1.471701013042050921e+00 2.593584575242937618e+00
1.111148227724624515e+00 -4.412126997208121182e-01
1.469120194688178449e+00 1.849947933684632728e+00
1.325995225989037296e+00 1.794162671509808904e+00
1.431662867550577811e+00 1.304050084567536238e+00
1.474032142075285989e+00 2.367186711017966516e+00
1.261762101034045624e+00 -1.352991631269206962e-01
1.377474662373130876e+00 6.956230019710092360e-01
7.160531684075472914e-01 1.249058060272725701e+00
1.721112587175652076e+00 2.670266430768503785e+00
1.895044507364147979e+00 1.146995938319332220e+00
2.444029652332910363e+00 8.714694009559149634e-01
1.988372515888078285e+00 1.895714355565001119e+00
1.656162520830712914e+00 1.487117726934033879e+00
1.761546350289807217e+00 1.888075009613094712e+00
1.166156962361446947e+00 5.712475578411251309e-01
1.954722006583477389e+00 3.241266177625601319e+00
1.240287631667987389e+00 8.635023522449144506e-01
1.497637362483907220e+00 2.135016081877519678e+00
1.037453230641761870e+00 5.614466415504515417e-01
6.758250330613904122e-01 9.313108580777023082e-01
1.761013060382911277e+00 6.405454440393814064e-01
1.368402008429416838e+00 8.181477665141754230e-01
1.619638795205053272e+00 2.221785818527154177e+00
1.699980748547047504e+00 2.197744572597643220e+00
1.650101456541838152e+00 2.199883436153168947e+00
1.066001976882201330e+00 1.669292524462019589e+00
1.737467129601808713e+00 3.033866058128768195e+00
1.017487066907943216e+00 1.887167545640619615e+00
1.298216890921341626e+00 1.509159332491873284e+00
3.000619020977521867e+00 1.895801629813644862e+00
4.109716585434792790e+00 3.780759635910325045e+00
1.775091421085092103e+00 2.117127707118608093e+00
8.449175893751337263e-01 4.188579243644902084e-01
1.834701329747751686e+00 3.169218196263980047e+00
2.478976694721435781e+00 1.434041641516625276e+00
1.303873344275443547e+00 1.672923566918060212e+00
1.406572071616548403e+00 3.174708701781965292e-01
1.204116911130509227e+00 -7.601268997733936494e-01
1.120022053033223219e+00 2.354256320264126678e+00
1.179575494417630876e+00 7.961208756180975232e-01
1.439678159741683228e+00 8.772399187366840545e-01
2.049838720815375659e+00 2.817086747682978842e+00
2.916818119402822429e+00 2.475659989234655800e+00
1.593165856417658954e+00 2.424481214263950246e+00
1.826073210337671116e+00 1.535314058264140247e+00
1.352151096650021644e+00 3.072685250384081801e+00
1.830376545175671055e+00 2.591120258584945990e+00
1.485159038867476688e+00 3.185703101057201003e+00
2.741269354584113582e+00 -1.993729048517091096e-01
2.181456501645870905e+00 3.574023792468501437e+00
1.846678302847757358e+00 2.388098093930091093e+00
1.437642728371234302e+00 1.166228355131290861e+00
3.037797450279393185e+00 2.998115588196149428e+00
1.512278942378027180e+00 1.534465368507296645e+00
1.391101008501502756e+00 1.711355036430659116e+00
1.556466033370554447e+00 1.507891900820457876e+00
1.850878363499325774e+00 1.080478973464733983e+00
2.502555745641685814e+00 9.209632570986094890e-01
1.788290334167094153e+00 3.073783693522015970e+00
1.832157952134808365e+00 2.011934396277495818e+00
2.910404495554841819e+00 1.269323512055646086e+00
1.721535536120311072e+00 1.159184713647117171e+00
1.624702177978096795e+00 1.317282169781018197e+00
1.138973152585515125e+00 1.011361623505650620e+00
1.559392027804691772e+00 3.423141269304085244e-01
1.692813449357061462e+00 -5.857827547199156992e-01
1.755675591762017484e+00 3.162711737736969564e+00
2.035467035121720336e+00 1.069143757705368181e+00
2.025043051114574055e+00 1.558958219283583135e+00
1.219546956796521364e+00 2.119965191960493822e+00
1.456238741390239344e+00 2.396101907407886866e+00
9.686316767256183402e-01 2.132773554332716870e+00
7.734518950239318569e-01 4.715914429353198489e-01
1.109102552121159713e+00 1.131253801736253006e+00
9.370837714213412495e-01 6.770623838050067178e-01
1.692902796972910462e+00 1.663413754431593006e+00
1.757144835024098573e+00 1.002399415907252234e+00
1.498523766969415139e+00 3.050721951418547295e+00
1.895151175578082103e+00 2.068576927614482752e+00
1.892475281898407635e+00 1.592214086722931299e+00
1.796725644172421976e+00 3.677663704420361057e+00
2.352713838787077627e+00 3.598843714043247655e+00
1.335356666094982714e+00 3.209751852812765094e+00
2.102315630901525623e+00 1.057548975120748080e+00
3.395413361455944745e+00 2.554274594615039806e+00
1.209700769054397496e+00 1.564067097290175790e+00
1.883318325720245268e+00 2.267383474822089795e+00
1.910034232412441080e+00 1.796368135292145451e+00
2.586118859409656245e+00 2.077697504020353581e+00
9.170200714541133502e-01 1.271269881539934365e+00
2.552489270277954247e+00 1.749679544221920846e+00
2.068219402081825642e+00 2.007275451809400479e+00
1.290879764579151212e+00 2.219745524593161878e+00
2.163088173259886560e+00 2.900649796043349049e+00
2.208073818976587610e+00 3.286005389953001732e+00
1.934558366002087526e+00 1.178506576952698115e+00
2.905653598480346211e+00 3.419778420527475493e+00
2.028680666468471561e+00 2.772065028008864118e+00
7.436852654398593554e-01 -6.075762875042091116e-01
1.552940917603643722e+00 1.069718693543816990e+00
1.631405885049624471e+00 1.349270504373860646e-01
8.129420979032792038e-01 1.098093429716509306e-01
1.715067471965891155e+00 1.456006201841312908e+00
1.171868562475290698e+00 7.904253858332228599e-01
1.371459315967043180e+00 1.097951102944522583e+00
1.311817606810118386e+00 2.484019004358896332e+00
1.695729068434072895e+00 2.311199241632131418e+00
1.159622599570987900e+00 6.745475670760016085e-01
2.601362376709759339e+00 2.078138167226156963e+00
2.481705846415757311e+00 1.728736323664930685e+00
1.722948450949250754e+00 1.903629271211366991e-01
1.019928651971653055e+00 1.015684356437092539e+00
1.089346419310604830e+00 1.401125449068138629e+00
1.516818128752877692e+00 2.314462941172125809e+00
1.653387936828854432e+00 2.097309975936388238e+00
1.401496792130713098e+00 1.471508181645795998e+00
1.602796556470128309e+00 2.331560689945780585e+00
1.763454052337011912e+00 1.479172593017463289e+00
1.803289867574711991e+00 8.200594425478235916e-01
1.783510735674223691e+00 6.412395241505495225e-01
1.297163769042380732e+00 8.682208693144506384e-01
1.730406142364712796e+00 6.420525621213442058e-01
1.050169044430854015e+00 2.067377122243763687e-01
1.691717700189035778e+00 2.604046336561520292e+00
1.146498580401403622e+00 1.396578052994090324e+00
1.121165582512161363e+00 1.689027380829301261e+00
1.359793822280301434e+00 3.214544137806274904e+00
1.030274221980083560e+00 1.880567519693647327e+00
1.272461274983642365e+00 3.449943209112026343e-01
1.418685976051655029e+00 1.701480990771640389e+00
5.875815737069891576e-01 -9.294028915548343539e-01
1.058737957583252065e+00 -1.459688778407013388e+00
1.397907695100791603e+00 7.828086536845935139e-01
2.369193059517993749e+00 1.633210816915046770e+00
2.495053486226558537e+00 1.264885645989347829e+00
1.708709092910506655e+00 3.609534501973097331e+00
1.261607393899229823e+00 8.329527180034984601e-01
2.007143223174518543e+00 2.263682637130038366e-01
1.541511296862179581e+00 1.705850873212214625e-01
1.195523528720623840e+00 2.532968782022759324e+00
1.993648178446300268e+00 3.844855733696836975e+00
1.741729793571204166e+00 2.141011538207597376e+00
2.378972422007628484e+00 3.487702509191870970e+00
1.362597345290904594e+00 1.346252310037944433e+00
1.483033592092921849e+00 1.924384599417932884e-01
1.869764207209079210e+00 2.877048863870419027e+00
1.310802355321982970e+00 6.583431692972968596e-01
2.583201972952910097e+00 2.538834676736057006e+00
2.050317581995520833e+00 2.198339382399697506e+00
2.424864498087151432e+00 2.501202535203626010e+00
9.687236259919554948e-01 2.147586844544924489e-01
1.754797580643103760e+00 3.236511739261438869e+00
1.073756093929018274e+00 8.372197477534716326e-01
1.334249470746499355e+00 1.086301841086552145e-01
1.568987356450823878e+00 1.639273473051855667e+00
1.992353382089254055e+00 2.610142108535092209e+00
1.181827158799680699e+00 1.066107043475383431e+00
2.352615040695265503e+00 2.395158403463425678e+00
1.488862311325340970e+00 9.754613127926617944e-01
1.698601070493131804e+00 1.313535280337253752e+00
1.367830488977155312e+00 2.864753102769756143e+00
2.228203390509813087e+00 2.988048449824306729e+00
9.557453927933431403e-01 -8.240323128767198524e-01
1.379111618044899235e+00 1.893564806829710845e+00
9.090773113535783878e-01 1.672284359853953850e+00
1.564608093096711450e+00 1.518066323131810336e+00
1.628035740418300126e+00 3.072968820272099055e+00
1.364794821459230034e+00 1.793542753041732940e+00
1.396789671860998672e+00 2.354719805396916943e+00
1.622806829935020900e+00 1.341873245928613789e+00
1.075215536799006388e+00 1.865219703459043421e+00
1.231876959471294608e+00 2.023045914599830741e+00
1.808410756910103112e+00 2.876527189391023143e+00
1.608329383393200640e+00 2.469379161551654267e+00
2.251835542433517023e+00 2.907825051732426225e+00
2.487019344051047742e+00 2.262218902713763580e+00
1.089662595267423040e+00 2.057963291342859158e+00
1.889944432109319949e+00 2.843579406770643025e+00
1.401173941819231938e+00 1.870575245676076914e+00
1.178112126010606886e+00 1.574317181587456593e+00
1.463251398121418134e+00 2.111558228544897275e+00
1.659989763051824774e+00 5.676809813798130988e-03
8.167951284908520071e-01 1.335771163017286600e+00
1.631405885049624471e+00 1.349270504373860646e-01
8.922475364270361364e-01 1.341346563732991992e+00
1.208276077199586407e+00 2.785547115834107856e+00
1.902423080022972890e+00 2.956840662419470966e+00
1.325017492283324883e+00 1.532415125220672802e+00
1.609457437661880874e+00 1.100526509653929619e+00
1.416684449703733639e+00 2.133572719280478758e+00
1.724601821595000084e+00 1.836658402204398577e+00
1.466243325498115979e+00 2.941610867300903376e+00
1.503735235289357153e+00 2.571614686954567741e+00
3.380273700899458778e+00 3.454799486902358829e+00
9.284607241883651163e-01 1.934483117989610701e+00
1.228430047066564557e+00 2.837997850719268467e+00
1.719367002280559387e+00 2.648160156279913746e+00
1.285230961003945183e+00 8.108779575065895306e-01
1.184632987738160503e+00 1.304599265461066304e+00
2.393548218155996832e+00 1.782199059086378323e+00
1.857484827099978197e+00 6.001428999003596276e-01
1.206455119668805587e+00 5.747463602197838695e-02
1.855564334228642087e+00 2.356952718646767142e+00
1.984424031201183602e+00 1.366444529684968767e+00
8.542477079616823676e-01 1.967151836555681044e+00
1.322448166850077600e+00 2.810018252846624431e+00
1.163981699845686002e+00 8.575097883299779289e-01
1.504450199480027228e+00 1.432125407248075133e+00
1.568619448917085046e+00 2.930853694327169912e+00
1.383450747291016469e+00 1.150875552087092135e+00
9.136928600212905760e-01 1.549186611081517118e+00
1.514170185819212477e+00 2.758018835123674073e+00
1.870051348018451520e+00 2.408173726044004148e+00
1.272858563796377851e+00 1.696006083891867133e+00
2.549398860822484458e+00 2.896578914895366452e+00
6.275875639082351132e-01 2.090958884921726435e-01
2.151581988077407637e+00 1.426445392294058756e+00
1.842907344537389358e+00 1.999384228670323616e+00
1.809796140710893342e+00 3.005788940329762404e+00
1.698452911369710439e+00 3.142025009789218615e+00
1.628008168439551318e+00 1.518113698083172758e-01
1.010377027693252439e+00 -1.353392382894720858e-01
1.089428285648009753e+00 3.963640793195019052e-01
1.803112263112502500e+00 3.410491185401761438e+00
2.673950919580710295e+00 1.842917293636060050e+00
1.286183172552904930e+00 1.833262185886930240e-02
1.476652003494838272e+00 2.383778115602792624e+00
2.054298542523056437e+00 3.220962807425805652e-01
9.559634143130086859e-01 -3.876965604358117989e-02
1.201590978276766197e+00 2.778443666717199001e+00
1.905463157295540277e+00 1.088894661147336240e+00
1.151672043969928172e+00 1.473470619738755927e+00
1.877054050042899824e+00 1.125916761780195285e+00
1.801222609685237064e+00 3.173939684519732740e+00
2.183561697620181263e+00 2.245073875869595170e+00
1.445521945294808042e+00 1.336824157066807350e+00
3.195670334205579888e+00 1.641189400496001483e+00
1.453183691928105814e+00 2.183623860518540738e+00
1.869118551454841182e+00 2.436767759766908625e+00
1.134784021430479850e+00 -2.152301028771647085e-01
2.546330417422615788e+00 1.638609773521385593e+00
1.553416355908689317e+00 1.248938074330900427e+00
1.388762875142270259e+00 2.428050309377025151e+00
1.924051728441023235e+00 5.718062731072274252e-01
1.316101112327614509e+00 2.412267898484528494e+00
1.596287339929746141e+00 2.014266668446894393e+00
8.562276002828614896e-01 4.285600861260248085e-01
1.061371751807885344e+00 1.057974793573274397e+00
2.444957942266714035e+00 -6.262441753445071591e-01
2.615630161600606129e+00 -7.216992468585108345e-01
1.441895162509695849e+00 1.322617375279026675e+00
1.785090428626943782e+00 1.546862843994728287e+00
1.370582262334290036e+00 1.482060029757069852e+00
2.015924331054377294e+00 3.579015738011372072e+00
1.299096768246308820e+00 1.817013509915711644e+00
1.975777191099529650e+00 1.335069610135385165e+00
3.105326790048239083e+00 2.467490871682612052e+00
2.542270188640387563e+00 2.560962031874875588e+00
1.471933040866987286e+00 3.060976569637742895e+00
1.903727883272710475e+00 2.375296211430355520e+00
1.539252859884119751e+00 1.464258503575177839e+00
1.279822564835833232e+00 1.557342022033483930e+00
1.594009947003942829e+00 7.598672989593477922e-01
2.500153564430625863e+00 3.387946809705914664e+00
1.786868442585298977e+00 1.258631858800816961e+00
1.995365639905630983e+00 1.833704693336337233e+00
9.129453413562476083e-01 9.317405533350511249e-01
1.509453395047759106e+00 1.992890345587250867e+00
1.559077972375356724e+00 2.665878266077839953e+00
1.643755861598258150e+00 8.362393058789183709e-01
1.483767166105106394e+00 2.415805642417383048e+00
1.648339583370634243e+00 1.454459228098345935e+00
2.095152294193974640e+00 1.454943785812117030e+00
1.072151187975483699e+00 1.047988936604280719e+00
1.154822029817998086e+00 5.366342539655016841e-01
2.080044002752845955e+00 2.101685391960475879e+00
1.282029706574236760e+00 1.009032399186396423e-01
1.590186992905496810e+00 2.787001284436142701e+00
1.160602806061198145e+00 1.059389329937019175e+00
1.136673354020314219e+00 9.236618206831341826e-01
1.925531908981835016e+00 1.250656614512922538e+00
8.516699223662912432e-01 2.015837030271826702e+00
8.377197842113954795e-01 1.767434733060506691e+00
1.190836115535013118e+00 9.842878558878689343e-01
1.151057947445792262e+00 1.910495245743968784e+00
1.567641389848651645e+00 2.604881477303718107e+00
1.873993224159597126e+00 1.764593211907604209e+00
2.479010640084845285e+00 3.092159704322047009e+00
1.187650906228101766e+00 2.242263358245124127e+00
1.539853107834215473e+00 8.548290890230733075e-01
1.365380093096427938e+00 1.304827145752214479e+00
1.541865629552231720e+00 1.934169551033436019e+00
1.887834172892619788e+00 3.107933293085594961e+00
2.564669225667561836e+00 2.110352539081212342e+00
1.268616533813246017e+00 1.159622012522582235e+00
2.094904393739035253e+00 3.112016776711020949e+00
2.096609737905387405e+00 2.563302417624884200e-01
2.573148391026869763e+00 3.145343487628891932e+00
1.153826816686851053e+00 2.211526452820272937e+00
2.035798841589448127e+00 1.612959697518032032e+00
2.451982029534370611e+00 2.448819849134535875e+00
