# Hierarchical MCMC downsampled to get 500 samples
# alpha, beta, mu, s
1.972169476539479938e+00 3.842795708803725674e+00 4.786674187899969901e+00 2.873807625053282355e-01
1.937576682976205777e+00 2.273198719127274892e+00 4.797317686763313382e+00 1.902951388940368471e-01
2.377164485895895130e+00 7.758825418389717399e+00 5.001143573139385623e+00 1.575906647439217212e-01
2.096819946389583578e+00 2.745116395522365860e+00 4.733497629735108347e+00 2.399105594374600359e-01
2.271705787625090345e+00 6.811434621332349337e+00 4.734916273707263201e+00 1.479244961670623248e-01
2.620074178890098526e+00 4.932962305368998379e+00 4.824630033757483893e+00 1.893349465074510574e-01
2.584277764353045459e+00 3.372657789933843020e+00 4.757246901232504044e+00 1.893668318590392419e-01
2.179196806217961413e+00 2.808159107094421181e+00 4.795208562149503528e+00 9.018688298462701480e-02
3.010615750312724881e+00 4.914314982404311749e+00 4.742675796167966418e+00 9.384356089262224643e-02
2.336329368580204235e+00 8.770392832184020548e+00 4.552392799941864965e+00 1.836891857866700395e-01
2.977016768628381271e+00 4.864334763882875556e+00 4.615295359628669658e+00 1.159909416989588354e-01
2.221708126488892265e+00 7.423824223896756891e+00 4.852005987776134788e+00 1.098012636924978053e-01
2.254139247486286024e+00 6.659644909030227211e+00 4.615894951755382891e+00 1.768317926257443606e-01
2.344636074463669395e+00 4.851147906551123157e+00 4.534933122841392716e+00 2.053827283861082709e-01
2.363729158020072330e+00 7.909756710432139570e+00 4.599283652810862044e+00 2.830964033613689312e-01
1.604620087909570003e+00 4.787877373000224424e+00 4.658693287961325424e+00 1.573947543702340635e-01
2.882271750361714791e+00 6.479724298621625245e+00 4.342989261430274972e+00 3.085435461643462607e-01
2.978490483385884957e+00 4.204585004450295038e+00 4.607826107385871062e+00 1.423018791453019016e-01
1.558189375615119054e+00 5.153752713310431055e+00 4.303621220859660035e+00 3.366962913761046283e-01
1.714823792851319251e+00 3.101745960011780934e+00 4.549057240941472458e+00 2.775086544885255746e-01
2.550689154857207264e+00 1.022202489238625489e+01 4.568324030108517952e+00 2.201617984610236833e-01
2.343632521878123764e+00 4.555059961684975178e+00 4.602781272702922699e+00 2.108857272963567120e-01
1.316161836931097895e+00 5.602541580485333128e+00 4.741628427609833274e+00 2.977283198197654968e-01
2.478838966875678729e+00 4.927085041212438732e+00 4.605653886104556172e+00 1.436236909319514587e-01
1.261659602427756655e+00 3.772882869817760998e+00 4.643270365866986715e+00 1.769092564749994989e-01
1.959905586378491327e+00 4.272260611901906202e+00 4.714773855663991320e+00 2.542177785670034496e-01
2.901390983658400202e+00 6.447812680209434433e+00 4.769277169192410071e+00 8.591539143826602831e-02
2.397647924907025274e+00 5.220204701443424966e+00 4.576227845644585734e+00 1.952556736615788102e-01
1.952372466686331798e+00 2.781869437953856661e+00 4.641618809455436256e+00 1.335426484363832211e-01
2.575394557623978731e+00 6.563697330121238238e+00 4.698871288175674010e+00 1.485228011077203425e-01
2.299683349831362023e+00 4.837145392551377654e+00 4.819080283649749497e+00 1.578419229215172748e-01
2.915442458363298073e+00 7.388305694155088865e+00 4.777497883109213639e+00 3.338141787817613948e-01
2.187732371218769512e+00 4.825812036341449840e+00 4.646680819937871298e+00 1.183450593142500451e-01
2.107548996201111802e+00 6.734374613597969628e+00 4.498301154836710225e+00 2.170641391699783540e-01
1.942858355055899100e+00 5.718426663036388469e+00 4.698765986816501261e+00 2.226096399165329864e-01
1.733052228362344405e+00 4.923506610680465911e+00 4.302670980562829151e+00 1.492622031578838548e-01
3.190345186698390734e+00 4.720091001606188996e+00 4.833599091085826416e+00 1.764768763290079090e-01
1.828982278323670885e+00 7.855080128560569364e+00 4.554212005129463670e+00 1.151301565488775380e-01
2.669037102240948922e+00 5.998613156049681372e+00 4.624965700250453615e+00 2.564675015653033463e-01
1.823585770768755498e+00 5.113336992219590371e+00 4.397877224028209575e+00 2.025304429211202684e-01
2.060655077779166788e+00 3.981851805589032622e+00 4.759207441564790919e+00 1.556927984844012347e-01
2.336365888821867021e+00 7.712858228771216851e+00 4.606014196631915247e+00 3.039417142756184465e-01
2.512925118966513605e+00 4.715180399449306670e+00 4.878461797689879198e+00 2.508752920974055556e-01
1.414400933894021994e+00 4.577896336702417024e+00 4.442671973073305303e+00 2.650108718839635502e-01
1.659864804972426056e+00 5.330398880956989771e+00 4.455977570894988027e+00 2.286509384589632543e-01
1.734311788676910382e+00 5.492002889903131013e+00 4.646649014388950505e+00 5.686790795346138155e-02
2.370968181060679303e+00 7.440614447325368808e+00 4.272377795333526684e+00 3.714999497069571555e-01
2.118202732019170309e+00 2.973868807279401061e+00 4.539373674156093941e+00 1.162093216195072554e-01
1.650747555017083368e+00 4.296155870167257973e+00 4.626152198584811970e+00 1.870733269980219549e-01
2.443289237221945243e+00 6.508882019803704289e+00 4.502824128726246045e+00 2.096340733544462542e-01
3.403514970506519077e+00 4.343902904979374924e+00 4.775951632236161259e+00 2.742888437566615850e-02
2.208909759312587706e+00 8.211654145065693911e+00 4.552486927560620344e+00 1.883696428440183868e-01
2.006129870888851308e+00 3.464813756815503965e+00 4.583879910966986770e+00 3.666349547228706096e-01
2.357868709849701538e+00 8.376219295729244507e+00 4.649432773898066529e+00 1.377131595182218282e-01
2.366297391724184962e+00 6.863461177742243180e+00 4.777947413102246799e+00 8.114172607490625910e-02
2.392194715026866092e+00 5.871917408713667186e+00 4.786575884495919198e+00 7.715355141432918284e-02
2.150615221967061341e+00 3.033349863455491402e+00 4.563011334631001503e+00 3.353619155620520265e-01
1.551668023602689628e+00 4.269335652046081897e+00 4.344143339103126777e+00 1.372959919208514568e-01
3.716841534244104572e+00 7.601575226691452691e+00 4.526088044677491595e+00 5.377711357738265696e-02
2.747151752953505000e+00 9.223032754030601410e+00 4.739891890736313229e+00 8.434910108022779240e-02
2.293556564991817037e+00 6.691688356806156257e+00 5.203570716625234738e+00 3.381715854013201406e-01
3.480050386444528687e+00 2.855263755623355326e+00 4.924674679861567483e+00 1.684045833726415253e-01
1.775808098507865029e+00 3.520867286387459494e+00 4.363242234119398155e+00 1.446732717987043171e-01
2.043428879965706102e+00 4.230873213348891326e+00 4.773683026649992556e+00 2.073740626312524649e-01
2.328855890340879142e+00 4.506018358004984847e+00 5.010923068407326930e+00 1.688214770613303273e-01
2.317328410112669879e+00 4.984260248692680584e+00 4.599659325019439748e+00 1.228038891269756516e-01
2.844668545103438362e+00 6.596635753302650507e+00 4.721841783848528706e+00 6.852338020590029166e-02
1.871752898357417427e+00 7.182936507482890143e+00 4.962822682813953890e+00 1.513641982900499616e-01
2.924861334520653333e+00 6.877324970494755441e+00 4.823965696517737101e+00 1.558264939262910542e-01
2.596132230856666112e+00 1.028221252488013704e+01 4.588513236812547191e+00 3.024375768048740976e-01
2.732563541015218700e+00 4.584465658412822719e+00 4.214236089477647162e+00 3.211012537646404374e-01
2.360552748036030657e+00 7.405861995241348694e+00 4.818306420419078862e+00 1.857759771195302834e-01
2.415473309595685514e+00 9.887325781398121904e+00 4.688442325032892377e+00 6.371979331678548353e-02
1.538859712176048333e+00 6.448407879844773483e+00 4.660933792130732556e+00 1.240473747590750131e-01
1.558598739355850249e+00 7.723376086753460434e+00 4.967572405090711740e+00 1.766789525669278660e-01
2.027434067137205975e+00 4.114546233215603088e+00 4.640810849373253610e+00 9.035705067856367179e-02
2.152108184296642079e+00 5.843010971287608157e+00 4.491872090761816594e+00 2.305822867996801528e-01
1.824920787009034040e+00 7.565421677958099167e+00 4.718733924987763118e+00 2.607045086217898988e-02
3.144902192186740830e+00 8.519391738127321645e+00 4.542261072167205427e+00 1.583500666456235106e-01
2.785569927525813227e+00 7.613128700298888774e+00 4.698464539781033622e+00 1.589249726007792851e-01
1.712572060548239072e+00 5.661690245702093449e+00 4.503854753031341751e+00 1.363183702170411016e-01
1.218065588680166123e+00 4.556484267225428653e+00 4.307354319868171189e+00 1.376707192865846419e-01
2.298109532803008115e+00 6.290926701827128653e+00 4.461503454339556640e+00 1.472199285545189029e-01
1.779600908982370333e+00 4.319228798708646622e+00 4.323371875322685298e+00 2.916808445148714179e-01
2.782303026769732845e+00 6.496403271684385139e+00 4.680422719020612021e+00 2.273845866990059639e-01
1.544998916207024342e+00 4.835577721862846623e+00 5.016458944757540728e+00 2.386493604035685723e-01
1.724401983839379815e+00 7.919768398150793587e+00 4.540629449954788122e+00 7.181315931244312833e-02
1.589230544316427407e+00 7.071590311157271991e+00 4.649616336349905232e+00 3.724014188888487009e-01
2.108745538574681611e+00 5.150736938508702067e+00 4.491491045105850510e+00 3.565777632840598788e-01
1.497505697888297904e+00 5.270756987896068502e+00 4.527304406567520978e+00 2.211047907225352216e-01
2.152160830609954445e+00 2.344671435095548873e+00 4.523521600371481988e+00 1.530893025419413078e-01
3.235065845514522032e+00 3.868097757652090074e+00 4.711220705184143043e+00 2.365434872966789004e-01
1.853492577716668643e+00 4.580419327829514664e+00 4.832410987874323993e+00 3.158880358983858216e-01
2.331111120945799531e+00 3.487769404661452022e+00 4.515084115536792453e+00 1.053901731910155126e-01
2.698495270192218687e+00 9.185776076861564832e+00 4.594283111316181945e+00 1.487490925501135097e-01
1.411374418803175601e+00 9.936346379760443881e+00 4.449132197040060355e+00 3.214962927247074220e-01
1.456807721966128844e+00 6.467584556291178899e+00 4.675835753168790632e+00 2.172856455078766291e-01
1.429829166565891541e+00 1.056483009673585549e+01 4.570504034920579883e+00 1.720073908378412231e-01
3.289132175731181551e+00 5.155529203693610896e+00 4.625840272362415462e+00 7.024657650227392192e-02
2.474991549422671522e+00 7.186776090699376951e+00 4.741540638580309164e+00 1.397659362476416089e-01
2.318811539209552741e+00 3.585954552169868137e+00 4.732047363904958281e+00 1.238536602729051611e-01
2.038427296355826090e+00 1.093595236058072651e+01 4.659705933521659738e+00 9.801575838570909804e-02
2.280563668589383752e+00 3.635467973849222378e+00 4.796463892616473323e+00 3.192011512138197282e-02
2.577111260451819152e+00 4.713665656531203396e+00 4.516003067082639433e+00 1.723442050404057069e-01
1.331817046162375284e+00 1.017339215995028567e+01 4.477010126199195916e+00 1.659175494825279040e-01
2.083479909711114519e+00 4.028627395820765678e+00 4.687163894008601339e+00 1.794860329072227867e-01
1.447538672846275798e+00 7.635619727704818338e+00 4.072047155377910954e+00 1.335820239533010989e-01
1.518404262434172036e+00 7.236128906602961486e+00 4.528566048920426468e+00 4.643779054290352315e-01
2.287541922051079091e+00 6.478632966048283315e+00 4.639205579943458169e+00 1.821234941830241760e-01
2.898263748249692906e+00 4.694309454408721827e+00 4.601731105412771861e+00 1.177589211319974016e-01
2.848659870375318093e+00 6.047384915256191817e+00 4.718801611493049109e+00 1.250246291121707709e-01
1.459042441822812508e+00 7.009961674627386508e+00 4.375826023136523801e+00 2.983160229395294127e-01
1.997494248735052436e+00 8.164627224548070217e+00 4.901518095883353077e+00 1.905811181713182312e-01
1.783849474457966489e+00 7.567979037143562238e+00 4.380627494093690899e+00 9.605831091692916546e-02
1.827475457374427625e+00 4.305686756730394471e+00 4.549335803855767857e+00 1.510454683248086960e-01
2.273521351155705972e+00 7.711322009037432146e+00 4.387056872577994149e+00 4.124844645017717304e-01
3.040085955807998008e+00 1.152555883705068140e+01 4.790860504381413421e+00 1.353352549416401707e-01
2.556078092756063125e+00 4.862034607248855167e+00 4.660391325377618799e+00 1.977520771417323742e-01
1.256465747027252000e+00 2.982055873183934835e+00 4.782604221239419751e+00 1.227201117394755292e-01
2.355896320092190077e+00 3.036229553777398227e+00 4.668736981492110694e+00 8.937295106160081382e-02
1.662766262414494767e+00 3.664933448817520034e+00 4.810630070041056250e+00 1.978086518584752374e-01
2.591037911645314828e+00 6.255888087285482513e+00 4.965412561395647018e+00 1.580123797926638873e-01
1.181959552357023879e+00 3.158158883421817720e+00 4.538432944725448337e+00 2.966700259582966681e-01
1.966397191593686644e+00 7.186411573326489943e+00 4.065785399150690260e+00 3.401792977951639263e-01
2.284197612331212657e+00 9.080757057482841788e+00 4.493620593314882505e+00 2.477714975971546385e-01
2.538828248303372614e+00 4.515341236185435925e+00 4.584740367240615733e+00 2.526891984762286159e-01
2.647912217082955877e+00 7.965052213299085970e+00 4.625531370914909068e+00 2.365284018854218462e-01
1.845714428393026907e+00 7.351886482824956381e+00 4.764601806486856717e+00 1.553049984345071799e-01
3.139061236273559263e+00 2.959360859224557494e+00 4.822956343263885337e+00 1.614074922226329534e-01
1.540037489950396354e+00 4.689855012083382846e+00 4.579214638677219007e+00 4.130021473982564140e-01
1.814794183933414295e+00 5.679074987745604375e+00 4.365046555934943839e+00 3.117198674900700794e-01
1.456472550014223710e+00 4.577543764474150123e+00 4.812589793389449255e+00 1.571225344590764794e-01
1.514965164769179529e+00 3.411973745626543764e+00 4.223224097391112153e+00 2.926197309007194658e-01
2.118196907689200437e+00 6.944915487201378745e+00 4.466914685599808976e+00 1.450965889666178676e-01
2.678719125185079708e+00 5.571095792671275859e+00 4.424841287186528582e+00 2.338392064029438666e-01
2.991398844376167432e+00 4.679951142846845435e+00 4.549636250990936936e+00 4.421590027630517561e-02
1.544285582856588235e+00 3.970508294303364494e+00 3.787959110321535761e+00 2.676182288190501191e-01
1.559676493163630884e+00 4.525172991386326338e+00 4.571988124018595556e+00 1.672490588908298603e-01
1.365315860736718845e+00 6.304093426078867246e+00 4.336776452585936248e+00 1.632984444280761172e-01
1.837247287632805870e+00 4.870116178523000272e+00 4.799048106468687180e+00 2.518529202252455246e-01
1.643452233966944842e+00 3.886558562803019701e+00 4.598846908211267070e+00 2.337338693773111653e-01
2.758383343888028527e+00 6.801232816700400363e+00 4.635591310974159995e+00 2.207241834325110175e-01
1.859826864152802628e+00 7.680442759117993567e+00 4.511928635708914115e+00 8.843775697660133384e-02
5.125292249340581918e+00 8.114119433648008695e+00 4.849733854230999341e+00 2.204998288958338049e-01
1.733376142299577261e+00 7.801012391828023418e+00 4.425353694962805839e+00 1.489053918230705542e-01
2.287109795642310761e+00 9.864478087830967468e+00 4.921474216786479339e+00 1.811142096360178200e-01
2.036803138533237689e+00 7.407588550354349266e+00 4.670198985613279064e+00 1.070996711488777647e-01
2.049245693332554019e+00 3.740664038606263286e+00 4.712059934019528384e+00 1.976164380244332108e-01
1.857933067761206036e+00 6.962769103596847309e+00 5.087702366882876248e+00 3.035909455919407751e-01
1.799613000604027846e+00 6.183815614051249909e+00 4.693516560697692519e+00 2.768967397017197407e-01
2.210789875678965011e+00 4.071885305028954072e+00 4.501299352606441317e+00 1.266007252683272188e-01
1.903137235531554783e+00 4.654384729446102043e+00 4.241892010777021937e+00 2.000840798227499773e-01
2.761690158648082427e+00 1.133148251931570805e+01 5.409413968319391586e+00 2.687071451341348505e-01
3.064175370785057417e+00 5.929119157635879489e+00 4.385917742163106148e+00 3.661021746507726604e-01
2.961586842864500024e+00 3.805344811856717691e+00 4.423524358571905069e+00 1.850011087621201700e-01
3.429977737382464031e+00 7.886923072823479153e+00 5.042567743472410768e+00 2.680055136392861526e-01
2.610647899195285060e+00 6.720149547947738888e+00 4.575174742707980968e+00 8.611227094593540410e-02
2.827503379315547516e+00 5.222478593722487794e+00 4.709722677392201184e+00 1.382253495996532966e-01
2.504155206220429086e+00 7.532782352832365191e+00 4.447441622982163167e+00 1.723940137209483692e-01
2.823081110027164442e+00 5.649410649991807531e+00 4.638758611225211936e+00 1.617948198064326770e-01
2.073198969706745221e+00 5.032607945229210067e+00 4.632900886775504823e+00 1.585810209754404676e-01
1.997975406540301924e+00 4.570082474758351943e+00 4.724033537152651618e+00 1.030748905106266683e-01
2.973687182869470647e+00 5.542272796083812736e+00 4.756104741387195745e+00 2.532786141722717099e-01
2.756093530236333855e+00 7.069581205262596590e+00 4.666699476912635092e+00 1.439029861233687702e-01
1.949231318846143646e+00 3.568716362625503624e+00 4.916695458467234658e+00 9.146339631313304963e-02
1.863372777536473013e+00 4.746321917325412088e+00 4.266075037232112344e+00 2.915714794333826854e-01
3.017894290187058903e+00 7.040367584866784156e+00 4.710216070875409500e+00 5.096769816354419780e-02
1.671890610826284540e+00 5.674916216600747632e+00 4.662387550411896342e+00 3.223929890474641069e-01
1.720574592983829421e+00 5.228625214428861412e+00 4.376333468108291491e+00 1.626190468136398115e-01
1.910674285186038102e+00 8.989126500391204644e+00 4.649233302898672093e+00 1.518639221705880005e-01
1.524575713584714443e+00 5.117287803216591158e+00 4.664379060583344838e+00 3.880113639291957739e-01
2.408953999092907416e+00 7.202387526078932289e+00 4.752331039423838277e+00 2.341941627380664526e-01
2.266467801002308047e+00 7.147586688822150869e+00 4.838517667067278261e+00 1.780310535057879895e-01
1.411500502506460641e+00 4.840563169591704629e+00 4.350466658670131714e+00 1.085758205060194242e-01
2.734129891053048045e+00 4.781844608339619107e+00 4.655423168792028221e+00 2.995198076487345235e-02
2.387355052527054600e+00 3.608354351445994368e+00 4.404161651602111149e+00 1.388642066359203620e-01
2.223780818351972943e+00 8.157571742591475328e+00 4.847779887021816947e+00 6.912250689228864597e-02
2.234954392925459832e+00 7.124553746407756627e+00 4.310274486382041914e+00 2.234497156528154616e-01
1.699223247844739992e+00 4.158284791274524217e+00 4.697614914622368687e+00 2.475736103289547796e-01
2.326319170205854103e+00 7.092707724140001169e+00 4.762821273807890776e+00 1.249898730335942676e-01
2.504109580257380951e+00 6.676415781746914746e+00 4.729671129545830688e+00 1.099642849599365424e-01
1.770228582625854585e+00 4.482335594240174359e+00 4.314003417347587188e+00 1.298011029345214895e-01
2.975993809162621684e+00 6.953322627978122838e+00 4.652304202205744588e+00 2.136321488450306783e-01
2.669811437198554405e+00 5.935504798212646982e+00 4.802969116862474408e+00 6.137974165216278366e-02
3.244445276261941125e+00 6.872332798907930140e+00 4.532080409270897725e+00 2.547134398023909174e-01
2.010411800230200718e+00 4.901770094189057403e+00 4.370513340255775425e+00 1.291059476190197508e-01
2.567601792040525410e+00 7.713184356173167444e+00 4.928636318880565526e+00 1.115825484584158922e-01
1.782829107970389515e+00 5.049877144634542958e+00 4.435036788441309774e+00 2.248553612089936593e-01
2.196178145184658703e+00 4.046386752966232514e+00 4.849155313950479496e+00 1.672746438260639401e-01
2.312654959506933228e+00 9.192037638008120126e+00 4.489815379601405532e+00 1.161198407272322486e-01
2.740509691541717530e+00 6.249220011196135793e+00 4.841084576508008830e+00 8.959691442027432895e-02
2.239091672022924584e+00 8.202383981354451237e+00 4.697417944077399987e+00 1.196129021436302675e-01
1.213378404944907896e+00 4.263201056874942552e+00 4.630193178122702591e+00 1.698739815541998044e-01
2.372729845757987732e+00 5.939415957904407684e+00 4.377794255401457058e+00 1.168107905728648366e-01
1.404136840451156720e+00 4.895641565705003195e+00 4.822606604728790991e+00 2.040203711181550195e-01
2.392830333729484504e+00 5.883520150636047497e+00 4.678555084346654347e+00 1.894108956103794372e-01
2.732981346436158976e+00 5.749271511638377241e+00 4.663506746661393088e+00 1.561454293907256485e-01
2.791485762332309051e+00 7.503020574559609912e+00 4.744051247740741495e+00 1.084861674394184683e-01
2.160404475991915874e+00 1.134996993213581362e+01 4.421267428827046153e+00 3.035876490984847909e-01
2.513048661240405490e+00 6.974701851031356981e+00 4.748726815115186461e+00 2.028872833883663129e-01
3.157889870257653886e+00 1.149943052575405211e+01 4.664092976725377149e+00 6.582845669131578981e-02
2.394176390654564113e+00 8.847618562597094893e+00 4.440405273341929693e+00 3.204837486031755778e-01
2.062136449998950738e+00 1.128538235355809327e+01 4.689930638824418629e+00 1.205689474918081039e-01
2.610857793538033267e+00 6.025842144034296410e+00 4.748175455337317885e+00 1.093524863671249958e-01
3.271995112099732594e+00 5.406268674147075792e+00 5.012078311197741165e+00 3.462259043109787160e-01
1.664660533349104021e+00 5.278800346050763537e+00 4.017154180600752689e+00 2.723563779142558761e-01
2.242820249307333480e+00 4.963291030256605119e+00 4.792783218327214101e+00 6.562690753705943680e-02
1.862170007503564317e+00 3.695980266348490417e+00 4.365482668942273214e+00 1.880914621585656477e-01
1.507984573224362190e+00 4.513969893840242165e+00 4.366360201925231443e+00 1.312851910677245160e-01
2.230648753490286129e+00 7.062961441416218733e+00 5.373376341393056421e+00 3.635850008273460721e-01
1.677255544340521265e+00 4.487052190541309216e+00 4.589809477944064575e+00 1.277962867732743979e-01
1.979017264533378784e+00 4.572043468527198229e+00 4.953631256923292980e+00 3.480684971451601939e-01
2.448814880177689002e+00 4.991463409672909357e+00 4.810995799899981051e+00 7.863536082338298816e-02
9.845463708914561352e-01 2.725898729502990392e+00 4.567115733745949591e+00 1.767279347794622479e-01
2.026398572503178563e+00 6.084123845749362935e+00 4.283980800134628453e+00 2.496468397998339306e-01
2.004916134799394012e+00 7.400211175656489004e+00 4.588435354770838082e+00 3.044860837508066576e-01
2.231576404823600868e+00 7.653152605322683044e+00 4.850679873373575646e+00 8.710022475056977687e-02
2.142073546106650461e+00 4.747861146022708922e+00 4.737625552820209585e+00 2.176696103833159479e-01
1.953318777343597601e+00 3.104275266984682702e+00 4.766849324580794800e+00 1.007018343524493653e-01
1.805925779315221691e+00 5.435723240812046164e+00 4.107090668841317793e+00 2.604688279263800976e-01
1.593338283141848333e+00 5.535812891190795781e+00 4.210667078407766439e+00 2.355563173302248070e-01
2.505693693810135958e+00 3.117274841533772101e+00 4.519447395743465989e+00 1.244602630746208111e-01
1.712232163921566297e+00 4.796723082614317235e+00 4.307672284585492228e+00 2.722861537871598125e-01
1.587391298009364737e+00 5.772609969889158421e+00 4.567348697413252445e+00 1.149416039423303282e-01
1.735548737634574623e+00 5.454194279469001927e+00 4.471750911671001028e+00 1.882804038346365949e-01
3.187625229766053447e+00 6.403094478404814716e+00 4.562019170563404558e+00 3.253113213957676275e-01
2.084867743320983458e+00 8.072237316260409301e+00 4.534116516428280619e+00 6.177615111951134663e-02
2.060909513581937968e+00 3.092494743840343840e+00 5.232912665065252433e+00 2.810625594578087250e-01
2.196738094114011108e+00 8.896624651909812442e+00 4.727462433803441222e+00 1.663486093744878380e-01
2.366563132421636073e+00 6.365419421002907363e+00 4.573312698624237171e+00 6.797341641873083651e-02
1.900601354151766786e+00 6.994266428743928898e+00 4.911264181487086766e+00 1.909154879133451166e-01
1.487813097467751700e+00 3.512095197705353389e+00 4.892384382523550457e+00 5.922504545569128309e-01
3.167777815418709064e+00 5.333932039199334341e+00 4.615184729330877644e+00 1.058379312226552377e-01
2.785335992089155166e+00 4.622545719333746916e+00 4.495052731920003097e+00 7.224130343409883304e-02
2.432942429082234792e+00 5.912803549447608553e+00 4.741757796580010620e+00 2.490926874311180372e-01
2.810149472199598542e+00 5.847322016781890675e+00 4.345469151017736564e+00 4.764214884539175188e-02
2.135407917275149892e+00 3.920157570709282169e+00 4.627187228365089666e+00 2.344002639799557253e-01
2.537141781101816651e+00 3.703944153748242485e+00 4.037424290685092565e+00 3.586267806686965209e-01
8.254235277956275540e-01 4.534143750627275260e+00 3.767684176394924034e+00 2.594386256145413960e-01
1.715483796693567653e+00 9.393566406048080353e+00 4.220920870340435727e+00 1.478495262568563229e-01
2.479176484637775957e+00 1.245289834033454390e+01 4.488799635669703747e+00 2.608075348974150942e-01
2.274739322549301779e+00 7.729049680158144753e+00 4.676432108977214952e+00 8.060596438648104378e-02
2.326113065540899250e+00 6.894578552849399244e+00 4.627884838578216531e+00 6.364273567812947507e-02
1.971858948953872037e+00 3.152223069213841988e+00 4.615124429181974186e+00 2.857163607429052954e-01
2.936192976938232668e+00 6.008919201184578007e+00 4.384379038350879831e+00 3.497582438150927397e-01
2.862411536787117683e+00 3.802573042660035707e+00 5.051969795953116460e+00 2.469729613298289328e-01
3.000869611324848307e+00 6.738007070581795155e+00 4.633867488057744843e+00 1.401275547836983715e-01
1.981121244833088824e+00 2.816679907740047284e+00 4.700846940932648543e+00 1.263152945742551381e-01
2.965057358605896365e+00 5.541840023326136233e+00 4.711264274585205136e+00 2.292922611621897866e-01
2.134192313338466374e+00 3.905396856232447256e+00 4.748235323602045810e+00 1.749556125106721816e-01
2.474836277367170378e+00 6.032766963081910738e+00 4.620760593459178445e+00 2.119632928684892781e-01
2.984358809413928171e+00 5.996051849073495532e+00 4.277582359657879252e+00 1.867210983260101653e-01
2.797383419380902403e+00 5.045619675636864976e+00 4.823465787805415239e+00 1.118574944186647713e-01
1.925315507383280389e+00 3.364297107576930124e+00 4.816898059875908800e+00 1.253031363917418706e-01
2.409225767394369111e+00 5.241461462278254047e+00 4.878294006876283007e+00 3.190314232222116742e-01
2.019474845771598748e+00 7.713565536712878590e+00 4.502338117559307129e+00 1.009673181025440847e-01
2.759108187043420646e+00 4.123748701968996677e+00 4.827164511760300591e+00 9.261710961468978820e-02
1.953590251272570910e+00 7.605783868717474583e+00 4.418004789075848038e+00 1.740055784151974538e-01
1.877752781676593985e+00 8.320811170967955306e+00 4.744331686802204295e+00 1.319475678787524753e-01
2.784389447588824229e+00 7.869602660088810708e+00 4.805901741263668647e+00 8.081519037610496170e-02
2.809897910926977715e+00 6.654350315603690724e+00 4.716933603789181362e+00 1.284111696457340968e-01
3.502045960208605369e+00 4.508200525110677148e+00 4.653678968217183076e+00 2.550164980287665251e-01
3.571554581265054651e+00 7.107825838841318244e+00 4.786984405542150434e+00 1.036921406258774353e-01
2.388428223068339573e+00 8.112236784908898102e+00 4.427395426286105717e+00 2.409012251630815171e-01
3.931476126789285708e+00 5.021685003489035459e+00 4.756017990829660924e+00 5.299678804370629853e-02
2.405318416752091348e+00 4.353616151399149814e+00 4.595373091761613793e+00 2.323718634916463743e-01
2.138571476593187803e+00 3.320908597869344447e+00 4.370816408377238282e+00 2.899220603196674406e-01
1.993023839929876084e+00 5.303830345743837604e+00 4.806120022553974636e+00 1.403118536289773566e-01
2.840881066702543478e+00 3.960933071595442723e+00 4.663401478091533825e+00 1.342649218014241308e-01
2.762352291171593421e+00 6.618710656095251998e+00 4.879556416957516518e+00 1.540155809325589320e-01
2.881475448665033134e+00 4.490822692952025186e+00 4.856515564016730124e+00 1.341851396610478642e-01
1.736847611458859353e+00 1.189184890421657670e+01 3.817079131434834238e+00 2.504896887447412013e-01
3.206211043379918024e+00 4.027446776981265408e+00 4.943838497740262738e+00 2.585109244697110231e-01
1.651589864199095592e+00 7.302990473873923527e+00 4.518270997324107086e+00 8.980992268963561287e-02
1.970965372569192908e+00 1.050362243275326968e+01 4.757571770630508290e+00 1.537969830568219343e-01
1.748628410112855081e+00 3.982600748863151185e+00 4.289142072084015211e+00 3.420150499263260313e-01
2.371722694760209027e+00 4.355912549295094749e+00 5.170931065330597320e+00 2.250219108058407746e-01
2.963187539878227472e+00 4.766804040759294203e+00 4.733811127334324631e+00 1.378482524172367218e-01
3.021800193935199275e+00 3.583586826926321134e+00 4.452069964315019668e+00 1.050056799476132424e-01
1.942451179678149842e+00 6.752441274404203497e+00 4.546923092169913083e+00 3.168722868719360819e-01
2.297720970060890711e+00 7.217820059686617107e+00 4.797720033367087744e+00 1.277550909181980887e-01
1.582555279569827889e+00 2.052743008874583275e+00 4.394320968901980429e+00 1.389613857121471951e-01
2.062105968004957823e+00 6.511034776491918308e+00 5.050028113470235169e+00 2.611958053165696070e-01
2.789744933573313990e+00 3.813508657604852914e+00 4.834602888699159884e+00 7.838136058126235484e-02
2.446781895864765133e+00 6.104305461433207292e+00 4.888041912882765239e+00 1.009696361440204637e-01
2.237341533405396987e+00 5.766391253062192135e+00 4.942909927365583656e+00 1.976577623215992896e-01
2.857362424032148240e+00 5.999731280294793301e+00 4.661065921273991108e+00 1.390848725567930821e-01
3.568426942247204359e+00 3.192641281998517933e+00 4.745149560874092565e+00 2.938827297642946923e-01
1.998963629312669354e+00 5.826973045688612629e+00 4.270594005682138317e+00 1.867498943549527335e-01
2.362886008253648917e+00 6.134215362861089815e+00 4.479491869719544717e+00 1.063278861580129742e-01
2.136084861108479949e+00 7.690190111684155561e+00 4.719598595980913913e+00 1.406091064340445063e-01
1.647732408119279013e+00 4.987892819878856798e+00 4.306266512869011187e+00 2.223796219607557800e-01
1.833712383049648675e+00 3.811484900730278014e+00 4.503392507535849631e+00 1.000997733118236949e-01
1.609881347394974460e+00 4.138631903384611732e+00 4.478919503875284924e+00 2.162744963158692857e-01
1.541617977856067023e+00 1.179542023001871343e+01 4.612788515531264011e+00 2.987756402894261587e-01
2.394004529111429136e+00 6.448838732143086006e+00 4.850735686756342702e+00 1.904083509142816266e-01
2.376020041731032428e+00 2.447813006542604253e+00 4.397458258287909594e+00 3.487541083025517685e-01
1.726980700435032157e+00 4.670714100122521195e+00 4.479137226889840839e+00 2.109733172958622727e-01
2.010902634061674021e+00 2.536628310488215021e+00 4.306711792818878060e+00 1.664176124212802810e-01
1.601139555388243707e+00 3.229608107711169573e+00 4.698181109591034854e+00 2.031528301527036895e-01
2.348779116537500489e+00 4.527143894657035261e+00 4.373181702943087501e+00 2.021350741252737615e-01
1.531204310304624228e+00 5.209162346475389782e+00 4.461038363303267751e+00 1.941505583777077826e-01
1.908190881504873815e+00 4.738554681510319000e+00 4.438716297346870121e+00 2.280069287898075503e-01
1.805742142041352194e+00 4.353173911551263764e+00 4.628710169329885993e+00 9.292763557982897105e-02
2.259978569610325394e+00 7.967257080578414197e+00 4.680030745135874248e+00 1.990062627699793474e-01
2.406475916455962150e+00 8.030940919992032079e+00 4.503215787147718530e+00 1.760580739560448915e-01
2.815120375344486447e+00 4.979438390649667312e+00 4.545181541104562406e+00 2.639004476775277941e-01
1.540916919579505162e+00 4.313796382601415402e+00 4.443436690804182021e+00 2.111980455053451555e-01
3.607046127481086106e+00 7.033743395941828958e+00 4.689859507425905072e+00 2.382742738978174124e-01
1.605916920809808524e+00 9.542561640828600034e+00 4.378187382610525979e+00 2.151304004171458450e-01
1.876555991278768376e+00 2.819038493543767565e+00 5.104124536025102188e+00 5.339161369943665747e-01
2.065804031191064816e+00 6.352164698689119149e+00 4.397358038126710333e+00 1.808590966768049701e-01
1.603882264203960961e+00 4.298030230014687092e+00 5.196487415870366888e+00 2.438927794637027191e-01
2.101632144196141194e+00 6.861488051399778243e+00 4.511027579448859015e+00 2.921157368880116234e-01
2.549977347093788094e+00 5.890372596840030894e+00 4.945940457783866151e+00 2.158204600586297317e-01
2.217353433324262824e+00 4.315569761025519036e+00 4.327684341864197926e+00 2.313583125034155974e-01
4.343994328790247827e+00 8.833140380888087506e+00 4.875463518008156250e+00 1.022714291023378574e-01
3.511400019173164910e+00 5.187780664213262227e+00 4.916542218237879069e+00 2.506183145246830279e-01
1.391195126480743838e+00 8.134752366868912787e+00 4.558637626220199301e+00 6.872657592965594753e-02
2.312132640941595429e+00 3.069030826670779089e+00 4.578256553973123921e+00 8.427107384117211997e-02
2.021260336951798742e+00 5.513598756182289229e+00 4.444342517117410907e+00 1.279890521688936134e-01
2.483772252728472463e+00 9.507682698004582988e+00 4.847586036564463186e+00 2.280267030359237335e-01
2.860339606677442248e+00 4.024038994204132358e+00 4.510323188013179774e+00 1.975505167910485693e-01
1.412813686871638552e+00 2.481222164919796747e+00 4.570309669812440134e+00 1.732397988035425940e-01
1.975965075642557744e+00 9.135674739652593246e+00 4.688674268415351065e+00 1.301019302011075518e-01
1.598329702600420399e+00 4.561305056330427377e+00 4.620074348358161664e+00 1.252252154117573235e-01
1.635803817108951508e+00 4.901137398284596713e+00 4.384669011958340690e+00 1.627252234993042390e-01
2.023376964046658344e+00 3.697447773018926576e+00 4.613632688567375517e+00 8.302017308017577146e-02
2.204355202450383633e+00 3.870531487962354245e+00 4.544232008936132772e+00 1.920722624545416479e-01
3.081989286747701673e+00 6.784510621745945436e+00 4.123039472893551327e+00 4.046309226749323362e-01
2.637233444999137255e+00 5.433497753657810847e+00 4.688081245263521879e+00 1.890256114593585612e-01
1.963244738492163632e+00 4.830668697920844856e+00 4.280881130871494911e+00 2.241434106684919991e-01
3.362127237489857201e+00 7.179209682637680778e+00 4.304113823919577975e+00 2.096715442694868925e-01
2.850757711734482669e+00 5.024854707297526701e+00 4.675597951410824571e+00 1.006406233512184834e-01
2.489561341775976544e+00 9.614516580594802519e+00 4.911403135321523727e+00 1.720953906311694925e-01
2.058749196082202637e+00 3.930504109696586923e+00 4.310174323921735606e+00 2.328211568842683266e-01
2.666529804282246729e+00 3.416718702379769823e+00 4.782260975172464512e+00 1.243326325876972782e-01
1.832286427038371857e+00 3.701118643689611964e+00 4.454158496540702394e+00 2.198129338882747474e-01
3.227491248413561387e+00 2.937291577944586951e+00 4.792009290553724377e+00 1.533910185691884087e-01
2.460428099306469552e+00 8.083839913352267814e+00 4.648527819940827754e+00 2.097981797440397200e-01
2.067780125932384028e+00 3.589525718658114872e+00 3.805775942699365366e+00 4.274918417441624929e-01
3.960925285283364961e+00 6.402817536130680054e+00 5.141806793964461164e+00 3.511030488424894402e-01
2.080565596841803533e+00 7.227117592080969821e+00 4.588097622989242730e+00 4.843507097339157935e-02
2.699223379661987998e+00 6.124697961379400368e+00 4.787896575618490580e+00 1.027577443214249264e-01
1.810269726279580826e+00 6.241867820034194381e+00 4.657008119960668324e+00 1.097972893583304688e-01
2.249642275390075330e+00 5.202138275165236081e+00 4.727415595982604302e+00 2.071567959281361282e-01
2.619785290315860937e+00 8.074341885025591026e+00 4.747990629637924620e+00 1.248853652284742100e-01
2.486272287672901538e+00 4.710357530445183016e+00 4.723480415195960624e+00 1.580786234021147874e-01
3.133432203051027098e+00 4.058253864069424566e+00 4.797161239539926569e+00 1.213262414434719966e-01
1.456972310249374125e+00 4.386338881110128263e+00 4.966945801149829087e+00 1.823862069512197648e-01
1.880907511939238219e+00 1.170698728908821451e+01 4.563619173113574234e+00 2.417065132491865165e-01
1.361940597036710443e+00 7.967712805789421537e+00 4.024008978743201403e+00 7.749469000997329104e-02
1.713693200621207335e+00 6.238249195105757039e+00 4.414907822265462300e+00 2.031902444437475030e-01
1.995940570694343164e+00 4.593025793381734445e+00 4.795837177239120841e+00 1.482600905287899673e-01
3.585589171928489360e+00 6.309736401761560032e+00 4.798155136638204254e+00 1.711191019423135840e-01
2.968191590180156769e+00 7.182800297288865821e+00 4.696488306426385151e+00 6.444286962907180838e-02
2.882455682082840198e+00 5.238838929831128866e+00 4.704924403709490832e+00 7.567494527317662756e-02
1.804132621345269749e+00 7.418770725901973506e+00 4.510145337523113973e+00 1.610065311395784127e-01
1.603084219080989969e+00 6.378506602261098557e+00 4.379555204527748380e+00 6.502557834160288541e-02
1.820142412607590465e+00 4.594885971662398205e+00 4.805844355114087030e+00 7.576881946072078211e-02
1.956831430865290322e+00 6.481038897269225885e+00 4.565701424392704766e+00 1.945920261512800453e-01
2.740817368281169841e+00 6.236852768952918957e+00 4.858052288275175101e+00 6.031772610494880171e-02
2.477523287148081899e+00 4.001052475788657858e+00 4.659741872401478524e+00 1.480009614420829678e-01
1.784192795885884308e+00 5.235794414096419658e+00 4.604463403181755510e+00 1.175535796379277992e-01
2.121453185043484790e+00 4.762542370995611840e+00 4.135748268793573601e+00 2.763257349421515130e-01
2.219864776943467621e+00 3.193469302001095134e+00 4.550477370792878062e+00 3.204020734591850328e-01
2.840120127727989718e+00 1.553357624312377183e+01 4.806197627495376601e+00 1.295627551402240285e-01
2.368170465766060051e+00 6.111395146237189380e+00 4.378802963655244795e+00 2.732313528507944733e-01
2.686254151182015715e+00 1.249759525152796158e+01 4.599201735270921354e+00 1.782298985901334953e-01
1.846112985686791053e+00 4.423383524798549793e+00 4.131025297731074630e+00 2.149571204366965693e-01
1.734553903126431873e+00 9.950120072993227538e+00 4.392595280865994489e+00 1.995745243146269665e-01
3.127645641106594265e+00 3.245153597859416816e+00 4.638576496159508622e+00 3.169247671257874321e-01
1.706651677537682765e+00 5.345464200630822837e+00 4.726164091005578882e+00 1.537765683107158166e-01
2.214244854460296619e+00 2.298577731538194335e+00 5.131297245214565983e+00 1.855951320931873427e-01
2.461480144506660750e+00 3.733372771191481476e+00 4.786368932137868626e+00 9.759193651141370718e-02
2.396801669618198183e+00 7.297295942313303030e+00 4.309238538596785517e+00 1.534785754198613184e-01
1.903181674035121729e+00 3.743200627606683817e+00 4.819865626518924806e+00 6.731528751987821135e-02
3.732626826856795699e+00 6.734188725907618078e+00 4.740050331410984086e+00 1.291551202032913404e-01
1.331906784247405273e+00 3.420553364562144871e+00 4.737222212632167029e+00 2.197359119404986016e-01
2.821345970051845065e+00 7.107577569852203681e+00 5.040915519739335160e+00 1.553864496389393557e-01
3.195086580688819566e+00 6.696827364031331165e+00 4.860960657344843838e+00 7.475942105706123719e-02
1.673417990709345382e+00 4.159781041632523824e+00 4.617117131428861043e+00 8.226897593657486740e-02
2.038080201684490778e+00 5.495867021750186154e+00 4.767762867476262656e+00 9.436804290754560731e-02
2.269311360075780826e+00 5.165341953151770582e+00 4.843615368791288844e+00 1.281844913387325535e-01
1.887030820501800488e+00 5.093056402468628896e+00 4.634971829516970843e+00 1.674465872308592285e-01
2.889875583978419371e+00 4.718388736045752374e+00 4.766425181496354746e+00 1.009769035500392709e-01
1.856390112610246224e+00 5.684025897062578991e+00 5.167609907249056889e+00 3.112559666450835927e-01
2.291787603824659403e+00 8.882973000620662418e+00 4.640555980501367195e+00 1.918369287013830526e-01
1.212888871005844083e+00 3.987340302318978402e+00 4.585421199589494456e+00 1.433039527954356740e-01
1.786926141623095932e+00 5.791681012747980084e+00 4.502875063729488758e+00 3.622371543731497390e-01
2.017885534440838402e+00 4.441259005410458371e+00 4.716274771231180551e+00 1.444960833272824208e-01
2.597452766539921853e+00 4.933962203666381718e+00 4.516783814375422423e+00 1.524422752938145997e-01
1.509387518860906052e+00 5.219669528109418977e+00 4.384759947766047716e+00 2.645522520993343618e-01
3.206333891625643417e+00 8.819130349293581972e+00 4.874517290470316233e+00 1.263246247716677817e-01
2.363578779249939643e+00 8.119600674051046241e+00 4.431623014748214295e+00 2.136927730507997003e-01
3.150181841302871266e+00 7.343496259051344843e+00 4.833867952606786034e+00 2.694561426894932499e-01
2.290650244259874846e+00 7.121794270626040202e+00 4.730910594443782813e+00 1.047710585724866694e-01
1.835162007710503085e+00 4.857688850272596781e+00 4.538858110702121529e+00 1.658135595567399867e-01
2.850142744222439628e+00 1.004002073532324779e+01 4.638972628263694276e+00 2.679209159588541445e-01
1.880061497414563521e+00 8.350569403679358516e+00 4.402045345753433203e+00 2.339461144551899796e-01
2.198923900506403850e+00 2.872410598729135067e+00 4.615006495166074529e+00 2.504681650477651456e-01
2.433111037835216095e+00 8.605584006602322589e+00 4.274425316284460763e+00 3.732768103250421743e-01
2.247445352685755182e+00 4.198673601864640226e+00 4.350336260138763400e+00 2.783215208140815133e-01
2.243940262437698951e+00 5.460781741745250883e+00 4.288680338249580615e+00 2.713490962137189433e-01
1.816195369849020302e+00 2.802489809958574885e+00 4.273837440427822543e+00 1.562400679808327031e-01
1.701822696735789009e+00 2.140276388204042757e+00 4.741906362223008209e+00 1.233280940822830685e-01
2.099726611078640115e+00 6.948302446006942468e+00 4.542250205795576257e+00 1.848722912434626053e-01
1.988504365063245904e+00 4.885213414892378481e+00 4.597560682109233632e+00 1.834994199504464407e-01
1.760596209977632221e+00 4.819226808356893876e+00 4.443526773473366553e+00 2.553505973272916507e-01
2.254020839828049461e+00 6.903804572965096753e+00 4.598070817480932604e+00 5.829731589792976065e-02
1.591079978873237266e+00 5.547738139070978569e+00 4.792855530274677811e+00 1.170585918611617704e-01
2.156261714260186757e+00 5.250182927386285670e+00 4.707835726462046289e+00 3.250301956558264704e-01
2.340266959873318342e+00 5.248392348094299109e+00 4.838146533099261681e+00 2.585520776081791650e-01
2.355943720777789796e+00 7.024626989029403745e+00 4.576014758425481332e+00 1.883942654398181038e-01
1.591569042778736343e+00 7.997887499482982498e+00 4.418920443096405748e+00 1.174289943349117321e-01
1.658116971211609947e+00 3.622741170528144039e+00 4.426822777914507512e+00 1.938811503644818635e-01
2.378844642437454304e+00 5.746148727576722237e+00 4.454336637303379476e+00 3.709165996603991378e-01
3.075574683258202935e+00 9.231495388350250408e+00 4.839229138150204612e+00 1.215423284790069364e-01
3.411366400993300907e+00 6.037635948523092821e+00 4.728728568242469343e+00 3.057086675414076304e-01
2.069129444072239643e+00 1.110053482754158871e+01 4.583738955961440986e+00 1.210516651640087954e-01
2.914728200521875756e+00 5.912992358304630436e+00 4.663981117952907596e+00 7.647133273463367631e-02
2.028457394819930037e+00 6.956288739222945772e+00 4.619788593515848696e+00 2.445021310941006831e-01
2.540107156720566639e+00 3.093070609575679253e+00 4.319410449514745842e+00 1.965273729466136543e-01
1.620329311964411989e+00 6.436465589619704275e+00 4.103040495012184152e+00 2.930705560352320216e-01
1.705772872290176156e+00 6.827980714438375287e+00 4.144679622297871013e+00 2.249178233933605553e-01
2.376265255146050137e+00 8.235895524792320899e+00 4.780741576217177879e+00 1.592858977275971866e-01
3.216973161941601322e+00 9.823560682340389150e+00 4.578567889640035027e+00 1.108597793215057581e-01
2.849058690551923512e+00 6.752227478033429264e+00 4.996014408512635896e+00 1.546463906334982763e-01
1.496716454282690068e+00 6.395600141944600914e+00 4.156488910765727240e+00 9.481994045714264852e-02
3.004041473956054809e+00 5.952270889752039551e+00 4.672888513750697470e+00 8.282362968982645568e-02
1.057382059827424392e+00 3.189820578441572962e+00 4.419107653448483219e+00 2.873482752567374510e-01
1.608790729666382369e+00 2.797019774554500238e+00 4.532075913082818985e+00 1.462115552064789659e-01
2.091771087091748527e+00 7.782723692345150823e+00 4.732795083244490719e+00 1.442907919269751371e-01
2.022629640950643903e+00 6.525001692535545850e+00 4.511681300525741456e+00 8.429195588185746379e-02
1.477211444709633614e+00 8.784439708400936908e+00 4.695527761477275241e+00 1.845778994017719110e-01
2.342880777202092979e+00 3.977020033754951278e+00 4.899715162487797926e+00 9.693511688041608898e-02
3.014947807496099141e+00 8.428104487400704059e+00 4.875912825139808504e+00 1.521033527254207762e-01
2.696296552240874167e+00 6.357401693940014198e+00 4.574421654067139187e+00 3.650830552026411158e-01
1.638898091705328408e+00 3.291658666336414463e+00 4.309260704166977263e+00 2.529627882190793597e-01
3.550520168085679273e+00 4.464771417846206347e+00 4.665577843480916975e+00 2.302180426448516837e-01
2.127388940908146786e+00 5.093546000787289252e+00 4.650282428028749138e+00 5.229574023668378396e-02
1.949714641339599597e+00 4.381411299561895234e+00 4.625325836068308050e+00 1.190785103700773562e-01
2.433773939360520444e+00 8.768495216142223825e+00 4.953896616517248219e+00 1.031033128308226354e-01
1.770314540348491672e+00 5.509441532386839313e+00 4.424291652666089369e+00 2.281003746035605295e-01
1.675318653516842282e+00 5.741499922869500061e+00 4.347817070169016418e+00 1.989499843299340487e-01
1.549321237552761410e+00 4.502943358672002461e+00 4.336581883274601701e+00 2.817910771435578887e-01
2.491813407003871994e+00 7.475392133075795975e+00 4.706668663248252393e+00 1.297706823439137014e-01
2.230719557274879250e+00 3.622828014078060210e+00 4.818018644526045335e+00 2.575714396944842055e-02
2.151840872284573436e+00 8.289389640997809394e+00 4.583447992487958977e+00 1.271569299633512062e-01
2.656960363827650884e+00 9.385842898274823654e+00 4.798308168877301938e+00 5.633777944267608778e-02
2.159166482912996621e+00 7.735491839138560088e+00 4.524109496038102307e+00 1.629533385232258269e-01
2.483255961188947314e+00 1.105775604376849408e+01 5.038298757915566028e+00 2.172779888593727171e-01
2.553630477630910001e+00 4.599201500636666218e+00 4.316650433376121754e+00 2.562782261363746317e-01
3.693317517767372493e+00 6.926059586522447908e+00 4.826921227912594148e+00 2.441930184312711694e-01
2.238120663501339092e+00 6.250064217014869250e+00 4.463713727445989932e+00 1.827167968945508647e-01
2.290852188859726635e+00 8.269019981749286430e+00 4.618380858204364614e+00 1.695929466819834364e-01
2.608984138821743848e+00 6.070252923828286740e+00 4.691304788551196481e+00 1.324701341156538648e-01
1.828058948332138112e+00 6.547677687031539406e+00 4.941504869441740055e+00 1.354280708211182682e-01
1.807119005410548596e+00 8.329899953636322962e+00 4.550501025580093284e+00 1.881893740664207781e-01
2.964768052223238914e+00 6.843318097852088222e+00 5.009573444965545796e+00 1.941329591570860047e-01
1.631693954467118068e+00 7.573046871385880507e+00 4.748671234511019357e+00 2.362051855760706753e-01
1.564426963548311234e+00 6.213742067264093727e+00 3.813713467227498821e+00 5.333161540541778711e-01
1.702046068285307356e+00 3.971722658730588940e+00 4.861970018096653412e+00 2.025944213862438392e-01
1.973795529050225150e+00 7.393289709990753522e+00 4.746467111933941219e+00 1.737552666367545018e-01
2.454452816831218964e+00 2.511057751922811221e+00 4.990534694664904514e+00 1.158940634716089102e-01
2.892379484351940810e+00 7.122801725583177479e+00 4.743351554958203486e+00 9.786199625540197011e-02
2.579086564036734863e+00 8.479972730207311571e+00 4.573211833626544376e+00 8.132378745014764987e-02
2.236342281983822122e+00 7.254407991544167267e+00 4.638733914179696605e+00 2.592567427564269056e-01
3.266501384821200116e+00 4.558113753587912598e+00 4.772923446303881434e+00 5.211850017786820444e-02
2.927617020881576604e+00 3.002250631972714690e+00 4.354744897885896471e+00 1.681555817881097703e-01
2.770021671261231777e+00 6.906700324049453776e+00 4.481774930962371783e+00 1.857688331064347720e-01
2.056377235309377660e+00 4.496719010894349999e+00 4.828756830221071716e+00 1.307198467357443272e-01
1.546892936199425694e+00 3.597903565411946669e+00 4.304689606190819973e+00 1.568346343946675769e-01
2.008072641558400484e+00 4.249785267498753960e+00 4.753690962828106770e+00 1.808240655167353550e-01
2.384540745879427437e+00 3.931776535722555366e+00 4.691954768848638047e+00 6.293810620689252455e-02
2.757744130786157211e+00 3.585733407757973445e+00 4.699477699672652165e+00 1.410255959415730176e-01
1.891038693213604072e+00 6.234202922454491258e+00 4.634433370782867989e+00 4.608617827994517663e-02
2.046257769112052483e+00 8.309498834314817728e+00 4.378631418930790886e+00 1.962660976798574763e-01
2.774242341231093256e+00 6.272734996770822136e+00 4.807873436386429056e+00 9.887579271764805611e-02
2.964595494779432183e+00 8.263371578690245300e+00 4.302900442147944204e+00 2.796054790338319274e-01
3.762585826836023717e+00 5.662023671725421536e+00 4.453958734791601870e+00 7.994406898837622122e-02
1.998832721847684901e+00 3.815432021475571922e+00 4.184173297219652810e+00 2.647210840365633588e-01
3.073971070610447942e+00 6.214071572831445955e+00 4.078099184622486995e+00 3.636443109511117711e-01
1.853040893502974740e+00 6.918223945824963472e+00 4.309047139089647871e+00 8.913545823869883922e-02
2.267751638181616514e+00 6.366989992274750598e+00 4.461866578578732145e+00 2.490632014724478149e-01
1.394824149467039032e+00 6.149428447778096718e+00 4.251323355307533802e+00 2.736926208325741738e-01
2.398158823162214848e+00 7.493152674667271640e+00 4.671383144789431618e+00 1.290422145743861382e-01
3.240305395370778996e+00 5.686398972846422595e+00 4.821929118437628503e+00 3.151875107529844566e-02
2.065610855807514579e+00 9.288636762904626920e+00 4.393761067751987603e+00 2.226568414545719854e-01
1.598227516165820372e+00 3.875166059974684440e+00 4.503098085212435819e+00 3.390417416689152641e-01
1.625489976708541340e+00 8.276821690929676123e+00 4.549582849611537583e+00 1.503988357767041262e-01
3.094819596425858688e+00 7.018561608217522618e+00 4.869004961831533862e+00 7.737265226617542901e-02
2.652962022533423614e+00 6.448408172079995282e+00 4.845928244203803636e+00 8.597864596513268842e-02
1.544253586359899177e+00 5.602375388075950369e+00 4.535272742458916539e+00 2.515185196082255215e-01
2.097740337165365787e+00 9.178930719885300960e+00 4.507669783922726658e+00 1.463030717508963519e-01
2.581111802918769627e+00 3.054212450947453306e+00 5.040716080368600416e+00 2.710335993943924215e-01
2.439513742678250274e+00 5.348188179608458270e+00 4.697002318301084500e+00 2.155481956873884497e-01
1.530244668874887859e+00 5.568149583036135830e+00 4.513033010363458608e+00 9.866812797678289892e-02
2.418422267648523416e+00 7.455649554648240418e+00 4.584453327438740011e+00 8.544649645652825642e-02
2.003892967592822316e+00 3.861838217337698609e+00 4.708460318963994418e+00 1.850443836621155080e-01
