# Hierarchical MCMC downsampled to get 500 samples
# alpha, beta, mu, s
9.488966608106443879e-01 3.284822281144942568e+00 -9.238857865857329488e-01 4.174924125420639148e-02
3.159333667727446393e+00 3.394456957722625567e+00 1.759554735397360625e-01 1.627223684060145337e-01
1.098201613997210391e+00 7.799864172235054127e+00 5.046687800676155078e-01 2.353435227583070832e-01
1.986240713991717310e+00 3.027496475358259165e+00 -6.113347128410826503e-01 2.992420063322955293e-01
2.435853461001040277e+00 5.151379909325115136e+00 2.007203345620153900e+00 2.341884673329284183e-01
2.514539164438082341e+00 4.629419214959793472e+00 -7.031260956750224889e-01 2.031206637327565567e-01
1.092082533054688609e+00 3.901090747459753594e+00 1.175836610401366500e-01 2.434543206516993630e-01
3.379721130255943784e+00 4.740591461925414585e+00 2.038941573503142202e+00 3.872078466562337562e-01
2.676945861710322561e+00 6.476137917402063238e+00 1.260699256946720137e-01 2.107119819901379643e-01
1.282599173289472816e+00 6.081723937013608250e+00 6.521052012392007935e-01 4.400288496005612116e-01
1.621964845923292486e+00 3.956391601515243828e+00 -8.483380329005371090e-01 3.547203359505005649e-01
1.650813387586419045e+00 4.306714190040939805e+00 7.073775362461808269e-01 1.236313449169841316e-01
1.295049198604275364e+00 4.861053966500603174e+00 1.206513624054149636e+00 2.989826056805193200e-01
2.327403845724253184e+00 1.169999787592379015e+01 -1.884333569822021826e+00 1.179639159839413753e-01
1.129683935022932850e+00 1.034009060761441745e+01 -6.947066104185253277e-01 2.102104232469163558e-01
2.118179992329027872e+00 6.588409523163113235e+00 8.102889937516302155e-01 1.666832871138179961e-01
1.666876043250216100e+00 6.597341939530676491e+00 -7.642677331326769297e-01 1.765613474463661181e-01
1.371421874522657847e+00 3.776016276877876443e+00 1.305317716749399004e-01 1.529547414457340382e-01
1.432449154780493394e+00 9.035216207690018209e+00 -1.503363175032104593e+00 1.588447442632181517e-01
1.953056732382217220e+00 7.293638625944284470e+00 1.909211410480839977e-01 2.457377926827251924e-01
1.106821657300008921e+00 6.852694332759392992e+00 -1.429168671247298628e+00 2.611613466724648780e-01
2.839646300993381889e+00 4.017053462147265108e+00 1.133202849306741200e+00 9.565222434239883942e-02
2.842432482058055321e+00 6.074876999952799395e+00 3.256076236799561485e+00 3.677526433632173908e-01
2.982548246394026048e+00 6.004056601044570840e+00 8.452373763106073579e-01 1.167229649591546570e-01
7.278688016782423054e-01 2.739378048038423330e+00 -1.394865547247718940e+00 2.361401172831656126e-01
1.315458615918853491e+00 5.998543727341884235e+00 8.163923715483691890e-01 1.500298572641880213e-01
1.779181754332434640e+00 2.774127726245458447e+00 1.010120292668823083e+00 4.245664236774700229e-02
1.401938399842844518e+00 5.526799014635844998e+00 2.559886053673387618e+00 2.222214748073201851e-01
1.536947866935250540e+00 2.704515261878535082e+00 -1.135679999108231586e+00 1.136291745643792928e-01
1.863143836661125929e+00 2.295138124216122399e+00 1.289851585921467425e+00 4.801187120161595767e-02
1.730709367812238719e+00 3.219426599493699470e+00 2.284272342351318041e+00 2.363766169423939800e-01
1.336171990008080179e+00 6.174804460431449371e+00 1.301266650818152515e+00 1.380844872603299300e-01
8.402631896066188322e-01 5.879481536872315672e+00 -1.788850101871184428e-01 7.510756652150578361e-02
1.902103347514165321e+00 8.782129673165661288e+00 1.594810350779478192e+00 3.101655040804263130e-01
1.186433151530053465e+00 5.897702922503861522e+00 -4.799249151615363473e-01 4.925619757130303977e-01
1.667324941615573985e+00 6.441726586909627628e+00 3.291092396562334876e+00 3.042241947791074486e-01
1.670844900023126467e+00 5.862069579526504093e+00 1.352523447562114400e+00 4.548259957707856960e-01
1.750498839396882778e+00 1.279860906804725573e+01 -1.443866168188163268e+00 2.160691474244058052e-01
1.585149054268604862e+00 7.794206102557373228e+00 1.363943205741571907e+00 3.710493736761803496e-01
1.473562614390676817e+00 8.209365478748198441e+00 -9.860722802835042433e-01 2.599869936354038957e-01
9.559307787674324874e-01 7.426910603059362792e+00 -5.399576153976048953e-01 3.669097348089458421e-01
1.281709383418559334e+00 3.639982520813528577e+00 -8.880052952960177937e-01 1.160611189055113374e-01
2.177422085012969522e+00 8.989153914402038481e+00 7.165324927851830505e-01 1.060732402701929644e-01
1.837516350766660977e+00 6.732777855690528668e+00 -1.359451894988559228e-01 2.334915238717479857e-01
2.143384447103030777e+00 1.102398063408453766e+01 1.694349587318135564e+00 3.652989083283969540e-01
1.640156899027561899e+00 5.315063228219496949e+00 -1.144746121535136218e-01 1.544211960673526340e-01
1.417971569113347208e+00 6.160682047089694358e+00 3.048131996729788185e+00 1.458489766558694889e-01
1.248179086728471443e+00 5.621510927442247230e+00 3.533961999126081777e-01 3.588247608829492341e-02
9.342097046135522387e-01 2.595675552937802610e+00 -1.603474849091601540e+00 1.030030923597262393e-01
2.381000613036688307e+00 7.117486248870153354e+00 3.419305362680118421e-01 2.083635272585427911e-01
1.632633661527624014e+00 3.614094148996447764e+00 -1.484659593384353382e+00 5.656713212406260655e-02
2.057558367736684435e+00 6.345489193667398276e+00 -9.729562566692546710e-01 2.722140548837898022e-01
2.032304295661549798e+00 2.364079682769056667e+00 1.563624371643003608e+00 1.658336256097714678e-01
2.347428586611858048e+00 6.472492372810557448e+00 1.269168582655562538e+00 2.485764956363171185e-01
2.223741316205969376e+00 5.661726201171663142e+00 -1.435227285820853238e+00 1.439370626640658901e-01
1.749396321299724999e+00 5.451804774863323821e+00 7.901076231864506694e-01 2.011852570039612542e-01
1.054891090266864229e+00 7.051516357288586612e+00 7.384953933932941750e-01 1.170579400308175838e-01
2.648035619377245631e+00 3.633744427162058255e+00 3.389285156638001340e+00 1.681976218170241899e-01
2.111814473663589986e+00 7.596824194517351359e+00 2.951081006026529341e+00 8.324468689410249866e-02
2.933897898542826344e+00 5.498254008322935427e+00 1.022552363475372816e+00 1.013479241414128318e-01
1.105457687836191916e+00 5.838916926900685311e+00 1.813490572220728847e+00 1.944041347623717830e-01
1.892044931395784335e+00 6.743660752043908246e+00 1.440948966903156103e-01 2.902735252752982609e-01
1.306407851153210231e+00 6.506412517134705809e+00 -1.110777967575709235e+00 1.068503953321685573e-01
1.976816675132607726e+00 5.806977516971662645e+00 1.742503835298495174e+00 1.241321519474978124e-01
2.100272929234015429e+00 4.472572744873003714e+00 -9.285091523749186004e-01 1.983458251115331195e-01
2.043751443264323342e+00 6.720244510336279120e+00 -1.126472529340063478e-01 2.810906541887528420e-01
1.120875450294170239e+00 5.248986551850262749e+00 -1.043116779504380531e+00 2.054232609759424899e-01
2.648516675634673412e+00 3.605546699277883071e+00 -7.858395825310080518e-01 3.303456478637465388e-01
2.802478391721089590e+00 8.353347198097154092e+00 -1.371155819112699126e+00 3.309532394142884748e-02
2.049267603105506819e+00 7.229386045580250553e+00 3.591187703880999171e-02 1.722923376458184719e-01
1.705077533885658081e+00 4.355022125654791409e+00 2.302799418287547972e+00 1.080702849392535803e-01
1.355669928497764687e+00 6.149918135003216157e+00 9.474424624086019708e-01 9.559471950702744247e-02
1.659398228079826509e+00 4.558698377412780722e+00 1.464890583408535285e+00 3.200424066522443156e-01
1.655725101005532718e+00 3.544666872198071861e+00 3.529732515774224311e+00 1.273281171810603518e-01
1.592469699442902842e+00 4.914381963605849890e+00 1.892748529720791550e+00 1.979428353741968238e-01
7.831575065619877929e-01 6.272791564243934914e+00 -3.330869387255404046e-01 1.877077277533607258e-01
1.191688681408530792e+00 5.539138316803285278e+00 6.365030900066729336e-01 4.702582693919762913e-01
2.703841677013131939e+00 4.031049127900434570e+00 -1.512876862164753700e+00 1.039766952229336239e-01
2.441532740791795497e+00 4.157421456757262490e+00 1.538819720774093902e+00 3.627236311277728387e-01
1.311012107153847861e+00 8.180902028247553304e+00 -1.382373482526323860e+00 5.803381296860660177e-02
1.930890400657141459e+00 7.859808563716384811e+00 1.426719414673433661e+00 6.173032897763067739e-01
1.646645018103251701e+00 7.756694292483270026e+00 3.115670823626354835e+00 8.699079642939164247e-02
1.546792548295899072e+00 4.730854269855442773e+00 2.000246629355041605e+00 1.424986531082338137e-01
1.646537860050897972e+00 5.582101856307340348e+00 1.288627693817505637e+00 9.502118259704377123e-02
2.831441106497955218e+00 4.877869335837742959e+00 1.188319598363334784e+00 1.348536327294036774e-01
1.792791380822277070e+00 3.014176804946561816e+00 1.554299138438482997e+00 3.442432132913822995e-01
6.186517710413891313e-01 6.069657107927574735e+00 3.767114310275544442e-01 3.345568276308627520e-01
1.759580536463551503e+00 1.220787966488743237e+01 1.397376986849069525e+00 6.823411531260958895e-02
2.417392772028290615e+00 7.346261687204844293e+00 -1.869511947866192347e+00 1.270605950678198592e-01
1.295081052875449057e+00 8.279697607855309727e+00 2.827694849350764983e+00 3.211756950648727571e-01
2.398194827907875304e+00 5.960724803178144349e+00 2.015756511584560595e+00 1.491279462809667611e-01
1.430616297747544730e+00 5.474422296537825972e+00 -7.432700341738578409e-01 1.184832077308107523e-01
2.524224570024609093e+00 3.928224850227881149e+00 2.347251368689454942e+00 3.443623823340565826e-01
1.025913276330830071e+00 9.932960293902500126e+00 -1.437014131503308034e+00 2.969748024049558843e-01
1.129751803156736178e+00 6.865992671407870951e+00 6.074715864858704073e-01 2.478070351232605217e-01
2.487314406056031046e+00 6.688557347324787017e+00 1.458336876944507754e+00 1.199047248328689030e-01
1.069850493218733822e+00 3.903970646003229295e+00 6.015080390704936608e-01 1.593027668122141693e-01
2.265873126658859427e+00 8.050898873438461223e+00 -1.483993857281273865e-01 1.931160942691953764e-01
1.642760716583717473e+00 5.792613815055272397e+00 1.928879237290690718e-01 1.655735693054989077e-01
1.585229540267345083e+00 8.416130831633646281e+00 -5.134547628155343713e-01 3.063542470083397973e-01
9.768639235539586796e-01 5.268523074940853590e+00 1.586230143780636426e-01 2.326234862929199287e-01
2.643932921700662853e+00 4.299887567044148540e+00 9.501050885535063939e-01 2.669059815785066458e-01
2.233469272426120700e+00 5.315422991616028270e+00 2.200980813629818122e+00 2.979538075135325717e-02
9.809467390987620661e-01 6.050128780259742101e+00 -1.078266286934112528e-01 3.324047780583301304e-01
1.353070390491782238e+00 6.018325344496478380e+00 -9.509079332318648436e-02 1.568030155988711372e-01
2.063430099467544743e+00 3.922512164788407141e+00 2.367835991090755599e+00 2.665090911425643805e-01
2.039724480006215757e+00 5.688387129778860185e+00 -1.569574651285051692e+00 1.281109026131239392e-01
1.250415720105213513e+00 6.669551601128857143e+00 2.534807193536997794e+00 4.249801873480318903e-02
2.047846525400448314e+00 3.850065314760289681e+00 2.487002370014661956e+00 1.809462439950948465e-01
1.074703317763290977e+00 3.504684160406885240e+00 -5.011240796894158578e-01 2.760703192405256634e-01
5.584146386387122130e-01 3.076721667236340885e+00 -1.844079355974946210e+00 8.667949104237269997e-02
1.259196985946844594e+00 5.117162760695404877e+00 -5.534748720024329494e-01 2.165717812377112583e-01
1.633214011369129803e+00 3.252022215873542343e+00 -4.424786385420264589e-01 1.125898258494490156e-01
1.613166098809335036e+00 2.860841270196093689e+00 8.384906662223360341e-01 2.559788644971604521e-01
2.371854722846590935e+00 4.681202846636812076e+00 1.546567163046760895e-01 1.849507292358140154e-01
1.087457406737949217e+00 6.003520945804613262e+00 1.015082844670829321e+00 4.495222244382590659e-01
1.506649367607366008e+00 2.795110046562163220e+00 -1.037950623833291397e+00 1.430294752857137752e-01
9.102894985584510934e-01 7.621968822159586487e+00 1.118970176882357004e+00 2.132991859633543430e-01
3.760362536180446913e+00 9.953070865353996766e+00 2.447274922451813328e+00 1.908226137770433484e-01
2.832823751348985120e+00 6.534922013943606167e+00 3.147029440411025725e+00 4.216083545696510670e-01
7.802880094972191038e-01 4.709967445779980721e+00 -5.141106793639382833e-01 1.131912609542738979e-01
2.889655248997205828e+00 3.764807902015107288e+00 -6.709599206578520381e-02 4.714163529056813462e-01
1.895862673628797790e+00 3.640640500377239963e+00 1.829879112352689408e+00 1.557171656868602261e-01
1.028842765785765501e+00 5.426950587628299516e+00 -2.409951310305161187e-01 1.479795468967917416e-01
1.160164464685578878e+00 7.304046073275848094e+00 -1.050816746740275809e+00 4.486252306401417589e-01
1.939057933114249899e+00 5.857493068174227879e+00 1.968970449606593842e+00 1.721194683858678909e-01
2.375815375903953530e+00 8.089597901015684656e+00 1.449978771831430535e+00 3.210105379730252007e-01
1.578425256669802490e+00 5.592044913040848719e+00 2.717378570468041321e+00 5.104682711111624416e-02
2.388760639006584086e+00 5.453965043774897659e+00 5.600268102142802462e-01 1.595434178015704973e-01
3.045580051245769582e+00 9.575844333283200172e+00 1.385403784861982679e+00 1.686155702041432225e-02
1.634423115526393744e+00 5.554929795824629757e+00 -1.419472025847824392e+00 4.210675943196187654e-01
1.467638576324785671e+00 8.929326713398950233e+00 2.403664951541477190e+00 2.994304216404421459e-01
1.466882012096759391e+00 4.685697603568437231e+00 -3.541085100976824607e-01 3.124960014331435998e-01
1.043568214073379519e+00 2.829054002615461805e+00 -1.539335191132987335e+00 2.258720228913462802e-01
1.513167536443499994e+00 5.747898029767039674e+00 -2.105582811937101173e-02 1.719098174278324564e-01
3.133695991470403008e+00 3.000049636100388550e+00 4.284089566537825355e-01 1.385902828700692480e-01
2.360512373533552921e+00 2.650900720573021285e+00 -3.362326792582372992e-01 2.648095639120044420e-01
2.199415620735122090e+00 6.854259919526084488e+00 1.496424702200228829e+00 2.883902405108511591e-01
1.567392487922704358e+00 5.174967961153424945e+00 1.042714297953933444e+00 2.199416080402722129e-01
1.104910966044018616e+00 4.769258175091164453e+00 -1.000477428647923439e+00 2.039747331254680440e-01
1.716510563117091159e+00 3.290009098146201350e+00 -1.567470167685625748e+00 2.343732827350894776e-01
1.496536314634838716e+00 7.170830483140742118e+00 -5.430644273549819490e-01 1.552486016190255669e-01
1.907068218616659427e+00 6.017654166905194835e+00 4.964322904759692068e-01 1.788859570591767589e-01
3.291833558189208198e+00 4.217475076368007336e+00 2.705405770619279338e+00 7.204836460636963869e-02
1.040075410323436422e+00 8.603333048346035739e+00 -1.056149124052084831e+00 1.721416396551675165e-01
3.398149990589242719e+00 2.689050829964881650e+00 3.258684213227126314e+00 1.177481587564386534e-01
1.165895327408889237e+00 7.421853736310225713e+00 -6.143135871442171325e-01 2.120907779256410997e-01
2.810827153814249524e+00 4.972091111912760653e+00 1.672795073026351886e+00 2.661109943653875987e-01
1.221632287803983141e+00 3.569878131822307843e+00 -1.651045005981978786e+00 3.366756773731091057e-01
2.961515900839772897e+00 6.558003903971371784e+00 3.461779132541268345e-01 7.582168777466948006e-02
2.508084522708007746e+00 7.076624768917783470e+00 1.719937270788731265e+00 5.453923018794826910e-02
1.350549392723980002e+00 5.627356084715293250e+00 -1.464134879653210985e+00 1.932730256572874894e-01
1.945769106667670556e+00 6.837195576501367889e+00 -2.304374512105376027e-01 2.438113087562657488e-01
2.240935514206883639e+00 4.381882024836184719e+00 1.309971332049525650e+00 1.657933253133102580e-01
1.023451664472991629e+00 3.279547738300545578e+00 7.296373307376446959e-01 1.196747980132497335e-01
2.175812830910889062e+00 4.510647159400889450e+00 4.219054732821415632e-01 1.383958437142528974e-01
2.754349924659241999e+00 1.358442292310475175e+01 1.853922541807949464e+00 1.720664174903256682e-01
2.692143439354344192e+00 5.861950411550153284e+00 2.241718195871780228e-01 1.952492038996772872e-01
1.456710412702623136e+00 4.994247494555600575e+00 -2.270236795248843364e-01 2.339674056514521039e-01
1.546003691054335771e+00 3.125913235892818332e+00 3.954769127428656716e-01 4.924246187558444787e-01
2.674854032608883436e+00 7.903378984004426400e+00 1.867135494626698700e+00 4.150139594174986901e-01
1.520167062732894037e+00 4.639374225734615109e+00 -1.633186523338516549e+00 8.563187900985334833e-02
1.875726317376481322e+00 8.945651684460358410e+00 3.699613538964683368e-01 1.096321993306221543e-01
1.759231048914708939e+00 5.511089267800791447e+00 3.213246910655890964e+00 1.378331804138836769e-01
1.269427634932640547e+00 5.232171770896671070e+00 1.832508177537655492e+00 9.859741699124954795e-02
1.844780792187100005e+00 2.748085111150049276e+00 8.323871091462864413e-01 2.294628391886671115e-01
2.440187605097166035e+00 1.049405616931038843e+01 5.110094507971452149e-01 1.731445648853555397e-01
1.558363554420400199e+00 4.652890454475137716e+00 -7.897563025338464326e-01 1.303222610183247809e-01
1.407515878469005388e+00 5.211358730158861086e+00 2.128713846318206926e+00 2.205893342513078059e-01
1.412457609642792544e+00 5.205193526328515397e+00 -1.201057774328853522e+00 7.129631653893463150e-02
1.694571816332714143e+00 2.896453291087767390e+00 1.506583969101123799e+00 2.038998952649044294e-01
1.520666341769353114e+00 8.554963984592580672e+00 -7.130210340804302716e-01 2.811759304231348233e-01
1.703485870556042503e+00 3.856660877492339434e+00 2.051119753246079203e+00 1.099245965187196916e-01
1.374262968666961182e+00 4.925629298973916548e+00 2.185674972865793153e-01 3.575940705043311185e-01
2.088203396655526678e+00 2.933649931840568659e+00 -5.592875955281456646e-01 1.844196019781381979e-01
1.608328656687669334e+00 6.058537973122484210e+00 3.413023974622746426e-01 3.008178314124307362e-01
1.265228550581109168e+00 4.641389447150271685e+00 6.362713503393915282e-01 1.199396621401769558e-01
1.960072725084774259e+00 9.042369189498284499e+00 2.126722107736284340e+00 1.420512388041934304e-01
2.203536098748784422e+00 4.615342153528990465e+00 -1.405310836846248801e+00 2.574480119202159911e-01
1.169442223232073363e+00 9.446268433398788744e+00 1.027251564727607702e+00 1.109864054307571624e-01
1.639277551964073654e+00 4.730416686230547896e+00 7.120997667226452998e-01 1.988440789385887142e-01
1.383989180458163215e+00 6.590456001390592178e+00 3.408201915070415700e-01 1.647561570963301802e-01
1.742029776745747771e+00 5.331283474352751739e+00 -6.679463826817093608e-01 1.533800429741147275e-01
1.807616443238883486e+00 3.649956993789323700e+00 -7.005322695936819222e-02 1.900120800742996219e-01
2.233469272426120700e+00 5.315422991616028270e+00 2.200980813629818122e+00 2.979538075135325717e-02
1.163157593146742386e+00 5.663838785690978206e+00 1.609903461373013211e+00 2.470088022350200863e-01
1.363496081776467417e+00 7.579555712493989184e+00 -1.005411306978556185e+00 1.319532993280916056e-01
1.586923546249281225e+00 5.774576306124027170e+00 3.102455971709418225e+00 6.460000547524075154e-02
1.529072280428533270e+00 2.731559915839719022e+00 1.772957153863007562e+00 1.844510839962529292e-01
8.986211133287396180e-01 8.162139796453685037e+00 8.028138668562870839e-01 1.714168346035551127e-01
2.838960767248639439e+00 5.934683942962989178e+00 1.296138503138180464e+00 1.112279036746974675e-01
1.734381077799112658e+00 4.934686158906583131e+00 -1.387466827658411006e+00 3.500019879544159496e-01
2.248559786148106365e+00 4.851470557334636169e+00 -5.782089118756825741e-01 1.000248805693110810e-01
8.774522647721427759e-01 3.092816235314429729e+00 -9.542561491042307331e-01 1.088128811257310091e-01
8.887619187039217383e-01 6.974758913132870219e+00 -6.627640773039323863e-01 1.327167667407732343e-01
1.536234281705464388e+00 9.006044032070549932e+00 -7.643907730307196724e-01 2.228677347247037810e-01
2.165850067550739499e+00 4.917732569554379651e+00 2.475030171349281716e-01 1.067518174671100856e-01
2.469955413768356589e+00 4.604138351798822804e+00 -1.042036386266177228e+00 2.128800104973498086e-01
1.843127697476065974e+00 6.338242913359849240e+00 6.356233844865367688e-01 2.424401753342836086e-01
1.473389671408879664e+00 8.400563439574570523e+00 3.433367551172956667e-01 1.874947398987084624e-01
1.507389301217055833e+00 4.862627537953061463e+00 -4.031191645544907054e-02 3.231725895052429132e-01
1.236610603171122591e+00 2.897384684571836733e+00 -1.270627308988460102e-01 1.425172918874314243e-01
1.524823122152076271e+00 5.775342199175533153e+00 2.597637327288532916e+00 1.029384895688929408e-01
9.422662048160894699e-01 9.215711558054989538e+00 -2.059283822501279393e-01 2.077584272445105185e-01
1.029326182191669270e+00 5.053212138261565123e+00 -1.307530996686460334e+00 4.071285191484168564e-01
7.436412311139941611e-01 6.833745057296171765e+00 -3.440090827841782439e-01 2.964542488153914523e-01
2.132223150327400063e+00 3.470051819637296475e+00 1.586800162715889195e+00 4.190630501919645479e-01
1.167238063465070530e+00 5.405896583859911786e+00 -7.336193601580165424e-01 2.808596094492301631e-01
1.965354488702497182e+00 4.414901406176593213e+00 2.969920013404877324e+00 5.608929217093480135e-01
1.116640563288928467e+00 6.709322015220224422e+00 1.860453165261252151e+00 6.079631215340703942e-01
1.409530530397014703e+00 7.670168467254689482e+00 1.405932634828582495e-01 2.311181088562891950e-01
1.978489123849824782e+00 3.308360894697757626e+00 -1.464054147730958544e+00 2.151293462858796801e-01
1.427589566292456258e+00 6.806662519534739886e+00 9.235526481740711224e-01 3.650908239823685841e-01
3.079533740970379796e+00 5.331528488360040896e+00 -2.519936872570678887e-01 2.071216903091435690e-01
3.229696694723928729e+00 7.362523872084082655e+00 3.531836920897478915e+00 1.336385551104464497e-01
2.462446415172624636e+00 8.854139878655496787e+00 3.510630655314601611e+00 9.846133526895629873e-02
1.809504980941671670e+00 6.211164941561253094e+00 -8.125411022055278876e-02 1.479447876147142460e-01
1.925448794416344089e+00 3.495048696178224112e+00 -1.875151910760857632e+00 2.846819335548876340e-01
1.695845245361031761e+00 8.949652432383988554e+00 -7.417491011962646930e-01 1.617820969770729089e-01
3.481721368122026483e+00 4.215047787878042129e+00 2.421862461990440085e+00 1.363140952968543151e-01
1.470871476357653806e+00 4.531274593291787056e+00 -1.273626043418587983e+00 2.715757901986166067e-01
2.001344710980429653e+00 2.940851062834870522e+00 2.709631224090729429e+00 4.023947711710475217e-02
1.911431063777567108e+00 4.029384631908724756e+00 1.859126466916042997e+00 1.431531198415122996e-01
2.923558673284475606e+00 5.764765341176536495e+00 1.532843947507960269e+00 2.465003888563848111e-01
2.262969510232370141e+00 7.965928554586795940e+00 2.179051022195586995e+00 2.674422652852791460e-01
1.235209266690526331e+00 7.925926098231128591e+00 -1.152468727705289409e+00 2.366028577865776916e-01
2.954221193571199500e+00 5.385767540851670532e+00 -1.827736217877281133e+00 1.871650403632937609e-01
2.631592703787455356e+00 8.925149971933178605e+00 9.267359170957696346e-01 7.485998083966975691e-02
1.536107549813969353e+00 4.143266131052561363e+00 2.071102695785585368e+00 2.121717102659047005e-01
1.593240499667464949e+00 6.556532786754880604e+00 1.802023165305165486e+00 1.292094818497249165e-01
1.742883163167458838e+00 4.881387452459277299e+00 2.060626259560129903e-01 1.388575513518834625e-01
2.521169353319324014e+00 3.834639016427845881e+00 2.647899261197277365e-01 1.408009797763274673e-01
1.856075435762414738e+00 6.747557078133503694e+00 -5.414889380269298780e-01 9.023763715262382579e-02
1.745897969729386379e+00 4.648601242841862380e+00 1.252040426908112902e+00 3.117774457193644433e-01
1.368630327889046816e+00 7.622557205814705306e+00 3.055442254110843914e-01 2.710666062924657060e-01
2.177842542964890438e+00 4.657929296107275796e+00 9.997726276599495643e-01 1.222100299151838987e-01
7.300907068514962406e-01 1.133713538103931384e+01 -8.265973711942634639e-01 2.401835046146493513e-01
2.476350105237965504e+00 5.280248701034199854e+00 2.569815116665503663e-01 1.594544188982911503e-01
2.003406896571831464e+00 8.330632734566988162e+00 1.098156704042139165e+00 3.019833909182065290e-01
1.139321904447303302e+00 7.314010998665166241e+00 -3.505862967891448245e-01 2.851901280100032077e-01
1.392110735720478276e+00 7.762278880651402702e+00 -1.442004605703427256e+00 1.469481908616656618e-01
9.169162302692172029e-01 4.096112512856745269e+00 -9.341199742212002999e-01 2.670431481511992833e-01
3.121818270332659573e+00 4.377613858017483039e+00 1.677012561433975479e+00 1.351497887688371813e-01
2.583435540657684548e+00 5.647979019522851196e+00 3.644774929112239992e-01 2.368603472072307037e-01
1.125327181930834142e+00 5.587715333042124755e+00 7.377710117040221505e-01 8.432474643682184856e-02
2.166916654141060494e+00 5.450418109951203682e+00 1.058239695750289977e+00 7.485826147764797212e-02
1.155242081623343964e+00 8.892016575753340035e+00 2.009984537288452167e+00 1.169475021903950696e-01
2.458311018916579105e+00 4.423563228266968572e+00 -1.742307021992904881e+00 3.602129907664183284e-01
2.206280021550053316e+00 6.877204875301705655e+00 2.087699160500953166e+00 1.707816390399389539e-01
1.426889883933089243e+00 8.806820569640478880e+00 1.599913221837742761e+00 2.016386433862599747e-01
1.969836689684198117e+00 3.405245074211634915e+00 3.207709573354340815e+00 2.913289189929815226e-01
1.721397324179179567e+00 5.312365329369484357e+00 2.048995091912248157e+00 1.260847239769790906e-01
1.326012343089985279e+00 7.392428009043403137e+00 -2.945590095500916217e-01 2.808029807972404757e-01
2.022984227396923185e+00 3.751265020458759203e+00 6.349739749886295082e-01 3.367224704848474914e-01
1.147276175744899929e+00 3.527770139006404904e+00 5.124434912807991349e-01 4.281784789575099337e-01
2.789865594792278358e+00 9.353940077356028837e+00 1.562087420176425379e-01 8.254835239883324960e-02
1.324216140937745312e+00 6.058862871815984263e+00 2.425413089304309100e+00 1.787392455598990348e-01
1.484838460113494074e+00 6.457425890801196999e+00 9.341076341860724552e-01 3.525286856683045311e-01
1.158507813619506610e+00 4.214977048395041059e+00 1.099272679074530856e+00 1.692862723561949223e-01
8.558127277890971163e-01 3.153239140724308331e+00 -3.475570967816943302e-01 3.673043477080532027e-01
1.716552929136977435e+00 7.518282071384130738e+00 1.557549764927359304e+00 1.808920537764670544e-01
8.266164858211408895e-01 8.547409761523194760e+00 8.943160045632181365e-01 8.774785896299837351e-02
2.032061691455774532e+00 7.998971729417754695e+00 -1.117542048981309488e+00 1.968896754942958682e-01
1.561565580307164414e+00 3.377073953540104867e+00 1.140362761449028151e+00 9.272956028650983229e-02
1.431070375580889342e+00 5.413323898526312128e+00 1.220497819319168453e-01 3.222479687021624351e-01
1.728643104659039587e+00 6.463864750590164299e+00 2.149250980323143434e+00 2.435620777536375015e-01
2.592333364018407416e+00 5.941145840559906688e+00 1.310807789945949153e+00 4.684699500730081234e-01
1.764860643140713670e+00 9.548952672550354848e+00 5.913955389025320475e-01 2.956491717764808680e-01
1.771491545716782356e+00 4.604796198459072620e+00 -1.351773076824924757e-02 5.536416311483803865e-01
1.045856114630280498e+00 4.671590803795556468e+00 2.330948858304912719e+00 5.477737885800293416e-02
4.014109043254673992e+00 8.594537976010689917e+00 9.268952125314021684e-01 2.207265327970831525e-01
1.936138211048375801e+00 8.394189578016646891e+00 -8.479617198225968266e-01 1.644795401041346250e-01
1.242082757912840174e+00 3.393295302017146131e+00 2.377943876335627538e-01 3.594772203352673001e-01
6.199588597445829796e-01 7.389370511028178434e+00 8.219269936643284202e-01 2.008329920774863941e-01
1.914692275330322824e+00 4.846958742831941613e+00 7.612092852435963231e-01 3.560889536343893602e-01
1.964771310974740892e+00 6.755376601440817197e+00 -7.000624645921451616e-01 6.950436864544255744e-02
2.040816110532646555e+00 2.965732398800125846e+00 1.056541051623884231e+00 3.718539776534287578e-01
3.354587346227832168e+00 3.577523358716586888e+00 -1.467887297213578357e+00 2.543055636432103306e-01
1.473230991720986260e+00 6.736536061634142314e+00 -9.142071326909050333e-01 1.604193171867127621e-01
2.074668810939699792e+00 2.836206290945008757e+00 -1.089681641991856020e+00 1.332363868847356581e-01
8.252695742097149179e-01 6.800703221382295993e+00 -1.307385197592325632e-02 1.477426749976255560e-01
1.892887833947561882e+00 4.527812962767298721e+00 -9.978411566139887556e-01 1.715463148034376828e-01
1.258720943223925470e+00 5.612242434105310096e+00 1.653049917597939844e+00 1.027346177251018122e-01
1.004234087389799024e+00 4.847701690185218126e+00 -4.375316289531199221e-01 1.427933713046983244e-01
3.025693223728104009e+00 5.069749314232940840e+00 1.059986413132052441e+00 4.487975983311607436e-02
2.001733863303501337e+00 7.801737725277276603e+00 1.351000213835260366e+00 6.009148477236686547e-02
1.048226868676410461e+00 7.128964989676482844e+00 3.409442812716553250e-01 3.486749596641429694e-01
2.683002388765781010e+00 6.539858453954408901e+00 3.439871821486907510e+00 1.965168604264351526e-01
1.922954644971266225e+00 1.182864049981585808e+01 -1.181812991116487632e+00 8.270174195235270587e-02
4.004257542401338021e+00 3.798044880620387254e+00 2.210625412098590203e+00 4.229570005168087898e-01
2.929032135264603820e+00 6.474673648689313943e+00 1.105247122900671286e+00 3.652991806174080702e-01
2.103056962600421631e+00 8.479929393367473978e+00 -9.509025823931505084e-01 3.462003662418211003e-01
1.441438153053492988e+00 5.444945657444545617e+00 1.258943935705969741e+00 1.876882337061211714e-01
2.104419087138400091e+00 7.272114749709548853e+00 -6.210236456640880753e-01 4.119563660122904092e-01
2.089777228134653164e+00 6.737550608379824446e+00 4.999927199056803939e-01 7.198336673808521102e-02
1.087519284596957680e+00 3.587548281221427438e+00 -4.702959322658113450e-01 1.035118129453347913e-01
1.222000871479548723e+00 1.330435743648232716e+01 -7.992589106168983548e-01 1.497323146882314493e-01
1.758537917113992766e+00 7.582166291918870371e+00 4.819280386142170136e-01 3.042824701410477006e-01
1.867214444324299505e+00 4.493417007994657375e+00 1.252380759627155449e+00 1.295072231808079843e-01
1.681496855816260183e+00 5.984272105748301485e+00 8.803178868559921044e-01 1.536194414240701356e-01
1.450815952949179088e+00 4.126311180485868313e+00 2.464697537495894153e+00 3.403480827973820455e-01
1.414387242417311841e+00 5.279907410115809441e+00 -1.450844873228490206e+00 2.464728233991168027e-01
9.213131603733463182e-01 5.294565215568513672e+00 2.640202533979125743e-01 2.492570360952972852e-01
2.571892305362217801e+00 9.488023957995119773e+00 2.033162181634002419e+00 2.853787740069915757e-01
2.396145016754333668e+00 6.904128898049342489e+00 -1.783477980225871340e+00 1.575224438324905885e-01
1.916049683156287209e+00 4.197415884492052385e+00 2.451889262189773433e+00 3.091146359363626250e-01
1.239645808624525447e+00 8.183554809567322508e+00 -7.565066752175967357e-01 1.505951188431578491e-01
1.315058574616632558e+00 6.279312906339186817e+00 1.562753140327405532e+00 1.320834280090513457e-01
1.618881938979594093e+00 6.665083097599452167e+00 2.878843585647290482e-01 2.848277521564684944e-01
1.721735885917817566e+00 6.530100915432011099e+00 2.776270245984265195e+00 1.307762322394063759e-01
8.489235249425212126e-01 3.170651128436813515e+00 2.569860743377747614e-01 3.003536164499166494e-01
1.976270050039735882e+00 4.798845781640835639e+00 1.610401990293947705e+00 3.276469616090775805e-01
1.626693732621640409e+00 3.727992295372475784e+00 -3.308855395791117093e-01 5.651134845638123849e-01
2.290253427062487912e+00 5.165913031891351537e+00 1.680842447404137241e+00 8.041485212165309926e-02
2.755707924052415159e+00 1.066651152837538952e+01 -1.463538446726375009e+00 2.103000571152255360e-02
1.917902468854900233e+00 7.193033061048146770e+00 2.538693557368769116e-01 1.655668653988899008e-01
1.596937082201249858e+00 6.947014860087007193e+00 2.182806142291489060e+00 1.059180688513127605e-01
2.198500064166713841e+00 5.192482049328202010e+00 -2.005892985394137629e-01 2.758558985766842997e-01
1.439923367489005734e+00 5.653610617652553572e+00 -5.255160519083560411e-01 1.195277426306202845e-01
1.560843606643341985e+00 4.551782028192945972e+00 1.845072326079326697e+00 1.527571231089958348e-01
1.748802351886131756e+00 2.445574381091246252e+00 1.743207965280649141e+00 7.886724584319836084e-02
1.721480687115675146e+00 4.073710273826433692e+00 1.779670313543319393e+00 1.454376859121956911e-01
2.241617335131599553e+00 8.221211947934691011e+00 -8.928522222088478011e-02 1.070253207398174644e-01
2.059804212386402877e+00 6.166671405380022009e+00 1.548581094601828578e+00 9.635916614508326095e-02
2.256608109409071528e+00 6.146507650814612589e+00 -1.068656398830092780e+00 1.574437372313080563e-01
1.635503288032462477e+00 4.327837067120911207e+00 2.422438025464324962e+00 4.814595797215927286e-02
2.248953458855428966e+00 5.196999140614394719e+00 -8.191073150005168113e-02 3.195152659589606259e-01
1.164395630648020985e+00 4.663491808027360186e+00 4.803995268888905379e-02 3.706383961443339703e-01
1.407660061521584627e+00 3.614888780816199354e+00 -1.352088783181118803e+00 1.779707726758918973e-01
1.579551844689990769e+00 4.438318212129652274e+00 -4.732616135407945457e-01 2.259767930342792552e-01
1.617606882657618428e+00 7.045128530137295897e+00 6.439468164886603674e-01 5.735136378952887526e-01
1.122037411369494642e+00 7.200612676353312480e+00 7.353757159872205129e-01 2.084370980346638147e-01
1.660111450308479730e+00 1.093212676742137113e+01 -1.039585070170495396e+00 7.000913688433735294e-02
1.437459358574994850e+00 5.107022739034276171e+00 1.175512341051486942e+00 1.619603277364808080e-01
2.921084763648265525e+00 7.563526846892579591e+00 -1.282074900674187390e+00 2.808639022189945988e-01
1.907032737667470057e+00 4.530137121583043047e+00 9.509980208862883755e-01 1.093488553466298169e-01
1.577209989305885296e+00 3.449620730320814399e+00 2.177253564973391509e-01 2.213761508655310850e-01
1.778282453307861610e+00 6.798739236530837893e+00 2.079374867179168973e-01 1.395180835057209801e-01
8.969704867966585837e-01 4.010919302481470439e+00 -9.607336492276437045e-01 6.928460755978710361e-02
1.026410517955556045e+00 1.100904220121413424e+01 -1.218530602463133494e+00 3.734212934676667817e-01
2.060163632928339261e+00 4.582380895014037669e+00 -5.531292383217124575e-01 1.232767654468897994e-01
1.400444099880169935e+00 5.196270753050040270e+00 5.019179787054236508e-01 1.603563552559135463e-01
2.028480454556258028e+00 1.283046023962540616e+01 2.582717670279668809e+00 2.986024678490480366e-01
9.137156514881648040e-01 4.864981721359701972e+00 -1.457516103002144181e+00 5.674972707952982698e-02
1.196113536325242199e+00 5.664117234530307243e+00 2.236506267748163967e-01 9.627469572829119859e-02
1.583152477714008244e+00 4.030408090861762105e+00 1.791331547102401167e+00 6.903581849097815970e-02
1.919355821002076912e+00 5.269351593055614735e+00 -7.097639722927299166e-01 3.060795875820899736e-01
2.116607104544675710e+00 6.215717109792236350e+00 1.015887045623771190e+00 2.205685314962637922e-01
2.801600583963941293e+00 4.449868054918261429e+00 -1.464360320740322408e+00 1.443550300669506070e-01
3.680294825230790323e+00 4.124756572065867211e+00 6.894735493158976603e-01 1.550588861435903409e-01
1.332437411859984433e+00 4.365856800802749405e+00 1.351893849448705387e-01 1.733731185659149188e-01
2.243805014865744241e+00 5.728254252780933697e+00 3.322008432514679255e-01 1.388884236791674553e-01
2.196039599090751526e+00 5.378795542356670900e+00 1.613604134984491401e+00 3.084328114262019360e-01
2.271651093539773125e+00 6.820739587818082761e+00 1.423600559664162990e+00 1.333929186655250509e-01
1.162773259988302277e+00 3.080280151743462813e+00 -1.681818450354703565e+00 3.391673226367483696e-02
1.021892456469657207e+00 4.775286093170416635e+00 2.503598077957333023e-01 1.690895220903684271e-01
1.427424394527312401e+00 4.997790272981188053e+00 1.857903564643991423e+00 1.879059957095875477e-01
2.024861913033282335e+00 3.698817761618789834e+00 2.501558545072406936e+00 8.070813426822621983e-02
2.909381923817452531e+00 6.572544110418563790e+00 -1.276311102636265460e+00 7.650239509327906584e-02
1.446469626032003575e+00 2.991967433772567908e+00 1.141708946870719998e+00 7.656195417745671750e-02
1.223485287703200086e+00 6.174377648881921310e+00 -1.383468494492826828e+00 1.735478794430700411e-01
1.508179937062816833e+00 5.814299328090569041e+00 -1.060947943562909002e+00 1.065767252420153355e-01
1.268359969421630984e+00 1.301374325824054701e+01 1.599154802658847574e-02 3.320409364251170614e-01
1.176955906625096304e+00 6.962428674964844078e+00 1.936976733525386241e-01 3.216231652587155376e-01
1.888365248083516024e+00 2.428968624599073145e+00 1.208905746965594386e+00 1.967467520450177365e-01
1.074704037355452169e+00 5.755142223362910592e+00 -5.483064273986406612e-01 9.247719658196229542e-02
1.860165104704482264e+00 6.737531754790149208e+00 -1.328675062167330889e+00 2.887038057320437945e-01
2.420536611227110946e+00 5.331166172310169316e+00 -5.825000408280229802e-01 2.792447374932517934e-01
6.576699041258101675e-01 6.106182704633172698e+00 -9.362422468607531911e-01 4.871179226159694786e-01
1.560171131919843246e+00 3.737422428436344202e+00 2.956815432535437882e+00 7.915650727697065570e-02
3.766284692925162769e+00 5.821232092700548755e+00 2.697139279869760209e-01 6.358778446872483114e-02
2.578012977126846295e+00 6.971302795824835030e+00 4.496182821120258688e-01 6.937528521460990805e-02
1.159001521331756157e+00 8.496184955476829614e+00 1.311812810293571108e+00 1.173074044531446924e-01
8.533648327313553272e-01 7.988554976761379045e+00 -1.668594931446339746e+00 5.031768748010817527e-02
2.823821667611457364e+00 1.088188131588032981e+01 1.821714639129422775e+00 1.547245417277263724e-01
2.399602176060473102e+00 3.508788229284840021e+00 -1.747842982741478091e+00 1.053288084990266632e-01
2.565076097321507653e+00 4.854464458184331477e+00 -3.882537879247002222e-01 2.100557072752140542e-01
1.911572968541134232e+00 5.551456526286061788e+00 8.631861921042194297e-01 3.560050437344651486e-02
1.449990575925638847e+00 6.672169434219998863e+00 -3.430163357893862841e-01 1.259965953265225203e-01
1.994245996725430015e+00 5.108113732933817985e+00 -9.882950821319647083e-01 2.312848343477024171e-01
1.791717409294881103e+00 8.208917458015903890e+00 6.252250314569183232e-01 2.364532773536670018e-01
2.406380178840660022e+00 1.145562503775765606e+01 -7.197493665348560221e-03 5.706490472132251524e-02
1.545320343466237034e+00 6.859204043811672591e+00 2.202014169648614406e+00 7.216688237206640710e-02
2.357870603853245761e+00 5.419157514486387939e+00 1.436826381812773779e+00 2.633479806235292653e-01
3.835190022288769818e+00 5.617690536173597593e+00 -2.315817577885317946e-02 3.916171665227377585e-01
1.356904853264530919e+00 4.316922130443753503e+00 -1.092376273683387744e+00 1.129626513772970520e-01
1.366607496701137903e+00 6.877874921604338887e+00 2.654982558644814472e-01 6.228831848941608629e-02
2.468415690342997681e+00 4.979361969114464159e+00 -9.854953486165651810e-01 1.257864823055097614e-01
1.972548096059294043e+00 7.288564947865099342e+00 1.662047033394916884e+00 2.100944746208594505e-01
1.767954779455380709e+00 5.326786623545051391e+00 2.807884690810715789e+00 1.229810312018012330e-01
1.214805689733184924e+00 1.115294594189605348e+01 -7.839386150808417275e-01 1.944747805674427732e-01
1.794223754488086797e+00 7.741883025194564283e+00 -9.060136499890403261e-03 1.767428004987249002e-01
1.729917290852888367e+00 1.235790214102238238e+01 1.503968176576258697e+00 1.432747413226309607e-01
2.186084375541605063e+00 6.915681618271067421e+00 -9.755419421763118493e-01 9.971643609765067084e-02
2.132599362785594366e+00 6.089203694518412924e+00 1.216165643156421172e+00 1.310028544962050234e-01
1.730534193502461848e+00 5.982006424823040902e+00 -1.255636302721796271e+00 2.170573737142153514e-01
1.162023549538421463e+00 3.763308047598940220e+00 -6.185533970942580506e-01 1.401052117131323660e-01
1.274120457835996811e+00 5.152836169724679394e+00 5.519105251161523507e-01 2.572615904309524248e-01
2.981054792003699383e+00 7.388625243237080475e+00 -1.116326828586725162e+00 2.061405400284151701e-01
2.018200437512408296e+00 2.646075749883719741e+00 -5.949419692764892353e-01 1.574291034503967623e-01
2.100930645850105360e+00 3.570733795569618785e+00 1.267940882684046366e+00 5.274524835795708633e-01
1.043411087137619875e+00 5.406488735008029067e+00 1.304972693930743777e+00 2.938582850327791096e-01
9.442249424099868893e-01 5.281161002063001320e+00 -1.099990903057916469e+00 3.969203382264279711e-01
2.058687240029679622e+00 7.344536843803375348e+00 2.701119445529864826e+00 1.954571535403444860e-01
8.601577893669658526e-01 9.877296306180166852e+00 -4.649497191758207304e-01 1.130728545759134007e-01
2.351229546188286168e+00 6.859716575460367949e+00 1.734243616789425957e+00 1.512507002319437577e-01
9.921895580918511648e-01 4.314292078813361186e+00 3.830383363117804141e-01 4.091824391660734417e-01
2.380612690739657200e+00 1.317922697257112752e+01 3.644352051059787545e+00 7.060407959885151019e-02
1.043966472682931412e+00 5.784339438658122390e+00 6.861165906692061611e-01 2.587072881963163873e-01
2.148783483467943345e+00 5.314457026205020362e+00 2.271175996246919127e+00 7.354841684605276098e-02
8.907745355598153392e-01 6.326647248054195316e+00 -7.428434536342861660e-01 4.231918646462203282e-01
1.226069898493524546e+00 5.794470550740917325e+00 7.441084239468860329e-01 2.357259204640860251e-01
2.140444454271670960e+00 3.501412739654115924e+00 1.703468033248268565e+00 2.939581694453902716e-01
2.234739273902345502e+00 5.290850386479137413e+00 3.318602716142565967e+00 1.069395253473261753e-01
1.345665583357928519e+00 4.715991944545770309e+00 2.008190052411539472e+00 2.746926666423018526e-01
1.120377842387294098e+00 4.182334995305835079e+00 -1.282785872802039817e+00 1.820295555074896154e-01
1.838442405276224934e+00 6.664909845602834615e+00 1.024085355396242569e+00 2.457790148021083421e-01
1.119757009372797985e+00 3.713000416179380370e+00 -2.864134020024341476e-01 1.174928984341759713e-01
1.328436599576058752e+00 3.947723267593465035e+00 -6.563530370032195638e-01 2.197055820838466067e-01
1.063690348046438139e+00 1.157888762794690685e+01 8.748039975800611656e-02 2.024235905417532122e-01
4.906792942901182508e-01 6.863665151925699703e+00 -1.342665909335627017e+00 3.643788425070942361e-01
2.208194546390658708e+00 4.080875162525876121e+00 -1.124740080403236364e+00 3.790694226863303706e-01
2.378597245386488090e+00 4.733246044941973096e+00 2.077547892130078733e+00 7.348654754554230506e-02
2.877375650432184795e+00 4.559946292190299566e+00 2.104217781531819487e+00 8.499196448756377031e-02
2.392166260019699120e+00 5.776325304426240592e+00 -1.729694447063806928e+00 1.470540320274706381e-01
1.637390254922267641e+00 2.834067827152363606e+00 -7.970142781444791158e-01 2.408622792812957214e-01
5.742667223598855175e-01 3.236495033515137454e+00 -1.448392737499561989e+00 6.774979216493949574e-02
1.542997768654271074e+00 8.896874320271560777e+00 -4.929775768436840400e-01 1.323105952091375159e-01
8.724790825633763625e-01 5.676736115446652242e+00 -5.530574519876828576e-01 1.519602191550453174e-01
1.988572379027432557e+00 8.639218604922602296e+00 1.052866432463207769e+00 1.259639806785083083e-01
1.714167875629318605e+00 4.578588369449654749e+00 4.285989628922772798e-01 1.193649724405984602e-01
2.365578157580940477e+00 6.526519635098894767e+00 -7.489113631861515907e-01 5.218055946956863256e-01
1.372159438026909983e+00 7.265259000306681259e+00 -2.644365198259596150e-01 1.822195205381532401e-01
1.037411522498089766e+00 7.158063573772507127e+00 1.133763599759010088e-01 1.699029444744598882e-01
2.738756328998949385e+00 7.697285231406621797e+00 3.041488708738183444e+00 1.456921273188568344e-01
1.908982328682995222e+00 5.347810843989069696e+00 4.491744784364186394e-02 1.819883237844805157e-01
1.509459332978241752e+00 6.492384549775890967e+00 6.213885430969749990e-01 4.180014206068258242e-01
1.162465368562839885e+00 6.951357290381005249e+00 1.668537655701927136e+00 5.127412609120139964e-01
2.166255237955086788e+00 9.984926032208713664e+00 -6.257572679785736169e-02 2.097260705199413822e-01
1.228796396682231729e+00 3.995567300973569935e+00 1.422078436055320694e-01 1.280239420492471358e-01
1.033988863788549040e+00 3.374044754306559035e+00 -2.655669221986978190e-01 3.291116703561530188e-01
2.573988010822346517e+00 5.212368383261850369e+00 -3.267387580349440102e-01 2.299813070770619361e-01
1.790889640932865623e+00 8.276610624268036176e+00 9.180214609172677731e-01 1.870912007892174822e-01
2.202950585392318139e+00 8.438470005745440261e+00 2.589854820852321993e+00 2.294523112642102847e-01
3.113449223802053023e+00 6.022006584273541741e+00 6.452975103945037816e-01 2.365635902769104293e-01
1.963122432635050041e+00 4.364658552735752650e+00 7.304204484242500239e-01 2.132717777019639549e-01
1.366901581390602916e+00 5.854986300383277609e+00 -2.743837680483269814e-01 1.266653432995516193e-01
2.006963090949906992e+00 6.336142990445462253e+00 -4.115547706750817269e-01 2.215065691611591836e-01
1.444882512580192069e+00 7.233241806467273882e+00 4.791632317314441503e-01 1.618228168210427698e-01
1.138270365423052155e+00 3.808407653124522785e+00 -1.322385279994689355e+00 3.162595071023983628e-01
1.497319558636338144e+00 5.054561116815859734e+00 1.916339125272280342e+00 1.685597681794113456e-01
1.540760584148678891e+00 4.564177713426316174e+00 -1.599914538932645902e+00 1.982649403163892765e-01
2.775955348028765535e+00 6.762072772690138400e+00 -1.023276032720735085e+00 1.525928122149313448e-01
2.174212562570117413e+00 5.031459273547200794e+00 -1.819458380080226867e+00 6.924758760995924911e-02
1.421649216425381113e+00 3.971237801645820298e+00 -1.248572754985375788e+00 2.307580370469687336e-01
1.685355110252278577e+00 3.976015269368651239e+00 -1.402134567137014454e+00 1.148662761583861547e-01
3.548936655260367612e+00 7.683508016526372053e+00 -1.854809657799705302e+00 1.617956944605940806e-01
7.326834313780051788e-01 4.434365478372717106e+00 -9.896881872029515970e-01 1.736376761294405047e-01
6.836355769383221093e-01 5.200866322003102837e+00 -8.596067927423838295e-01 6.550511286928802912e-01
9.903903327838153858e-01 8.316163281855764922e+00 3.916471010722936685e-01 7.160168179315594406e-02
9.955657536733323321e-01 1.203789951955219095e+01 -1.874180116526313000e+00 6.813205418160757365e-02
1.902259489051401964e+00 7.063690054150384867e+00 -1.199654361910569844e-01 1.578686832826351749e-01
2.262449183743663106e+00 7.858907504206328554e+00 3.408294902057126929e+00 2.755692636619761493e-01
1.495963385284202030e+00 4.782720141843462613e+00 3.219981823128631460e-01 3.341334445581818358e-01
2.356591235087793113e+00 4.404983536932546073e+00 2.904140480312326744e+00 3.985344156044410835e-01
1.310779509678318133e+00 5.117214859094812773e+00 -7.440050369885981008e-01 6.215504003883297324e-02
2.588061585563282474e+00 3.696117366600192966e+00 -1.795984037483369988e+00 2.624243545389323140e-01
3.325032244253603775e+00 4.285118022002601279e+00 1.685642692845478852e+00 5.253533670888577145e-01
1.104458151596040771e+00 5.453375337241600285e+00 2.131189913377621536e+00 2.033852235702228728e-01
2.854022537501605949e+00 4.485041741421683881e+00 1.796216963050310200e+00 1.091835346041834381e-01
1.504709761654563271e+00 3.203883675146071308e+00 -1.057103947122723264e+00 1.061492054970042814e-01
1.446285153800147771e+00 4.349265966709529252e+00 -1.270301107105402227e+00 1.532174624891448622e-01
1.873285693923369521e+00 9.058062888260346668e+00 1.934506137840356743e+00 1.058518150289888826e-01
1.417279551106290114e+00 8.769740240264230380e+00 -1.681795516984744721e+00 2.077033369754592296e-01
1.481001616087646688e+00 3.671242012404766442e+00 -3.517557450542061481e-01 3.300651023621550273e-01
1.701654793345092953e+00 7.450873198868235292e+00 2.355650791114622944e+00 3.787155094738814398e-01
1.117552915232725930e+00 8.836381895243512474e+00 -1.292880547049847229e-01 2.335273244043964691e-01
1.620064483388300891e+00 4.698035674006365348e+00 -1.349848490438603665e+00 1.171850368137327680e-01
2.486586394361855135e+00 3.774844277125970926e+00 1.359816754528981431e+00 2.494484131223474177e-01
1.301518549210972875e+00 6.137332122323570616e+00 -1.450648604280416309e+00 2.315940842736189387e-01
1.727740803961298921e+00 5.269565232700621493e+00 1.235967701579452793e+00 2.015122281529441728e-01
3.673873287712492886e+00 6.480278910463280084e+00 6.087709029360006685e-01 1.718385023027745040e-01
2.523538832382643537e+00 3.620783030471243613e+00 2.321319942869103148e+00 4.871578819023729134e-01
2.406549940090859430e+00 8.299263954768093754e+00 3.876979724898332869e+00 1.419283190242488779e-01
1.099590465166068176e+00 2.766227742422776803e+00 -9.131874499586892791e-01 3.246125456124122066e-01
1.304860549304502015e+00 7.502178958734972980e+00 2.298882268454690569e-01 9.826304973145388866e-02
2.914743060622135395e+00 5.293578720190377673e+00 -5.120084596348117856e-01 1.381639705756269876e-01
1.970450989995050417e+00 8.700527279725582375e+00 -1.481498894838756630e+00 1.077834525720679643e-01
2.456502074012914427e+00 5.587061696606365757e+00 3.424021477442995121e+00 3.760327734778255993e-01
1.505472705333815941e+00 3.738679749245817696e+00 4.894193170474994137e-01 2.315170891111666407e-01
1.813365717479608952e+00 5.125428086126749605e+00 -9.159792558722057443e-01 2.162628761695793989e-01
1.018996205050677784e+00 5.122692286906223025e+00 -1.707754779059454942e-01 3.630881431159080908e-01
1.342903545395729203e+00 3.291817029227232183e+00 7.961863140485723189e-01 5.788350506245418248e-02
1.023473330049739616e+00 4.661754216376345461e+00 -9.987548467012062892e-01 1.879900679832276211e-01
3.760563040144287772e+00 2.324130040844736733e+00 -1.936021738622583532e+00 2.392572094303182517e-01
9.108165331442388268e-01 4.810884380559991236e+00 8.043888503852618665e-01 2.997562401057958237e-01
7.047362819803474343e-01 8.744669649181172844e+00 -1.020296846046997441e+00 1.556130846567411186e-01
1.310757118285208911e+00 9.485960173199796230e+00 8.246045343983090525e-01 1.801740214906247251e-01
1.749864157099020101e+00 4.397911987634799402e+00 2.498033250763268542e-01 3.229611974932503626e-01
1.703001481003430406e+00 3.913798787970648618e+00 1.221278191285744219e+00 5.232613166582548297e-02
