# 500 (alpha,mu) samples from hierarchical MCMC for Mexiletine + Nav1.5-late
1.531265914704204700e+00 5.010606726050956361e+00
1.326665398487631986e+00 5.198291832712051530e+00
1.667500126149402906e+00 5.099583304096156233e+00
1.146931528571549119e+00 5.076383491823059479e+00
1.763876587505432747e+00 5.193427258506728705e+00
1.289519523870323869e+00 5.061293687888008819e+00
1.604072546749119699e+00 5.037076129672893643e+00
1.136779878908476871e+00 5.102468506253904579e+00
1.496427164226802997e+00 5.184605696889836857e+00
1.320712572426401277e+00 4.934759111307269741e+00
1.516285436428919331e+00 5.007929101166395114e+00
1.604950536446014153e+00 4.900378087451396247e+00
2.298085797729952695e+00 5.004241556079304765e+00
1.735343507468960489e+00 5.046142768910615750e+00
1.097713268412476406e+00 5.092952911431964047e+00
1.670146458221799746e+00 5.125921543701683625e+00
1.791546722868960329e+00 5.048075037528185760e+00
1.315791417224216664e+00 4.969815080554925046e+00
1.420281375291817749e+00 5.041047738183146443e+00
1.279344853343436617e+00 5.141117635271051256e+00
1.313863512726483052e+00 5.076529083258588315e+00
1.846421074227338810e+00 5.211010400138006204e+00
1.379047870053792257e+00 5.091904852029567330e+00
1.239751553409846219e+00 4.932510727812791096e+00
1.424023069081979731e+00 5.128509175706023271e+00
1.410200322607070067e+00 4.886227740069877257e+00
1.374663333077622340e+00 5.087892647933948354e+00
1.223388731517837336e+00 4.969156990294349541e+00
8.395522233384986599e-01 5.128130676233146445e+00
1.314965281524483665e+00 5.033461363106826347e+00
1.365525836525685710e+00 5.152543859521115266e+00
1.511653177345989363e+00 4.904836925971548744e+00
1.293139445710614899e+00 4.946197568796364408e+00
1.611129615272737237e+00 5.018329874444646066e+00
1.560973504269957735e+00 5.053955176194259380e+00
1.672182494412904896e+00 5.062028456550294209e+00
1.196841350384670211e+00 4.514102297884532433e+00
1.258849317245615440e+00 4.914744982309891874e+00
1.598614247410289790e+00 5.401946266768089089e+00
1.287158805833824804e+00 4.913392290979261112e+00
1.198422138900663736e+00 4.940902161550453364e+00
1.601518453587212232e+00 5.145213049575384723e+00
1.163677261091933701e+00 4.986319475460598838e+00
1.357322837469891796e+00 5.062681265931765928e+00
9.270995357453104546e-01 5.025806310433385882e+00
1.615264233018194773e+00 5.179629233011920242e+00
1.140993260786764996e+00 4.758335983728612106e+00
1.443667347690831271e+00 5.040384087813857050e+00
1.474572859637024891e+00 5.081647048615412388e+00
1.586878627903307803e+00 5.078768151654366569e+00
2.012557773138023975e+00 4.990209657688471800e+00
1.808407285378568652e+00 4.955361816544683329e+00
1.035321043530489149e+00 4.969137115119391268e+00
9.500366785533382874e-01 4.973107726062549361e+00
9.774552890864769417e-01 5.007766229932888002e+00
8.351225205581280786e-01 4.815409252167097698e+00
9.665542837089631245e-01 4.974639960694528185e+00
1.499710015859660350e+00 4.951796454839906048e+00
1.799923584401873944e+00 5.003567946023194324e+00
1.467186962949342588e+00 5.131515244995254577e+00
1.419839383513862741e+00 4.950221634974174556e+00
1.306862172306916925e+00 5.177451705307527519e+00
1.108122082346753468e+00 4.992831318281990782e+00
1.932028040005306257e+00 4.949035830184935314e+00
1.125709928531027026e+00 4.989637577833867965e+00
1.058905546780765983e+00 5.200004204995697599e+00
1.420838554041335300e+00 4.972896393129829562e+00
1.349392323989135445e+00 5.174523249925910839e+00
9.256057714638394884e-01 4.760552624311305436e+00
1.319069529019619935e+00 4.857861910690747465e+00
1.531935742707918546e+00 5.015669618544146502e+00
1.637241931107723536e+00 5.068656866783538106e+00
1.264277691266876724e+00 4.875591705261531850e+00
2.255664992536707825e+00 5.054386590812889324e+00
1.199853482633161272e+00 5.024718834995530514e+00
1.534402726051942167e+00 5.067057383681131455e+00
1.202726860179955004e+00 4.971113294603217270e+00
1.080975967269459881e+00 4.909950866566473948e+00
1.366479377844177501e+00 5.155591613320376965e+00
1.366537802004689439e+00 5.031610240494767794e+00
1.474197325215291565e+00 4.842669250225321242e+00
1.441630957192987728e+00 4.929092922359586737e+00
1.220797823666140314e+00 4.955188870417765123e+00
1.936225595502320873e+00 5.137510423017395134e+00
1.430778483671474088e+00 5.009386984753274596e+00
1.820035095405397430e+00 5.105092999029367640e+00
1.522730702387742552e+00 5.108132749930777372e+00
1.511050985489097886e+00 4.938043105890884021e+00
1.586987799905845264e+00 5.319717131342047267e+00
1.166527725475632327e+00 5.008077335577561406e+00
1.415682835040558807e+00 5.087279213132850586e+00
1.521939524515400377e+00 4.971525780446763854e+00
1.415735625869112502e+00 4.916293853957346194e+00
1.547628652204241506e+00 4.921358195387899315e+00
2.061714922048697218e+00 4.932762774688982610e+00
1.715045164400502031e+00 5.000688878157137474e+00
1.940835520541370318e+00 5.112529496198785495e+00
1.173341904365758026e+00 4.734556550077768655e+00
1.408157198491904127e+00 4.944348474427430418e+00
1.255296873674775604e+00 5.008327022768069625e+00
1.130380537358012472e+00 4.930286249631767426e+00
9.710760068662329658e-01 4.892770642335187326e+00
1.562445633198891848e+00 5.050550391787851368e+00
1.079601997903353316e+00 4.676254804426376310e+00
9.613320876892906819e-01 5.106277448730547341e+00
1.418267815965433831e+00 5.053888860283403339e+00
1.338441089666677186e+00 4.917989725303923976e+00
1.440713347933729738e+00 5.147873129157422234e+00
1.283047653350434691e+00 5.238348082704789910e+00
1.799804044168419104e+00 5.082469474419408328e+00
1.364645867752016795e+00 4.946670096418936957e+00
1.521738812322090073e+00 4.461268095398578382e+00
1.080741796905000829e+00 4.893399420433490299e+00
1.473427688704264105e+00 5.197098677741942119e+00
1.117569974003419508e+00 5.048276858162482839e+00
1.294728666958683494e+00 4.976609766784575228e+00
1.914988774494156720e+00 5.120422932336192723e+00
1.464872792851722449e+00 5.058707726525985215e+00
1.536223148665303961e+00 5.038912277273840168e+00
1.406713590059280428e+00 5.050659971974687856e+00
1.542183893355131286e+00 5.045520194444340412e+00
2.034282142604304955e+00 5.037338356415632212e+00
1.563018826902488057e+00 4.954692426867222110e+00
1.252747333331005741e+00 5.035909406405246536e+00
1.312792419604708938e+00 5.158241820622414764e+00
1.601782393576906438e+00 5.004769392502688596e+00
2.042354927522589847e+00 5.189754590666014522e+00
1.313855666188734395e+00 5.091278724816931778e+00
1.683521072031898491e+00 4.978479310613041164e+00
1.507398260108399723e+00 4.849202227823544931e+00
1.447861006861121957e+00 5.073205219008779743e+00
1.245076390174530312e+00 5.123697974022156210e+00
1.355996293030608646e+00 4.991249911199525435e+00
2.039018098505960275e+00 4.964031260539027990e+00
1.415438393930817496e+00 5.025219308705207055e+00
1.678438064970734445e+00 5.268871755035391402e+00
1.589296559260491071e+00 5.026586905032550234e+00
1.683801012396391794e+00 5.149061765247626710e+00
1.322623096302206536e+00 5.053246990679238770e+00
1.202351191553674870e+00 5.000513443950119985e+00
1.745916921395543886e+00 4.699947549028935967e+00
1.589737161789962716e+00 5.045094833105431498e+00
1.713019176911368735e+00 5.064111499901833291e+00
1.344037917315658692e+00 5.041076019416962595e+00
1.010596996053278795e+00 5.083443383142781435e+00
1.065450090364384872e+00 5.022667533791002725e+00
2.005903548230446809e+00 4.869744998439956341e+00
1.377585983105047429e+00 5.033682473929953716e+00
1.543748585271866647e+00 5.031692274519310892e+00
8.881234652986764733e-01 4.919718697467326152e+00
1.178895076011181375e+00 5.064631340491327016e+00
1.210536020419220371e+00 4.937632853912988118e+00
1.414439377889507909e+00 4.961736526784997103e+00
1.267146285412504403e+00 5.120237625732994680e+00
1.542086928727166351e+00 5.056439617992333879e+00
1.320803284458298865e+00 4.887014463944956866e+00
6.726321876559251400e-01 4.929841784902382784e+00
1.359965138005974072e+00 4.901026373652753065e+00
1.236735135790595352e+00 4.971436328128217674e+00
1.403315056090145951e+00 5.033170167696027875e+00
1.304658595521889008e+00 4.849946663958098370e+00
1.534075296896881380e+00 5.069218787919120395e+00
1.596626044737150085e+00 4.985558658964451162e+00
1.447099614920967392e+00 4.941564294848182826e+00
1.098157227864885677e+00 5.045139203098301550e+00
1.367992097624291414e+00 5.108192099971900824e+00
1.336713957193911284e+00 4.894756577714593604e+00
1.450385219673274939e+00 5.045140239336145527e+00
1.163678421971398702e+00 5.178265419163457395e+00
1.428514621493567560e+00 4.853332977967079742e+00
1.375794603272852079e+00 5.098567633608672267e+00
1.554438631253742154e+00 5.059393177151457976e+00
1.688762327924935969e+00 5.037830179579210643e+00
1.237817096599430622e+00 4.933535754372433857e+00
8.620702809482729823e-01 5.091839345561693264e+00
1.097671391417218700e+00 5.131625856676354402e+00
1.225803587465931654e+00 5.052258219814319773e+00
1.100488282475478030e+00 4.959732871117716435e+00
1.156780308417264758e+00 5.104726084134463271e+00
1.455819121364016588e+00 5.091125379439228382e+00
1.345516572191522986e+00 4.995216182513510184e+00
1.748490190163261682e+00 5.185179880075665437e+00
1.546942209610969732e+00 4.972032486187508482e+00
1.365110432228130666e+00 5.019233996394322439e+00
1.327154315228785242e+00 4.935139886730087078e+00
1.482995686112794864e+00 4.872794095553198979e+00
1.232786281570779741e+00 4.835696942890526095e+00
1.432575043256917757e+00 5.120786413793876335e+00
1.114303569612218103e+00 5.052134897668264735e+00
1.411809371047944239e+00 4.840166143716340130e+00
1.286052332564075140e+00 4.983257124411547778e+00
1.385539469711775551e+00 5.001903093512837017e+00
1.922640116738908667e+00 5.014161360881725926e+00
1.227258286924226782e+00 5.037121446624281518e+00
1.761969692777307861e+00 5.209869646103356899e+00
1.362326099321290895e+00 4.993564487896200887e+00
1.317833464048440151e+00 5.026743790091486197e+00
1.313644239081060094e+00 5.035028519571038252e+00
1.061536874887032855e+00 5.036646196354039873e+00
1.517320498521416594e+00 4.905391752530216642e+00
1.867884466825784573e+00 4.951510555551198678e+00
1.361817477781245067e+00 4.881256921752392230e+00
1.699325166653854691e+00 4.989487426999216879e+00
1.440711992856261947e+00 5.090301875194661818e+00
1.194962603313998839e+00 5.042391057398019072e+00
1.546915935024156141e+00 5.088286956997915667e+00
1.440666908264993884e+00 4.992884696328914629e+00
1.256251966937569131e+00 5.162732828355478532e+00
1.181302682727832343e+00 5.049191547751668452e+00
1.424239286062345178e+00 5.022270413234481090e+00
1.795680950500887274e+00 4.979774863803354101e+00
1.084866819481516975e+00 4.732632657681744348e+00
1.326304120393871244e+00 4.953263711779571921e+00
7.909825449759226856e-01 4.901703620537797512e+00
1.068809018616294182e+00 4.655448743812239165e+00
1.282803508132198012e+00 5.112329534950415422e+00
1.366705010573542101e+00 4.935096108148290028e+00
1.357319993090666976e+00 5.080476092786805786e+00
1.683441385320080919e+00 4.907164606573533483e+00
1.032143643971304092e+00 4.958641201546058142e+00
1.465887313310315410e+00 5.118504973237404165e+00
1.327690114213638584e+00 5.084753692241603673e+00
1.701514898228737804e+00 5.297022661585450543e+00
1.730230928867463769e+00 5.088178592475587791e+00
9.792554602999058444e-01 4.884537053379860438e+00
1.453556413483370058e+00 5.059855745079797629e+00
1.145529420721053349e+00 4.836844453228891005e+00
1.438952822797539000e+00 5.241292523432717232e+00
1.375081601445009127e+00 4.973445918583398573e+00
1.547809645256071898e+00 4.843138356908003317e+00
1.458246619051890125e+00 5.078521652152139687e+00
1.238434271522201646e+00 5.137212750392371241e+00
1.161913771748368074e+00 4.714972857297117237e+00
1.181890009897072602e+00 5.109632661565117751e+00
1.346788555530435083e+00 5.017723811432244219e+00
1.065918069036268401e+00 5.070061280795433056e+00
1.162073691002211806e+00 4.922825825955405854e+00
1.322994418839217312e+00 4.934504870055614667e+00
1.652492380086971968e+00 4.874143792723863555e+00
1.022021615718145648e+00 5.016449846053159689e+00
1.676809665792806880e+00 4.972974798296961652e+00
9.055098452442754686e-01 4.975561304473811397e+00
1.450021450205467355e+00 5.205387038929244703e+00
9.481397561685810382e-01 4.947709313361854377e+00
1.509371301757121753e+00 4.975766364840293221e+00
1.573092478869010380e+00 4.938738288628809592e+00
1.517018409322746342e+00 5.035582832057738933e+00
1.150430768320597430e+00 5.170142682730802797e+00
1.633761183854645971e+00 5.014215526325734196e+00
1.326536956121906474e+00 4.960011647573641547e+00
1.749316616765131727e+00 5.017222391544843951e+00
1.651218649946387895e+00 4.997532696875119917e+00
1.479452954294218969e+00 5.016482858164636127e+00
1.429437950930999124e+00 4.891815029567612605e+00
1.972569384539056836e+00 5.069854203837368622e+00
1.644156712189579927e+00 4.871172418667371495e+00
8.151906732003323386e-01 5.020906923926307996e+00
1.868895528723398813e+00 5.032406297386842198e+00
1.291427537090206190e+00 4.973654233822822235e+00
1.393611424599785487e+00 5.063849646905101309e+00
1.264102366774185526e+00 4.707252362466717521e+00
1.431252405567323249e+00 5.010676378206496473e+00
1.545829234873988600e+00 4.751396462771488416e+00
2.060275267489374951e+00 5.037227310712709460e+00
1.184431512491027627e+00 5.022580832575068932e+00
1.492016496773569401e+00 4.974032840726438032e+00
1.143714583533133933e+00 4.889187024324907149e+00
1.004877464105859541e+00 4.881808343884446622e+00
7.281228177699473614e-01 5.030548660021095131e+00
1.229983704321410354e+00 4.928143019804514857e+00
1.031329377325646890e+00 4.952191205638463600e+00
1.023646273442132326e+00 5.035022554916105619e+00
1.203231080742421799e+00 4.978861810510562869e+00
1.455650481556368447e+00 4.979435821106903859e+00
1.611629457916066599e+00 5.047479835547956206e+00
1.517616628748707175e+00 4.835471380910981942e+00
1.903375349531242877e+00 5.050551187736527226e+00
1.690477107134543910e+00 4.970326528013077727e+00
1.337152156756134858e+00 5.035006327905930945e+00
1.677306236199085809e+00 5.162078890361984307e+00
1.373167892782678479e+00 5.142032603641048638e+00
1.299403204031435832e+00 5.071646991577964947e+00
1.559130221004629169e+00 4.936857676187471178e+00
1.417481081928365416e+00 5.207017050566104643e+00
1.844785450844576014e+00 5.045443041586546329e+00
1.290233801442510542e+00 4.929186781044247567e+00
1.465665537902707261e+00 4.796095365876258398e+00
1.309265652702330529e+00 4.873477285844842299e+00
1.568041736964862043e+00 5.124171485614267496e+00
1.195278151852214865e+00 4.932386302404736966e+00
1.777012910337225637e+00 5.126716011025430397e+00
1.551799185510969625e+00 5.009042874238317289e+00
1.517698784898429132e+00 5.159379078704569466e+00
1.270911056936778749e+00 4.848537034736115636e+00
1.573362602762415241e+00 5.106095294786310745e+00
1.139159611222019253e+00 5.170931624999560050e+00
8.706265449314092297e-01 5.287915294400261423e+00
1.569172672852699346e+00 5.169863315355887501e+00
1.056668712707462987e+00 4.755628640354800041e+00
1.723250480923800509e+00 5.126810727924173250e+00
1.306173287094907431e+00 5.165637051098223687e+00
1.202349645844808634e+00 5.118587676334841241e+00
1.472555837301925630e+00 5.002436964816426190e+00
1.896187716637735887e+00 4.989103852640502268e+00
1.994593652877530987e+00 4.943867496840876008e+00
1.396323034422537468e+00 4.991351704788656640e+00
1.394219781738072372e+00 4.565138067497074736e+00
9.917280886063690737e-01 4.901631515213317414e+00
1.276058709681612058e+00 4.965536470831591664e+00
1.489051903077442285e+00 5.095079098998231082e+00
1.102664926344293583e+00 5.138985728336661118e+00
1.525015973404389324e+00 4.935761234977468881e+00
1.873582382447373851e+00 5.078142701783499469e+00
1.728320842668909840e+00 4.732060714259595180e+00
1.746661469833125091e+00 5.055329939420439622e+00
1.642325372439221054e+00 4.991489149392711155e+00
1.180680833049474465e+00 5.062229940410913898e+00
2.170483148841687804e+00 4.895758268399929669e+00
1.234200416727692762e+00 5.021574326186359905e+00
1.123605119448859879e+00 4.790829293669066402e+00
1.268294479349976633e+00 5.009315986042302882e+00
1.382538715734460855e+00 4.974777297280064126e+00
1.480030066749095763e+00 5.057334729030156240e+00
1.276034729400919554e+00 5.275132462176584269e+00
1.070870895617206831e+00 4.877245799731341869e+00
1.682606409069079545e+00 5.024215376294781876e+00
1.428618561719838365e+00 5.127871229621302263e+00
1.676551732823782670e+00 5.278962204982192041e+00
1.752874902048195516e+00 5.115090691910037179e+00
1.393799034149379779e+00 4.985067183912323507e+00
1.551648755290872206e+00 5.252105472247215801e+00
1.384923586586373156e+00 5.124628035919594815e+00
1.449951493394303847e+00 5.077184168601142744e+00
1.267142704667512998e+00 4.995534479156964913e+00
1.333710094134939794e+00 5.016952514436075816e+00
1.717642952013869184e+00 4.985666977955593993e+00
1.065185868911992628e+00 5.111723605475737564e+00
1.354312499163426997e+00 4.923351097472891347e+00
1.188194273391540934e+00 5.122618293190609684e+00
1.372561165717522735e+00 4.827836521061917630e+00
1.596715787818331345e+00 4.720227202100097941e+00
1.364859234817629385e+00 5.012010023102610567e+00
1.333158758467099192e+00 4.970022462063337976e+00
9.395846855037567336e-01 4.878232072503832839e+00
1.434633008082864869e+00 4.987966702900326510e+00
1.420970154336223201e+00 4.928800017086700791e+00
1.398295105936252281e+00 4.781145487258218196e+00
1.494736983553670129e+00 4.871638154608910476e+00
1.675258128062333540e+00 5.532174235967009857e+00
1.361617592188047121e+00 5.007396411969277317e+00
1.379559335140096099e+00 5.301499176425550353e+00
1.628738510083307611e+00 5.058700183577789389e+00
1.352625604680195659e+00 5.017959030004112364e+00
1.494670169457825271e+00 5.053873503616242324e+00
1.378766049222930112e+00 4.893149830138252554e+00
1.146072528046570671e+00 5.008059727327676569e+00
1.863380269024369928e+00 4.978408482708036153e+00
1.658720973199392823e+00 4.851668242759219929e+00
1.899813963957794671e+00 4.954146129501517670e+00
1.430065389594493475e+00 5.098239944046945915e+00
1.159974900191707459e+00 4.934107586325712447e+00
1.483432385428140821e+00 4.784977671292517165e+00
1.184678173183790539e+00 4.975640745987814917e+00
1.398414967522654262e+00 5.165127392198277434e+00
1.312643901681220804e+00 5.195045963920903453e+00
1.013285229819286704e+00 5.004900421873940353e+00
9.669326988288754476e-01 5.130604927127669690e+00
1.215066758021922544e+00 4.977072546507348427e+00
1.608162219284459127e+00 5.061029541480555061e+00
1.325746762916476751e+00 5.076315998870622792e+00
1.003397176583505024e+00 4.816765251571241357e+00
1.382520668253811369e+00 4.898686271083937172e+00
1.078739699413180597e+00 4.898754737801582770e+00
1.517857513464145658e+00 5.021887015679737054e+00
1.252569957539209078e+00 5.148076061175973273e+00
1.236084557857073829e+00 5.022589118953237453e+00
1.285127432496635969e+00 4.901095502699152284e+00
1.437653234009357739e+00 5.115243532367979462e+00
1.136393176216526690e+00 5.005516961886385729e+00
1.436336299644163095e+00 4.975377504010339180e+00
1.595159319084390681e+00 4.768801115407058866e+00
1.372925064500344794e+00 5.282643487510711999e+00
1.953759083800608032e+00 5.059851911445594652e+00
1.481451325846120382e+00 4.932963810295097673e+00
1.155281047843245146e+00 5.003612929937720999e+00
1.894766716906665094e+00 5.127333746827879679e+00
1.326871241392195477e+00 5.039678081702301249e+00
1.775043863980745318e+00 5.054837694820341731e+00
1.453954297813346841e+00 5.206531342230745096e+00
1.732931810433710806e+00 4.941871354715242859e+00
1.461423502477525505e+00 4.992489375847757316e+00
1.740658085840426805e+00 5.066986661318716223e+00
1.163202257708876086e+00 4.942609560857428974e+00
1.744886228555917462e+00 5.086095438200342045e+00
1.503258412676149014e+00 5.055492441661233904e+00
1.371195945288458562e+00 4.920898390463793959e+00
1.170718299178646893e+00 4.968291621766371513e+00
9.324813677841484738e-01 5.044298385044067246e+00
1.258674102379207405e+00 4.964782779056760909e+00
1.086060390860560831e+00 5.045128342926190612e+00
1.357498423013242528e+00 5.015615752029610519e+00
1.119431238294262165e+00 4.904842854827262677e+00
1.522300504098601515e+00 4.832803395110151889e+00
1.126785668300715360e+00 4.909263887449190733e+00
1.144438089115524582e+00 5.009314969445450849e+00
1.475451425650365467e+00 5.341048599620157766e+00
1.066095019452812487e+00 4.831799790238330949e+00
1.353806735628752644e+00 5.021785907304012753e+00
1.527320914627237514e+00 4.911667919112542080e+00
1.845960130288818002e+00 5.060600494665258964e+00
1.517426818288770463e+00 5.001586558748568834e+00
1.811906766497569432e+00 5.042470834949401848e+00
1.340655520891420815e+00 4.789475080777277682e+00
1.329858251742903175e+00 5.263590851712089957e+00
1.873582382447373851e+00 5.078142701783499469e+00
1.057779555655615100e+00 5.054373441826517599e+00
1.664413322368057280e+00 5.031609761301004013e+00
1.690321314725159008e+00 4.926107755876947714e+00
1.351655286803705724e+00 5.006111287503312468e+00
1.593865586938311152e+00 4.938710347739922568e+00
1.299581794619625530e+00 4.973545353288871596e+00
1.593667734841678563e+00 5.326642124915133003e+00
1.636085579272077872e+00 5.025124425808328077e+00
8.886089503489700281e-01 5.384849539412301489e+00
9.914431613852328073e-01 4.953958831365976145e+00
1.094695335045695161e+00 4.974194525348150542e+00
1.224230471573880985e+00 4.948160383540178842e+00
1.653665238722327624e+00 4.967802134581787321e+00
1.636976132042907928e+00 5.054206784204805736e+00
1.567052971552384211e+00 5.011487162452037403e+00
1.194584106424680936e+00 4.653054511031871954e+00
1.243455396097127519e+00 4.945504003295860151e+00
1.653608738392308597e+00 5.161861101657183148e+00
1.271217255936353929e+00 5.046830523774024080e+00
1.151823956669971505e+00 4.894647513301679354e+00
1.847824426828841737e+00 5.145428720809436918e+00
1.347711514694477364e+00 5.059246174496982107e+00
1.467132878345662750e+00 5.019015357587959691e+00
1.060648775177559511e+00 5.043124724754367350e+00
1.345080887803153047e+00 5.009013863636631037e+00
1.187803050983788911e+00 4.739903649798413277e+00
1.379391926742636443e+00 5.015977911090888419e+00
1.203838596395714777e+00 4.998534276958807254e+00
1.084791427108138917e+00 4.720696599891730294e+00
1.164633696459365320e+00 5.092254496081481285e+00
1.132159771309866780e+00 4.822685240122012829e+00
1.374873309442391056e+00 5.028095921621082098e+00
1.220573538614646569e+00 4.982321377228021042e+00
1.400150907252218468e+00 5.055182070264612193e+00
1.586698710088582098e+00 5.111387310703638498e+00
1.538082292014363750e+00 5.077799330742145401e+00
1.151823956669971505e+00 4.894647513301679354e+00
1.583719190014028388e+00 5.030508242236178873e+00
1.493954835910314749e+00 4.975417777744604919e+00
1.221593861436549799e+00 4.979952127135823581e+00
1.541611051378219521e+00 4.973888459318774657e+00
1.899361607640067007e+00 4.970507564152693014e+00
2.180302236681588735e+00 5.025367995828450063e+00
1.426684130654270577e+00 5.009164497334408495e+00
1.741053526278529606e+00 5.145101069384341308e+00
1.345638756533262370e+00 4.996987851000652903e+00
1.644651134092214306e+00 5.029464738276247182e+00
1.094971329999910870e+00 5.038506526194713508e+00
1.059624057789034124e+00 5.330940913102319989e+00
9.691550990005741717e-01 4.922728214539901614e+00
1.452431231151701807e+00 4.921512904766326635e+00
1.456430141415460122e+00 5.074548238583881599e+00
8.261418651616168063e-01 4.904810603293340066e+00
1.133802365553671532e+00 5.050030699275803947e+00
1.605812194651129232e+00 4.926492505162860525e+00
1.196408414131560738e+00 5.215031063494153685e+00
9.829130209256218276e-01 4.920914538388206694e+00
1.999402665429678594e+00 5.105009006462004173e+00
1.144462519559214853e+00 4.893822132604068287e+00
1.249959767780055797e+00 4.957306814157345087e+00
1.586729455291831847e+00 4.912139868814343835e+00
1.727988761582335053e+00 4.985909451625000877e+00
1.276755138916114918e+00 4.901691618603509326e+00
9.798930728215610175e-01 4.901107411812033021e+00
1.208344250249055118e+00 4.962772273290026348e+00
9.294190506064975432e-01 4.912520125884755728e+00
1.427793940032346498e+00 4.965183533489994971e+00
1.782046097180406852e+00 4.984764739469714101e+00
1.307089470654147823e+00 5.013145833897178605e+00
1.251483520489755863e+00 5.203981550952022417e+00
1.160421011864940732e+00 5.191872974298330945e+00
1.906699286732300935e+00 5.015000718885458397e+00
1.643515952041577632e+00 5.133719139334975701e+00
1.246757399140506983e+00 5.048086506824587261e+00
1.563453181950190007e+00 5.015382375032918283e+00
1.073699849420481023e+00 5.307731200633225122e+00
1.404374168440096327e+00 4.903526233740662654e+00
1.171047037266432778e+00 5.133683331624760982e+00
1.282167138116022675e+00 4.643546110798398630e+00
1.441895087040443890e+00 4.761364528294670606e+00
1.371209764197281800e+00 4.973651743671557490e+00
1.295855993483455038e+00 5.104147542027213547e+00
1.272533541575282978e+00 5.034362560127728869e+00
1.566612121137654468e+00 5.001312061814433996e+00
1.340243159402381368e+00 4.940686976148653820e+00
