# Hierarchical MCMC downsampled to get 500 samples
# alpha, beta, mu, s
1.600491464911479866e+00 1.117375532800566518e+01 5.079751644147496137e+00 1.082125860466540412e-01
1.414474408332517363e+00 4.306298714732779587e+00 5.017387930676060037e+00 5.158410400083977831e-02
1.367249700757254161e+00 6.150347765521650523e+00 5.038516464973151088e+00 1.193578243122800503e-01
1.274053046631649533e+00 6.499635012900358610e+00 4.989111228511228013e+00 7.091656159328051101e-02
1.286609161292177728e+00 7.837267083022627645e+00 5.090903862759589060e+00 8.163063967333011872e-02
1.602225025092186117e+00 5.744946346753759592e+00 5.039404821780279597e+00 5.748458787822229715e-02
1.270811724192965730e+00 5.368863627655396265e+00 5.015329691903808396e+00 2.464203685311725511e-01
1.018207120075445005e+00 5.859124229407437490e+00 5.005058545043294949e+00 4.358162015151136048e-02
1.443760592565489720e+00 6.575090764083346251e+00 4.892469582085078095e+00 2.804760436109339228e-01
1.231098047370650095e+00 8.768217934168912819e+00 5.316391922494829281e+00 1.505490433187569588e-01
9.349544043243287472e-01 1.284269063870243599e+01 4.582567308359298153e+00 3.002809597872089786e-01
1.124584798150838116e+00 7.621283418002684940e+00 4.965030916315010145e+00 1.155939513900271637e-01
1.209108109096972195e+00 4.945191255221827120e+00 4.942989306735296573e+00 1.788666216286856070e-01
1.239275860486232173e+00 1.201557246692379621e+01 4.929308580594645939e+00 2.924470519650233108e-02
1.453327205281952583e+00 3.119961383884756412e+00 4.945757622875913029e+00 9.365190653201566073e-02
1.229803425788638771e+00 7.195448818652272926e+00 5.073022256830062027e+00 5.050335807873770899e-02
1.286333769107258718e+00 8.248606259525663731e+00 5.052903059942893904e+00 1.383350683072219200e-01
1.406109873736678395e+00 8.748823826036026929e+00 5.045191267014277337e+00 6.753124938948057432e-02
1.647311756595191135e+00 5.696668314567650881e+00 5.099101425420707656e+00 1.735171951299389059e-01
1.689193243602653327e+00 4.742668229090119425e+00 5.008482496525392236e+00 3.184156538832067507e-01
1.545732683774385663e+00 9.837858176982397396e+00 5.001259241568378755e+00 1.104548698854463523e-01
1.115222351574161275e+00 8.180515447595896106e+00 4.955096771946999823e+00 5.653653393072054917e-02
1.218122469241995409e+00 3.046694559599345986e+00 5.096904894421694365e+00 2.135572636937489444e-01
1.011806834644251696e+00 1.034644242396463909e+01 4.982356366344575349e+00 9.504025286298101172e-02
1.047788760685657738e+00 6.573774438082997662e+00 4.934571903613126587e+00 1.429179199663185504e-02
9.499290164999359964e-01 1.171068843286699490e+01 5.026100792825650032e+00 1.189375207402742912e-01
1.174754639913894394e+00 2.915600392926896323e+00 5.133241502194504591e+00 3.920171985727010505e-02
1.492845713235870120e+00 5.346740627279537250e+00 5.094959748473914196e+00 1.799205889800988833e-01
1.281504263930935972e+00 9.399265492668526178e+00 5.054179675981526287e+00 2.670729008094198387e-02
1.696307913100973730e+00 8.886061379823473771e+00 5.009901582246675034e+00 2.851350621994297452e-02
1.441044340673860003e+00 1.213185133199637455e+01 5.072251007574309689e+00 8.176674580172799134e-02
1.608873265372319228e+00 8.867257209943383955e+00 5.058703021832669400e+00 3.346033316419771975e-02
1.227473951863671031e+00 3.514602902005272700e+00 5.112276607920840377e+00 9.608967676850227457e-02
1.345026969039071263e+00 5.143778537946612772e+00 4.897532942215524265e+00 1.620918158430270650e-01
1.281039231336126960e+00 4.362062908937963002e+00 4.968369729280182945e+00 1.338335757233042878e-01
8.803445565628672531e-01 5.817601172666245546e+00 5.053430322853256662e+00 1.334243039934572272e-01
1.295497846699828148e+00 5.317058864070060231e+00 4.986686447023211954e+00 7.134055496700705823e-02
1.058068581236176531e+00 1.457827723409607579e+01 4.745573732781814158e+00 1.105896647425032853e-01
1.466432956303686641e+00 4.569980012959203641e+00 5.127997342119262392e+00 1.715657479996427620e-02
1.005285061381366418e+00 6.906945301073399435e+00 4.967182866394842300e+00 4.356289519115560255e-02
1.651796398275084510e+00 5.677528852166625839e+00 5.059150209480048233e+00 1.234578033325121893e-01
1.096633084011051196e+00 7.739271352182226060e+00 5.206919301110579212e+00 8.532191667715190164e-02
1.330129991196113526e+00 1.249054987153551188e+01 5.099499318438554418e+00 9.322394258840788206e-02
1.365072772948087598e+00 5.286230458634135765e+00 5.017035342054860791e+00 1.365171788669305442e-01
2.454535031545547863e+00 4.142136744395532588e+00 5.055159166495283074e+00 8.649214526184162422e-02
1.237804633219026673e+00 5.094101532729959914e+00 5.018761942138345589e+00 9.126115843534626793e-02
9.767690506189168342e-01 8.913258011959168670e+00 4.520144974946567196e+00 2.214751364765646380e-01
2.346854922010378264e+00 4.712466243328077731e+00 5.149619955854014997e+00 1.067205861117363208e-01
1.713910336194591766e+00 8.146361781160173621e+00 5.112002878880575807e+00 9.472447196089310573e-02
1.075243430981388082e+00 1.035769281559401378e+01 4.986620934402998806e+00 1.192729766063444913e-01
1.376569662732216592e+00 3.946636061978530563e+00 5.051389872224610222e+00 6.351108561694038257e-02
1.637727297333992693e+00 3.231363800286537025e+00 5.019497275750208765e+00 9.660628196417328506e-02
1.309517334264117761e+00 8.972422628529130861e+00 5.055290227946071191e+00 7.260745046088847021e-02
1.241665595021774982e+00 1.030774766780246487e+01 4.915580998719200956e+00 2.194404172360442107e-01
1.464920158286270313e+00 3.851428936053082008e+00 5.050341270183886344e+00 2.909570189839458809e-01
1.383138940173770592e+00 9.658045304685717980e+00 4.954872587530032568e+00 9.043932414464539438e-02
1.828165827846419456e+00 5.271518730658613094e+00 4.964436340961627891e+00 2.053155587426130080e-01
1.601772105870865825e+00 5.069327479630146627e+00 4.921386532508415179e+00 1.070160509992279102e-01
1.104437189748813664e+00 7.000849904223472642e+00 4.784235549409020294e+00 7.305919329037297016e-02
1.324629650063909203e+00 1.462543357856175064e+01 5.286495248842681072e+00 1.121500888587667472e-01
1.116296536445454901e+00 3.185107300582997958e+00 4.795096389782473878e+00 1.941504592680023955e-01
1.176227482253963563e+00 1.118968812730987672e+01 5.021774842589926457e+00 1.229607972531968768e-01
1.196984415126009615e+00 6.656689362892167061e+00 5.015989047048652338e+00 3.851729179076360948e-02
1.368218828334814674e+00 5.846330909878875381e+00 4.981601340153328117e+00 1.051457321205581524e-01
1.321013702341249596e+00 7.952362934902731162e+00 4.796209010969887387e+00 1.489665828045333984e-01
1.438256843008409058e+00 6.553040316986635361e+00 5.061759605704428289e+00 1.012680155481908706e-01
1.423106589965607016e+00 6.842240475005933575e+00 5.046012086344984660e+00 1.054314722368570878e-01
1.393913066430398473e+00 4.380989178865933198e+00 5.037051520581804276e+00 1.048547805775238151e-01
1.257659589565036207e+00 8.194413764816429691e+00 4.831514276796979424e+00 1.126804317250092585e-01
1.118876421682903688e+00 6.766714526655225548e+00 5.052062099477358181e+00 1.595700687383744265e-01
1.495512810204906007e+00 3.820126803608826727e+00 5.174128687494166101e+00 8.540459378334942786e-02
8.903598869066383648e-01 5.373070112301139289e+00 5.135010868167371179e+00 1.892340204399406145e-01
1.016964693091019001e+00 5.586942960663289881e+00 4.769960235394291814e+00 2.991171212374113542e-01
1.723864100832314561e+00 1.029528494811649786e+01 5.115529201512231339e+00 1.068065580457536468e-01
1.369509315963960860e+00 7.836104273167528333e+00 5.161063819842938827e+00 1.482198866782354907e-01
1.717098000724085249e+00 6.821636461860951961e+00 5.102718427479374874e+00 3.933166150920266446e-01
1.453607849798216778e+00 4.722426503041038615e+00 4.977833277802758083e+00 5.188933818169522150e-02
1.045892139930038267e+00 7.619857408938222498e+00 5.026836010601486215e+00 1.586384739643478536e-01
8.987453624657917306e-01 4.529741627582446029e+00 5.063192213783406892e+00 1.563651337307304934e-01
1.222429982660339531e+00 8.569415209719117854e+00 4.788076593737479847e+00 3.069500109465047588e-01
1.382761373124943072e+00 9.638558140503043603e+00 4.973603908742259883e+00 1.859807127130227999e-01
1.372089755415334400e+00 7.167176694466294684e+00 4.978424224011900101e+00 5.215403608038218786e-02
1.587071084772180729e+00 7.584913580352031559e+00 5.063895365396960280e+00 5.827203185748217051e-02
1.285569802999120714e+00 7.885318251363842457e+00 5.006043744814411944e+00 8.231720248617796498e-02
1.436159441928763991e+00 1.118000523392871237e+01 4.921880110414660336e+00 2.094998848587663609e-01
1.668420442740869092e+00 6.934763009704786541e+00 5.003473147642991670e+00 1.186503355728063119e-01
1.619544785325767178e+00 5.772277545795113873e+00 5.273448957285515881e+00 2.200367648492818906e-01
1.247089962290242049e+00 4.564890290480489554e+00 5.009683554375465420e+00 3.704987860198342975e-02
1.074735242369758481e+00 7.824839938076552315e+00 5.144524947799504311e+00 1.016976128433525889e-01
1.281054637538470820e+00 9.781662163539214916e+00 5.085902359631279346e+00 1.010452013576351865e-01
1.525539136752823932e+00 7.489326806785700619e+00 5.079224633910951248e+00 2.834366224428041398e-02
1.746763795418391441e+00 8.864221104660598982e+00 5.053840031383213471e+00 9.863612394500494152e-02
1.479493588871115595e+00 1.015807547134812872e+01 4.829526744664615734e+00 1.238824538082270860e-01
1.303486864252999089e+00 5.968713568190682217e+00 5.131144864163716512e+00 1.552384933402655709e-01
1.028109871508451123e+00 3.676263314529417237e+00 4.759578738245635599e+00 1.966344194044453153e-01
1.943071929090389283e+00 5.548285175621868959e+00 5.095545548696588156e+00 8.477961438424565233e-02
1.446910754740095006e+00 1.147669805976968327e+01 5.105791579163562410e+00 8.573445660108118538e-02
1.423264722545972250e+00 7.604757607081186421e+00 5.020495081938482151e+00 8.413000542343901378e-02
1.565268365144100615e+00 6.984023393986483974e+00 4.861050212556345507e+00 2.989628041154642202e-01
1.666989763280987580e+00 1.015680453897265423e+01 4.939828535989191138e+00 1.116973287122851599e-01
2.146289136230412176e+00 2.656244193289557298e+00 5.205514308395890133e+00 1.654661382417910165e-01
1.468642117934314317e+00 8.658253869396713043e+00 5.052496345016506574e+00 2.892302470496946332e-02
1.561906947357670994e+00 5.329389237410650182e+00 4.973890352630396805e+00 9.671534978684435957e-02
1.708636413322538683e+00 3.307257932018490276e+00 5.002140327310956813e+00 1.108385532742406226e-01
9.843042209252812480e-01 4.483088495458478207e+00 4.925310303789714794e+00 7.861359742173897047e-02
1.319800197766780814e+00 7.736347264976160432e+00 5.061909458555255981e+00 3.349036412599518120e-02
1.747736901036010648e+00 5.247450314731384680e+00 5.247750042952057825e+00 1.258317040637260686e-01
1.463627672284222081e+00 7.186718434324924409e+00 4.990498043795597027e+00 7.169749459488287957e-02
1.069219492693265661e+00 4.110732605745983648e+00 5.134020861371687339e+00 1.138240825669701861e-01
1.291687173811392864e+00 5.822688879185709432e+00 4.859783764699928454e+00 2.039004991579059234e-01
1.433767697092540372e+00 9.779127683746260402e+00 5.040237393086868245e+00 1.645900655262516055e-01
1.574300253805863248e+00 3.221909904220236598e+00 5.163311138400664468e+00 1.268841327920109674e-01
1.116584008408679551e+00 4.997781082774126027e+00 4.916731987354086009e+00 7.974390225814602384e-02
1.345992731179274982e+00 1.807799330552010986e+01 5.128872261062095816e+00 2.722110283381547896e-02
1.429043476677937630e+00 7.433316249047116742e+00 4.960147216745028231e+00 1.809185808018106412e-01
8.573120614610116874e-01 6.860818615065896076e+00 5.077718287591840962e+00 1.548832272490254236e-01
1.174147911583004911e+00 6.270908402334002041e+00 4.919245484567426274e+00 3.838244950478251344e-02
1.908770687096766894e+00 3.918277281119857847e+00 5.024924213900053616e+00 8.577785760582692931e-02
1.045784259378208736e+00 5.189317817804532496e+00 5.130078505684653400e+00 1.858505366815998150e-01
1.214186739154938355e+00 1.299561939376443576e+01 4.887017003594628761e+00 5.627683202240334193e-02
1.526417766718388913e+00 4.291693891299649621e+00 5.129794915931453758e+00 1.346156371464260482e-01
1.766452872823708775e+00 1.658532647626177337e+01 5.084441633537096550e+00 6.081535193634514391e-02
1.419041235606746332e+00 7.448429555653835799e+00 4.901672286401566936e+00 1.044678728643560345e-01
1.435260574423024016e+00 6.815761213944974806e+00 5.048193120650142696e+00 2.870351743910418141e-02
1.366129955366624849e+00 1.124791098813004631e+01 4.890466079011023481e+00 8.163418932344289336e-02
1.008042194021089744e+00 8.557803708498299855e+00 4.967659678004539892e+00 8.678447904171154859e-02
1.109493505627787702e+00 7.155808057440996350e+00 4.993813692517453440e+00 1.167927928413084182e-01
1.258847870840440253e+00 4.791323041684862893e+00 4.925548515603428434e+00 1.459043619736165032e-01
1.431345684132354856e+00 1.056818262473101022e+01 4.804892823641184307e+00 3.489233507672262480e-01
1.623614377347800009e+00 8.394854567236976095e+00 5.050301200099543308e+00 4.747485344471739921e-02
1.334298181498737135e+00 7.764819032039500080e+00 5.032424321195891004e+00 6.684909058257333669e-02
1.064884670876684591e+00 3.586177094643382190e+00 4.790110856170825215e+00 1.764695117180281048e-01
1.277244693066754033e+00 7.233277677954774276e+00 5.006342350586093559e+00 3.914114678605673525e-02
1.498071110019334684e+00 5.623493462477808791e+00 4.881365324042278075e+00 2.025532614398630749e-01
1.414808216094523008e+00 3.985965214925924371e+00 5.000811899673875516e+00 9.960958957500096189e-02
1.629859118000307028e+00 6.246141096057096220e+00 5.069915371963383599e+00 5.182944370743103324e-02
1.417380139875978218e+00 3.812305991889365142e+00 5.066930176545380249e+00 2.581878901528696368e-01
1.114116068315449404e+00 5.218568181024266117e+00 5.148089164633833370e+00 6.778056253512489138e-02
8.936003455076032553e-01 6.126943817870806441e+00 4.932059840188200539e+00 3.250575119711950067e-02
1.554974510359022011e+00 5.188986478963687254e+00 4.910827247291402742e+00 7.341111273113767877e-02
1.091011483206778099e+00 1.171148739290474516e+01 4.956419229737006660e+00 5.971622350852179295e-02
1.869918886788322965e+00 5.238861364711253188e+00 5.002952144780235422e+00 9.397816228408301109e-02
1.105335206539725501e+00 6.105224104633668603e+00 4.733411704478403870e+00 8.369184043009383900e-02
1.412277852326779382e+00 4.395426057538051268e+00 5.100576738539678523e+00 6.753897718767989944e-02
1.365865354507786567e+00 5.806340050071073122e+00 5.053123476781880896e+00 2.139019319680534326e-01
1.544169704566883849e+00 3.082197179535064890e+00 4.527849713984346103e+00 2.062100454774350444e-01
1.349668188980545525e+00 4.268697876988822415e+00 4.950915994936980091e+00 7.967275844000906715e-02
1.347822832244125024e+00 5.907429746054398301e+00 5.151598868537011988e+00 1.491206414245771772e-01
1.466029339205197068e+00 4.722425729976796660e+00 5.087505319381494751e+00 9.707275760857554670e-02
1.505169843254040352e+00 4.877240202302160377e+00 5.052283688123028860e+00 1.336096317209295448e-01
1.604435310462959619e+00 8.030445661542819025e+00 5.059451649406959461e+00 5.886121419231806623e-02
1.319912003390915967e+00 5.445509182876140386e+00 4.932953446144106913e+00 5.401060009594002564e-02
2.209005047918335851e+00 4.281127878445677659e+00 4.995197857623017157e+00 6.750801199621875304e-02
1.514590260973958324e+00 7.413811410511558897e+00 4.866224259807931496e+00 2.227543810384188805e-01
1.681527538351630602e+00 4.966883811645072200e+00 5.161675920032696041e+00 1.042746225044033498e-01
1.438455319761434925e+00 6.709553628121751601e+00 5.268813835502823117e+00 2.296749903712471674e-01
9.661453746046153590e-01 5.787556104467892482e+00 5.151744299008888639e+00 1.065625928366785158e-01
1.301090157586190621e+00 8.282591379459299574e+00 5.046163400881106043e+00 1.438188437271005204e-01
1.586889434073329275e+00 5.829521752412680335e+00 5.130923539193706695e+00 1.217064419635577877e-01
1.365656573046920563e+00 7.079429746219638275e+00 5.113591253187451890e+00 2.064527033305952330e-01
1.803412800411221539e+00 3.458187232263512989e+00 5.014793381317605103e+00 2.470060515514459210e-02
1.410476703110557395e+00 6.992417666409784793e+00 5.123429770226429092e+00 5.057444283837801702e-02
1.586777063259924514e+00 7.691072390168084638e+00 5.014949246738291677e+00 7.190269885647621040e-02
1.153335207575236998e+00 5.722744210614967741e+00 4.979935055698259561e+00 6.856069430895408989e-02
1.820979412494669214e+00 6.289067509270841683e+00 5.094341159677934883e+00 7.844698756465803835e-02
1.659722353423513486e+00 2.497816555372934566e+00 5.100082065807796994e+00 3.835213189790443594e-02
1.178777460736911697e+00 4.933144629681565974e+00 4.970404768481551550e+00 5.991194665186976714e-02
1.099183545532544271e+00 4.545490884320377845e+00 4.996014298459318326e+00 8.269340931670038364e-02
1.616144329477268604e+00 6.124707453755913633e+00 5.296033555252747327e+00 2.384859110701186002e-01
9.702631329847655195e-01 7.154807229666388935e+00 5.029695558958852786e+00 7.533929598601254995e-02
1.076964779652529458e+00 7.401547750747694110e+00 5.084871431827489019e+00 1.646340654130222791e-01
1.256114543228410874e+00 4.121620894485042541e+00 5.070592381005333493e+00 1.300703802071015436e-01
1.453752061919485472e+00 1.111508052443202921e+01 5.134332235221639174e+00 1.784476675968614534e-01
1.529122201017718119e+00 8.012097173322276333e+00 4.964957309606693237e+00 6.689333649805680182e-02
1.176236146673811822e+00 4.368427466389851688e+00 4.951001182589705785e+00 1.961945917340932877e-01
1.334346929378591451e+00 5.371470423487424206e+00 5.208254497131489913e+00 1.850756739325674360e-01
8.936882963964197790e-01 4.137641533035698593e+00 4.636124595775640955e+00 2.031535023910359394e-01
2.152187626825209588e+00 6.543161205509253620e+00 5.239107010173410295e+00 8.511718978861826379e-02
1.283032082435879184e+00 1.001256808673910115e+01 5.245599286418259233e+00 1.550645314838001720e-01
1.455634998512578271e+00 6.820526166584496508e+00 5.062897362631818332e+00 2.591655206487430280e-02
1.699490490633078554e+00 8.718205386426657100e+00 5.106705124833801790e+00 2.292334013797233672e-01
8.641578679018161457e-01 8.370548609145849639e+00 4.891757643548096723e+00 2.764871434827276264e-01
1.323859803456431061e+00 3.315323937512975938e+00 5.084114822118114496e+00 7.883373641618916794e-02
1.369083429623999537e+00 5.321778284314735430e+00 5.045712282517069269e+00 1.219749693412822827e-01
1.460882245227653975e+00 3.776101047596268412e+00 4.966159198054916679e+00 1.286943505000113785e-01
1.566782278599182732e+00 6.998237258285186613e+00 4.987579238133511339e+00 2.704269623219076116e-02
1.430725024153774338e+00 4.727861593360042747e+00 4.744482012600319543e+00 2.209497394137885651e-01
1.379541398195466284e+00 9.320727322883858079e+00 4.992650546981205473e+00 6.273927841766363533e-02
1.099348305538705217e+00 5.795859230999538703e+00 5.082814746649297888e+00 4.567814566763225836e-02
1.452638015308117980e+00 9.118853402538785957e+00 5.043614236614089918e+00 9.866610155116792291e-02
1.591271356437621076e+00 4.177511493239542517e+00 4.931264728945457421e+00 1.700831293981893422e-01
1.748002317594983701e+00 4.698805268204950814e+00 5.414998693443637379e+00 1.460224825742676147e-01
1.185965978731920556e+00 5.878649117323361928e+00 5.064542159930321752e+00 1.309119017765226212e-01
1.243374643042529648e+00 3.779123598927615291e+00 5.145946773947471797e+00 2.160136826110897745e-01
1.222920899601138034e+00 6.365663401255845066e+00 4.859940064936045800e+00 9.730616618921927863e-02
1.446723541087626463e+00 3.999314078241794412e+00 5.083047397795625422e+00 3.988103728883821142e-02
1.413085008209577165e+00 5.626460733518248603e+00 5.069174143306416802e+00 8.467085847384639430e-02
1.444854429365501902e+00 7.675806342490899326e+00 5.035493005075974082e+00 1.552277984565703650e-01
1.292048877655072481e+00 8.145820457209211440e+00 5.052116583989377574e+00 1.114972020585086043e-01
1.331239779641110399e+00 3.416448307268974194e+00 5.057921673541235563e+00 7.600553022117401136e-02
1.352214861698623372e+00 6.872518077122747648e+00 4.979479113634964094e+00 1.506920677491368488e-01
1.211366769888114092e+00 4.739896295258645864e+00 4.723337686513714218e+00 1.568090935711734524e-01
1.066122904017340112e+00 5.903461363897203995e+00 4.981550392103478053e+00 1.051452726059917825e-01
1.511924168421548753e+00 9.615707109160979371e+00 4.884700304160086937e+00 1.061952465334335960e-01
1.932634924569199830e+00 5.504933006079506974e+00 5.049570256374865451e+00 1.381080148254908990e-01
1.828661340571706484e+00 3.653004033110446969e+00 5.008732905963879212e+00 6.142114627165113500e-02
1.602146529735299696e+00 7.623480985074863270e+00 5.139693149643303371e+00 1.618727718242201352e-01
1.417339833991098974e+00 8.475939672462946106e+00 4.549818665358054126e+00 2.728178525412959243e-01
1.712560360655154934e+00 7.330101265599696880e+00 5.018076278182680205e+00 1.484061558101976430e-01
1.501110525025434628e+00 5.748022475387764452e+00 5.016642787850219776e+00 1.095084975999381094e-01
1.723561170721950031e+00 8.074188381534053605e+00 5.049898322274749773e+00 1.912404803701446832e-01
1.152796365042272786e+00 4.213141506313627715e+00 4.923513992215183599e+00 7.522920784305991981e-02
1.787718272426058075e+00 4.858210324707131100e+00 4.941328126052654923e+00 9.403400151601017110e-02
1.654890089381984231e+00 3.784613250700356257e+00 5.087325787720248904e+00 1.156200304299207504e-01
1.252430978593116251e+00 3.990527456344058255e+00 4.811159150612279944e+00 1.563029019375824780e-01
1.132816809531297153e+00 4.708684756907278945e+00 5.107408985466386220e+00 7.938734144827640227e-02
1.402633703078364436e+00 2.921589751067150686e+00 5.044648855039898017e+00 1.398148301821137973e-01
1.668905662534381440e+00 1.254959509024724440e+01 5.040882768846956630e+00 8.581053545563714635e-02
1.331802424390295725e+00 7.232568674021901955e+00 4.780905082923999849e+00 1.875765689456645458e-01
2.087937660700482922e+00 4.996009759358207347e+00 5.011766565053425104e+00 2.207676488990918950e-01
1.263426272309695619e+00 1.046166075905087389e+01 4.674448826243850164e+00 3.993504367592368154e-01
1.367195320528695524e+00 4.512836359747904424e+00 5.107911910663760935e+00 3.326216921429142603e-01
1.068922726577498983e+00 3.496723360761189614e+00 5.022195154115798310e+00 8.991622535672361138e-02
1.503524261886585389e+00 6.403091640236167947e+00 5.185181764403777649e+00 1.466832480983771281e-01
1.386026883638477702e+00 9.216341466116993786e+00 5.089339644798208440e+00 7.250502361720780053e-02
1.431976994753113797e+00 7.676543114048806515e+00 4.977366417549326627e+00 2.519657843325908697e-01
1.313308876589939223e+00 4.738889799156983607e+00 4.929759006165569168e+00 8.386906101876974440e-02
2.284111067391907390e+00 8.629947048217051275e+00 5.029309972571870624e+00 8.504289476264360881e-02
1.634930444902577884e+00 5.615657636374992379e+00 5.023149127825742966e+00 5.875484949123566808e-02
1.208651286194627028e+00 1.044603937559907969e+01 5.075262715239889921e+00 1.196541098529223246e-01
1.455886926210963050e+00 3.990020879286487965e+00 4.927078870292532997e+00 2.643586679296759390e-01
1.197639888440076517e+00 4.721807273563666918e+00 5.000989500570316437e+00 1.274251538084174573e-01
1.204755202038650941e+00 5.785220238088959022e+00 4.993449181895978306e+00 1.065428970646080664e-01
1.345355705220265596e+00 6.321008093744810985e+00 4.880969469259257565e+00 1.935821297505095906e-01
1.287489068598287822e+00 6.672557616787701207e+00 5.046695981586522883e+00 1.203930643505661813e-01
1.565559613750939771e+00 7.673692671836115586e+00 4.880619657980968640e+00 1.046651494589726505e-01
1.426190241978638973e+00 1.519512467716133308e+01 5.028498370300918729e+00 1.097074923905141108e-01
1.539641088707141003e+00 6.500812703739900833e+00 4.934771704232916889e+00 1.277236488636837863e-01
1.822260786044700875e+00 8.610207787247015077e+00 4.957483805200771698e+00 3.725445978012058290e-02
2.096212886693431088e+00 6.961037305326350122e+00 5.043273157703332288e+00 1.523230977634963679e-01
1.361671344387759275e+00 4.767465178737657183e+00 4.915718848414591946e+00 1.288787518116505659e-01
1.249604259193927369e+00 7.327502201415857286e+00 4.959155703762476719e+00 1.177123091111187125e-01
1.447553957361937593e+00 1.040424746896279196e+01 5.105282118736028885e+00 1.667662370557335683e-01
1.846108500120758888e+00 7.688486274655055297e+00 4.995033445987311360e+00 9.243343901843957544e-02
1.245627612865961797e+00 7.353300179951814286e+00 5.007123449253072067e+00 1.009299379991508427e-01
7.625567745260883878e-01 6.933301444619396570e+00 4.793219330439990600e+00 8.481230991830604471e-02
1.523546686702141884e+00 9.070000248409627375e+00 5.130662636301997814e+00 5.335026725798151098e-02
1.534646548375287356e+00 1.303544859511056409e+01 5.067819353374765079e+00 1.009623038932858374e-01
1.778522520953477404e+00 5.704844694070202671e+00 5.011327241639920160e+00 7.757000750306157488e-02
1.967320171808808249e+00 8.126481096509422741e+00 5.094775605685320841e+00 1.224615814644141737e-01
1.200126487031922151e+00 5.696288115896825488e+00 4.925088039518114691e+00 1.164963787664953232e-01
1.302161007499501810e+00 8.463534183093168295e+00 5.002329055421916415e+00 9.192766737918869890e-02
1.195109156918092719e+00 5.876507095451337648e+00 5.353229718971793005e+00 1.644125798774606073e-01
1.191968498131142695e+00 3.848838272587000731e+00 5.118378057969198203e+00 1.216691778476613889e-01
1.040657148227857709e+00 8.975330844902105198e+00 4.958711944448349840e+00 1.594719695363624457e-01
1.497575880275785698e+00 5.233711241099721079e+00 4.885695640635995041e+00 1.291516953653869815e-01
1.848736716596525165e+00 6.435097284462800715e+00 5.134335077457049756e+00 7.513998426320966928e-02
1.910312437107537509e+00 4.306290684397281687e+00 4.809614218827708676e+00 2.417447751163300240e-01
1.347078170417872256e+00 9.129769012914451309e+00 5.049627520365627120e+00 4.672533362096992215e-02
1.175814255795778251e+00 9.531622707007278095e+00 4.829601940598418075e+00 1.515335226345352337e-01
1.690281530553292333e+00 5.119790683842902368e+00 5.053882974849219778e+00 6.988789783266317890e-02
1.418831213282549575e+00 3.900710825703269435e+00 5.048378207090926217e+00 2.128731618762935013e-02
1.771301869604068990e+00 5.295405050838900785e+00 5.015391776758230336e+00 7.038267531314863767e-02
1.412838645859503472e+00 8.263595398293286820e+00 5.134180521150927490e+00 2.734317426143286212e-01
8.643116202567192596e-01 4.476889321790851639e+00 5.104653801504560384e+00 6.423994898505420992e-02
1.205983493081240976e+00 5.546638521067766447e+00 4.982312361439793946e+00 7.086205096837945583e-02
1.440352716809665923e+00 3.691865939455875711e+00 5.051906176419170613e+00 2.146971462605860859e-02
1.234931932536433186e+00 7.291614352341414751e+00 5.178958287994114507e+00 7.823183799452206044e-02
1.657363545993822740e+00 9.228643318211712909e+00 4.934230402884780098e+00 1.730072494570170094e-01
1.378614971934590372e+00 7.540423815849416123e+00 5.125227380933361943e+00 2.009394131126831518e-01
1.245458268066667484e+00 9.181714423891131460e+00 4.946476357741321550e+00 1.521471141957793927e-01
1.739003762305699752e+00 7.182430496257735442e+00 4.982594282008542486e+00 2.290274322474299407e-01
1.271537270990213520e+00 6.428813215034670847e+00 5.053058406545587466e+00 4.868553682623353446e-02
1.395970512033333888e+00 6.581923337896053106e+00 4.979624765173958245e+00 8.649485706606274693e-02
9.482732419441137761e-01 6.000494447921225216e+00 5.011260794316080514e+00 8.555789612601180649e-02
1.587334237040858742e+00 3.465643505079754494e+00 5.001695647570912229e+00 7.599331437234480013e-02
1.466097403557385492e+00 5.882378331821967343e+00 4.890928496682389159e+00 1.039424166859758414e-01
1.867130181873355221e+00 1.047123341609961145e+01 4.922327886935807584e+00 5.412953872848787901e-02
1.522091825952034405e+00 7.180430992307291760e+00 4.888295021221134462e+00 2.244239336062227586e-01
1.019854342068438724e+00 3.676006431846729150e+00 5.025554925852104837e+00 7.593520592323432794e-02
1.496819001187214671e+00 1.003132335861652713e+01 5.113280781977781686e+00 8.098319356555558346e-02
1.594430049169594410e+00 4.730786906630243926e+00 4.918180862390890695e+00 5.938340601294855858e-02
1.162604795109654754e+00 7.453888349917992429e+00 5.038052249286723239e+00 2.699723887559893898e-01
1.282985100933922151e+00 6.086582859169384463e+00 5.121076393664342419e+00 1.096797143735569191e-01
1.303355468599075806e+00 5.249680856067964640e+00 4.941603639001306725e+00 1.139265299430425871e-01
1.328561761081126447e+00 4.036163542218082156e+00 4.933157056629253745e+00 1.532060220604513634e-01
6.914591324377771242e-01 6.269115062441878550e+00 4.991088065856414957e+00 1.858411832420414078e-01
1.710693578193196007e+00 3.994422338130389605e+00 4.882426089246431289e+00 2.004597578435975136e-01
1.801352208484396700e+00 6.922842689493140966e+00 5.008116689755228279e+00 8.984377141447122406e-02
1.577149632459502016e+00 8.320096410457592739e+00 5.046700290016453927e+00 7.843267101409784336e-02
1.086305078312797878e+00 4.277563969619746054e+00 4.796762511095182369e+00 1.904881533604137478e-01
1.242128959204800154e+00 4.952767087231579879e+00 4.967806660381710593e+00 1.106174256896335500e-01
1.361604736018785955e+00 4.491977402909213879e+00 5.047022291583622255e+00 2.821824315819814188e-01
1.227852298536882714e+00 1.127103175891488007e+01 4.977575981134627625e+00 7.066199156071441279e-02
1.039637521170306833e+00 6.814196802487969329e+00 4.698690934045284706e+00 4.156865829077751040e-01
1.370278017872203380e+00 5.898003853465722202e+00 4.847837643921990569e+00 5.197507800279986545e-02
1.743230053298996385e+00 3.578949369731561081e+00 5.146425732088323102e+00 1.225295947228992044e-01
1.730558540571469184e+00 9.637912672974367823e+00 4.963414903500467545e+00 1.180176693538647625e-01
1.088978401121495576e+00 8.335098606343276373e+00 5.229261458621812686e+00 1.022723699228425404e-01
2.017565672477986904e+00 5.849346523571597345e+00 5.103547506183262250e+00 6.569300219196294588e-02
1.571246425992955498e+00 6.013070784150145620e+00 5.118788799270681089e+00 1.787220621850592328e-01
1.556188269426051818e+00 7.259676783149296320e+00 5.183677871863213049e+00 1.462904966737502144e-01
1.812305963862500979e+00 6.463335263766278871e+00 5.171246692752385243e+00 1.239208113602349448e-01
9.838627701887643351e-01 4.143609810027324869e+00 4.851195152501800223e+00 8.724122794515201673e-02
1.451473889632873160e+00 6.639085224544193586e+00 4.949856965536380216e+00 3.115294087678778245e-01
1.302187938674923329e+00 8.037561207784504447e+00 5.325970803168811329e+00 1.901719592028396355e-01
1.174139167837581210e+00 3.512561593808481319e+00 4.884392331212026761e+00 6.565256098133008533e-02
1.275966264377705883e+00 4.879896149720356568e+00 4.841091435264012866e+00 1.487353254833470584e-01
1.761756907941863126e+00 5.598472780969048657e+00 5.068300751583261210e+00 1.469860520278007399e-01
1.530909371386788509e+00 5.579848634028781618e+00 5.103049967030672818e+00 6.553369992472946048e-02
1.445092750519431091e+00 1.090643811647743178e+01 4.776554569056860267e+00 2.344092544792407418e-01
1.201597995915543837e+00 7.838864741082894660e+00 4.762405385206263553e+00 1.592310167041408597e-01
1.342252005270057724e+00 4.659633277171373322e+00 4.949431158397644914e+00 1.057318141773651993e-01
1.088517179282676217e+00 4.760360244384135520e+00 4.953035847063936181e+00 1.555063201308040099e-01
1.477423074472262510e+00 4.179151286497582163e+00 4.949227060325638305e+00 1.884233396656440074e-01
1.690773980460634318e+00 6.376573182435388176e+00 4.926231989739740413e+00 7.522913177583794020e-02
1.241927701890463753e+00 8.124192877467198315e+00 4.941231354440245305e+00 3.687518337237506716e-02
1.238158626933161477e+00 1.054529011162256147e+01 4.794912254471975999e+00 1.261538515266046323e-01
1.207847569128614351e+00 6.708334958299600359e+00 5.071977692614010103e+00 1.023321280660272059e-01
1.365365599898190618e+00 9.347888204469326112e+00 5.060319003787760117e+00 1.963397315444393582e-02
1.257668250211089189e+00 4.144338239525194645e+00 4.928743030380358547e+00 7.487297930153977155e-02
1.501644440131811420e+00 6.383808680382044187e+00 4.874719510769739195e+00 1.085564272649618273e-01
1.712551206550606775e+00 4.353339993660670260e+00 4.664163757244091713e+00 1.729029188872529821e-01
1.488351441031259048e+00 1.078886211884871571e+01 5.163889298238099279e+00 1.907791413030333616e-01
1.045747600256787591e+00 5.692179001775836689e+00 5.146451625974083122e+00 3.545043288540339899e-01
1.118071830633291741e+00 6.001893111121809454e+00 5.053888562959332198e+00 4.537676853364815827e-02
1.441848236708281661e+00 5.893730478263925932e+00 5.112307157104379662e+00 6.881855736521608202e-02
1.226743176422546266e+00 7.501236450223929708e+00 4.948277804524382262e+00 1.030245943229674277e-01
1.388714959078751310e+00 8.003672990986803626e+00 4.974812201435013570e+00 3.139484933774319697e-01
1.783754451714566924e+00 5.532296981585585804e+00 5.025799435854416686e+00 5.255340709574295860e-02
1.463844990440921201e+00 6.643535817718239755e+00 4.913673585187805060e+00 1.188383646520529968e-01
1.514721240179271344e+00 5.847999687927997847e+00 4.869936283386191889e+00 1.418342210336381304e-01
2.292232047492740232e+00 4.282226459357292292e+00 4.815270626530635312e+00 8.391786123269272257e-02
1.507452000590413954e+00 5.793313038723345798e+00 4.956582782218315941e+00 2.479772238325941291e-01
1.526272825117240828e+00 6.157722911632157015e+00 4.922405716835328349e+00 4.162201699998634152e-02
1.345699721319307596e+00 4.579443301324818805e+00 5.031753760099186401e+00 9.341725131793826575e-02
1.080903526228280676e+00 7.875300175664539992e+00 5.015514376276694719e+00 4.131757897913605759e-02
1.442293557750490285e+00 4.573574425560946288e+00 5.101420198794187399e+00 8.161586899848723153e-02
1.496821751399422418e+00 6.502563440954250318e+00 5.097824181428490142e+00 1.720531483826203689e-01
1.149138416517507810e+00 7.115250322689592899e+00 4.603772420695080747e+00 1.200638639885590608e-01
1.366038548322543011e+00 3.185587058296882823e+00 4.800361257363889855e+00 5.837702971083150172e-02
1.288910921840389801e+00 5.237839213538109107e+00 4.909918530115772839e+00 7.476379157465817826e-02
1.166559100555855988e+00 3.808020339882100203e+00 4.929622936935574629e+00 9.107501036156234742e-02
1.297692675515430549e+00 4.773198065977721782e+00 4.994825115912416180e+00 2.043948294303009616e-01
1.901635133634453245e+00 8.459002566894017860e+00 4.758765261378456124e+00 3.354213841378229088e-01
1.297829549829311757e+00 8.950314792767120053e+00 5.056690919572731424e+00 8.645394328112615545e-02
1.581059475973027206e+00 3.091228692671358580e+00 5.069431280240292992e+00 7.913194109220113293e-02
8.673951023883795797e-01 5.525403427515469090e+00 4.927955417957712747e+00 2.030056758333185218e-01
1.229464664006920893e+00 1.237640428567521766e+01 5.072631184251383374e+00 1.555452011144403679e-01
1.610423225991727492e+00 5.932661682681489523e+00 5.051599390985181515e+00 7.380853744421052298e-02
1.054755912606116564e+00 4.426507604570692145e+00 5.026643422913650738e+00 5.153447258526404340e-02
1.221036354745145047e+00 6.126036552305117233e+00 4.967246584902321516e+00 1.357510578215920249e-01
1.274501061449415662e+00 4.887236486320686524e+00 5.074922541461670100e+00 1.775623984779251541e-01
1.541732321128839400e+00 7.460194528933182134e+00 5.003646827308608991e+00 1.170127739060739525e-01
1.403143941440593734e+00 4.298553843694896237e+00 4.943074611676726349e+00 3.190325470667774999e-02
1.597529595580100326e+00 3.702743540725733418e+00 4.936635696649531724e+00 9.807065735796392791e-02
1.250939938651062455e+00 4.875872538201657669e+00 5.026067595199665838e+00 1.013382481151785391e-01
1.589593984240347480e+00 4.508494486145403712e+00 5.102013331114775951e+00 7.043906775836669687e-02
1.228178203741582042e+00 4.943143234462972657e+00 4.957124319104276644e+00 1.023067628950483365e-01
1.172590776650260347e+00 3.783196687146101134e+00 5.147828111290333908e+00 1.150809125453590015e-01
1.414808216094523008e+00 3.985965214925924371e+00 5.000811899673875516e+00 9.960958957500096189e-02
1.135276603250929828e+00 4.557952776064008837e+00 4.942163281102740946e+00 1.356447682796426413e-01
1.424257076337178463e+00 6.580240938745273382e+00 5.082562762777243393e+00 1.466073753893768483e-01
1.622489005744688573e+00 7.004699984707647431e+00 5.032751827861775773e+00 1.134062619405676597e-01
1.252416116971612370e+00 1.280500221746265233e+01 4.950872189302629955e+00 1.303530199601103390e-01
1.251651513842475305e+00 1.000239686067112821e+01 4.798267702590496064e+00 1.301346989472202120e-01
1.325580772293360576e+00 5.610283355817376361e+00 4.982701557173905726e+00 5.935655609510274988e-02
1.653907411387776083e+00 1.082521963668951237e+01 5.105295260085075171e+00 2.460879314401736018e-01
1.437220403799763346e+00 3.808443700475896421e+00 4.961445053673322114e+00 7.119520828506918642e-02
1.425345246252734066e+00 8.029719481252714175e+00 4.813491535723768422e+00 1.558563868402607910e-01
1.538770567395500111e+00 3.635287717327856605e+00 5.092814133189081716e+00 6.424489857346860067e-02
1.422256815381840012e+00 1.909428400598321218e+01 5.386950041217573926e+00 2.389354454540358053e-01
1.437821597907133819e+00 1.033701827910782711e+01 5.201669971033876294e+00 7.799116490507082555e-02
1.409885068314574719e+00 7.523420308762689857e+00 5.020011082815004855e+00 7.056872054460983090e-02
1.552420528669603783e+00 5.064521993518694920e+00 5.133313449369472536e+00 3.126330875139911036e-01
1.478272387588059011e+00 2.933829464922651731e+00 5.099579662469419183e+00 1.148603186070882576e-01
1.123222470970092202e+00 6.725649888584632308e+00 5.091624477340577215e+00 1.670038248920053536e-01
1.766530450595509505e+00 5.118049562390543983e+00 4.930042119462754613e+00 6.310654704265777903e-02
1.824928412039783288e+00 4.183686198013152335e+00 4.963693288353601574e+00 5.235202765528564756e-02
1.566677936088970657e+00 5.183358284273673178e+00 5.019555241717562843e+00 1.667010069676380657e-01
1.149947814439982841e+00 5.324860999527792238e+00 4.862808177756218875e+00 4.074219114181485413e-01
1.600491464911479866e+00 1.117375532800566518e+01 5.079751644147496137e+00 1.082125860466540412e-01
1.361954477362496085e+00 4.004259922729358934e+00 5.016926525992477792e+00 2.067873454000277444e-01
1.262410942414020187e+00 9.933105122228079509e+00 5.102237155406815994e+00 1.596747197103805249e-01
1.162248763524135642e+00 4.533823029568556429e+00 4.746243943649180785e+00 1.782797557682711531e-01
9.694729653460323338e-01 2.858041691130441375e+00 5.069925255952689724e+00 7.311235878654331888e-02
8.145070152959172916e-01 2.984906864693203321e+00 4.931743365773264109e+00 2.423933404481664611e-01
1.237694816423492883e+00 6.558666281740130444e+00 5.131513116474951453e+00 2.182266348729470784e-01
1.353354030116212359e+00 8.272055479131934064e+00 5.037865449427949116e+00 8.938140112909026547e-02
1.725048062684076067e+00 9.935860725248286229e+00 5.073853065603595169e+00 1.309840952664731717e-01
1.265981826804291721e+00 7.170122603848378517e+00 4.995830774198608992e+00 6.469757425273406359e-02
1.284013832894222329e+00 6.317994359583374298e+00 5.235325617034975565e+00 3.478884382422453014e-01
1.472948991485480308e+00 6.917147545735428338e+00 4.919670520346572928e+00 7.075827884072763418e-02
1.526517664955558296e+00 7.626514029217307922e+00 5.068631908250165630e+00 2.606205404299559714e-01
1.649728548073566392e+00 8.917453147403636038e+00 5.068605572107390600e+00 1.051387896902670899e-01
1.083138456122386684e+00 6.368729985140605621e+00 5.199161277168315998e+00 1.564614886446692998e-01
1.308264384376709222e+00 9.039658498619125737e+00 5.061275794988168819e+00 1.393750372525152104e-01
1.164216209861408391e+00 8.760829308544035854e+00 5.157347513479725976e+00 1.661717801435401987e-01
9.506358426140644191e-01 5.671899639427620876e+00 4.852429628758265778e+00 1.836496302244300660e-01
1.329863713977154749e+00 3.928450470860962884e+00 5.048030376712639544e+00 2.709497433224551388e-01
1.269003426048278538e+00 9.446762553208703395e+00 4.843610838087442971e+00 1.032224466624665354e-01
1.424196135490627846e+00 7.975023190397352302e+00 5.162188579076883777e+00 1.054429929527587323e-01
1.556896159295646509e+00 1.031677980299937580e+01 5.022019069950132142e+00 1.028784020533871912e-01
1.657532571472045246e+00 5.823962566148221498e+00 4.984660964997309485e+00 1.212869116140462694e-01
1.567041585934637382e+00 4.253874111092569521e+00 4.950852602771143474e+00 1.181786956606038635e-01
1.311437927184530672e+00 4.408373161460740874e+00 4.998228669860910856e+00 1.594282060338150508e-01
1.220921504848749395e+00 7.967295914068653673e+00 4.905123221188032012e+00 9.913734998041158486e-02
1.328218946571846804e+00 8.400269545553117112e+00 5.034381445753811413e+00 7.600830586491731655e-02
1.299611175660352336e+00 6.908371975331542458e+00 5.066807898064153548e+00 6.254023295993038634e-02
1.826341528766228128e+00 1.287515888954550825e+01 5.041847763803130711e+00 3.796333987592964143e-01
1.147332784361007940e+00 5.029449059927768140e+00 4.920784487214295844e+00 1.045167485224483550e-01
1.076304374555279164e+00 3.918665361839454242e+00 4.971584256479339992e+00 6.746109813629701246e-02
1.390989390422397554e+00 4.735056100047096095e+00 5.090587690469676296e+00 8.646563188866057681e-02
1.361126717703125433e+00 3.792508903467739945e+00 4.838556883091970739e+00 8.129689990871608041e-02
9.903909584959346146e-01 1.289130647142764019e+01 4.630545857936381182e+00 2.550433964506948481e-01
1.202570577583799816e+00 6.092183976044069915e+00 5.010771500712311699e+00 6.269941720533878105e-02
1.328477287318971634e+00 7.858126383675525517e+00 4.988181593456133989e+00 1.319692653503733715e-01
1.202886379777402759e+00 9.057621229889313952e+00 4.929065082001659270e+00 1.134096796535981055e-01
1.233414704964344910e+00 4.673860852224200002e+00 4.993894752656950153e+00 8.172659700599654853e-02
1.314517653024644739e+00 1.083253166950025914e+01 4.858544799839114248e+00 1.611973508461626570e-01
1.791469313810635011e+00 6.357251091380504704e+00 5.023396903088257481e+00 2.182768222615816267e-02
1.706809575145897373e+00 7.474590556807686248e+00 5.036637483912593360e+00 7.887275533699530938e-02
1.547567605370658406e+00 5.853778268540588137e+00 5.062706356992439538e+00 6.852099142359591166e-02
8.135145036553127484e-01 3.028589658266804818e+00 4.890752009082397045e+00 6.247895705492099994e-02
1.579712976562127835e+00 7.819870913546522750e+00 5.001277703348991466e+00 1.148535622147352914e-01
1.928572294593163150e+00 6.313835800777647833e+00 5.014481821491334479e+00 7.314066199645041788e-02
9.470596569265761211e-01 4.418180725314321933e+00 5.018467725107519151e+00 1.268058866971165932e-01
1.422406512642546694e+00 5.355503690798315120e+00 5.307659994867792719e+00 1.325525071983690850e-01
1.521337998561555160e+00 7.750128682013492920e+00 5.001273377788427510e+00 1.173710196112650039e-01
1.410120314485665549e+00 5.690871415057001670e+00 4.893070539591438006e+00 1.627264708687254924e-01
1.693645689544689414e+00 5.279197762180111830e+00 5.113893269994521873e+00 4.346414981840866082e-02
1.629785813552535600e+00 2.930416183821163756e+00 4.867940282647831296e+00 2.146970938805916329e-01
1.436621371875338449e+00 5.690106831148983524e+00 5.025663262034692380e+00 1.957940020613859466e-01
1.773486514599549757e+00 5.821606215557611819e+00 5.062213236959484775e+00 1.517054285903580435e-01
1.987470091216442025e+00 3.171280410156525953e+00 4.986772940687209221e+00 7.389802682770778286e-02
1.918696438839574414e+00 7.686549803811604242e+00 5.063139198659015072e+00 8.432034023000378742e-02
1.368637444003814485e+00 7.029506520412565962e+00 4.818733533987893836e+00 1.430809652177366109e-01
1.059855848580041338e+00 6.503337468956885026e+00 5.050721187110473132e+00 6.025995018568035960e-02
1.310059647898274671e+00 8.284813478413044052e+00 5.177444850701899526e+00 9.397776449915376529e-02
1.702875478733448578e+00 7.482237418521823002e+00 4.913045776472853454e+00 4.060713453532306394e-01
1.511054448458908128e+00 5.133351680357717939e+00 5.018889870731166880e+00 1.859454269452831265e-01
1.289683247741595151e+00 5.932871234122381487e+00 4.965168560029791678e+00 1.490713575939808799e-01
1.408514547559332364e+00 1.329231591321249262e+01 5.039835640456617583e+00 1.554659624017643016e-01
1.043402914807525006e+00 6.313544078590355824e+00 5.013580418170421993e+00 1.254741345125811036e-01
1.228902400107604764e+00 1.011006405826000965e+01 4.912724135938008274e+00 5.429690347265100220e-02
1.332948531181664897e+00 4.957905605158082984e+00 5.041639379972100876e+00 1.841013002443496194e-01
1.303978432375134444e+00 5.065418853993930881e+00 5.140729179281502859e+00 1.810723768245913745e-01
1.340928862377305242e+00 7.500625914407106798e+00 5.184506460936242789e+00 1.186550738243667552e-01
2.064287668628564276e+00 8.435173381601817511e+00 5.038649757545283769e+00 1.309920647416334960e-01
1.442961101625289899e+00 9.791812877528652592e+00 5.141517275743648696e+00 6.967625840016979100e-02
1.489280832139083355e+00 5.807835392110524353e+00 5.116441632448132104e+00 1.159776266385332127e-01
1.141575069464721759e+00 1.105544626336122072e+01 5.121506441615236938e+00 1.949204494138941091e-01
1.300197244579067712e+00 7.038658279100967086e+00 4.958966641956445542e+00 1.163574153553556811e-01
1.547942954246398939e+00 8.268881855816960780e+00 5.041438370869623320e+00 1.090726028971412548e-01
2.056245213820313111e+00 3.279807292573424959e+00 5.016910962241899696e+00 6.506322800379310545e-02
1.257624212977371370e+00 5.146439347880223281e+00 5.010114580268014706e+00 8.913238892256912516e-02
1.472145109162515508e+00 7.774245900748068649e+00 5.017128583034820899e+00 1.305484856153317219e-01
1.159079552994333628e+00 6.308487845051267584e+00 5.003690296738037446e+00 6.815887574491903689e-02
1.720985345896668406e+00 3.858004270451897533e+00 4.842910056322994095e+00 1.005312612041786707e-01
1.358525172782206747e+00 3.505048369790089602e+00 4.859758355535669594e+00 1.169737969686560630e-01
1.290973616601804874e+00 1.139186287853638468e+01 5.159611900945699325e+00 8.530493278906595145e-02
9.015874185396001161e-01 6.135320817193969489e+00 4.873797112457861402e+00 3.264973712427846064e-02
1.415775895324590250e+00 6.088220098921615531e+00 5.097135298172686291e+00 5.935039178378974378e-02
1.947841468740465487e+00 6.866283735242213915e+00 4.951825218723816313e+00 1.131753717268016435e-01
1.150173270464765141e+00 1.171367133971359209e+01 4.967899414164937966e+00 5.239991803506118678e-02
1.881485510419569573e+00 5.259607151734317476e+00 5.145641182160799687e+00 1.152288035539812266e-01
1.378506251840335928e+00 6.465667611067193121e+00 5.094696957116143565e+00 1.108782194136648941e-01
1.540597958358811415e+00 4.604307789734344070e+00 4.931996937759552502e+00 1.850332461659392747e-01
1.123090998895497572e+00 6.635159668809146538e+00 5.011854658181502664e+00 8.583493255026050650e-02
1.225575783185584022e+00 6.686262874186004623e+00 4.707403121134155377e+00 1.931441570775856154e-01
1.377970040705639665e+00 1.638433671452415297e+01 5.077399338199300338e+00 4.546835636813473247e-02
1.054376789075011311e+00 4.755526327396066399e+00 4.997883912844468313e+00 4.868517007768732169e-02
1.069900092838587780e+00 7.214155751668826611e+00 5.028452400434907155e+00 5.027914756784607891e-02
1.071752186374981930e+00 5.589646714899737745e+00 5.071420827090816097e+00 1.593106515580078875e-01
1.213689761510551524e+00 7.999811006441907679e+00 5.011054987105936220e+00 4.640909948568709698e-02
1.781709967083942470e+00 5.171060590503706145e+00 5.002953504977782906e+00 4.804727526791584963e-02
8.396660347800593005e-01 6.094914333234292769e+00 4.918783994401609405e+00 4.405718128157888602e-02
1.526963205374294752e+00 4.150185628694546658e+00 5.186147041655114975e+00 2.309918737564301827e-01
1.090909413892054092e+00 2.748166098827915071e+00 4.952250659953187473e+00 1.459864182595786986e-01
1.124312865947974194e+00 3.328007568100320057e+00 5.004334981293107276e+00 4.961930026232752589e-02
1.290292841219841558e+00 6.270300449913569274e+00 5.093575082221742711e+00 1.630222090996750195e-01
1.659505354696620083e+00 5.914164850698726106e+00 5.017110304394382325e+00 6.085711898045489954e-02
1.189008006390703587e+00 5.972604662689668942e+00 5.005207815015782380e+00 1.028022707548225251e-01
1.238408241381325325e+00 3.440740966194468342e+00 4.991114594322589859e+00 3.936148799886104999e-02
1.293251009934106799e+00 4.950707669883746220e+00 5.018869711220424357e+00 2.227181812414701090e-02
1.448053243922423405e+00 5.825742596922101058e+00 4.999183673713281095e+00 1.012700694628274473e-01
1.531165942563240234e+00 5.571242207508610100e+00 4.941710817676796097e+00 1.791568101520475687e-01
1.464726014830099565e+00 4.239265674689842278e+00 5.038017917023636549e+00 4.653167013089241910e-02
1.581136783155119963e+00 6.293596604800553607e+00 4.819137653980520852e+00 2.083805281373419804e-01
1.026438067461103554e+00 4.028789365320294635e+00 4.909318840693554620e+00 2.214721251237694866e-01
1.302060820043902556e+00 3.258284022519421175e+00 4.729312793138364945e+00 2.935529248906777466e-01
1.608055400251352296e+00 4.586119408764274930e+00 5.049984977831234012e+00 1.782651042935171903e-01
1.592836996101584690e+00 4.477996882999220496e+00 4.929419219136176977e+00 2.155744904146968954e-01
1.223542499149795404e+00 5.353868319159834854e+00 4.977542086831973300e+00 1.783443797622562554e-01
9.795923239969691609e-01 3.502128249030486806e+00 5.070037333494941123e+00 3.879924231438831167e-02
1.301577732762522421e+00 1.974173209417607922e+01 5.014550314397330233e+00 6.058319551162227867e-02
1.861316481601188899e+00 4.068581296599915298e+00 4.821108965125493029e+00 1.620339061218376564e-01
1.346286331919183787e+00 4.858641323646427423e+00 4.906538918567552088e+00 1.159990053023668977e-01
1.394502811151496990e+00 7.678291938542528783e+00 5.058193544235316530e+00 1.904717503852653426e-01
9.937396006034258100e-01 6.723189040688726692e+00 5.084157833989914721e+00 2.971210898782820908e-02
