# Hierarchical MCMC downsampled to get 500 samples
# alpha, beta, mu, s
1.170388410067475515e+00 6.294098333292772907e+00 3.786607770301404052e+00 1.620103177526583393e-01
3.154357122789641199e+00 3.135636639142674209e+00 4.935293511911166497e+00 2.770371885730091854e-01
2.042065612312417233e+00 7.680733289850886436e+00 4.005675854523404134e+00 1.465526749991019895e-01
2.265913548929197496e+00 5.312358921712197812e+00 4.099455455615644617e+00 1.247416153527707017e-01
1.877086873532521238e+00 7.342161816689696252e+00 7.317416742007343267e-02 1.768824085378838951e-01
1.551829421690517075e+00 6.141296388233195458e+00 2.996686771105968816e+00 2.079551901278286485e-01
1.169110031646713344e+00 1.053906698112223594e+01 3.317132663850847152e+00 1.289704705628342551e-01
1.750331427853585753e+00 6.844724336130490805e+00 3.398120644701025928e+00 2.128530800956630054e-01
1.518123062074614005e+00 4.757671724594324303e+00 -6.814009188417749496e-03 1.619460929483124423e-01
1.491386615416198547e+00 5.888410383217716593e+00 1.408633178787747298e+00 1.901339703806930459e-01
1.077821110582657838e+00 5.100288316541362832e+00 2.201673773791326560e+00 9.720650884952246329e-02
7.018032867170204137e-01 1.247075325591455019e+01 1.416220045666578553e+00 1.025438761273221727e-01
2.992380684722439010e+00 3.947541107574904284e+00 3.380398132770684461e-01 2.166145088521357343e-01
1.645139745560401989e+00 2.487120829152949852e+00 3.439971747335168306e+00 1.114803055726805020e-01
9.864013167685110606e-01 8.413021191779952446e+00 -1.364122775102331486e+00 2.409950860413715978e-01
1.051963950048619978e+00 6.825278982530094574e+00 2.842879945459339197e+00 1.261283883752256085e-01
1.491694381230366240e+00 7.687017150179916491e+00 3.723994025136527330e+00 6.218883003252761998e-02
1.835553299677193495e+00 3.601039872479297355e+00 -1.826580901346364083e+00 2.445717464993422963e-01
2.021385425649909973e+00 5.344550167868636237e+00 5.700428997675062170e-01 1.388966448387837227e-01
2.886449020574715973e+00 8.531641369376522732e+00 4.263334457980425540e+00 1.246823242448233393e-01
1.758366655166982317e+00 5.629828877284809074e+00 4.452330436851488216e+00 1.215317843271071369e-01
1.808942604117419695e+00 8.798848683755100097e+00 4.035110869153705870e+00 1.216392012097585462e-01
3.062799830775102095e+00 1.087701286917720189e+01 4.568248253687364979e+00 1.405798563452523020e-01
2.165636064416220030e+00 5.346730335999720474e+00 4.237520656344493375e+00 1.330621091142145662e-01
2.268252880572928731e+00 2.735974209047642880e+00 4.028362204747061526e+00 2.291883279150602748e-01
1.008276170417273354e+00 5.608773883997370646e+00 3.372558227086021043e-01 2.287538848945240288e-01
2.162478651302254917e+00 5.802446643764758605e+00 4.347290877415270316e+00 2.509171271145304027e-01
2.292739441008575962e+00 6.748633341166275557e+00 4.328517897988520602e+00 1.924767216536936165e-01
1.392969450565441303e+00 4.416883089819722663e+00 3.551413006799834626e+00 3.383089880537966665e-01
1.362923887746735563e+00 7.233588816595218240e+00 3.812554304080056689e+00 1.904970075639874638e-01
1.825827569796330652e+00 1.026357676757059778e+01 4.451464783028490579e+00 1.883848964611603838e-01
1.317119617970931911e+00 5.479773716484413804e+00 -1.626459019118503546e+00 3.019616258324387403e-01
1.397144619500090279e+00 4.162342456194116025e+00 4.351733214541433803e+00 1.556320531118992045e-01
1.259268305441523905e+00 8.593598017217908946e+00 2.544704920028028727e+00 1.451033389143796537e-01
2.200763856587572231e+00 5.282597308527758884e+00 -3.913958455858859153e-01 2.301128273127899249e-01
3.654111399203092247e+00 5.008317263828881316e+00 4.466982482963698153e+00 2.390331775092701949e-01
2.056116453640720820e+00 5.380649672828419661e+00 1.031904505914615910e+00 2.056975461692003293e-01
1.983140651433776380e+00 7.405812871097749550e+00 4.686309213166918397e+00 2.735068242434819941e-01
1.926707938965171119e+00 3.461318406021723249e+00 -5.852392134123690637e-02 4.388455725121789830e-01
2.749701032029105985e+00 4.917320878801849204e+00 4.270652399325113535e+00 1.698559614592487221e-01
3.027051514844389946e+00 6.321343615996001475e+00 4.052305665682717439e+00 5.501242506026156054e-01
1.606234512943737425e+00 3.911441758347399045e+00 2.770127650038662459e+00 8.721254117864293831e-02
9.064482505617987851e-01 3.552510082136146607e+00 2.761468629397597851e+00 7.978551951900120232e-02
2.153699551321371697e+00 3.895255902004584492e+00 3.573015614621271041e+00 2.718138711212894632e-01
1.208792728063869060e+00 5.742706197396285184e+00 6.585359394680110334e-01 8.131900155161857213e-02
2.255008394697470386e+00 4.366362707702103663e+00 4.660564651824241622e+00 1.118821773342680709e-01
1.242249117954776105e+00 9.576267477188327604e+00 2.665216312930841269e+00 8.833200257875221950e-02
1.975070162413641972e+00 7.924243736734228882e+00 -1.118127196711185212e+00 3.479775682630414924e-01
1.128662420703664404e+00 6.643561026084721988e+00 9.977490653607969939e-01 1.515759732980799246e-01
2.342392788797870828e+00 9.368566925279008473e+00 4.140256179682159754e+00 2.649504999728738430e-01
2.458407056513140621e+00 7.158515196183608431e+00 4.252599093953215004e+00 7.466325708536974970e-02
2.130865762575217648e+00 2.467223704372861537e+00 4.553278854829931888e+00 1.236019927661255458e-01
2.129924054324378258e+00 4.752887021073191498e+00 4.011470965046401105e+00 2.280205970029774987e-01
1.550067906129613649e+00 5.163420541808998010e+00 2.213982509951400779e+00 1.602762361133978630e-01
3.808533157449202289e+00 5.407338134574668942e+00 4.204045077371355355e+00 2.019263823500924704e-01
3.301454553846309814e+00 6.013981214637503570e+00 4.303687962043087900e+00 2.807430056870843238e-01
1.084288598715626550e+00 6.720407932648281957e+00 3.060740182655946828e+00 1.237592677594598206e-01
2.251861016090789036e+00 3.514955277391371702e+00 -1.777174084308920321e+00 1.568331713178557629e-01
9.284207050123889360e-01 6.084964893598465707e+00 1.808426684793247308e+00 2.420019393348176451e-01
1.412654403291617511e+00 8.515266458776217462e+00 3.687808095376666095e+00 2.095372391036461890e-01
1.281515056115135387e+00 1.392311317754009892e+01 1.168901342610053407e+00 1.756951133820339184e-01
1.414456225089059993e+00 4.021733943915011267e+00 1.924646271780536377e+00 4.425386329340278424e-01
1.346084416112947935e+00 8.259900542259742906e+00 8.613515111528591284e-02 1.997617920575745498e-01
2.212274818181930502e+00 3.350262549618030050e+00 4.510454697417659808e+00 2.554286853929107481e-01
1.692542159893184905e+00 3.759378296810012898e+00 4.668965328860074315e+00 2.573268845184141784e-01
2.348737130086687941e+00 5.843670168247336427e+00 4.340582932465515853e+00 2.485718239704506338e-01
1.814119549918776109e+00 5.886054110030557673e+00 -5.658269793200073616e-01 1.635806095862386289e-01
2.172583789463028214e+00 5.253199624042508731e+00 4.292460711780991645e+00 2.112349066581333812e-01
9.745262587066676474e-01 8.362598268185223560e+00 2.293608066401997103e+00 4.827950794417694425e-02
1.595305468421188255e+00 7.843709291968339770e+00 1.074950822045265486e+00 2.410956446640815654e-01
1.173059671883508237e+00 2.534928781988962321e+00 3.430852137995176854e+00 1.962446416597955490e-01
2.083768440660035637e+00 9.302459104287327918e+00 2.953562750094407718e+00 2.398547642708848959e-01
1.391159472226600080e+00 7.909982450126676667e+00 2.328792855854657340e+00 1.859740562320445489e-01
2.366253696882134161e+00 5.758529597958537138e+00 3.836016548401158577e+00 2.631081106307969764e-01
4.945458930028169275e-01 4.545428057980148040e+00 1.325650234972407526e+00 9.453724881216418741e-02
1.428402424158541795e+00 6.335158495523621980e+00 4.428970720503894398e+00 1.997312330756945420e-01
3.339507302366808261e+00 6.373912013850102198e+00 4.095647924247037608e+00 4.072146629417152108e-01
2.468220059631526020e+00 8.706832304355458518e+00 4.897489638106393706e+00 3.093745690330162446e-01
1.738515142123819412e+00 4.999970322854567328e+00 4.377744248362983370e+00 1.697971690290178970e-01
1.131589914749040693e+00 8.171542206583032097e+00 2.585410661498138696e-02 1.369706956544572141e-01
2.023205607125471595e+00 3.883117110274708406e+00 -2.940457378867021854e-01 8.919671509664553466e-02
1.548252082152576037e+00 5.971464787409083819e+00 3.449474829095001915e+00 2.833851798237597697e-01
1.313704656191563069e+00 3.761764462028232892e+00 1.940930446088212080e-01 2.491150283572720059e-01
1.421788006329446574e+00 2.562684421100827059e+00 3.612294165200790719e+00 3.851104550136611460e-01
1.220609960842236497e+00 1.045470997236437860e+01 9.419184935286941673e-01 1.522590160558048022e-01
1.363559551009593251e+00 1.333548369542149814e+01 2.002414487073020055e+00 1.122798827376211006e-01
1.561917332815194737e+00 5.981194755301091348e+00 3.039844125754491699e+00 3.259793437426953822e-01
1.095857048479429441e+00 3.745079905356981875e+00 1.518041496688368408e+00 1.230662013147228034e-01
9.586580260874280057e-01 1.046512593126102963e+01 -1.026777389699686793e-01 2.006600432811037615e-01
1.596242837955863081e+00 8.179657820958654568e+00 -9.822585109893294808e-02 1.286527309858087886e-01
1.958127807479796978e+00 5.618021436778473543e+00 4.418893731471682074e+00 2.135639408540145057e-01
7.073135497624404300e-01 4.018749702323526130e+00 -1.227385434866858027e+00 2.155418474047401389e-01
2.429991445535431005e+00 7.163071126363957042e+00 3.818098681394157534e+00 1.630544058553203002e-01
1.933809378742661345e+00 3.147893207867203280e+00 2.857868275899038579e+00 2.505893790794931353e-01
2.024218210695885034e+00 7.360665994274309121e+00 3.544883896552070368e+00 1.033771633724923367e-01
1.462535362845716502e+00 9.004160897028725685e+00 4.347824462211855590e+00 1.163018340055688715e-01
1.809480353605655623e+00 4.139549078130056792e+00 1.313951458700164387e+00 2.097931407151191752e-01
1.888077808711977612e+00 5.306341647519320581e+00 1.084316406997264615e+00 1.723818262906565701e-01
1.793513849559504880e+00 3.462279583854735332e+00 3.843031155889224060e+00 9.618537752274501640e-02
1.549746006916717045e+00 5.062701799053816565e+00 -1.639316924056769098e+00 8.222071329537880557e-02
1.431874060829985584e+00 8.499621276091831490e+00 1.788358998634965724e+00 8.677547253635284341e-02
2.205050783974192630e+00 2.280011724653458138e+00 -1.469494571325792975e+00 8.314758472200124706e-02
1.762663715783160612e+00 6.516529822049924370e+00 4.369699507382233783e+00 2.421176903068533171e-01
1.825798188606097883e+00 3.589924439542351298e+00 3.532357126324368046e+00 2.862116449007812702e-01
2.513309251019432367e+00 9.606943357713952025e+00 -3.964395385656889759e-01 1.086493115480993005e-01
2.485944852278322514e+00 5.820387863477114010e+00 4.476173882830150497e+00 1.279390400458218502e-01
1.688160730895386763e+00 5.690784430712798603e+00 4.117550669761768312e+00 5.956862966992697295e-02
2.081524621819741849e+00 7.607794722342688942e+00 4.167275419714871809e+00 8.653620091255814772e-02
3.037339952328522052e+00 7.547324051901088460e+00 4.385694273573249369e+00 2.639320810908731274e-01
8.928043097916987803e-01 7.330525103035120615e+00 -2.726410004513755148e-01 2.958888698027706821e-01
2.012736819060565896e+00 2.928969311065685144e+00 4.245384913424192774e+00 1.372089781097502181e-01
9.299835517663274098e-01 6.628593743241046887e+00 -6.498283655201216868e-01 1.589383158378923910e-01
1.933499134306589040e+00 6.520263708336128339e+00 4.344937623514497638e+00 2.081066389784729520e-01
3.090904370912542110e+00 6.562914194190105022e+00 4.450301336072029379e+00 1.572702878506565538e-01
1.815459283437563354e+00 3.562287255281908926e+00 1.088535746879421673e+00 3.619168056604405992e-01
1.108541215607503405e+00 4.056704955220578057e+00 -5.533221415725669834e-01 2.194215772863324088e-01
1.289354030619843883e+00 5.658423495219974342e+00 4.105024962032091551e+00 3.624320913128153965e-01
2.620627615513182906e+00 5.364513987392483862e+00 4.286923350610916117e+00 2.510248986471802501e-01
1.285075013912636566e+00 5.662456104271443635e+00 4.338270118384832230e+00 2.178507700069141628e-01
2.044526136594467136e+00 5.020494463350408942e+00 -1.634178224853567674e+00 2.867347835334723705e-01
1.543164600505911643e+00 4.851132225868830972e+00 4.334247608328142043e+00 1.545280117632170103e-01
1.452105526583570949e+00 5.167948615367270904e+00 -1.288328916925726819e+00 1.566642622183889721e-01
1.361757068259886516e+00 7.042239218429839909e+00 2.103918677000680137e+00 1.131071845500435658e-01
2.057913603913949174e+00 5.656341146113870622e+00 3.935640104918817439e+00 4.095894033693061043e-01
2.516109429837197986e+00 4.090656224169767263e+00 4.591390580990015735e+00 7.475977421888371777e-02
1.157198577247634974e+00 3.531940287548820834e+00 -4.753562065518105451e-01 3.058466281929528297e-01
2.000649840603955010e+00 3.825835582186504880e+00 4.285844995469281216e+00 2.039217336384421819e-01
1.635309941278387358e+00 2.995684318885635911e+00 7.545288486032756259e-01 1.747565082575160134e-01
2.396336953666344805e+00 6.545500029489513594e+00 4.370670819807951801e+00 2.233168230867739745e-01
2.138679811443787493e+00 7.454420124009268456e+00 2.907967524271296789e+00 2.249244027764554787e-01
1.167835142028136985e+00 8.388261203754655781e+00 -1.093332982224356265e+00 1.175376996125925139e-01
2.353425609330336066e+00 4.514644248690782291e+00 2.039168112574820224e+00 1.333942469950986642e-01
3.025577645342228728e+00 5.472485783468867382e+00 4.338925433679874821e+00 1.403664210429050319e-01
1.935863656268470567e+00 3.757597479608866031e+00 5.677597976122661372e-01 1.610010633771830346e-01
2.227127505349207670e+00 6.217909455041794153e+00 -1.064326349137968641e+00 4.606250632535960343e-02
2.211305979182558445e+00 5.454664276788721899e+00 4.319167890870162729e+00 4.185005863305925611e-01
1.023985001041780363e+00 4.827957576048421018e+00 2.348728788193517492e+00 5.486507769320083522e-02
1.656013100456886322e+00 5.205213941917704368e+00 4.289890312163304742e+00 4.012721085172844121e-02
1.905140989042991784e+00 5.720551681886512085e+00 8.352168921751820241e-01 1.525711061608876762e-01
2.414778594019928892e+00 6.795630126009235994e+00 3.815306059719687948e+00 1.555168689174925567e-01
8.883206210421517035e-01 2.415669005641271738e+00 4.333096336582691777e+00 2.623129783417634808e-01
2.762587732681342612e+00 7.846578023151348447e+00 4.507440800532848790e+00 7.715031923973822425e-02
3.099280206734578158e+00 7.024850468947471782e+00 3.750203968391768505e+00 1.375623352626757501e-01
1.963063456187973621e+00 6.660143783375158222e+00 3.910675074727581801e+00 2.860857050539779012e-01
2.022114179806500101e+00 6.391328382162263289e+00 4.021761971544695946e+00 2.740001598425232388e-01
1.739364869381113898e+00 6.957170231026315932e+00 5.825626924818125829e-01 6.492829549561882074e-02
1.559492769134955159e+00 2.965408111096108801e+00 -1.682643116131625316e+00 3.252103082725393834e-01
2.742380813941438067e+00 4.533997961229280449e+00 4.792469165830900657e+00 2.957571782471926092e-01
1.246884836885215231e+00 5.208731464144619849e+00 4.017477508930446639e+00 2.643844877697751339e-01
8.260362298589152275e-01 6.756085792618909736e+00 -7.575330956869674726e-02 8.399901156247502332e-02
2.202667693089157108e+00 5.746315199746846680e+00 4.454415795221027707e+00 5.702996076682754351e-02
2.756349576042889993e+00 8.365645452015742833e+00 4.430233935106891785e+00 6.355828010756563173e-02
1.434679266320064928e+00 3.327863209798909594e+00 2.686401384641434298e+00 3.155733910312815693e-01
2.472719885670440654e+00 6.471617758171938739e+00 3.949592355037511382e+00 2.216905810388791753e-01
2.036825697626277965e+00 1.007807299281089364e+01 4.062919979508375690e+00 2.673859727890564031e-01
2.196288399053380580e+00 7.432232918614796624e+00 -8.788399382312284125e-01 9.479864886869870944e-02
1.969136614367389848e+00 7.234983612653125284e+00 4.045231000564793788e+00 3.241120000596897088e-01
9.517924719772667963e-01 1.223750501551008085e+01 -7.757156019230997401e-01 7.318567615233176338e-02
7.850892700724064754e-01 7.423300323643691634e+00 1.871878329676704533e+00 4.155105189273246291e-02
2.133831879363147888e+00 3.495681383891751537e+00 4.113310074862992494e+00 3.445153751446587420e-01
2.109859320904019953e+00 7.815952395747705062e+00 2.147408754013128807e+00 1.176209846164312373e-01
1.504112705606538869e+00 5.682550973586366183e+00 -1.090748894736681907e+00 2.456633691875333425e-01
1.963486229687274376e+00 3.797104388582758894e+00 1.365846611584031978e+00 3.244339266695795976e-01
1.547033939741117692e+00 5.320977017320450919e+00 4.174507248719390162e+00 1.009294079997943572e-01
7.376050956159846406e-01 3.762094334943405727e+00 3.374974831471042602e-01 6.159085201675704724e-01
1.763939689659973054e+00 5.012015100926148214e+00 4.424218524460536983e+00 3.513604811302156739e-01
1.816836548053861300e+00 8.496245481141341926e+00 4.004322719530040153e+00 1.738715075095128015e-01
2.348739285333689253e+00 3.611580899936060796e+00 4.690318283031293944e+00 2.562227196869059642e-01
2.278648576868553377e+00 5.436351544568929661e+00 3.941017657073471625e+00 2.843045276177647573e-01
1.602294818981202962e+00 4.597558315639941995e+00 -6.212553655350032678e-01 2.157244807796568631e-01
2.072063888819447364e+00 6.590354835762886943e+00 3.903043671251066105e+00 1.990029648224524161e-01
2.012526201222391897e+00 5.456300334779500716e+00 3.607643407411853076e+00 2.740041864943548178e-01
2.201924449541586171e+00 8.411327415512653616e+00 8.033398788435079929e-01 1.942479412547134521e-01
1.837180130464619587e+00 8.328596732804523839e+00 2.386866806263064689e+00 1.584596642008531675e-01
3.238035159664188534e+00 2.877107004635067522e+00 4.739177590277563468e+00 9.515565490430552553e-02
2.480513168492813669e+00 6.447358192163024526e+00 2.285983368140945604e+00 2.747289372784794681e-01
1.828142511704440087e+00 3.785473200128387283e+00 3.607240350631068182e+00 1.055778186024447646e-01
2.204174675303047781e+00 8.313282063099030950e+00 -8.883421771814371537e-01 1.011587789327267617e-01
2.156513370641270466e+00 8.493402478746819639e+00 3.401897333983918692e+00 4.796082687463574246e-01
1.319762732129929450e+00 3.258831196504509364e+00 3.715442497322793969e+00 2.950778454818296925e-01
2.964106114165317329e+00 4.819414778280622258e+00 3.842708962298032827e+00 2.167853610808849196e-01
1.141612750319803693e+00 4.471604540204241474e+00 2.654032196035129854e+00 2.023079113488943093e-01
1.232980831562420443e+00 6.808112231243180545e+00 2.806106085309540088e+00 8.919915709824638439e-02
7.428732691055820458e-01 2.958828221452578511e+00 -1.222823583918237533e+00 1.074908029206544102e-01
3.258662279117892968e+00 3.350722067031340679e+00 4.613557630617822092e+00 1.641451622647631670e-01
1.213028964017887290e+00 7.388390101462635862e+00 -2.394492944123978173e-01 1.824337849440929027e-01
1.760591741915071617e+00 9.030830916812771392e+00 4.974047745117262664e-01 1.189080711377057120e-01
2.180392495491819016e+00 3.734042723224423987e+00 4.387372166789147876e+00 1.807329496483450759e-01
8.029226511993409199e-01 4.294322474165325865e+00 1.114111413037593090e+00 1.881033340541320709e-01
1.242361047117026995e+00 4.486547968856228863e+00 2.607089200205540358e+00 1.126176184252803136e-01
1.114473762219717390e+00 4.002597757520222288e+00 4.509006842792951275e+00 1.723264067661479659e-01
2.615954793134404266e+00 2.991101892865742684e+00 4.781112991888241126e+00 1.113810704588692746e-01
2.012518135141471820e+00 4.282855744563649480e+00 4.280761724956232861e+00 1.597110763059231275e-01
2.277520672163831250e+00 6.755632541984811112e+00 4.731272382834406542e+00 1.688271356266785039e-01
1.719030553948089013e+00 6.170824900752718278e+00 1.631764152294145509e+00 1.982060322928986540e-01
1.162097465099064753e+00 2.931270929658604363e+00 1.789150169792153022e+00 2.812212542383873970e-01
9.811934460774005551e-01 4.177257090752990010e+00 1.336244301907422161e+00 1.738488419488096182e-01
1.369558158357774946e+00 9.013773984107871229e+00 2.571304612588616867e-01 1.818173566217531623e-01
3.013043718867625120e+00 6.072761861690453955e+00 3.409855634802559265e+00 5.347765317585729816e-01
6.973590500887101307e-01 2.300916329804040039e+00 -7.690876163281290534e-01 2.942600887860335468e-01
2.983729862798141230e+00 4.752626311515736113e+00 3.901607174649242449e+00 4.004369049930819324e-01
1.364565164640638040e+00 6.108094821178368328e+00 4.077677134515885093e+00 2.328801776986100802e-01
2.082988984762238704e+00 4.548187216824026713e+00 3.796968387350327045e+00 1.635850249708340476e-01
1.779711289755171677e+00 4.231428949481879087e+00 -1.751676561316166891e+00 5.819301998197368153e-02
2.530350201412552291e+00 6.888625217447238214e+00 2.762903188904028084e+00 4.198958772229225422e-01
1.724672705464147748e+00 3.348234660520116535e+00 3.766365654159223864e-01 6.262710717086801548e-02
1.849797577085589007e+00 4.168768956366220912e+00 3.392287752864743489e+00 1.625560417721137463e-01
2.150323238690901917e+00 6.515222885283650456e+00 4.200957377121123493e+00 2.627284104332736625e-01
2.966979872279061237e+00 5.383207560710435047e+00 3.238636028666974198e+00 1.671404511886533661e-01
2.654524898960070711e+00 6.882054098582369051e+00 4.536548264959696652e+00 6.669196307528746370e-02
2.637566498731454878e+00 5.693657725257308400e+00 3.578928310823371817e+00 2.554197981384078719e-01
2.719424243494665383e+00 5.160687658806486056e+00 4.264096035216940805e+00 1.551085129584446332e-01
1.562687087342953696e+00 4.840597016448801249e+00 1.930951239015733290e+00 2.171157010488845018e-01
2.073475361237377079e+00 5.557689102151371685e+00 3.968397297170000115e+00 2.320157563936289247e-01
2.075950032080455809e+00 8.453750944760377806e+00 4.224949262742147660e+00 1.736369463429193460e-01
1.302774106145973443e+00 7.373842041461744046e+00 6.877275539458549414e-01 2.748476517068747516e-01
2.360760878269957175e+00 6.969082889506521994e+00 4.028093563404277155e+00 2.049030695454475692e-01
1.644228987279236165e+00 4.099283652578485260e+00 3.987158560302830335e+00 9.723618212057130727e-02
1.122583426411494223e+00 3.774950904736952051e+00 1.974899166472465772e+00 3.102575574203790265e-01
7.120282225078887750e-01 8.266929704554126346e+00 5.946707270432832759e-01 2.706325671564401292e-01
1.787945600902210774e+00 3.697263922202413511e+00 4.271368313841215958e+00 3.007403686782001984e-01
1.522996260385193867e+00 6.100178824733423433e+00 -5.285147097077743661e-01 2.964289870305381047e-01
1.443218200436854781e+00 1.037784262384401046e+01 -1.734086093298735087e-01 4.434837762965045116e-02
1.506251695968082505e+00 4.248198928609578928e+00 -3.165655047183543180e-01 6.083764214297615602e-01
2.548579354183113654e+00 6.407276555433234932e+00 3.902990592280701776e+00 2.598150420806596417e-01
1.214927197224122679e+00 2.345219377957119100e+00 2.868181810895054085e-02 9.469410600201286221e-02
2.643937320573970684e+00 6.924387294019829220e+00 4.824777190408673810e+00 1.833486323631073889e-01
1.773586786195705978e+00 6.772553261347026066e+00 2.118513893694172978e+00 6.465580808605349283e-02
9.259995783950890624e-01 4.859694350184049050e+00 3.010386983305092023e+00 2.067838099603610258e-01
2.457393595896891991e+00 4.925815965198313329e+00 3.981885104599913294e+00 2.829686717809888341e-01
1.417141659740337678e+00 2.259258235386238489e+00 2.993937853371131386e+00 1.113657348940998437e-01
1.446750391750891929e+00 7.619471320622748678e+00 4.032387036843294581e+00 3.822658030288595410e-01
2.163155959627228508e+00 6.370180139263952768e+00 2.059295262663727311e+00 4.019599051668516776e-02
1.831706104993608752e+00 5.080696989485330661e+00 1.163762719012071845e+00 2.386552998263792302e-01
2.875957813254548689e+00 4.627473823560603883e+00 1.965354758400783552e-01 1.821903525460437934e-01
7.204647795224415896e-01 3.962379813055268318e+00 1.097532271371055135e+00 3.095675536260593663e-01
2.113299065216844408e+00 7.921778766511851089e+00 -1.759726797206270232e-01 1.513860144479530490e-01
5.703703164528982628e-01 8.876377942884294825e+00 -4.633787705003816759e-01 3.185196985208825771e-01
1.747175300149999444e+00 8.001690627914809895e+00 4.009274334753053282e+00 2.249801340901494695e-01
2.669172542107247192e+00 4.363192236698677284e+00 2.194603463480433447e+00 1.129286995404014809e-01
1.407480525012569261e+00 6.717178461702348002e+00 4.299168977122562740e-01 2.752863232653903758e-01
1.442622813566721174e+00 4.866917262766190966e+00 3.902750584105669773e+00 1.664663744026524672e-01
2.699069698075919455e+00 5.355777084836406132e+00 4.535270454842318166e+00 2.038558815398067436e-01
1.732613363998882550e+00 7.190210205231450935e+00 3.514373612880636433e+00 1.008682461058262730e-01
1.932323936767017081e+00 5.793665111862311257e+00 4.168212829437256239e+00 2.493391275207869628e-01
1.847346198728114564e+00 6.368466363042683653e+00 4.285288624895267517e+00 3.074691952164534392e-01
9.488813404774322224e-01 2.156919655435093119e+00 1.087650492750569242e-02 4.052462203265593810e-01
1.842306377448155619e+00 5.271620316911459270e+00 3.558748145075136815e+00 3.640046296570604301e-01
2.667084399661440841e+00 8.259117332925866251e+00 1.861974944747458061e+00 1.907541573469699325e-01
2.402208569845384112e+00 9.912462925665996849e+00 -4.647856699853616380e-01 2.241290233753583938e-01
1.065417341173116261e+00 5.609016091974599938e+00 4.777948318439546593e-01 2.049750901854955620e-01
3.395044059717473584e+00 3.862990478221464130e+00 -4.500822775438017009e-01 6.891446742238833967e-02
1.438897596557069614e+00 2.605154031992646502e+00 1.837109692249795589e+00 1.667767254861273751e-01
1.523109287901743825e+00 5.060322803786758250e+00 3.849191346560495219e+00 1.908263878273446512e-01
1.431390389669486396e+00 3.834154502824057786e+00 1.619804364574235267e+00 7.905162986468057540e-02
1.425044962125017634e+00 4.071051660394908289e+00 3.829440151084515964e+00 1.129901568583056154e-01
1.903573270092420389e+00 8.057272208660540613e+00 4.579688791247688684e+00 2.168106819834066390e-01
1.237060381472289139e+00 3.885324566528185919e+00 3.868972682388987394e+00 2.189525668886702081e-01
2.973124631066089485e+00 5.263687120276626885e+00 4.649693753694367215e-01 1.147943479066247385e-01
1.593207578015935599e+00 3.457732901239459977e+00 4.187767601148356000e+00 1.536344992729237746e-01
1.772373524427109714e+00 5.707978118825491443e+00 4.401752180538871961e+00 1.729108871145898785e-01
2.087940476214827701e+00 4.983310066512681047e+00 4.563687512037261307e+00 3.293096561734589200e-01
2.103488091435724794e+00 2.884319577080568742e+00 2.677353910290386718e+00 3.985537323016389299e-01
1.446189015612741935e+00 4.996548119500888063e+00 3.244871670961265053e+00 2.246351483532828264e-01
2.001764552098801442e+00 5.861171387432802860e+00 4.350966904752428199e+00 2.521864710784185171e-01
8.496080905008193129e-01 5.498294079808703216e+00 -1.855029240787537503e+00 7.987936184118987759e-02
2.143078509180408098e+00 5.984016730942762763e+00 2.223200245148337917e-01 1.899474228888948790e-01
2.635910934981516629e+00 5.732306704412729381e+00 4.553901666598219933e+00 2.168834104598664492e-01
2.312054466643686190e+00 4.044882549997763199e+00 3.442936950204965818e+00 2.640870010743917584e-01
1.615013501839533960e+00 6.565814267696383766e+00 3.378090419919702825e+00 4.481295243055156696e-01
1.985895193241507206e+00 6.628303477873509486e+00 4.156562017163691891e+00 1.275859718776422014e-01
2.752695680923890276e+00 6.610262379349689077e+00 3.499250516121317212e+00 4.324064389960282084e-01
6.833223050620983452e-01 3.590251288896339599e+00 -2.362868064548392932e-01 2.028349495172195038e-01
1.207696632909080803e+00 6.575252536006299664e+00 -1.775235516774288369e+00 1.077791140277807314e-01
8.688522777200113900e-01 9.486738901583011696e+00 -8.082764752508203587e-02 7.224967069969601141e-02
1.514050279140898736e+00 5.126156716466747199e+00 3.551046838323599353e+00 7.093273726598314788e-02
1.677535985758729309e+00 3.821217843794703306e+00 3.964166811375926081e+00 1.729382833761426153e-01
1.421753386228105098e+00 4.218006207667547081e+00 3.375782466425371275e+00 1.696099731896091312e-01
1.200152285258952123e+00 1.320226548254353283e+01 2.171655214827891811e+00 4.462783898969337470e-01
3.018290700491324863e+00 5.265185552531688629e+00 3.534336847470340714e+00 2.353578445979059297e-01
1.649252579709589384e+00 6.171423756023217244e+00 3.591148160621990382e+00 2.156525465345214276e-01
1.503281006339739267e+00 5.861491702993193442e+00 4.215701258132630969e+00 1.198633295468366083e-01
1.923869030056069240e+00 9.307504685442969716e+00 4.458717504274716248e+00 3.702889898915577849e-01
1.561820584559468816e+00 3.228298891330998455e+00 1.680751306964950897e+00 1.547375521465870485e-01
2.130865762575217648e+00 2.467223704372861537e+00 4.553278854829931888e+00 1.236019927661255458e-01
3.018122969945638889e+00 5.721447615497702976e+00 4.528117332619761903e+00 6.265720502480225107e-02
1.828076154203638115e+00 6.345076940983267910e+00 1.411475615135376449e+00 4.864301387647028685e-01
2.676668462374748092e+00 5.044142488747981545e+00 4.319988934239384015e+00 1.919995157950678544e-01
1.565023965755724555e+00 6.858305236529012028e+00 3.851753346154697333e+00 3.219799207573894595e-01
2.239744449130907089e+00 3.123503929087927400e+00 -1.553519765476151004e+00 1.588059125244138947e-01
1.847112584307919025e+00 3.846224527242291913e+00 3.905114665036378607e+00 1.323452493390305240e-01
1.982031692000037593e+00 7.618758002752356262e+00 4.279241637047125124e+00 2.021730840342805258e-01
1.815620605448431402e+00 5.436707143101569883e+00 3.737662169465904682e+00 6.148483552184076661e-02
2.437856166424881899e+00 7.545600281426890987e+00 4.109005399623671728e+00 1.601620072403470152e-01
2.074575969515814577e+00 4.571085356342329042e+00 2.751811179937953433e+00 1.949403623707816613e-01
2.206311321162206518e+00 4.943001512125525743e+00 4.144913961703925231e+00 4.332583947078767483e-01
1.111099526038585861e+00 1.089472813197692780e+01 1.326169695157655815e+00 2.356538038122072132e-01
1.537384366060218888e+00 3.507014324606130717e+00 3.205801004714531999e+00 3.370888061775557665e-01
3.399548642548082089e+00 3.494345532945449584e+00 4.632317479812544825e+00 1.636353260181974689e-01
7.707296263436108630e-01 5.800978579104696387e+00 -8.332431354066142104e-01 2.597160485113669259e-01
1.198147005398425557e+00 6.344730089429523545e+00 3.575137904345640383e+00 3.134826276245342158e-01
1.342722360345010912e+00 8.388374262852886787e+00 3.717452019352848414e+00 2.326213447074184648e-01
1.838354476268634130e+00 3.628972792336500053e+00 4.314570407135651209e+00 1.419589278908719998e-01
1.274514051695355699e+00 5.689740445189531926e+00 4.539526994197014886e+00 1.763743484828165231e-01
1.861797163291260881e+00 6.867016279051490812e+00 -1.925142357804765947e+00 5.295194205446446256e-01
5.082189260145054455e+00 6.315975645787087700e+00 4.674515030398690207e+00 2.167691234002252776e-01
4.135327228971258151e+00 3.766200386765618191e+00 4.505372123820660768e+00 1.933923080979887688e-01
1.618480071931686748e+00 8.755827634856013120e+00 4.058041625504271721e+00 2.406783589091024134e-01
1.051774265921354257e+00 8.663106251530457769e+00 1.332044591782665544e+00 8.922192931696550089e-02
1.822768384831355393e+00 3.592627236692270021e+00 1.853845323637861364e+00 3.127678473678005000e-01
2.124269388164733208e+00 3.842461797785676758e+00 -3.063991580260501113e-01 9.180870036522950639e-02
7.721759749007659490e-01 6.718012038177754164e+00 3.758371987439618200e-01 8.814132461232079829e-02
5.196138192338476403e-01 5.230441235450721926e+00 -1.098912171521218450e+00 7.767312836028014700e-02
1.618480071931686748e+00 8.755827634856013120e+00 4.058041625504271721e+00 2.406783589091024134e-01
2.539982917222152636e+00 4.215225555304478178e+00 4.517579530366357510e+00 1.255558498613425500e-01
2.167732501560887037e+00 4.397638732089069968e+00 4.076710132575055212e+00 1.527298138161509167e-01
3.883117731750864277e+00 8.671676707216834146e+00 4.097506622253713537e+00 1.439823231964784123e-01
8.649715967857917187e-01 8.398513205442370122e+00 2.799565186858134158e+00 1.643084749378805054e-01
2.186214911808281869e+00 4.193521062260823662e+00 -5.083498580308154491e-01 2.266556515746871447e-01
1.233988603457899291e+00 4.943205518220413097e+00 3.456816713143326503e+00 2.838540943346533063e-01
1.206664444919608226e+00 5.923909831036660023e+00 9.674307718116700316e-01 2.671102593158532490e-01
1.065096354499635911e+00 4.420917693672244297e+00 1.841068211989329573e+00 2.065561760103609146e-01
1.614543868159157736e+00 5.962786842985917879e+00 3.833266892179391760e+00 9.424314276755942077e-02
2.896728630812649197e+00 9.135289460212208112e+00 4.628235490239375416e+00 1.704945586988222961e-01
2.542269756785820789e+00 5.574232843000055837e+00 4.489165140545183341e+00 1.476665455982920094e-01
2.722685678003249343e+00 7.753819273351742147e+00 4.512289133931964180e+00 9.669146857698032727e-02
1.980445860767719335e+00 5.492622337064475779e+00 4.133403398997095302e+00 7.214587554169947514e-02
1.912298033743197401e+00 4.399321988700665820e+00 6.621102098996708429e-01 4.074497166635242529e-01
2.578184630738133531e+00 1.028487093925387263e+01 -1.603869170913288622e+00 6.676082079228752575e-02
1.923745097922257674e+00 4.165453466479543287e+00 2.985303186184124158e+00 3.235130488134476678e-01
9.335999521408061552e-01 3.511212888540468757e+00 2.765108386979808763e+00 2.290201572628716986e-01
1.688925292046916882e+00 4.732551783916912669e+00 1.785732844953299203e+00 1.562321790911133379e-01
2.471369826126640135e+00 5.858345899437651383e+00 3.837230571938877510e+00 3.809880408381600136e-01
1.958386163631092192e+00 7.954076001088450809e+00 4.052547261851695559e+00 1.476548506382814319e-01
1.801982681961558308e+00 4.118834852008035341e+00 3.968244826526075464e+00 1.399378527567647634e-01
1.676715198251128580e+00 6.972073084515703734e+00 3.464327562967431273e+00 1.008367857734270429e-01
1.784002507459240716e+00 5.101800463935036056e+00 8.462109624232102556e-01 1.206406368870364121e-01
1.004633472372660874e+00 3.865769126164857461e+00 2.457344874080956476e+00 1.609241197730087725e-01
2.178801406034096999e+00 6.074769987224579282e+00 3.746860073810947878e+00 1.045542008625719582e-01
8.729303212858439132e-01 9.604421049130944965e+00 3.199391943026089535e+00 1.720695251894895084e-01
2.232646830232829949e+00 4.852738103218205090e+00 -5.072478843593772879e-01 2.082908704781363807e-01
5.329429935758411840e-01 6.393066022158711448e+00 -2.274366766977982124e-01 3.597365600203930036e-01
3.558177864344195918e+00 5.548606827532966967e+00 4.735571500899819597e+00 1.076486693747522178e-01
1.909166162909103237e+00 3.971814327865348826e+00 3.944336620811267125e+00 1.991210663015002824e-01
1.624213769309224009e+00 3.787011265108058744e+00 1.270489486105408350e+00 1.440452363275232794e-01
1.676800064793949163e+00 5.884445513423378848e+00 3.592943838616955432e+00 5.067906314309306159e-02
2.754856127822824519e+00 4.097006741448351974e+00 4.669392255768791244e+00 2.751354825706961993e-01
1.836411094415918210e+00 1.076813159569074330e+01 4.026051071466035580e+00 1.276583367278939785e-01
1.650828123647210655e+00 4.635446174712290812e+00 3.503660328947865388e+00 2.643905999297104237e-01
2.460017425310579320e+00 1.034381767321563572e+01 4.610222506942943888e+00 2.287646118408759588e-01
8.436475912390608567e-01 5.563857374340456019e+00 -6.632401595038261988e-02 6.128036822313619875e-02
3.250756285016626723e+00 4.067754074749539761e+00 4.820244025711729385e+00 2.738553783749085313e-01
2.835680968540661873e+00 6.989658761916368590e+00 4.625481396980583249e+00 1.459369955043829381e-01
2.742877701803302148e+00 5.858680201328454018e+00 4.102249447104539648e+00 3.658285542221020870e-01
1.733459572967852802e+00 5.339270220674376510e+00 4.058029558599672626e+00 1.744669421105111140e-01
1.082052387595082710e+00 6.572451116130812565e+00 -1.349477569143019862e+00 1.495199317674056894e-01
2.084292992328513172e+00 8.111971012505851064e+00 4.386270576354184492e+00 8.279381006948813293e-02
1.554269520698463358e+00 4.472580399796306061e+00 1.370433793553364366e+00 5.378386546239185551e-01
3.438069401839872086e+00 4.969685679350336116e+00 3.829366338081289456e+00 2.994389659655983249e-01
2.370709170784549791e+00 4.241107175367991644e+00 3.356572566283789083e+00 4.471932080386442632e-02
2.051310605189045955e+00 5.337236513634466384e+00 -3.296217140026537207e-01 3.676595193896586289e-01
1.440979178109473180e+00 1.050126837130681423e+01 -5.494154265718150798e-01 1.173658363821219741e-01
1.405040605677954524e+00 6.501829449631341795e+00 2.137607888390602007e+00 1.607688248123835817e-01
1.279607818084003590e+00 2.572018625669502789e+00 -3.461843650999315569e-01 2.492639684007622591e-01
1.001754930790910603e+00 7.409969919223680535e+00 -6.766112946758928715e-02 1.963643481011107528e-01
1.050163384067781758e+00 8.998787097141535796e+00 -1.572715123535252779e+00 8.644097029507605279e-02
1.649445923302241823e+00 8.970224200322075347e+00 -1.265960271670143689e+00 1.437122809415355140e-01
2.635910934981516629e+00 5.732306704412729381e+00 4.553901666598219933e+00 2.168834104598664492e-01
2.071722362980403354e+00 5.030137957908280555e+00 3.720334077279777052e+00 2.004672493435542824e-01
2.088788918025965113e+00 5.494506366929943653e+00 -8.068039052179143411e-02 3.151317817785661557e-01
1.434679266320064928e+00 3.327863209798909594e+00 2.686401384641434298e+00 3.155733910312815693e-01
9.682705694432041099e-01 9.326776375520809736e+00 -1.586622832568912678e+00 7.942431222515958233e-02
2.063172254495156288e+00 6.872474302520467759e+00 3.954274829327315999e+00 8.799621224160909805e-02
2.295250478115727688e+00 4.778993672635351686e+00 1.888691489137571677e-01 7.345647155841809883e-02
1.177565098020449952e+00 1.204209712141928890e+01 4.433083562483374429e+00 2.999116008546038881e-01
9.701693148012092704e-01 5.172182105494187887e+00 4.860324096975146557e-01 1.235607218728464185e-01
1.290438350942765044e+00 3.725247365147779099e+00 3.275494843989179117e+00 2.095526030830175690e-01
6.384963791177178383e-01 2.195136673176584008e+00 2.856686898738194369e-01 1.530731300670616357e-01
1.959473006600769951e+00 4.581899318204453841e+00 -1.598307642870648415e+00 8.921836925100840032e-02
2.249147172783314552e+00 4.071242477786215730e+00 4.110974016962369859e+00 2.924316071975499032e-01
1.698055606213832114e+00 4.459988725153357869e+00 4.257644846780872072e+00 1.142492481000147025e-01
8.537738021751718476e-01 3.245392783858979335e+00 1.455121618255805771e+00 3.132066023292293111e-01
1.614016935575781631e+00 9.913094164909718842e+00 3.715872869141953139e+00 3.374578632957127566e-01
2.922539935442330705e+00 4.788565188690420804e+00 4.680566330123930641e+00 3.154894348619610156e-01
2.217500880983812817e+00 7.487585030548738807e+00 4.157492875032873236e+00 1.077790749817201243e-01
1.109486068534319969e+00 5.266760815991776035e+00 -2.463873082644285617e-02 1.911085148512787768e-01
1.269426534993155276e+00 5.600092203865499663e+00 -4.952601343012036361e-01 9.701274633274073467e-02
1.729639710161670951e+00 5.067534170650028535e+00 3.149772676101579627e+00 1.896775424053004644e-01
2.137898627541669150e+00 9.759911121695079572e+00 4.342779867758776113e+00 5.935691383619833700e-02
2.378655407041905701e+00 5.511004383232284809e+00 4.329988367132391325e+00 6.349636233677105612e-02
2.116815152347552242e+00 4.934223765046348298e+00 4.346061743137251909e+00 2.009519842694839353e-01
3.696639283163347223e+00 8.430024004268570792e+00 4.654491287495007512e+00 2.175233780379438320e-01
3.521688062342559711e+00 8.792877702741295209e+00 4.257744611231947474e+00 3.362214341516575611e-01
2.144684400897522547e+00 4.047399056064581835e+00 4.297754569258214197e+00 1.979952726296967391e-01
2.516893245922456224e+00 3.470296404179205041e+00 4.536221506034086914e+00 2.482988466187180943e-01
1.392561288358474147e+00 5.301552405133634238e+00 3.655660598446850873e+00 2.211563308663368477e-01
1.739798749894293950e+00 3.903379124847871307e+00 1.916110387551490435e+00 1.058200649099800966e-01
9.173213355242892941e-01 2.842652363194712706e+00 7.838913390942079396e-01 1.045954736461313372e-01
3.973860291171508852e+00 6.581909138506275347e+00 4.517449454392758135e+00 9.512358015728641925e-02
1.484421812438069699e+00 6.595393575072802328e+00 -3.192751206287691157e-01 1.093666939212352140e-01
2.595668762972306087e+00 9.154270714148223576e+00 3.210630894684022962e+00 1.051065221707677133e-01
1.999938089751656767e+00 4.445295085709924265e+00 1.472933655058067115e-01 7.573936546451984220e-02
2.729244138869534542e+00 3.159417370279721471e+00 3.401721330464110071e+00 9.239801738045087809e-02
2.912673554624289451e+00 4.145504858436887652e+00 4.742376985293707214e+00 1.455790147898921583e-01
2.892456382913674684e+00 5.595508280792691025e+00 1.455828547483381641e+00 3.810347106380737037e-01
3.197388850058676901e+00 6.146410635076821727e+00 3.594667586335015930e+00 3.448328440219632918e-01
3.713714385060763234e+00 4.796815568286524112e+00 4.113518853473669523e+00 1.290823186661531896e-01
2.922355261903956780e+00 5.612600155514663847e+00 3.514572101741606502e+00 2.945024104588577218e-01
1.018073679045221835e+00 3.635048217149744687e+00 -1.294451736833579059e+00 7.487672539575784825e-02
1.552577248233728557e+00 6.166147534526042584e+00 1.941335280285599874e-02 1.268221519489040605e-01
2.101426769953873119e+00 7.654318009432349967e+00 4.265278434840537258e+00 1.152608092970614229e-01
1.775300581492749608e+00 5.052117120578458298e+00 1.318160357225131030e+00 2.005386747968570804e-01
1.115056192540517577e+00 4.872758692987201101e+00 1.947281467322568904e+00 4.372983556810550176e-01
1.848187278242163778e+00 5.075226189188590808e+00 4.234720034138756972e+00 1.064802969875157240e-01
1.630502328932568190e+00 5.037972007275732800e+00 4.032141473046300106e+00 1.656426049361079955e-01
1.578708119215824546e+00 5.394301526193652663e+00 -1.564372830633394384e+00 1.559508553738375991e-01
1.135104605527851085e+00 6.496163682991211274e+00 -1.323190488343917615e+00 1.484047572336422982e-01
1.421042412778184660e+00 4.781827604229290429e+00 4.116565751223254743e+00 1.865825499922841857e-01
2.532455429689806525e+00 6.280580185685681549e+00 4.307193140110589624e+00 2.051196302530962357e-01
2.676218130724571598e+00 3.631179046578365099e+00 4.732365144804835388e+00 1.905757160211042078e-01
1.544728341663125670e+00 7.712421572681154913e+00 7.293629357390986057e-01 1.310043454063385959e-01
1.010224623288253909e+00 4.941342494182905831e+00 1.217506012186160724e+00 1.728570695743543717e-01
2.804376113322886610e+00 6.037221621606533972e+00 4.503161065600530755e+00 2.548933888610689924e-01
1.596165861732978142e+00 8.578451998294992720e+00 1.000372633228251873e+00 2.442675712641065866e-01
1.798276656968945453e+00 4.050812134919894447e+00 3.769116880474242315e+00 2.844909868044442347e-01
1.477077545436302541e+00 4.140015937194240436e+00 1.259202603340911830e+00 1.710557694119574923e-01
2.654524898960070711e+00 6.882054098582369051e+00 4.536548264959696652e+00 6.669196307528746370e-02
1.385233630707005892e+00 5.447410118094236253e+00 3.893514386460235066e+00 1.141555272092215773e-01
1.969156607010937643e+00 4.819451402322231459e+00 4.062142219385862063e+00 2.744041707566220456e-01
2.436185546152018322e+00 4.843011850703677013e+00 3.537902955629049995e+00 3.886308956351652855e-01
1.106868221546311037e+00 7.338237193673712078e+00 1.058409236340842163e+00 5.084693286106843901e-01
1.246856686752167542e+00 4.158001047989472454e+00 1.399733851682536612e+00 1.036634765344858766e-01
1.948501116303416936e+00 7.121323508962733584e+00 3.271976457104066149e+00 5.756130372837031661e-02
1.934773183902293248e+00 6.433128774210674194e+00 2.992307125157875891e+00 1.876367934136367877e-01
2.076832419901237792e+00 5.290645209797927961e+00 4.219235296279712166e+00 1.735206878876481007e-01
1.671250352793175686e+00 4.113065164865153278e+00 -1.671153890520461704e+00 1.832178497029116893e-01
2.581250790617915403e+00 4.376390802823308945e+00 4.151627080476381515e+00 2.330145865844606978e-01
7.366027641868171383e-01 6.809126073473122709e+00 2.972498257784007780e+00 2.412401330692846291e-01
1.695645454153985821e+00 6.700856266610992762e+00 2.361854778923806464e-01 2.641217634398234093e-01
1.674565862068799094e+00 8.079543716204760528e+00 4.219904080536769797e+00 1.512453077362189147e-01
1.218207893887991666e+00 3.725988324442280675e+00 2.076043183416227844e+00 1.550108205086896396e-01
2.169514820469657934e+00 6.282300777935676983e+00 2.390147089308446660e+00 2.496063922807315594e-01
2.633812589278801131e+00 4.746818219601983024e+00 3.989980698306759610e+00 1.365674541621567928e-01
1.910169046896054157e+00 7.103095326330647552e+00 2.668000322309753258e+00 3.094115528865985509e-01
2.307613781590708957e+00 2.916992158373768795e+00 4.420987543423933630e+00 2.092374442715057570e-01
1.446389510447693372e+00 5.190467271793115955e+00 3.976771877098131291e+00 1.128497214230767126e-01
9.908697531495787025e-01 5.734097064973438407e+00 -2.366607747882939483e-01 2.304155916447930830e-01
5.397752027773551342e-01 8.739304522459391933e+00 1.646820264672750556e+00 2.015388962787164895e-01
1.316614394782846142e+00 9.480223468983652424e+00 7.156660699402970227e-01 1.499143870688299240e-01
3.598301831480461122e+00 6.731811487312141296e+00 3.564618739323731855e+00 2.602765187304660333e-01
2.150274679357635943e+00 7.466695571601438708e+00 4.284339323204201300e+00 1.170530836437131822e-01
1.118762809158979854e+00 7.184987095801679047e+00 1.147418871622534753e-01 2.609657612394102877e-01
3.695145555893529554e+00 6.739895542473974821e+00 4.607207591543538427e+00 1.657735810382729158e-01
1.531746469925765464e+00 6.907218341316071708e+00 -1.750303863032155460e+00 6.389451167728124603e-02
1.701098460254543143e+00 6.490511421090434219e+00 2.097386673356988585e+00 1.701356977189327768e-01
5.748007799045311561e-01 6.330440664833514752e+00 1.819946929579239425e+00 1.521249459039182572e-01
1.346658311011278641e+00 4.830341957788055751e+00 1.589392179302663854e-01 3.214305297171312081e-01
2.960525780091446624e+00 9.263827306776752479e+00 3.646565541564206647e+00 2.222080307608769734e-01
8.823390657704330842e-01 4.079146411013232054e+00 1.114190570497541444e+00 3.170744089999704696e-01
1.631142403209240532e+00 8.326396191564436222e+00 3.694372568189886685e+00 1.754859042764469190e-01
8.833741672273806023e-01 4.951981927585383580e+00 1.589826873771153615e+00 2.285649950582393786e-01
1.856811493773849353e+00 1.049468392972512198e+01 4.326418614485386449e+00 1.408133704734767788e-01
6.737439661805313396e-01 8.029979485430262187e+00 2.287574070031104245e+00 1.318114415973047349e-01
1.942471339973247613e+00 6.260642377156030669e+00 4.403801781611316635e+00 2.681254778359051238e-01
1.935416726062593629e+00 9.654956323602112533e+00 4.304926541241716365e+00 1.528259558952816399e-01
2.158262510520438049e+00 3.437435803511991406e+00 4.372192375335588466e+00 2.878946274840601949e-01
1.648011374397493345e+00 1.094120131755677505e+01 -2.351767258659465121e-01 4.463270116011703315e-01
1.990058837867116459e+00 8.976962067966800518e+00 4.435025978512128653e+00 1.350298120776250166e-01
1.480466724567676806e+00 4.536047552564495433e+00 4.079122984771543337e+00 4.265809332548975985e-01
2.813770590910865899e+00 8.309475993652549519e+00 5.057514232429634937e+00 3.950922016666497671e-01
1.324706245066188393e+00 5.083913303554504992e+00 2.399232832941299964e+00 2.070355457022964030e-01
8.427288031993142026e-01 2.533424324632900682e+00 2.345637271588918438e+00 6.963996268059444161e-02
1.618955389482311658e+00 5.236947429324111170e+00 -5.969355529062334575e-01 1.107025110081236163e-01
1.613329572222889530e+00 8.960138261004917837e+00 3.511320513060557147e+00 1.547819977810799830e-01
2.570564858606160907e+00 1.199754500863098805e+01 4.310211103064562010e+00 1.941815799472929316e-01
1.025265260586213589e+00 5.615532438049068986e+00 1.144189339002494865e-01 7.207356831704754552e-02
2.640094881160374829e+00 2.248919130342947881e+00 1.063423827002048183e+00 2.312638371980938745e-01
3.220140176244604913e+00 5.496915568916395323e+00 4.365881008090013005e+00 1.134743155146376581e-01
1.976147179978954060e+00 2.820476301572695910e+00 3.829900056700072053e+00 1.322658189695662956e-01
3.247074830829959957e+00 4.359024993044373630e+00 4.535108163843032614e+00 7.927635312405804935e-02
1.717284250667601597e+00 5.535531289983100400e+00 3.875310051553915169e+00 1.185670279755922096e-01
1.825667815336875499e+00 3.362857819424309280e+00 4.354326843675699443e+00 2.763877518529471722e-01
1.470686169314164404e+00 5.642413970099167564e+00 -3.883759538920605880e-02 5.282262464139680230e-02
1.857603048471878848e+00 4.726880322187717809e+00 5.969583283865668166e-01 2.598277787128027705e-01
8.670570998755086078e-01 6.027607777836465175e+00 1.503063040343078249e+00 1.212949054389712567e-01
2.541039643293214745e+00 3.395908770745181826e+00 4.171664604902705520e+00 2.217058033663292238e-01
2.797037912496134204e+00 4.186995790045875410e+00 4.535884479405589254e+00 4.095844275993687500e-01
1.362723282856120210e+00 7.253347645866924154e+00 -5.456367112782989359e-01 3.092504339430269811e-01
2.402338130142814165e+00 1.216950782128962949e+01 1.936993315344289313e+00 1.386142938926173962e-01
1.828142511704440087e+00 3.785473200128387283e+00 3.607240350631068182e+00 1.055778186024447646e-01
1.900279074991358730e+00 4.068614307564141441e+00 3.314199382328425703e+00 2.822800856621498489e-01
1.762183252811128753e+00 6.681067798765989885e+00 -1.020882722724603564e+00 1.025152043688739717e-01
1.507314345974274161e+00 5.393838761523045200e+00 4.370715529628619755e+00 1.724384450209597575e-01
2.032866558823203995e+00 1.193345896205338086e+01 4.329774720682281419e+00 3.085125996957900352e-01
2.525476795137196362e+00 4.336036082969430439e+00 -1.199096864786796335e+00 2.613547858589759798e-01
1.541460655310902705e+00 2.897173356636965735e+00 2.947473091437432746e+00 6.416956489173884781e-02
1.793754272995719656e+00 7.110542298555875718e+00 3.867197458500861718e+00 1.229554382673272994e-01
9.970027209856147099e-01 3.688063742466401784e+00 -9.947762346118349530e-01 8.916155712655575438e-02
1.835553299677193495e+00 3.601039872479297355e+00 -1.826580901346364083e+00 2.445717464993422963e-01
1.282350810611455838e+00 5.088840870929565163e+00 3.760052670910913442e+00 2.412521330080051318e-01
