# 500 (alpha,mu) samples from hierarchical MCMC for Mexiletine + Kv4.3
1.028171643943972757e+00 1.169624060799406395e+00
2.248517023400403492e+00 -2.162317495558159497e-01
2.210328940592133140e+00 3.207025553290443920e+00
1.863691584370614329e+00 2.414329948798580094e+00
1.986653612854520246e+00 3.396814614385062381e+00
1.508795866422256493e+00 7.453985117621422241e-01
2.557397790004166449e+00 1.956230637729419630e+00
1.402433377919771962e+00 1.579762046562663613e+00
1.465815903437290402e+00 2.632432727335255684e+00
1.527532913173054840e+00 1.729511779013445327e+00
1.036674001238125031e+00 1.078060776753489325e+00
1.383273916099607037e+00 1.513519168674040127e+00
2.127714886025366514e+00 1.931712261797289942e+00
3.096558769503649611e+00 1.137933939433264374e+00
1.369325386609773432e+00 1.185180483621165681e+00
1.662673151087346479e+00 2.953505393496549836e+00
1.753365603471956913e+00 2.816105985613662099e+00
1.413666436729344333e+00 3.322002411618930395e+00
2.859036949250267856e+00 3.482849516482890984e+00
1.076120465458449305e+00 1.341187207756231459e+00
8.562135835389802496e-01 2.197091970176936471e+00
1.904246293595257100e+00 2.921409792161406394e+00
1.830074529552141671e+00 4.634202021972168573e-01
2.188937524785182109e+00 1.172144649673406702e+00
8.799629586437482942e-01 2.832311058241970603e+00
1.200893409189301986e+00 2.038069802463710278e+00
1.025400763258113912e+00 1.390330989690299113e+00
1.799344761705347961e+00 2.218841560669326363e+00
2.256904947899318614e+00 2.540864093745794694e+00
1.444010468403860825e+00 1.013599189022133418e+00
1.405261099425715088e+00 1.618238140139124592e+00
3.000758446004685887e+00 2.133007033813792308e+00
1.281925860691978558e+00 5.190092957917523675e-01
1.235407045302064022e+00 2.768964785443421839e+00
1.683830192105950196e+00 2.301024026426472968e+00
1.479341468392574299e+00 2.467623531293672290e+00
1.531222087226749018e+00 1.598708898169766579e+00
2.049540955896626215e+00 2.284066673952711124e+00
1.068611564607496733e+00 1.211470999221007316e+00
9.492456678962800654e-01 2.485639060697514946e+00
1.483560786310246904e+00 -1.621380884995165528e-01
1.723170528850718197e+00 -6.269672106764460073e-01
2.471613998244277965e+00 1.214367750972542570e+00
1.703882006801364479e+00 2.699586463708342876e+00
1.661102101330659941e+00 2.922069409194579581e+00
1.214903036283303317e+00 2.509897949179470178e+00
1.324789722367992306e+00 -3.537674647143879136e-01
2.521065554646237494e+00 2.561053831569446881e+00
2.787399352261571206e+00 2.845065212784860798e+00
1.594441326391017100e+00 2.717982520277661074e+00
9.909856815332078739e-01 1.620298544552806863e+00
1.044243605993496082e+00 2.021322439430778051e+00
2.491744860252667948e+00 3.196164606238475869e+00
2.839210199721001526e+00 1.175559106614386007e+00
2.118287399682731831e+00 4.260954034496546305e-01
2.013317342880796446e+00 1.806677093843189530e+00
2.053668222888172412e+00 8.968760507482487210e-01
1.701454480773643363e+00 3.460199295961093657e+00
1.215819140024688938e+00 2.913900955696762995e+00
1.132476968721672694e+00 2.139464539420922407e+00
1.715759099861219994e+00 2.200637446084687365e+00
1.353007610868201205e+00 3.600186195557852020e+00
2.725778742228288198e+00 3.851589715999164110e+00
2.331038524782908627e+00 3.021000346089785626e+00
1.946925705218214064e+00 3.528150119360156989e+00
9.548411033670622938e-01 9.417960569613054167e-01
2.098503196830679318e+00 2.291073729921996538e+00
1.830697054504193844e+00 2.119987798592794181e+00
2.157231310827693704e+00 3.233365673549287500e+00
1.667766368342203265e+00 3.266951473077734924e+00
2.454878245204377141e+00 -7.180636145387031544e-01
1.725606616739998600e+00 3.458398787930128115e+00
1.092106804159055145e+00 2.172063792524555392e+00
1.118595764118840208e+00 1.158486841593965977e+00
1.907599812887803559e+00 3.400338097553354366e+00
1.355780126351613823e+00 1.354874290264798997e+00
2.172010020321869295e+00 2.965655826474516976e-02
2.695672203009977341e+00 3.149008610241962991e+00
1.046598406862179864e+00 3.137162712425489275e+00
4.408615786565006189e+00 -3.104769631123255880e-01
2.652860135912280093e+00 2.989542281039464733e+00
1.033661998109980829e+00 6.386329948938555823e-02
1.805096593518189740e+00 3.148522034868679320e+00
8.023991711638570612e-01 9.398635443263657629e-01
2.142225641277667236e+00 1.345132116428825020e+00
1.231614081097001989e+00 1.128848963750189172e-01
2.750748808151779912e+00 1.882725562592943769e+00
1.641723332381862299e+00 3.623713212047106058e+00
1.962810159136301191e+00 3.027842929029574304e+00
1.601131953355745319e+00 2.262939701134856652e+00
1.885931905861067071e+00 3.032188030376621768e+00
2.113273007906617984e+00 1.324668866082122642e+00
1.340253069230181948e+00 2.533431606502796640e+00
1.305722903039925775e+00 1.515444823990946155e+00
1.137478533094992361e+00 -1.048523224174075619e+00
2.503678335419530221e+00 1.910067123342764628e+00
1.397170984081644862e+00 1.761796999739384306e+00
1.620897133845465632e+00 4.361401626155656519e-01
1.349047531233440900e+00 2.648909654679703962e+00
2.032653583993160318e+00 4.124489624595561565e+00
1.169727856688359102e+00 2.819964191013015764e+00
1.136411076406971477e+00 2.590001196710863152e+00
1.527872266823853575e+00 1.390291023394472969e+00
2.610091440641189475e+00 3.107963750598942365e+00
1.693620960258638952e+00 -2.001751762605100127e-01
1.221691055332868814e+00 1.951606614650329252e+00
1.117067745468969253e+00 2.894616110451270874e+00
1.018229843756356168e+00 1.347064468077954436e+00
1.801466369606083751e+00 3.279454275212724923e+00
1.470635922073697088e+00 1.378692134295257166e+00
1.129589993957996086e+00 1.900536498784765493e+00
1.443201955529526792e+00 1.781516105644611825e+00
1.933983867711203342e+00 2.753425803463005028e+00
2.837152587360161515e+00 2.868770014521630163e+00
2.125576207092612080e+00 2.676511870983703467e+00
1.556631624224713351e+00 2.219354222238945518e+00
1.127497502219418246e+00 8.620476720211199817e-01
1.752351079198589456e+00 3.026221374247714646e+00
8.751699875353240454e-01 2.136425000429649224e+00
1.511129189458546573e+00 3.321344001408789826e+00
1.395624030232589075e+00 1.570164665503392953e+00
1.935740903759178844e+00 2.770560589290748332e+00
1.618131827413404000e+00 -2.559808286891832041e-01
1.555282797407622430e+00 1.041921165189724219e+00
1.644534623876818369e+00 2.153949386230280538e+00
2.367346292599633806e+00 1.938388186896851328e+00
7.366930932649479180e-01 4.706048211650305790e-02
1.230989111438045791e+00 2.149920369723475222e+00
1.844610970325158528e+00 1.337061840264830215e+00
2.838645325797333641e+00 1.490469938426703944e+00
1.138015658575582734e+00 1.936455876447470859e+00
9.381123627899597972e-01 1.069293432311762437e+00
1.976971740483538742e+00 3.005780782456055622e+00
1.373634720506628604e+00 8.758882380616364038e-01
7.807869644033219592e-01 1.595189059599287695e+00
1.346218157918597669e+00 3.381596432872035596e+00
2.490359108217432116e+00 1.368353900854928584e+00
1.228278689331773421e+00 1.015797272062369361e+00
2.684398151072243000e+00 8.112527715285067220e-01
2.486550776690533038e+00 2.400855350765634277e+00
2.694474983101480703e+00 3.832229898822941294e+00
1.624077517738041765e+00 1.805962155348553644e+00
1.697500885139000104e+00 3.380731161268022422e+00
2.088491192896780202e+00 1.666166358470829945e+00
2.145905169169385562e+00 2.690317175194511190e+00
1.129684282078075030e+00 2.286356126632424601e+00
1.795876623018762608e+00 2.904197193417867862e+00
1.473666740344447446e+00 1.697643621101216915e+00
9.587882280975397187e-01 2.504915259508159409e+00
1.441883133588916843e+00 2.559276881728450359e+00
1.608650851021856232e+00 1.572958175302482609e+00
2.004002658338058129e+00 8.288355151574724466e-01
1.551144182949156569e+00 2.790007026559420567e+00
2.007368726462610109e+00 -2.900351168583640282e-01
2.542058770184997929e+00 2.203629853718498399e+00
1.573620212728137346e+00 2.737972212470275668e+00
8.773386777087617272e-01 -3.272476140709081882e-01
2.036483458171719718e+00 1.659912730091095412e-01
1.277485266954950571e+00 2.396623141266965185e+00
1.298957994201309196e+00 3.106632821013724843e+00
2.083262445793035766e+00 2.312654943188090506e+00
1.478405626506765547e+00 1.597628805034407851e+00
3.012989688518729725e+00 2.144270175166166137e+00
1.474673274656461475e+00 2.436857306149660118e+00
1.179669620807025421e+00 -1.381182091916913990e+00
1.254666018865604915e+00 3.059443641515401158e+00
1.045644181824349150e+00 -1.222325399934642398e+00
2.542375136176153294e+00 2.380514913165272528e+00
1.444317127733151906e+00 -5.546816035932720101e-01
7.784785757004678564e-01 2.669974608696366936e+00
2.319071532848534734e+00 2.380440970559543512e+00
2.257815884880470580e+00 3.214612811559533601e+00
1.120641731767882732e+00 -1.233497901122764806e-01
1.658551973869072604e+00 2.246846449995363315e+00
1.478423495126474752e+00 2.441724362264300119e+00
1.371442000688235296e+00 2.885449315545139726e+00
8.159386061147626545e-01 1.577146076367661021e+00
1.396631906939169498e+00 2.469396853737139796e+00
2.013633253002499846e+00 2.993617846445108199e+00
2.000800971556659924e+00 -2.049631197103634062e-01
2.491654925868543202e+00 3.546396839341718010e+00
1.617555442650677744e+00 2.635578663613303618e+00
2.094980038298837499e+00 2.161188971908332146e+00
1.506564828289264302e+00 2.621228220847108936e+00
1.965987737609769859e+00 2.593908939557221682e+00
1.916009338709677712e+00 2.435765089696747765e+00
1.607521640945499986e+00 1.260091586698169674e+00
1.470755507875566748e+00 1.093495830793730583e+00
1.380819008821958516e+00 1.678915663669784175e+00
3.026245009387968476e+00 4.101550947735315589e+00
1.543363389795301188e+00 2.532738237933660042e+00
1.281382065892448185e+00 2.547354288058240712e+00
1.556669079136033584e+00 9.718692997177644788e-01
9.692563468467352283e-01 2.577684474677792714e+00
1.669475322376932525e+00 3.593470296800941099e+00
1.265675597982372835e+00 2.559978165055043497e+00
2.554623737701169350e+00 1.463205153975237760e+00
1.921290544410971801e+00 8.634610632485424375e-01
1.604543183043718013e+00 1.901283471919666956e+00
2.367346292599633806e+00 1.938388186896851328e+00
1.647243454154108555e+00 1.134632237228169416e+00
1.579992579733579650e+00 3.232445756835187645e+00
2.771358879992672719e+00 3.917016271051300347e+00
1.308297377284931118e+00 1.720419379165040841e+00
1.207653661600700312e+00 6.291741306954756752e-02
1.694869621790424219e+00 3.421484355959926393e+00
1.307833504428759008e+00 4.890868598680359058e-02
2.781272443484887003e+00 2.161126868522435185e+00
5.370120260209192420e-01 8.708653081208433955e-01
1.905781539441751438e+00 3.471113290707958043e+00
2.065924508144247440e+00 3.692350379881481626e+00
1.010610818152695156e+00 1.973759236210945289e+00
2.055205298481162846e+00 1.937073667747477135e+00
1.489093248571776051e+00 3.307818535302569973e+00
1.223392874203344638e+00 -5.082917059392177972e-01
1.198664680655124215e+00 2.378231342545634952e+00
9.796115626595167658e-01 1.971051626979158256e+00
1.295889284093238114e+00 1.536519098849894682e+00
1.136744262546315998e+00 2.155099599390877252e+00
2.749710201279741639e+00 1.380774027060452713e+00
1.541616594130563733e+00 2.553372604412842861e+00
1.254227865137386821e+00 7.883826639039908102e-01
1.507301899841137827e+00 3.964613516906582147e-01
8.764104576408726643e-01 2.131295592455080268e+00
1.906798407080768420e+00 2.364341158013491651e+00
1.737563194043360015e+00 1.323127769150096000e+00
1.207375572644838968e+00 2.259575074937407280e+00
1.036372704731868044e+00 2.081348044289932808e+00
2.034496768385732679e+00 5.382893062479917612e-01
2.144597263104104368e+00 1.901652311124954142e+00
2.005411459889641090e+00 2.591399447014924196e+00
1.800683276521712450e+00 2.009729213158955030e+00
1.723823576331338758e+00 2.929613503562253030e+00
9.473154316578603629e-01 1.857333486253596622e+00
9.371343510922635067e-01 2.248335118885353090e+00
2.012663758654056334e+00 9.254990482905713911e-01
1.417925161699932435e+00 -1.163189141337582999e+00
1.667999907086544775e+00 1.872422027744309325e+00
1.545295158139932790e+00 3.383744814864767747e+00
1.515932260250865582e+00 2.090712748225316719e+00
9.635698659347248229e-01 -6.931408349570944427e-01
1.783527053359510672e+00 7.507456284740049446e-01
3.185672179899005307e+00 6.541098613188501831e-01
2.038713206500168518e+00 2.881313260558058253e+00
2.070935525602410898e+00 2.477805000707804517e+00
1.338651528656038092e+00 3.051913658878175895e+00
9.223694557459123367e-01 7.870090128667410756e-01
9.418139541919385849e-01 2.645957827543558571e-01
2.223003378146299003e+00 1.293983614883886801e+00
2.589476495373939535e+00 1.840261506571814198e+00
1.967005674744629840e+00 1.504324001831802260e+00
1.011360201507757850e+00 1.217756717650414267e+00
2.883964637995746649e+00 1.216909241742065995e-02
1.691891488363259644e+00 3.122093110596440901e+00
1.382102182916404187e+00 3.020132792388074527e+00
2.419655868442577518e+00 3.159121878866644195e+00
1.321223956633420737e+00 2.796679230892404444e+00
2.351817907266105401e+00 3.199555964802684116e+00
1.928424000139531636e+00 3.272299307651903799e+00
2.287355080695993248e+00 3.981105253607702288e+00
1.987285621884718578e+00 2.841049190574699512e+00
2.204743953101209186e+00 3.296466171399181189e+00
1.756229519027159069e+00 -1.116916562008519076e+00
1.440728969743686916e+00 1.791692280666353554e+00
1.854959752191781774e+00 3.475777283342120327e+00
8.543987745584971094e-01 2.633941713756410508e+00
2.164408502444228777e+00 3.088768161701760384e+00
9.866511714614293327e-01 1.391191394941017734e+00
1.122360816864538258e+00 1.573915378230165807e+00
1.670064207489068364e+00 1.286848038111892301e+00
1.205094938610701938e+00 1.991616696087197269e+00
1.492035887895396540e+00 1.203679776066496898e-01
1.281426788532233463e+00 2.689535610861383930e+00
7.249748766594079630e-01 9.241813227716486612e-01
1.821834276138875719e+00 2.310438633601420655e+00
2.749710201279741639e+00 1.380774027060452713e+00
1.273744570112433472e+00 1.127648299149285993e+00
1.216400715228795670e+00 2.334803305727403355e+00
1.642799103174884534e+00 3.465118971091190492e+00
9.927077901900189794e-01 3.073934446499448025e+00
1.313914875467764976e+00 1.657992676889945560e+00
9.714538023916567955e-01 8.452108942791580759e-01
3.527418170064565484e+00 2.926168045385981298e+00
1.779407980570822279e+00 1.324868115908085064e+00
2.154158549206299789e+00 3.756977399972838416e+00
8.263639134263031094e-01 1.996195483228511813e+00
2.470792939459966586e+00 3.029375678233515057e+00
1.829585286758021345e+00 3.107807000256809005e+00
9.578929082455456268e-01 1.337956447333148891e+00
8.860432996440859021e-01 -2.887297402688743242e-01
1.111020507192790330e+00 3.372673399860070642e+00
1.748789141087911059e+00 2.400854849591493423e+00
1.357350307436632431e+00 2.773794964449570077e+00
2.120257175980220232e+00 -7.382845859193654103e-01
1.716248178731256679e+00 1.774836971813050335e+00
8.726859932365854666e-01 1.890573616998225903e+00
1.958979989629316520e+00 1.929752369979079951e+00
3.123557890179804009e+00 3.714498868140139187e+00
2.805949582867667047e+00 2.541972343679036683e+00
2.432544731185249720e+00 3.263006136332384788e+00
2.656267864481754337e+00 1.283683550905015069e+00
1.798721594985400074e+00 3.733404904642420696e+00
2.659532744285461270e+00 2.048881083560179839e+00
1.106667875753971186e+00 2.933531491275281677e+00
1.455318186269507930e+00 -8.495030653213258010e-01
2.089218058009096879e+00 1.155108416064832610e+00
1.227683741506995663e+00 9.899480879764916974e-01
9.662706754387484498e-01 2.965695286130443531e+00
1.104303866034240578e+00 2.127501624815774761e+00
5.908800707327152013e-01 9.487411972128727555e-01
1.458428384414511392e+00 8.501031154269521606e-01
2.915361296410665215e+00 2.183309312699803328e+00
2.249262426042279106e+00 1.517756024477684429e+00
2.006571857313824481e+00 2.025762671056327235e+00
1.886522205291166987e+00 1.059828433612711951e+00
1.745433958051412660e+00 3.047654980779184619e+00
9.162484169630105146e-01 5.043553743985992321e-01
1.106473612355592051e+00 6.957019818914531584e-01
1.485980409964985594e+00 2.344532429287341735e+00
1.886262171907665985e+00 2.709438695486947601e+00
1.755520258198636663e+00 1.090773117596686603e+00
1.314031785625708659e+00 2.582932086270458338e+00
1.806411711387438057e+00 7.524113920327398786e-01
1.454038388019162742e+00 1.796410246146430190e+00
1.467066185851181981e+00 1.090628204057093154e+00
1.286796563381885861e+00 8.346068996154899500e-01
1.174918543381925584e+00 1.327731193403659748e+00
1.652827576527408082e+00 6.522499428248277331e-01
9.274989072337362916e-01 -5.674513728969874382e-01
1.252121684942746338e+00 1.761939567781139582e+00
1.826189041966728821e+00 -2.877330122932084677e-01
1.267498205698414759e+00 2.680905585612831654e+00
2.418897492017320516e+00 3.920320185238225008e+00
2.856461935320606216e+00 2.470172417647654495e+00
1.228894999340857330e+00 2.187151112199253511e+00
1.019460970664757493e+00 2.458951520936750956e+00
1.008762857416473091e+00 2.720783129323363081e+00
3.322986390891349284e+00 3.956787578628059077e+00
1.856305424032709261e+00 2.927836937659750394e+00
1.685154949572185368e+00 2.232961070154852568e+00
1.701533542956322309e+00 -1.000985712044822895e+00
1.746376742360868262e+00 2.756189431092617603e+00
9.466106239847495996e-01 2.280662667661442544e+00
1.089915448088733640e+00 8.733927638385841075e-01
1.457136706780696400e+00 2.490461931736887902e+00
1.268368991897700582e+00 3.270996288386012196e+00
1.120424328156882865e+00 1.255554144470837574e+00
1.328941354366629524e+00 1.259332457973568298e+00
8.053600918374654860e-01 2.240402367102832581e+00
2.127578609234472840e+00 2.552151235848783895e+00
1.682792190287549339e+00 2.094675237883195429e+00
2.548094546139131111e+00 2.891627192364775389e+00
3.068101495782641130e+00 4.013360633928276577e+00
1.462396420205854586e+00 3.516092704383189549e+00
1.465657050591081312e+00 3.384141504454466709e+00
2.328711504145063227e+00 1.858637155820656695e+00
1.691965357458549590e+00 2.803608745068537633e+00
1.503288666515903538e+00 4.720429775231722580e-01
1.153002224455883518e+00 1.238232127813432282e-01
1.946170594069749571e+00 2.356296096828757403e+00
1.865180160009546562e+00 8.321811895324982000e-01
1.499615459466133061e+00 2.459628477582968209e+00
1.415763985630831945e+00 1.121984402989675722e+00
1.910874351019085537e+00 3.248264807960314915e+00
1.880135917001941381e+00 3.178714997261557151e+00
1.094037347365917290e+00 -1.503821175705111202e-01
1.854631658097970037e+00 4.153497442372403370e+00
1.588279967432554507e+00 2.489927763689927798e-01
2.405554116753211069e+00 9.160640802399147020e-01
1.086635242727862938e+00 1.991454579269723801e+00
2.163495806684465173e+00 3.605752210669242341e+00
2.082744888478684331e+00 9.395147367894260970e-01
2.393428608051681117e+00 3.435961991420314998e+00
1.760116894439775592e+00 2.073207960001900219e+00
2.056088970146610073e+00 2.891117931512858341e+00
1.191718821264430961e+00 2.771105081109085599e+00
1.159212805926765677e+00 2.631642207243355625e+00
2.048116494376922336e+00 1.824973856067886313e+00
1.070051297705612470e+00 -7.833342919237377133e-01
1.612742755071656209e+00 2.654634494867250005e+00
1.776152945693461938e+00 2.355503334208694621e+00
1.808152219260471538e+00 2.593719342218795632e+00
1.472947871197902492e+00 1.710584949393547216e+00
2.043955950691114243e+00 2.809605274930167873e+00
1.810301071797141503e+00 -2.287773454743756707e-01
2.513128964617853178e+00 3.383540736188929809e+00
2.503678335419530221e+00 1.910067123342764628e+00
2.067920790292428368e+00 3.743708086136695812e+00
1.371818792223512773e+00 3.886699608754351942e+00
2.233688536941675462e+00 3.065738721296234370e+00
1.162583960654153703e+00 1.933297590093820073e+00
1.187478463683431906e+00 5.472555690034311415e-03
1.792166458488597902e+00 3.773367000812632543e+00
1.345894222842426879e+00 2.604029572211989052e+00
1.842761113111337501e+00 1.518644154330711427e+00
1.832321721049751551e+00 -6.945286068812002167e-01
2.036820661911178387e+00 8.162400820896661413e-01
1.511129189458546573e+00 3.321344001408789826e+00
7.318211638870694147e-01 8.157589707048858996e-01
1.776749942971502128e+00 3.429740347120311394e+00
8.111400750448239938e-01 -7.231483818106601014e-01
1.224333518428988299e+00 4.244546816592234539e-01
1.943409970755482385e+00 3.954709707901240545e+00
1.759873455069168369e+00 2.065761223763669996e+00
2.168867809197918106e+00 3.752979771905990081e+00
1.199806205082031507e+00 3.153242316897375108e+00
2.025456167441997302e+00 2.299139474911075176e+00
2.554494883127179872e+00 2.424552586878743199e+00
1.613153542369970772e+00 2.194547472010870415e+00
1.867759201066968577e+00 2.770123892729794868e+00
1.613426138590364545e+00 2.424974705182010748e+00
1.756437806351930586e+00 2.379816792922965885e+00
1.237149045545351544e+00 1.315148619562165333e+00
2.441117277844101707e+00 1.718256920175945890e+00
2.246463958085723078e+00 2.612368967171882606e+00
1.308139554292703899e+00 2.119050182879927746e+00
1.763795657346148626e+00 -1.340584218004634565e-01
1.711564518056099882e+00 1.657894350933034389e+00
1.351348941098961198e+00 3.351805807376619040e+00
1.450846662750876703e+00 -4.846226543758559435e-01
1.608294752002223271e+00 2.422582978876832716e+00
1.098393491525605281e+00 2.934495848763604364e+00
1.330715015742603313e+00 1.712453263970580286e+00
2.001031058375733362e+00 3.821026665958521473e+00
1.537530195334261940e+00 8.235807428189466650e-01
1.556357534671609422e+00 2.674590051813556801e+00
1.718619631688783622e+00 2.198427444756627658e+00
2.270022514615769982e+00 2.373975850599592263e+00
1.726750188716695611e+00 2.393824770215480680e+00
2.348517382493338523e+00 3.498605487576586626e+00
1.488729072010376742e+00 2.924655805004403142e+00
1.876923954130219618e+00 2.526667631377989220e+00
1.233822082046783342e+00 6.851670503868655393e-01
7.684690473675812594e-01 -1.316198416404487537e+00
2.042998683418362216e+00 2.145744673217057308e+00
1.142171120974750265e+00 6.840213066754197158e-03
1.166494750760217247e+00 2.190272991974778094e+00
2.023282092378205554e+00 2.715873344160962155e+00
8.647506298658946822e-01 5.459741475276007616e-01
1.115492502492040572e+00 3.579529224108954910e-01
1.708271360225017688e+00 1.460827384318557520e+00
6.772074967648876731e-01 2.139094146127478169e+00
1.729615205293226765e+00 2.237699748395745925e+00
1.216965837663314121e+00 1.102409693793004464e-01
1.923072571807243225e+00 1.194387974007299791e+00
2.408490516660309666e+00 3.691011127472684450e+00
2.386680836141335416e+00 3.875448896881536598e+00
2.280828179643613840e+00 3.127788319975424169e+00
1.016867890460148027e+00 9.424832455418012955e-01
1.233930134495067499e+00 1.682644365275477005e+00
9.465214931447152313e-01 2.377301390000830850e+00
1.607646666652262191e+00 1.909250510097101894e-01
9.239008415396320339e-01 2.431366255220776207e+00
2.011842744957978990e+00 1.252864899839877921e+00
1.376082500659196795e+00 2.789951904357351076e+00
1.728588855407681368e+00 1.650045900942335386e+00
1.848915615996736594e+00 3.006126879534733565e+00
1.802818806680775543e+00 2.170326210046713555e+00
2.457332980472714645e+00 1.634984395098699306e+00
7.749507610852024442e-01 2.328931407976684742e+00
1.508627871861671021e+00 2.356838779807542750e+00
2.096879076799083474e+00 2.543509451738419802e+00
1.618923081552995580e+00 2.741579771348868544e+00
1.079871567487596717e+00 2.537894479055454067e+00
1.803654220865297697e+00 2.322577823458363611e+00
2.611716241405577232e+00 2.445657400284246386e+00
2.279786848510107156e+00 3.023075800873641583e+00
6.509753593958759188e-01 -5.136005870426422204e-01
1.565664680284075239e+00 2.753888792697599008e+00
1.941524669471149656e+00 2.293859896917531227e+00
1.463691592171680655e+00 2.765998229636532635e+00
5.377689554088183055e-01 1.367195709895453470e+00
1.451099752472488014e+00 4.631424745768504825e-01
1.195197331125479989e+00 2.976219643286411642e+00
2.314771255565298169e+00 3.745769920853811996e+00
1.715427955589033271e+00 1.973607402671831990e+00
1.330062228243560352e+00 3.188201161791213600e+00
2.328517052534865517e+00 -8.298178908693119027e-01
1.945554999236570826e+00 2.194447389942767668e+00
1.864835789658330301e+00 3.733780716257665055e+00
2.107783744826385863e+00 3.909511759773772965e+00
1.337943566635472648e+00 2.096056981266260166e+00
2.129468223481561395e+00 -5.380434293462288409e-01
3.733943297768056446e+00 2.653967393445852974e+00
2.213784314564964273e+00 2.106436745615762884e+00
1.642830411210143060e+00 2.826067993617509266e+00
1.735029094198069721e+00 2.727904357740477348e+00
2.964600095265133461e+00 2.997046822720939030e+00
1.754110012694486853e+00 1.022207938195828669e+00
2.241818795684396903e+00 2.277316320112213077e+00
1.234296343045570676e+00 1.285094423412519227e+00
5.763054532500495597e-01 1.799436575568945651e-01
1.151459712639625099e+00 2.947753752697582552e+00
1.619257249765154727e+00 5.932768074670569103e-02
2.702572199956037036e+00 3.471857908528924952e+00
1.507905509931521060e+00 3.681415701952539532e+00
1.848511017414403490e+00 3.494868373544570694e+00
1.479723307444201996e+00 1.722639443847376883e+00
1.898477747946710092e+00 3.372612530280271415e+00
1.022816192581740946e+00 2.031272883748945990e+00
