# Hierarchical MCMC downsampled to get 500 samples
# alpha, beta, mu, s
5.600891153461776684e-01 6.813806577950883181e+00 2.293911563937196085e+00 1.434679777342616758e-01
4.266612419129773293e-01 4.956169552252648991e+00 1.752966366712576995e+00 7.025001063998435880e-02
9.845886927072040606e-01 4.837616218092432696e+00 3.339659705385168209e+00 8.296192523931888996e-02
4.276715212536409405e-01 4.377549102991380892e+00 2.637566611882760093e+00 1.777612691314553184e-01
7.476640817592258292e-01 1.035347684592969841e+01 3.219955357213498903e+00 2.477793674690191295e-01
5.660869644780632814e-01 7.796979170476573628e+00 2.256919379281449700e+00 2.159607144818599944e-01
3.510339292634170882e-01 6.817579537993176508e+00 1.479170173451120895e+00 8.620905958239021005e-02
6.685617692879616270e-01 7.730931545157884166e+00 3.056586415939024359e+00 9.850229406729807402e-02
4.214719602059112114e-01 6.348500305168362168e+00 2.425097501261942234e+00 1.149771437034589477e-01
5.248869130693498697e-01 9.562988133562006610e+00 2.691205417061154126e+00 2.318008826963037228e-01
7.934319350045568875e-01 6.118532930409925186e+00 3.398870380095436960e+00 1.359713206352322068e-01
8.358011759208182623e-01 4.136922030599743394e+00 3.119859193844224610e+00 1.888333306293477343e-01
1.284437067582339553e+00 3.647129583117526330e+00 3.880504799549920225e+00 1.193924896804360453e-01
6.173285267947704602e-01 6.581558249156007179e+00 2.314565055874891808e+00 1.097723149061555353e-01
6.125817881427502165e-01 3.707619108189617485e+00 2.893256819246728728e+00 4.754137779833546990e-02
8.445569089642690486e-01 2.733083080527940467e+00 2.831301758620358822e+00 1.726254945380266415e-01
7.293978710532637022e-01 7.835876472811087012e+00 3.007651902673754041e+00 1.476761895494274057e-01
4.979891977330445085e-01 1.315437528260904188e+01 2.149939118123073367e+00 1.688265156040765214e-01
9.706716459138103881e-01 5.400792611256729714e+00 3.483157746374668129e+00 9.427359629421136478e-02
6.088947707822990330e-01 6.972418585420454562e+00 3.093821324768413650e+00 1.546319555472221163e-01
5.948656405166800054e-01 5.865815793898065067e+00 2.146469728422133461e+00 1.820434749480160930e-01
8.948484293377234611e-01 5.440803583364584917e+00 3.345858944007712221e+00 1.602688658582830938e-01
9.539279195686032331e-01 8.244144170525085968e+00 3.528394273160500916e+00 4.982516931742300703e-02
5.294978165589403485e-01 5.831328175019851123e+00 2.629332995997339939e+00 1.210806463246540954e-01
9.733098853808404005e-01 4.156363838494113061e+00 3.085516071808597438e+00 4.987350398045270472e-02
6.246805042789217444e-01 1.110573558989905329e+01 3.332362654013799386e+00 2.262413763142974987e-01
6.298563714101200750e-01 4.192934307063299393e+00 2.279127366783512798e+00 7.293632746053782534e-02
9.839707483881768857e-01 5.993424143636948642e+00 3.238243289771114863e+00 8.701025970033723911e-02
6.365714361178412828e-01 4.029303761288842267e+00 3.465960958867143393e+00 1.226854919608723615e-01
9.408509426226998595e-01 8.649237978153253792e+00 3.186257780563876096e+00 1.306144833553398998e-01
8.584555581972932448e-01 3.726378294745822384e+00 3.261223526580816490e+00 1.134471992249416333e-01
8.104331428844531171e-01 3.681092442528413944e+00 2.727462668537573354e+00 2.310862272204240730e-02
6.459900725327761828e-01 4.093007653562633408e+00 2.759043139384956156e+00 7.732489369798073442e-02
1.143307190364260206e+00 6.167550528546737354e+00 3.943055102938386902e+00 1.990695671850433168e-01
6.227453985302722206e-01 6.373600370995564646e+00 2.041790971472004834e+00 2.340416422328770174e-01
5.174103641306733170e-01 3.926905735736674341e+00 2.341224535195173040e+00 1.380870142937980216e-01
6.574815961406845766e-01 6.670103137012764805e+00 2.483612517155961541e+00 2.471680577261847755e-01
4.736249861109026460e-01 7.234625791207129453e+00 1.592356539456383890e+00 6.635947358830007747e-02
6.598157561077397926e-01 7.591551022592453180e+00 2.722056103328569510e+00 2.856962991594895751e-01
7.057345535817950433e-01 5.851158076766040494e+00 2.487884130431079477e+00 2.012664600226793943e-01
9.234436744359251215e-01 3.595803831082455382e+00 3.096861793919952976e+00 1.103378973335659846e-01
5.604426275078572273e-01 3.568104655855088847e+00 2.076617447391769122e+00 1.115266426308076653e-01
7.866425876445881649e-01 7.869930729969166983e+00 2.902899230710994871e+00 1.996666264781080113e-01
6.323248209835714562e-01 5.638715969871538114e+00 2.200379107392801625e+00 1.447547303662556628e-01
6.730820225082418951e-01 4.998785054516067916e+00 2.850360479939900493e+00 2.424899164313470967e-01
5.916965224231919285e-01 7.947977810867652870e+00 2.739703987374717542e+00 1.683315574751268473e-01
7.285242497871635692e-01 3.834017628601153582e+00 2.984183080195997650e+00 3.082439928634054249e-01
8.901974944179007476e-01 4.972172938546886911e+00 2.931053477290705978e+00 1.127148319631685325e-01
5.103677616546857809e-01 4.997120437267559723e+00 2.508819595586060380e+00 2.630375611698125282e-01
9.096604320894250417e-01 5.073525447347151385e+00 3.135459443519784895e+00 2.643024316975178811e-01
1.214482043564139913e+00 7.865868435535483094e+00 3.688899150265596560e+00 1.498466846326351465e-01
3.313762144486555039e-01 2.597659456523677246e+00 2.576386953653105216e+00 9.785656154280078511e-02
5.870121397812214648e-01 8.350550593024289370e+00 2.480192830877748111e+00 1.513665408300049475e-01
5.830354928345196086e-01 5.837194956235859600e+00 1.957945511474830314e+00 1.117364548231460086e-01
7.999247815126997452e-01 3.777606110052522226e+00 2.684770404187646342e+00 2.316107875625968981e-01
4.390250316497419925e-01 8.167201798452882855e+00 2.229512911204124759e+00 6.513751639708670327e-02
6.937998974058033896e-01 6.035735155145061981e+00 3.091451884510857173e+00 4.446422629266832266e-02
8.580404166080127792e-01 3.223815732086328545e+00 3.079137373009037670e+00 5.441204446719920262e-02
5.504223471894281738e-01 5.307091827039924326e+00 2.168015254148156323e+00 2.244691571329965052e-01
6.159418629505258869e-01 4.261965924066966060e+00 2.603844984363420156e+00 4.232696734475824285e-02
1.039017810551801313e+00 8.717971348377252738e+00 3.555506215867132003e+00 1.150242211758382288e-01
5.611702698220610852e-01 4.767382980501080780e+00 1.921448541968306278e+00 5.520179229574827262e-02
7.049194451035294406e-01 9.999156912762760641e+00 2.925733518046132797e+00 2.242975791305176214e-01
7.718677631697706820e-01 4.485017215556520220e+00 2.913393549308627151e+00 2.064449868053125081e-01
6.896386686958693168e-01 8.825311633131544653e+00 2.826711336912233197e+00 1.432943662791200945e-01
6.050516816389711616e-01 5.742985040920758344e+00 3.379462458531402813e+00 2.574512521849223190e-01
7.109354201669955131e-01 6.327071911455827369e+00 2.945045609568040401e+00 1.469572724195545022e-01
5.829195868426944038e-01 5.519855215469053000e+00 2.218330634600986784e+00 1.699258436915446202e-01
4.526598763878563192e-01 4.930051517980041709e+00 3.030384046272283527e+00 3.707517383352900708e-01
7.312629168384956468e-01 5.595048327454933634e+00 3.164983598985050772e+00 4.235443124330259129e-02
6.392094801043036734e-01 7.527036121930822610e+00 2.253174810292655206e+00 1.662829722715577774e-01
3.747602761111841763e-01 5.339399698727432586e+00 2.076989377612016519e+00 1.079114876752802210e-01
6.563509553684074849e-01 4.320977999476602882e+00 2.458272389874906594e+00 7.019489238104942297e-02
8.375441081438325108e-01 5.995764865228178309e+00 3.196758136033323261e+00 9.376904049735018676e-02
8.608285657424293857e-01 8.797912549128552584e+00 3.483795271251595160e+00 6.692694875827708001e-02
6.603247025682298377e-01 5.858964784038869666e+00 2.776008242583943630e+00 1.247644761199453445e-01
7.592199846702254451e-01 4.178942611523942752e+00 2.459956760582053370e+00 2.420617955589556280e-01
6.606891630108485680e-01 4.398527691090450276e+00 2.714328149930625766e+00 2.542578295116179610e-01
6.495653532515652806e-01 5.330581400067376130e+00 2.796199948687661863e+00 2.333428240089106265e-01
6.084997967510344941e-01 5.336113093170247623e+00 2.738673531556920615e+00 1.170588917733334233e-01
5.628028477163494747e-01 7.190244774806372696e+00 2.734892646387597548e+00 2.874282384941075352e-01
9.693973609225933208e-01 5.776302926241286606e+00 3.419372609896178972e+00 1.142015949765425309e-01
6.653474969905367464e-01 6.556931026507920812e+00 2.661929016656399138e+00 1.264736112366149356e-01
5.557504331381277751e-01 6.202083713024183709e+00 2.573367096663561782e+00 3.023323861259829548e-01
3.971116281848812712e-01 4.397239194253885763e+00 1.753529639953515407e+00 1.997979322096825605e-01
7.440912851018743890e-01 5.067138751460238844e+00 2.795374319528895590e+00 2.190371447862395904e-01
4.976156123656793051e-01 4.006383603317146935e+00 2.682657604721341738e+00 1.396172635654110150e-01
5.520552183855915729e-01 6.694452872770323637e+00 2.432371301447290080e+00 1.476770521477077380e-01
7.529404823385368317e-01 4.623110652970969348e+00 3.068850162037266127e+00 5.946720423385128129e-02
9.323068814446959784e-01 4.580465306982728357e+00 3.511406763817320087e+00 1.029705436109436684e-01
9.048914374746911404e-01 8.561249045797044488e+00 3.399913479070136191e+00 1.100226527012456851e-01
4.099667328122822973e-01 6.117179196828685939e+00 2.600289109839122759e+00 1.540357088011556908e-01
6.106648990651164510e-01 5.936912698250781162e+00 2.156815619825195540e+00 2.471113795885862552e-01
5.391826870506298830e-01 4.421802441177103304e+00 1.906980629746221956e+00 1.309881005580497693e-01
4.453168087388259533e-01 9.838620609064488320e+00 2.266575713827672534e+00 2.039093897266489597e-01
7.406829807652134390e-01 1.117139804000187553e+01 3.138254252327333127e+00 1.636690348675339524e-01
8.944084116130387452e-01 5.006481809134142758e+00 3.028770622472889418e+00 1.949431440935653348e-01
9.228942719849210219e-01 4.520717951634630971e+00 3.296549221919792938e+00 1.876903439425222503e-02
4.670741138535128845e-01 5.493744255362548401e+00 2.020440407798497429e+00 1.296125255236003082e-01
1.145134749941492558e+00 3.800292106864966435e+00 3.703887007929764330e+00 2.485865078075629175e-01
7.249629899023101176e-01 5.913392392061406433e+00 2.751324111140875939e+00 7.872314638140751053e-02
7.685460040908316248e-01 5.136208644455272143e+00 2.792386078377020020e+00 6.458251319866424589e-02
7.743984039362195038e-01 4.117581390396702901e+00 3.011398855927478024e+00 2.204103498258371818e-01
7.711996370618523500e-01 8.745582708530141858e+00 2.898786176655540281e+00 1.136111085403457011e-01
6.526809854716154602e-01 5.559086762346001187e+00 2.825476841778784998e+00 5.840954490155378376e-02
1.006194901729893454e+00 5.952397984410269238e+00 3.698489271729180405e+00 5.727021910404747618e-02
6.952170189894210095e-01 6.158861824128841533e+00 3.059020940271094169e+00 1.275416685500819491e-01
8.350050378132605200e-01 8.877525476275978988e+00 3.392799527778094237e+00 9.101619881460282224e-02
5.919601726276761955e-01 6.620939040349331783e+00 2.152317237620401613e+00 2.114911006963132722e-01
9.033236354060348861e-01 4.861466632939689170e+00 3.353223231918597502e+00 1.155853105809961645e-01
5.840899562478599760e-01 4.477998626738617816e+00 2.554897387809542675e+00 2.883105787297666200e-01
5.622680780392234068e-01 6.205998512590085170e+00 2.435858056483018785e+00 9.207389952074868100e-02
6.049053806738030614e-01 8.327580006333127116e+00 2.494925638687165659e+00 1.916585327002829908e-01
5.883845480073122136e-01 6.619550573949370964e+00 2.765933635735523755e+00 1.518079692063806774e-01
3.232468231972262518e-01 4.586559342589152877e+00 9.776931217701689825e-01 2.349699974103345579e-01
6.156752729583769845e-01 7.958684019428650558e+00 2.644732463504815279e+00 2.570106396470784871e-01
7.110118480022807885e-01 8.419626611801630744e+00 3.277090640688527401e+00 1.190500072408536281e-01
5.804735307481144746e-01 1.058643024186962833e+01 2.740347784749028293e+00 2.348941300406087174e-01
6.774624804563732505e-01 7.421287679227694056e+00 2.997624893028531634e+00 2.015817864872183895e-01
5.893990379573257332e-01 7.904635302400298436e+00 2.698390966703990923e+00 1.033329143603939071e-01
4.997361150261311336e-01 9.144440416072866284e+00 2.596925477538087446e+00 1.243781736198631277e-01
7.887809348296439538e-01 5.354257151722057628e+00 3.283552089923502670e+00 9.705302430893920917e-02
6.252592057615183885e-01 5.045923774889640612e+00 2.952695352977325882e+00 1.416827968930265691e-01
3.570190112711957853e-01 4.216516697027228311e+00 1.751987718213081191e+00 1.524501021523166633e-01
6.010928203203458331e-01 4.637363226818976614e+00 2.769046580308382133e+00 2.634401821609246852e-01
6.750164993180510775e-01 7.784575274815161094e+00 2.651408085973600226e+00 1.211317431503805137e-01
6.913024972791028677e-01 5.219863350092536436e+00 2.884503366288375670e+00 1.103173736354632894e-01
4.817672716526520960e-01 8.367151692692095466e+00 2.249971995277810333e+00 2.823354920967507953e-01
5.927472751837523646e-01 4.911904714039247111e+00 2.048958330737428835e+00 8.799910431176979908e-02
8.029411884695476509e-01 6.198729786546301135e+00 2.849882266768167582e+00 9.741709875229367932e-02
5.618529619777267170e-01 5.919267823543802542e+00 2.261118619807342522e+00 1.466967542861397633e-01
8.263088022360889351e-01 5.829397245300923736e+00 2.771604590649869415e+00 2.195139051465101465e-01
1.080326526799051390e+00 5.695902805993428686e+00 3.754018905430716035e+00 2.228027624531613293e-01
6.681821238969430921e-01 6.915174622636623525e+00 3.134271225545696815e+00 1.064601308805090130e-01
9.209143688871358480e-01 6.480174559670726531e+00 3.200966005652251756e+00 7.804135892936081564e-02
8.054030954835897926e-01 8.029149890213462371e+00 3.363619255969673816e+00 1.176786171906355483e-01
7.411370756332054111e-01 1.010307653082747947e+01 3.219222709781540459e+00 1.602787190931204420e-01
5.242347033461972616e-01 7.717697412693937054e+00 2.740539621476040910e+00 1.642943274560624278e-01
5.591659444520387101e-01 5.025162514687631976e+00 2.677737527640051685e+00 1.713927552413094246e-01
7.795072740340849293e-01 6.203207150430076311e+00 3.407493250938915086e+00 1.080106247326169805e-01
7.866376219482238419e-01 5.321125444287559958e+00 3.169274171574852250e+00 9.250760021752370277e-02
7.718588643899945145e-01 7.118857760833304127e+00 3.346814104825828640e+00 1.236672963476871528e-01
4.754169159518338295e-01 1.196450027215151479e+01 2.331002329961078701e+00 1.299452803697373482e-01
6.160478229107146930e-01 7.297158201551205536e+00 1.798225147228715182e+00 2.086551796850056872e-01
6.555727877968617889e-01 3.713597966408870299e+00 2.922890572766625006e+00 1.841596429904613919e-01
7.674814619832337481e-01 4.894491929603194791e+00 2.822692124332906172e+00 2.093260821345343525e-01
7.965023208756371043e-01 5.071817326330517517e+00 2.900718983576494381e+00 1.705203602707293098e-01
4.975750061995207196e-01 7.668465452905453006e+00 2.604097481374247902e+00 1.078334347975347107e-01
7.411156199525774646e-01 6.243116033212029237e+00 3.015415777172491207e+00 1.102422020334096614e-01
5.304338246168380788e-01 7.158194937292734039e+00 2.404260422938950814e+00 9.322798790399279556e-02
5.759382539028607972e-01 6.453395322468468365e+00 2.633115383815651356e+00 6.403012482489431334e-02
5.376655543549951899e-01 5.179398702705469759e+00 2.334646204326034979e+00 1.070447113282076701e-01
6.552755175797418952e-01 5.132866027234978645e+00 2.709508291743265573e+00 5.606144262706683201e-02
1.451999088304587682e+00 5.500033946491518222e+00 3.719570802183199021e+00 1.894888224617485850e-01
4.804384162437186356e-01 6.976407904663536996e+00 2.424504996085211417e+00 8.356353409144891276e-02
8.269062625695744462e-01 9.635937296167362831e+00 3.321545978780727104e+00 3.774302055061538042e-01
3.899704905795453036e-01 4.587034601162658376e+00 2.228816541649147442e+00 1.703310153574205676e-01
7.023144143119974814e-01 6.518434924115546814e+00 3.090427357823388732e+00 8.023688999541921107e-02
5.981360624988779628e-01 6.454205982752491799e+00 2.950512731053393178e+00 1.852258556961524083e-01
6.617093443053299051e-01 9.941060009462555414e+00 2.708462837824208158e+00 2.524409986522562765e-01
7.018892080005229017e-01 4.370826929480019274e+00 2.960574961076348099e+00 8.637169506083719472e-02
5.156495437357733191e-01 8.461590110654078956e+00 2.094246606072605932e+00 3.375168616253705900e-01
8.904453436400442401e-01 1.081308536458687009e+01 3.466272656886451031e+00 5.908048431201122497e-02
7.755309775723510102e-01 8.085783111670579615e+00 3.173133798560717089e+00 8.431434788176858652e-02
5.357467458469948873e-01 3.443341234737742784e+00 2.687937088954553744e+00 1.787150615543621757e-01
6.259161003366005005e-01 6.841702901591037111e+00 2.756664761194065782e+00 6.954562063484379109e-02
6.016012842383043902e-01 7.390739882472631805e+00 2.945433098479183887e+00 1.631012499839598062e-01
7.318149388448275117e-01 7.294363851409045196e+00 3.234722773522237915e+00 2.338639836215874734e-01
9.543477540119085223e-01 8.158828643865344787e+00 3.537518610643124894e+00 1.405192707870003277e-01
7.077755475344131852e-01 6.049696674884943448e+00 3.068424064921274841e+00 2.905214152231447855e-01
4.261756241241446141e-01 5.304897697573349724e+00 2.252834696867994424e+00 1.185766551009717756e-01
9.871274624424235533e-01 6.725503612581890778e+00 3.122766017898190860e+00 1.834081187797454993e-01
9.892071645770716959e-01 6.317802690567901891e+00 3.326468308383969230e+00 1.614427715123248341e-01
5.285463567228491089e-01 7.148562438024586463e+00 2.264964185737357916e+00 1.683440303348693601e-01
5.709140284025892020e-01 5.299866417754073744e+00 2.826147850425729136e+00 1.407430566199553423e-01
6.905708781575982114e-01 6.336531531866433475e+00 3.141189005437563520e+00 1.734774165279733549e-01
7.658521641532179958e-01 2.795497769921693632e+00 3.077604692439587897e+00 3.715324951177190888e-02
5.205900748989832350e-01 9.565929934994706230e+00 2.461639272339419371e+00 2.580562086105412378e-01
5.345426959932021438e-01 5.252962065183313101e+00 2.165992081917043066e+00 4.781130230704373069e-02
5.385954281848823744e-01 4.727542827095593481e+00 2.467134757764168018e+00 1.746954425334669436e-01
5.961779408345592168e-01 7.311928675978037973e+00 2.751775844517113434e+00 8.309449888619922786e-02
7.598130185773733780e-01 6.882030177551775374e+00 2.948134069848411087e+00 1.143040306325916883e-01
7.048051581175902580e-01 6.622732942183352733e+00 3.037877889392655462e+00 2.088198505834240881e-01
7.555996739820539654e-01 1.002638802999716994e+01 3.152181300998350810e+00 2.281904397911336257e-01
4.639745534132568294e-01 3.983831609670939411e+00 1.982187845466273357e+00 1.325735029617821081e-01
7.955583539974566687e-01 4.072224009645369236e+00 3.249782212249905378e+00 1.206290641382185280e-01
3.812159269230228631e-01 3.283268591960933680e+00 2.114768729671570036e+00 1.239313061610819305e-01
4.584659909529762989e-01 6.848811267363726252e+00 2.061116843779551289e+00 6.026026991904004371e-02
8.805454730318165169e-01 7.139977392452625082e+00 3.415713276583283164e+00 9.089555759005026048e-02
7.197056328579500839e-01 4.959829192113884844e+00 2.818391840991897546e+00 1.537610750843090672e-02
3.334961312382271337e-01 2.501482549090813468e+00 8.822083914341559696e-01 8.967238895747542404e-02
6.212218972784264714e-01 6.475665107431802348e+00 2.834234542942517088e+00 2.782171704671215773e-02
5.369874155978090480e-01 9.763392078095940008e+00 2.501910540868300004e+00 1.100409826083731113e-01
3.910613860134499742e-01 5.839808645883824312e+00 2.259523400798679749e+00 2.346496821031732738e-01
7.036491506433009135e-01 4.344280492183658637e+00 3.020631942746831555e+00 3.664035186804933120e-01
5.516066196088009743e-01 6.909463698593380165e+00 2.769429520263182010e+00 1.303473119648915768e-01
7.622654824020983488e-01 6.348616888918538592e+00 3.195176348757597928e+00 1.130537797338325434e-01
5.978393711408193090e-01 5.159629562078082543e+00 3.064023653556775528e+00 2.919015593839831557e-01
5.910298133086601124e-01 4.700666987233687699e+00 2.847991746138094804e+00 5.626266246035826341e-02
6.950373671002443299e-01 1.620593501403305581e+01 3.056868391525777273e+00 2.837520450534727900e-01
7.121085891040307425e-01 6.313126989124135058e+00 3.247860182690829767e+00 8.409934055132439745e-02
7.583450740926596101e-01 4.267345808259841000e+00 3.201716922831641554e+00 2.519257619331460862e-01
5.779718441625060210e-01 4.959543554273288635e+00 2.395336506848801950e+00 1.213360393970879247e-01
3.940070184830005706e-01 7.584756412680897952e+00 2.106609341909694955e+00 1.419729648883918394e-01
5.805142958756241978e-01 3.846620788190542317e+00 2.389452920010162185e+00 1.006800103825489651e-01
8.489894436371407949e-01 1.132741100438116533e+01 3.482202126402329512e+00 1.739317880270288275e-01
1.179108313726262791e+00 6.283818200549347033e+00 3.398459427563521817e+00 2.135814742346380524e-01
8.284934666349547117e-01 5.607977763749148359e+00 2.661418999386323314e+00 1.252856151934002016e-01
7.283761258182674947e-01 8.254802303222884774e+00 2.493527201674174965e+00 1.957850059362874762e-01
6.988403406671879203e-01 4.837630583949014351e+00 2.707135689450133054e+00 1.259957128643844626e-01
4.279953449801847665e-01 5.682251040084860705e+00 2.240137030507620253e+00 8.968682288150615911e-02
8.547692215416760053e-01 4.215939616979192728e+00 2.406089787376230582e+00 1.066990420661955291e-01
7.692409560792823342e-01 7.329876066471161522e+00 3.047954736445880108e+00 8.743246429204128145e-02
7.428549693324980607e-01 8.217568420115842542e+00 3.300758758262349879e+00 2.294394901240031370e-01
6.675586225939506013e-01 7.671560580278860009e+00 2.562398506102284035e+00 1.852888848878041228e-01
6.021066816887723494e-01 7.790646351183019291e+00 2.886468619489861887e+00 1.133497779522812526e-01
7.389045277006677237e-01 7.538143117054825204e+00 3.095908919774399859e+00 1.475958823148704468e-01
7.673002035356306649e-01 2.400383313703002841e+00 3.306812303346458481e+00 8.935555360738291208e-02
7.435195054839807138e-01 9.930468409110194017e+00 3.407974119823981241e+00 9.605026999062568627e-02
6.416155477798632933e-01 6.172979021562155388e+00 2.688707561378136823e+00 2.043228689506281781e-01
4.240129214296181059e-01 3.993157590895731968e+00 2.305278388605534801e+00 2.422711045293576559e-01
7.002846688154922283e-01 4.718539776782627371e+00 2.400283204250877933e+00 1.863589409369809657e-01
4.605977651381735205e-01 3.488691495291283751e+00 3.029248855962326736e+00 2.976189557344134373e-01
3.921713644717857439e-01 6.621891990355190494e+00 1.908629195409382806e+00 1.701812453412429593e-01
5.334889597023236840e-01 4.997589649291332314e+00 2.604228849720537031e+00 2.012056652908517929e-01
6.111221319529518414e-01 6.594112419749649234e+00 1.709814062947246693e+00 5.608248918432912067e-02
5.540559363762186385e-01 5.584265023580494258e+00 2.185891952858540765e+00 1.319490813834080511e-01
8.580373624235728691e-01 6.069671960777148989e+00 3.354316127911453282e+00 1.914844634237413967e-01
9.215088163644651331e-01 3.779748252049729196e+00 3.686807855175852300e+00 2.055073464548762552e-01
5.914151254931185875e-01 3.905882151109027145e+00 2.849726465709758738e+00 2.656085771632960557e-01
4.661904491941145090e-01 4.138428995514739306e+00 1.931712212061503120e+00 1.977539578181801150e-01
5.924629340622319384e-01 5.821365736412943193e+00 2.299874903180672447e+00 1.996740906410437999e-01
9.380919122295200419e-01 7.389339284718949408e+00 3.432632806950737248e+00 1.018307479186116304e-01
6.977435482247501541e-01 1.144503284595015202e+01 2.826053257566432109e+00 2.413384487012989466e-01
5.930487144246027187e-01 7.835169645663770943e+00 2.648348240555567390e+00 7.927025006206765700e-02
9.894974211495616290e-01 3.303923068964849108e+00 3.285627040275665323e+00 1.293271846016829929e-01
6.358773529030895544e-01 5.323544411783473151e+00 2.693964275496918415e+00 2.108835844756807298e-01
7.448543853103092305e-01 5.722443962582949517e+00 3.449399484217113621e+00 1.131203369640454426e-01
9.464480118869120773e-01 6.107745098221248448e+00 3.197577350075289093e+00 3.430419893059534764e-01
4.506528848824132849e-01 6.394295125584584127e+00 1.659635931455576863e+00 1.553971345090678913e-01
7.762743221881774902e-01 5.406047952455619310e+00 3.130864737430713252e+00 1.532770363252342338e-01
9.209042706193826255e-01 6.672993774837877368e+00 3.557525275830872857e+00 1.598305821014849581e-01
6.005661404497280031e-01 3.016560975629185126e+00 2.576176987993865630e+00 4.584432395711961900e-02
7.402186765573364191e-01 6.497036909003273131e+00 2.201255372975311708e+00 4.780095548463262345e-01
8.658288902795028275e-01 8.870650485549431252e+00 3.091773612572538354e+00 8.895962511557832519e-02
6.755249659030090337e-01 3.696304530954988898e+00 2.593002644755982189e+00 1.031638362320669022e-01
5.007381582713836821e-01 7.762824113344196419e+00 2.192506552153370869e+00 1.161464550721221373e-01
7.058185200035137496e-01 5.622036750687143147e+00 2.842658465507682752e+00 1.448048527097559879e-01
6.106011614471424931e-01 7.699434582550895634e+00 2.824603610433387146e+00 1.457698825387896968e-01
7.827007386095873320e-01 5.185023683564994990e+00 3.010000425233633869e+00 1.488177793859778442e-01
7.359585272255730892e-01 4.204177947803262150e+00 3.246464008706305027e+00 5.446961002246908379e-02
8.819918341920325311e-01 8.004598874353201055e+00 3.015997606872274250e+00 2.027439230598765685e-01
8.915112165482490525e-01 9.080522750692253453e+00 3.443570425371900168e+00 7.731357683510566015e-02
9.005041074066815199e-01 4.620060565317682943e+00 3.209107150207962889e+00 6.754833163025847353e-02
8.730456465812639344e-01 5.503834156448395909e+00 3.311408804685648910e+00 9.371856615979956562e-02
4.791572963638746074e-01 4.948806441230303221e+00 2.215545316740216375e+00 1.774236542089164814e-01
5.006730006448624204e-01 5.183850394738213296e+00 2.255271634711193851e+00 1.013486848766831649e-01
7.008489572288635339e-01 7.627396114929511306e+00 2.957854303013171648e+00 2.959091018262696715e-01
8.843186128388834666e-01 8.059338045995593447e+00 3.242663560998576777e+00 1.343300829706580990e-01
7.700272603650014647e-01 3.269420651025150892e+00 2.836408215489945484e+00 1.954845306309401232e-01
7.871703558572885617e-01 8.265343213348963047e+00 3.529492307864253497e+00 2.322743222889993853e-01
6.244999389088172759e-01 8.315028295227907762e+00 2.605265246873351703e+00 2.652833266128119538e-01
6.571104487829616536e-01 2.833559143734441399e+00 2.549077092767183306e+00 1.980456164247700601e-01
6.584610905837972039e-01 3.872754304695888994e+00 3.050531630697322250e+00 1.034861177757518680e-01
8.366128785419240099e-01 3.359313893444159760e+00 3.262531889001037300e+00 2.067904787574616210e-01
6.590814454794360344e-01 6.638418386972039009e+00 2.855318519502035191e+00 9.705252093129607127e-02
8.104331428844531171e-01 3.681092442528413944e+00 2.727462668537573354e+00 2.310862272204240730e-02
6.557183489529060383e-01 4.450167655127573063e+00 2.279308733575168944e+00 1.516730835094318441e-01
8.208679315398088594e-01 8.198586755003107740e+00 3.323677999997943999e+00 9.226244822959352165e-02
5.504377063942343939e-01 1.100052828571634222e+01 2.634526935947502313e+00 3.379951041167228443e-01
4.403535354659732226e-01 5.539321903308604078e+00 1.678944611421756106e+00 3.992344984246472273e-02
1.017794335639927272e+00 4.196301214707214733e+00 3.153103044782922026e+00 1.144702529115042833e-01
5.771330568418879814e-01 9.937014061569986012e+00 2.918206525716096067e+00 1.419427089183415147e-01
4.829722763612288583e-01 3.690891261006819413e+00 1.970346828217128365e+00 2.680776992831500616e-01
5.125638120613004167e-01 5.490310131149287898e+00 2.309800460697465585e+00 1.288020104329471727e-01
1.122719741012782046e+00 7.231151317800165401e+00 3.490494472698708162e+00 1.380436144228261719e-01
4.248389180560753764e-01 5.963067242682217994e+00 1.809561075803192365e+00 1.811986642044054463e-01
9.674537513202421390e-01 4.207185082272721033e+00 3.064126031413368700e+00 1.776034402388251277e-01
6.159418629505258869e-01 4.261965924066966060e+00 2.603844984363420156e+00 4.232696734475824285e-02
6.229791788073630876e-01 7.814559329051834702e+00 2.385982304008860577e+00 9.574044337586799791e-02
8.875541253346812542e-01 6.777867298658975415e+00 3.090606068753742885e+00 1.456343155930326372e-01
6.981728118475636347e-01 1.013646808797143173e+01 2.880836516447762286e+00 1.488764653097945367e-01
6.213428726344814024e-01 8.625630926956628031e+00 2.878554135429634453e+00 2.976805494671758701e-01
6.815339704657084052e-01 5.011264839373660074e+00 2.736371265488887428e+00 2.706021619865714434e-01
1.056053609844959995e+00 5.083667242185589075e+00 3.618201911587957564e+00 1.081357904301646078e-01
7.146867918413462029e-01 4.663852593553265535e+00 2.984539835082423931e+00 9.130513942056253662e-02
7.580788168469207999e-01 3.897671092937320392e+00 2.566539865940852039e+00 1.564668922960691932e-01
8.423361253605132770e-01 6.822288383231190245e+00 3.327051953019231512e+00 8.787398657450790074e-02
8.851122069578500895e-01 8.290592965365584988e+00 3.056615972408582849e+00 3.494221548336575167e-01
7.182243655593341103e-01 5.917709869013148882e+00 3.275192441591611381e+00 2.230209162956086066e-01
4.886990077562748946e-01 7.425366396942430391e+00 2.546932227694787887e+00 1.556569352808351847e-01
7.808863360521655084e-01 3.295907494468468091e+00 2.471073712312451320e+00 6.495674300206555341e-02
5.936639781077774902e-01 9.561084771843779251e+00 2.665619531216287807e+00 3.009973224093816513e-01
9.189395625875816931e-01 8.259415864235648996e+00 3.156733060657373358e+00 1.210593474281126125e-01
7.557375010477863642e-01 7.149611437292919369e+00 3.219836022160179390e+00 1.420509339813926519e-01
9.861583566220470942e-01 4.443160583011938058e+00 3.553409813842207221e+00 2.529292274704257881e-01
8.084139392123967927e-01 7.362239037518932605e+00 3.294780485030422756e+00 3.208244867373616360e-02
8.844550079613099358e-01 9.493125591039184741e+00 3.146142274490834279e+00 2.520620171907004825e-01
5.788891612968372069e-01 4.386708616441964637e+00 2.592594504869780714e+00 8.428792631928508361e-02
9.888955377325031604e-01 4.486451009924149247e+00 3.107961557075230363e+00 7.989028675396075974e-02
9.098145482644396376e-01 5.751176707513100617e+00 3.437939192138105504e+00 1.475367595832547951e-01
6.009250824977030447e-01 8.429653148585563471e+00 2.550828062382423767e+00 1.893569700221950092e-01
7.744206083424888254e-01 4.516291970004655987e+00 3.266403675015478569e+00 1.256228237512191648e-01
7.389786705436419689e-01 3.708289607283538736e+00 2.920947019255240029e+00 4.565895739695550321e-02
7.446619578779147819e-01 5.697934726402187344e+00 3.103045607747886514e+00 1.397061363087622188e-01
5.504784990969361358e-01 4.089966210886439413e+00 2.328040863189481779e+00 1.343210817493383780e-01
7.549539235944647819e-01 5.129693618940101452e+00 2.928823442909307406e+00 8.695317529537552326e-02
1.064793698524172827e+00 8.349759200475489251e+00 3.634509162911883529e+00 1.381375855180836665e-01
1.049357576990084695e+00 4.929878700184783469e+00 3.437610680616925762e+00 1.149031539540789904e-01
6.947106902177477838e-01 6.359464196815165948e+00 3.210365856231471859e+00 2.016029703955091457e-01
5.435874131052321756e-01 7.831136637280192936e+00 2.674124966504778822e+00 9.727336892406616975e-02
8.593897031578985324e-01 8.162316340133957127e+00 3.284395368367071022e+00 4.671519471714259686e-02
6.020325301694415820e-01 5.893963878734486350e+00 2.514860729667334649e+00 1.108251590416135662e-01
8.390372139000152885e-01 5.797028846152379344e+00 2.810734036010677617e+00 1.244828508169733422e-01
9.037415304610714184e-01 6.184096186517422211e+00 3.370021476337837996e+00 1.050832064815003242e-01
9.107932998152701298e-01 4.917436626873589844e+00 2.998963457188934534e+00 2.681508363592408073e-01
8.231146437658840576e-01 6.444844225261658011e+00 3.345566367334756652e+00 2.203564532699380518e-01
1.091980892023875160e+00 4.316583187546847000e+00 3.749582776499889913e+00 1.136733692658735001e-01
4.754204838000933853e-01 1.204810575941718476e+01 1.736614633760380944e+00 1.434548105107882054e-01
6.792059384876721895e-01 4.304923417632306126e+00 3.109681064775345227e+00 1.374578930431282486e-01
9.258887216922503383e-01 7.008972477828494974e+00 3.591675581828097652e+00 2.634525471023565490e-01
8.566122893642041936e-01 1.115329354000255968e+01 3.496260524727083485e+00 1.737931424253579826e-01
1.103239105770542405e+00 7.398205213384567713e+00 3.649242789479109739e+00 5.318910158366051827e-02
8.456673311132024695e-01 1.253225818559953630e+01 3.387049483416419537e+00 1.479676129047645394e-01
7.166105163408708068e-01 5.361979936598736174e+00 3.260469847146424183e+00 6.195300737916793754e-02
5.783725791270647454e-01 8.152567597019775292e+00 2.731664805694325349e+00 5.134642311511070090e-02
7.913466560769947256e-01 1.038250960112385535e+01 3.240541451676487217e+00 4.007462214270521850e-01
8.709346868416009135e-01 3.876297900080714953e+00 3.168643329596547265e+00 1.832104541577720958e-01
7.872166903306483388e-01 4.468750958871888557e+00 3.346809203226328133e+00 4.170528312258622861e-02
1.162455872016078473e+00 3.614606045464181072e+00 3.530055234755979932e+00 1.954451307419862727e-01
1.125633773079246946e+00 5.228563884970190756e+00 3.736328762682322946e+00 1.150562683633852973e-01
5.318158171604900897e-01 3.670469687273461012e+00 2.034218084835128781e+00 1.412043116891551764e-01
4.272017885439090001e-01 8.240790171211919812e+00 2.452861653883505966e+00 9.883216444568918013e-02
6.326095331820520418e-01 5.323186048737753140e+00 2.373931007049247199e+00 3.251448329011597665e-02
5.961244494063648869e-01 5.942945052127546646e+00 3.082758981323014513e+00 2.319484827980340669e-01
4.883579093926391224e-01 6.116998318351502206e+00 2.208429770579353413e+00 1.578625990852740579e-01
7.253369785545462634e-01 4.472359328612092177e+00 2.841773629805028012e+00 1.225108387171232882e-01
7.216133043111202516e-01 3.694062245373395559e+00 2.609396876816403310e+00 4.059688485185612983e-01
5.926234571934890782e-01 6.394334067909964503e+00 3.037292706340135595e+00 1.024804312015659691e-01
8.377327198673536479e-01 8.932615598661088896e+00 3.342931554442174935e+00 1.665704761700048664e-01
5.818211385260683155e-01 2.944364469475842405e+00 2.371868789515375830e+00 3.792313821096929272e-01
9.127679403387387591e-01 8.678510437217651585e+00 3.527028680492112933e+00 5.565577766037857477e-02
6.593076107874645819e-01 5.301129349263080215e+00 2.266692115346038428e+00 5.780717542224160510e-02
7.265714783298290458e-01 7.371622632045230716e+00 3.190898262417520392e+00 1.408684481615871120e-01
6.958428311888371631e-01 7.468120629412172917e+00 2.701875233208873350e+00 2.102260561263211425e-01
6.629691229130906249e-01 4.509876843857657747e+00 2.975478958794875783e+00 1.595332770866732530e-01
5.675894273021038217e-01 6.650475837798274448e+00 2.778893290435494823e+00 2.819794702658229638e-02
7.929004145655077496e-01 9.463527592316774317e+00 3.403933653779525059e+00 8.185570042067420726e-02
7.542805028395442868e-01 5.931266683604290435e+00 2.593664255680602881e+00 2.229907456394497056e-01
5.909131691031185296e-01 5.637408561864017287e+00 2.057783126430967169e+00 9.956079918556269559e-02
6.706214235136562785e-01 9.463863477008253255e+00 2.766417458939339991e+00 1.956049765093295367e-01
7.202563966453606747e-01 5.084898686749000696e+00 3.015432458451953401e+00 1.381382123657409755e-01
5.044701946362390999e-01 5.851540407058936744e+00 2.766127239365841373e+00 1.280033069223750763e-01
6.523288196107766002e-01 9.614580732156749576e+00 2.604637555149635464e+00 2.468534509874937000e-01
5.129145714846301551e-01 3.366259215859570109e+00 2.813413736602988546e+00 2.068116362645786022e-01
5.254158547106178023e-01 2.841833871508621989e+00 2.499477556261940681e+00 7.827331875443348241e-02
7.545656195952422651e-01 3.869689031901155651e+00 2.899060433583816820e+00 9.151406021693922477e-02
5.483699173150770045e-01 6.956768933202963190e+00 2.474692723667786698e+00 2.171327811554337461e-01
6.955514520980061732e-01 7.199617034321668996e+00 2.994615465956615097e+00 6.362632262599056399e-02
6.955880972538656115e-01 6.215706335906513225e+00 2.579172652333615368e+00 1.772338244636754989e-01
5.756386735229104268e-01 5.023259569360969401e+00 2.394144486334207400e+00 9.601710545764215177e-02
8.104331428844531171e-01 3.681092442528413944e+00 2.727462668537573354e+00 2.310862272204240730e-02
7.152438528757613101e-01 4.395466282585360318e+00 2.846235988538740713e+00 2.635356511124220535e-01
5.013123207540708393e-01 5.508581714060171386e+00 1.978060125611626141e+00 1.704471632510319301e-01
5.439625423087869338e-01 4.194791574896202135e+00 2.168204437516854544e+00 9.181826008619398127e-02
8.172382706512436590e-01 2.577955673722957197e+00 2.643428652244405708e+00 1.317373159084327672e-01
1.215481368878682522e+00 5.409489809920434489e+00 3.574828407548694464e+00 7.502744828403579147e-02
6.027292096081734440e-01 5.171216243215221553e+00 2.597917265455957470e+00 2.017394130222060766e-01
6.331601213325932509e-01 7.300649083157093600e+00 3.286997262173497081e+00 8.989199858260131515e-02
9.363052535623322958e-01 3.675239478430442741e+00 3.394708469054328770e+00 5.883547142939820479e-02
4.992381243261677093e-01 8.363629107367785309e+00 2.501318241718648583e+00 2.932243276008149602e-01
5.869659706140318844e-01 5.365892438725354374e+00 2.503564863576836164e+00 1.614485202918322371e-01
5.321220893866177581e-01 5.735014369378012233e+00 2.191851515740319556e+00 1.866907449846375577e-01
8.484378425360705744e-01 1.066851676640426305e+01 3.223261231034468377e+00 1.625185878305549503e-01
6.570732451988477996e-01 3.244601304532109154e+00 2.547739480757854391e+00 1.130252660236698153e-01
8.963026372886536697e-01 5.230046772173795766e+00 3.649481248001027911e+00 7.704272585176046018e-02
5.555478620334792783e-01 5.770996608271902417e+00 2.293443451940762046e+00 2.207774235763282078e-01
6.125117957859111950e-01 5.371545867279413855e+00 2.411202968177669437e+00 9.377999015838058006e-02
5.888907067257581618e-01 5.534560472085014560e+00 3.046752227621755793e+00 3.408337985141239590e-02
7.392856176489834841e-01 4.185398046193298249e+00 2.836372679606455893e+00 6.018804668093204191e-02
4.205604963705106281e-01 6.756150009668163037e+00 2.050999644353864504e+00 1.697756873808388689e-01
1.378437490604143889e+00 5.270597978775859893e+00 3.571343514380062700e+00 1.583356954388153159e-01
5.765716494410609849e-01 5.630834344793348656e+00 2.986894457759818877e+00 2.530088757334391092e-01
1.000489008989899009e+00 4.253722457248467315e+00 3.430910569131998322e+00 1.256312501254620573e-01
6.850880867966356869e-01 7.665809348732679496e+00 2.982942873053021859e+00 1.853669138239475989e-01
8.386282468716713678e-01 7.406443882574379245e+00 3.429527768161541257e+00 1.582717718356170256e-01
1.035183899933337592e+00 6.438266522482896548e+00 3.641019944929500429e+00 1.769662737716147238e-01
6.336551579364506637e-01 7.791313672339673424e+00 2.933682732091992929e+00 8.383922727467267577e-02
5.144830306985472834e-01 5.980511170788148867e+00 2.129123363935827129e+00 9.248028430492750973e-02
9.427862262130980442e-01 6.974699940495507455e+00 3.359988893286763201e+00 1.610291868391159481e-02
6.868772349645301256e-01 6.616102548326612265e+00 3.260967428837088455e+00 2.469533973907925561e-01
6.112138022113476898e-01 6.939161002459993455e+00 2.925365693064409633e+00 6.361792648936497041e-02
8.597408550642252623e-01 3.945832163114214364e+00 2.914994962605852002e+00 1.357299937166923098e-01
7.154382218614903088e-01 5.385117104992764858e+00 3.051211796059580816e+00 2.932322368922499756e-01
8.014228462903074668e-01 8.436297619203378062e+00 3.381266439930094680e+00 1.433440617500556513e-01
1.170351517102089733e+00 7.714911289008194117e+00 3.927868924779944759e+00 1.034909425402415900e-01
6.859775111918018364e-01 5.605112132317261242e+00 3.079609693831853345e+00 1.388643317671820199e-01
4.422340833562835027e-01 5.069125227612621742e+00 2.142416603605452607e+00 2.239664523191620960e-01
9.718777720558557931e-01 9.631569012271034680e+00 3.515854714770895839e+00 2.280084217340360431e-01
7.050054375902329307e-01 8.489624326457979819e+00 2.972741003485840139e+00 4.442563733541304155e-02
7.179915162187869848e-01 6.326418970710914635e+00 3.337208589886019094e+00 5.449570386320432003e-02
8.753083642000626385e-01 6.953651322181022110e+00 3.252812672000125804e+00 1.004427339100950056e-01
7.079456221610046507e-01 5.957804369916530618e+00 2.793106701401868452e+00 2.109696764265721891e-01
7.154320552406439049e-01 3.444424608646774466e+00 3.309919935089917331e+00 2.027108478963328964e-01
7.906401692975526529e-01 6.348742651211585653e+00 3.176481845057473663e+00 2.954338260138981986e-02
5.752635332928101031e-01 9.827522598203666249e+00 2.621447065137413990e+00 6.374066282428575425e-02
6.104072799460902310e-01 5.922948050259599917e+00 2.772708149284421886e+00 1.095001216756796431e-01
6.001216870910380807e-01 5.980384531356937927e+00 2.585016468901121467e+00 6.699676245728052038e-02
8.887883797994752255e-01 3.872799318978866978e+00 3.587500130718126456e+00 4.919272185717914886e-02
5.861480819989219881e-01 1.408443581242059928e+01 2.379279247877331915e+00 9.540850234791412032e-02
9.150034633845547383e-01 7.661989634782003122e+00 3.771807100934863932e+00 1.697573113947258572e-01
6.389382454952846624e-01 4.765008001317031727e+00 3.174750195496092164e+00 8.362882439763312525e-02
8.926465308579253355e-01 5.226209190349447198e+00 3.259900369459499014e+00 1.828299028183862918e-01
7.505324589862301110e-01 8.531055274261177601e+00 2.757552919748050613e+00 1.618121227673034457e-01
1.037399157602896915e+00 3.937157154689434613e+00 3.662267792899540186e+00 2.019490486742669122e-01
5.565569666890372025e-01 4.336946942342547295e+00 1.810969563588726405e+00 1.318790719472509032e-01
8.017693326887690430e-01 3.942605522084841940e+00 3.306226355726594512e+00 1.386020510826814212e-01
9.489110215214535682e-01 7.650334423116962768e+00 3.493610229327309469e+00 1.613915995265761960e-01
8.441766015461998895e-01 6.198492428720429714e+00 3.239293584706634199e+00 1.206840628605254512e-01
7.608359122086301163e-01 7.841744511808570905e+00 3.297205782686000841e+00 8.157238990237333787e-02
8.061257699208529415e-01 7.125188615552640492e+00 3.319120560739989401e+00 6.770733176499943440e-02
7.263390675169213440e-01 3.689694113385852958e+00 2.870586767093679104e+00 9.180657481568400835e-02
6.758564414684857802e-01 5.980854410650864317e+00 3.025364676868966818e+00 1.307113872937752386e-01
8.276215427350752663e-01 6.605831359860324881e+00 3.266219217296354227e+00 9.214391403531890790e-02
6.699479278832589646e-01 5.437042269061833188e+00 2.727498156277934349e+00 1.974964754927210075e-01
1.657581707697749263e+00 4.481121344094242787e+00 4.078523486902529527e+00 9.571962540327511038e-02
9.953393112691242273e-01 4.832278999479735049e+00 3.536303125786279367e+00 8.574950668294235856e-02
8.660144297580434358e-01 5.850342795032124954e+00 3.432397265553177146e+00 1.371125125206444362e-01
6.694220720265285918e-01 4.653413078330726371e+00 3.340495474289786770e+00 1.268827874687140644e-01
1.056419489240247422e+00 5.508467041300408873e+00 3.420332392496568730e+00 4.556008390553825671e-02
6.992426669125606509e-01 3.809809380017368241e+00 2.886886086769294035e+00 1.063220837205530456e-01
6.183723943872350137e-01 6.366507031578702680e+00 2.770240422563762017e+00 7.355017285626401502e-02
8.048145494245866338e-01 5.075383753787604313e+00 2.823980287028929670e+00 2.505649031797303472e-01
6.365871649450780545e-01 8.170318302295640933e+00 3.150768365925901371e+00 2.039650719914603560e-01
1.224382981543027826e+00 3.481704461567904918e+00 3.610131418490688748e+00 1.023766627086267339e-01
3.601885285522353763e-01 6.295217957783028062e+00 1.316422087704525623e+00 1.775524383657308969e-01
8.222193865483141684e-01 5.030084845472059030e+00 3.141501794363829259e+00 1.012512328637541897e-01
6.468368311858226916e-01 3.622347887787289000e+00 2.912052814503617082e+00 7.618463662020291682e-02
8.275277054724353709e-01 1.188538352175399204e+01 3.446595902986862026e+00 7.314028653132212399e-02
6.515608707743955064e-01 4.582341853277916321e+00 3.003091893888333086e+00 1.426889481495755563e-01
5.068419292800810938e-01 3.300197802027345695e+00 2.089965241008159058e+00 6.428494229539377658e-02
5.383533949495782345e-01 4.962671742583660617e+00 1.950828758758623716e+00 3.264628488225359559e-01
7.624431139107592514e-01 4.431614091607658068e+00 3.107849012230042618e+00 9.158633475788025002e-02
7.219147471379112613e-01 4.597365795770244290e+00 2.722801278273322190e+00 1.242650291929025264e-01
5.216264126620113739e-01 5.095922788368336676e+00 2.088962207142593730e+00 1.369133565849705858e-01
7.081946337752564880e-01 2.953704425807441414e+00 3.270813764396317769e+00 2.199505750545269200e-01
8.065359352793080028e-01 5.619758669777623616e+00 3.471140757861238768e+00 6.900434482426179295e-02
6.913708749504758888e-01 7.297464627644663082e+00 2.639585503488172780e+00 1.536698915643083252e-01
5.765969015838116052e-01 9.638395577833273720e+00 3.088883278725661263e+00 2.650843305033966368e-01
5.920634147046046625e-01 7.265871736330881347e+00 2.559996482200718404e+00 9.433024781625647115e-02
5.542322169272954069e-01 5.248967066577192142e+00 2.529108025952001348e+00 6.667227756557096707e-02
7.140518352299712879e-01 5.441569371280214895e+00 3.051587978863968598e+00 1.271541134685172103e-01
8.330845986529817893e-01 5.086627951289024452e+00 3.482730944130521866e+00 1.752883653097415673e-01
6.622519495385896793e-01 8.244824336708214574e+00 3.175211240717474848e+00 7.639076624756876988e-02
3.958922107640600041e-01 4.171428461588651437e+00 2.265923743772899623e+00 3.341460249550388950e-02
7.646546241599611049e-01 5.178582241951222187e+00 3.163197834650092855e+00 6.638592024945083603e-02
6.211843039509704623e-01 9.708175857877217041e+00 2.797503859533155612e+00 3.024647173179191850e-01
5.048107809764081910e-01 6.093257461371858419e+00 2.703688339327664281e+00 1.276572719113621135e-01
8.792963336008438047e-01 6.356628940467484945e+00 3.441550939612447735e+00 7.856463492528238668e-02
6.293908558999944391e-01 3.296231481001405506e+00 3.022380942307810958e+00 1.146655300956240658e-01
8.249476217622351282e-01 4.650522048325814950e+00 3.251812697360261684e+00 1.295679538979311873e-01
1.076107356423766426e+00 9.223043553500668068e+00 3.557719886888916161e+00 8.865043355426788230e-02
6.601980553965453025e-01 4.003206864576849711e+00 2.953025004437022538e+00 6.858629322011977614e-02
8.082852513610931933e-01 3.856520071637864255e+00 2.963494203661450221e+00 8.792101568641638720e-02
9.754787360786019157e-01 5.779688650954019735e+00 3.451988574674237586e+00 1.865849410565535715e-01
6.438919933194836576e-01 6.664935669651152139e+00 3.275815042799988586e+00 1.429868976848887308e-01
6.579019465492059737e-01 5.058405700873350064e+00 3.099316962228248595e+00 1.193202891565355028e-01
5.659125154842942207e-01 6.862116042869517152e+00 2.529408102814121317e+00 3.392114938473305141e-01
1.087759057660216522e+00 5.455410483134217614e+00 3.351070135581821319e+00 1.786511466106492640e-01
8.846937667041057107e-01 8.305726033060890856e+00 3.702500833860701501e+00 3.733370610359785374e-02
1.265315687069623163e+00 3.073151165526512685e+00 3.350697817988024685e+00 8.132747747781805814e-02
6.969424105744981279e-01 4.630105883975581982e+00 3.136472136572068692e+00 2.355336032874214280e-01
7.409237654874997192e-01 5.910854399654851932e+00 3.358966858551542867e+00 8.222595333639405590e-02
7.402184728007034087e-01 7.868972127720734733e+00 3.416117343682504526e+00 4.877023879793530164e-02
8.739469633951617578e-01 6.471725072348696095e+00 3.572419493342199992e+00 1.446328953268196660e-01
9.007877554542295107e-01 3.912559751392024054e+00 3.549260379915019747e+00 5.195772874115871937e-02
7.197208387723956768e-01 8.112734618050961188e+00 3.262517037074950554e+00 1.353895458202506452e-01
5.670941264679966176e-01 1.001434613887969149e+01 2.536701713071931152e+00 1.094826833084082407e-01
9.832896965244495302e-01 8.439363555466600886e+00 3.472981863543477044e+00 1.386378674690711132e-01
7.550097732408406204e-01 5.910432025199010120e+00 3.271495090709447773e+00 1.524041039403307984e-01
7.971837749175281207e-01 6.218091853274234637e+00 3.055158063130085200e+00 1.062385155662465830e-01
6.242208803603044309e-01 4.515705066294303016e+00 2.637994670590804169e+00 2.199315328604924957e-01
5.509501649385516453e-01 8.515730096678341354e+00 2.691259975999094944e+00 2.636038193638647331e-01
9.295100661054723767e-01 4.518346552160613427e+00 3.738828444083464486e+00 6.865630422463848970e-02
4.366658931079255845e-01 4.022098216934339554e+00 2.349421173505655602e+00 1.681331233978490547e-01
1.029424545440796646e+00 7.570745098787524441e+00 3.457896810523391373e+00 1.637854338316116487e-01
4.926086621297119938e-01 5.143103336417170546e+00 2.626199206924434204e+00 1.721374856341652548e-01
6.664016959069133383e-01 4.071205709118340010e+00 2.637294604561887912e+00 6.979924220855565631e-02
5.786844675445375064e-01 6.203700700486009190e+00 2.667098268878015599e+00 1.454306232127581811e-01
5.881906064388171540e-01 5.492114445980627480e+00 2.537236353712770232e+00 2.316436040532203755e-01
8.246644893719353719e-01 6.466287654553369180e+00 2.984584472073894101e+00 2.062470747334607113e-01
9.537310270941309343e-01 6.684212553767252096e+00 3.122434531677207303e+00 9.960300204266545054e-02
8.944629452611538856e-01 3.546158744300501375e+00 2.445037237773043159e+00 2.399489796523328611e-01
5.266056715819260603e-01 7.768053298094518055e+00 2.871709337926593442e+00 7.631923742484433837e-02
7.051729578038012924e-01 9.023017270340096374e+00 3.476848199249223725e+00 1.485766826774603810e-01
9.749282144770753389e-01 4.222049189401626101e+00 3.192710406509159160e+00 2.044664132801591039e-01
6.526182418575043886e-01 4.171855166986860652e+00 3.188450500848427183e+00 2.018897564067461681e-01
7.130560051147054601e-01 7.747787347712966621e+00 3.449059063829981842e+00 2.993002135987871126e-01
7.838637648892339271e-01 7.210759515291386812e+00 3.397902860272056014e+00 3.482220051926258886e-02
9.768724366739911513e-01 5.134982955660517767e+00 3.342798752142509766e+00 1.821300305789236296e-01
