# Hierarchical MCMC downsampled to get 500 samples
# alpha, beta, mu, s
1.030332788773977049e+00 8.712435981786882166e+00 6.496015197721320966e+00 5.747319740773609159e-02
9.307500324726096785e-01 8.527039348920460782e+00 6.420749553944693488e+00 1.110395181009374010e-01
1.092778647416621896e+00 7.049435702649372359e+00 6.571786518668571553e+00 1.637711742645170110e-01
8.405928149068975230e-01 4.791093841998426583e+00 6.458336539574436763e+00 9.827542317254178705e-02
1.078515805542200612e+00 2.553412683471144362e+00 6.412254469113286781e+00 3.879968212290906271e-01
8.434805844764343696e-01 6.325542916559234286e+00 6.456641478572300308e+00 7.500297758250530633e-02
1.004471177963505379e+00 3.454668164524198115e+00 6.458636271387878658e+00 4.458833417142878119e-02
1.388224092879367877e+00 1.000584447340554384e+01 6.446100679781593179e+00 4.978822429404400340e-02
8.049635152516879666e-01 5.235249984681651370e+00 6.469986566260662819e+00 1.058422069210648297e-01
1.216794995086689868e+00 6.167684739010833361e+00 6.523687688602930912e+00 8.815783908467596242e-02
2.625046044762145314e+00 6.512765814853747948e+00 6.699625014395073741e+00 3.780886216742572192e-01
9.458473050244928793e-01 6.724805814802978787e+00 6.662785666616886537e+00 2.993757340383022547e-01
1.009204858682579253e+00 9.561298755889042766e+00 6.323227878473027808e+00 3.292148903293194984e-01
1.183083451410664289e+00 5.311985051750719222e+00 6.857750215375224556e+00 3.048667696043114717e-01
7.542794610254722754e-01 8.233517408063269372e+00 6.301518424453337097e+00 1.805020942291891972e-01
8.797889891363197545e-01 4.219819910392941686e+00 6.583286166844185772e+00 1.734309181014634382e-01
1.555182560016434623e+00 3.333985082004317313e+00 6.492098400142988446e+00 6.669733054146523288e-02
9.687394882401119123e-01 7.344806672420094884e+00 6.406759675243189456e+00 7.666527082425789175e-02
1.200741529204474745e+00 4.530063315534443191e+00 6.609108226214707393e+00 7.686640390622895280e-02
8.634999652430132011e-01 7.669490052094319665e+00 6.504080089260225961e+00 6.513282321752250636e-02
1.380741663594121205e+00 1.027442094775053150e+01 6.562244423513859282e+00 2.929926706945465420e-02
8.382488044989884202e-01 6.202767068155678132e+00 6.642724857732318355e+00 2.012119995425016850e-01
9.081653439533947658e-01 1.085739030096708291e+01 6.448785890562593437e+00 1.344170268092816090e-01
1.009878261084348861e+00 4.855827508450655472e+00 6.524089753421559834e+00 1.627020074693973362e-01
8.625587757560937430e-01 4.480193842794395920e+00 6.686521289453099648e+00 2.552389193181284210e-01
1.102810709114406817e+00 5.589217466275317570e+00 6.618986640713673708e+00 2.089751728102090256e-01
1.228936320854044917e+00 4.558776788321028839e+00 6.647075186968001148e+00 2.376169381646079382e-01
1.057402386289464591e+00 5.231697917121133301e+00 6.368260476492641153e+00 1.279701529880140909e-01
1.313979308404373603e+00 4.390647699303427132e+00 6.436405276533839981e+00 1.611743105322569758e-01
1.172912010953212736e+00 5.065188642742725733e+00 6.688821012890938889e+00 1.421640500842242527e-01
8.389169642525488024e-01 8.961368645087482321e+00 6.534985491121376278e+00 9.104653215400160260e-02
8.373234614378096685e-01 7.595651896996638897e+00 6.654661836389687224e+00 1.046565091350615817e-01
7.631970877146760923e-01 6.811152587644774492e+00 6.080084937004588852e+00 3.216025642911786719e-01
8.427366803196515432e-01 6.000051819613711146e+00 6.511246819207634040e+00 6.768503900521927186e-02
9.348318163980132711e-01 2.307095952533595895e+00 6.522430088386995450e+00 2.441257946062649065e-01
9.994613175013024042e-01 5.179582124977532231e+00 6.577436189468960137e+00 4.673114124688814569e-02
9.935655856023868360e-01 4.464389389335716274e+00 6.520804438928305302e+00 9.431422477150044892e-02
9.730113607157718780e-01 5.373073903584066002e+00 6.460869368129040780e+00 1.241265178157733851e-01
8.984246187448829968e-01 4.643453128771986016e+00 6.692796298499073870e+00 3.023058249473445369e-01
1.037058932271346379e+00 3.693411770665534277e+00 6.535802988894604759e+00 1.321868137318322478e-01
1.177889959681852616e+00 4.693880661541907529e+00 6.589375822917438619e+00 7.112863816729103617e-02
8.398579523033170569e-01 3.485177524972031815e+00 6.439129423415590026e+00 1.351368678752691843e-01
1.253239220160465184e+00 6.225349473244829568e+00 6.697021139563602787e+00 1.032290861627453704e-01
9.831402552341148571e-01 5.098651545742535873e+00 6.603386362406716614e+00 1.617749708951460308e-01
1.248521938544022492e+00 3.754739411319679920e+00 6.556579483406027364e+00 5.848497251236034478e-02
9.726271312835460536e-01 8.712344357608561296e+00 6.387941773667254353e+00 1.821205132526350634e-01
9.219007892105555158e-01 1.097124013045811353e+01 6.713289321876880322e+00 1.615779452520131887e-01
1.098860670043928955e+00 6.409189841103864360e+00 6.553285353309729722e+00 9.422594631311118074e-02
1.085270882663794900e+00 7.698959858294051273e+00 6.527221925182941753e+00 1.119546966085881445e-01
8.844788470057980412e-01 3.232552234308009531e+00 6.534452306061051097e+00 8.834918610800335248e-02
1.135012685439009239e+00 7.556484017832868716e+00 6.461510517858571667e+00 1.997313716843664988e-01
1.042571968976297558e+00 5.607506504766531563e+00 6.567492964479964890e+00 1.052427353647003294e-01
9.655814763198440343e-01 6.798758584930448379e+00 6.505229359140329848e+00 1.594711545999426550e-01
9.096172484332911701e-01 7.056010959058995446e+00 6.308328869238581937e+00 1.383684910573980131e-01
1.205190713043079231e+00 6.519653702929751660e+00 6.326888845363457747e+00 9.417729622601281325e-02
1.156477925645021720e+00 4.187498293506530800e+00 6.398391796658047248e+00 4.544830991886083388e-02
9.571607447749851394e-01 6.876873874636090456e+00 6.536486941190011279e+00 5.439691365579653326e-02
1.122604057984938120e+00 6.885162001396452069e+00 6.793067093549581159e+00 3.748373057723436985e-01
8.740083167695023025e-01 4.434875357317363154e+00 6.440861821609509263e+00 1.084209273717777477e-01
8.962434204945601834e-01 5.043564643107282919e+00 6.821200922122248045e+00 2.609255475808081037e-01
1.114313462574923808e+00 4.678234497593360963e+00 6.326212440949178450e+00 8.029901452535408157e-02
2.383650246587125654e+00 3.852787329817401574e+00 7.205117098047451485e+00 4.212546928620472531e-01
2.022916559497630828e+00 4.955803066239336196e+00 6.801969785377684374e+00 3.100517336133644664e-01
9.950553824811629866e-01 3.772232545105595580e+00 6.290825780645898924e+00 3.973458026575409918e-01
1.328047950190310411e+00 6.957558271587870102e+00 6.335366282335978205e+00 1.154411394395974677e-01
1.852108846574307410e+00 2.942788763386887663e+00 6.754500991452528247e+00 1.679465696088254245e-01
1.056082408258723015e+00 1.459028140608164215e+01 6.277006731704338982e+00 2.025374748910966916e-01
1.171821726570690281e+00 7.561593499260507834e+00 6.410549131099481102e+00 1.391337554731165993e-01
1.516328122150241819e+00 7.532627836454095949e+00 6.423549476678133807e+00 8.741266008631892737e-02
9.991380858629466122e-01 9.054355240084007050e+00 6.653821785974311176e+00 1.311782873320452014e-01
1.134438188119954560e+00 3.649923502943919651e+00 6.381012826791306658e+00 2.308731642402247208e-01
2.024783053904866126e+00 7.441035042274765310e+00 6.736031642791470375e+00 2.150016720439845430e-01
1.149524084660337619e+00 2.488200922736761189e+00 6.777536613300235047e+00 9.955323397902478277e-02
1.120129306736962871e+00 4.525385118472408763e+00 6.532804193104787771e+00 9.031837502378542437e-02
1.241406799822510010e+00 3.093668571266093625e+00 6.674531738666905412e+00 1.445346925375520786e-01
1.263457971530759005e+00 4.204378406060237161e+00 6.354150534985278043e+00 1.044241788461035686e-01
1.700912265146373503e+00 4.345491378570667251e+00 6.478249574803879973e+00 6.067647356392988356e-02
1.148139595754715359e+00 7.079433113129359967e+00 6.689266893030294092e+00 1.904656380793202930e-01
1.102924081470985307e+00 1.110013619223709469e+01 6.488959033408551846e+00 6.563745514422339444e-02
1.297783498111294564e+00 5.291754404319661376e+00 6.263060413771516011e+00 1.635628993330028036e-01
1.478049970587255624e+00 4.180265323445718550e+00 6.377595248102579717e+00 9.442676129255604678e-02
1.402858691464960561e+00 3.305307404088385859e+00 6.323168425331664899e+00 1.542248080028774948e-01
1.552780584005486686e+00 5.355909782420538612e+00 6.424187971607492109e+00 7.778564468212201266e-02
1.165036956988240391e+00 1.076469868416123177e+01 6.527119315815626877e+00 4.601167651859289220e-02
1.251792092265665346e+00 4.798067538560815137e+00 6.431006957209049801e+00 1.791118924542485780e-01
1.481877422584599646e+00 4.617635206922405366e+00 6.404687233612033737e+00 1.660408391278335172e-01
1.586372656037915663e+00 7.840840499164755784e+00 6.442520262631323824e+00 7.924469227786405667e-02
1.040777016719569792e+00 1.383413404720488771e+01 6.557800026948242156e+00 2.837074039882567233e-01
1.142004280686395257e+00 9.288196891727663385e+00 6.435380873303030214e+00 1.633671089119799469e-01
8.619930045577081090e-01 3.200740017059873210e+00 6.291738006010424655e+00 1.210026591599060453e-01
1.299003565538378036e+00 9.851074570706762401e+00 6.832661022825872621e+00 1.671786859784780976e-01
1.152182387025306953e+00 6.644145651578930334e+00 6.721102290101939047e+00 1.968064557083140931e-01
1.431635039939262555e+00 6.264653094110843590e+00 6.688039654028710146e+00 2.299440741666939347e-01
1.086632919612469106e+00 6.687603896158653249e+00 6.431533724226762949e+00 1.427979003969049865e-01
8.652460611122834155e-01 4.835532813814311659e+00 6.458375477832812628e+00 1.782933058952650973e-01
1.120029490528422933e+00 4.979818367004844148e+00 6.618618046580536429e+00 1.731710283326790834e-01
8.690921760212841907e-01 8.421987123911417683e+00 6.837895653931616025e+00 4.246602062607722772e-01
1.059687719605576062e+00 5.027174493515957465e+00 6.667644448897465992e+00 1.597128609599836047e-01
8.433985697190865549e-01 4.545592440969452142e+00 6.542478045607666104e+00 2.936776978917753078e-02
9.362899682882088737e-01 8.245485208244453190e+00 6.571130709852991636e+00 1.181964880431778109e-01
6.819448732139324898e-01 6.261462433596038046e+00 6.564228815910289505e+00 9.855547069995131138e-02
1.890049210080389397e+00 7.694895891389914588e+00 6.108697212551015276e+00 2.062466257444057205e-01
9.602620618161514798e-01 6.311746164708607942e+00 6.594784186892694855e+00 8.326710394715278185e-02
8.329642243006497582e-01 8.123269615946044908e+00 6.490993047374393754e+00 4.676913787569217384e-02
1.841698959543111691e+00 6.357872275633944525e+00 6.525234439189293134e+00 1.494345243956379243e-01
1.402323028253105619e+00 6.071792365023766180e+00 6.295962989700101708e+00 1.932355134311144196e-01
1.414566217183019781e+00 7.764568907154361099e+00 6.674529677723281651e+00 8.041254155665319980e-02
8.971016720975762970e-01 9.015541273902559993e+00 6.625355050469583951e+00 1.352543072130905633e-01
8.373138116026683786e-01 1.166444192179554307e+01 6.623529109935853754e+00 1.100919111690897151e-01
8.226157802591054224e-01 7.978139418923977821e+00 6.478870131918352371e+00 1.479080093571851495e-01
9.859168930284379906e-01 6.635665950844893857e+00 6.618699090841182020e+00 2.237525828947605211e-01
1.154771334056537091e+00 8.052418549938582970e+00 6.259837067131437394e+00 1.263449343118692170e-01
1.077306497617987135e+00 4.628338170481974601e+00 6.474031083349707671e+00 1.757554565906624400e-01
9.593821582338536436e-01 3.956744398566759635e+00 6.322022873096716289e+00 2.829281645765884812e-01
1.204508125243529904e+00 7.010587951307381438e+00 6.497027382687729613e+00 1.266596577159339598e-01
1.060361908258168562e+00 7.716733320617310987e+00 6.486714723669287253e+00 8.095980515131948052e-02
1.228175144574565891e+00 6.576680441615459394e+00 6.409912746314472720e+00 2.482089078405513294e-01
6.217148060625872219e-01 3.726699179703414799e+00 6.655554888801061608e+00 6.620758285793391928e-02
1.140742825965544771e+00 5.567347000623710684e+00 6.467574655551098672e+00 4.918000744242258249e-02
9.059887273081895787e-01 1.126398748248290360e+01 6.512585596405392252e+00 4.939901856072228398e-02
9.214502226069960500e-01 2.283063393914870787e+00 6.765085098315456236e+00 2.459813215865789826e-01
9.562453417208890416e-01 2.941801064415805911e+00 6.237793014671428438e+00 3.353084007108297904e-01
1.169805652706324306e+00 5.298644744465769385e+00 6.508847023788927544e+00 1.272323788186588700e-01
8.911625128718900779e-01 4.021727308301310977e+00 6.372846216911719708e+00 4.044367457427770762e-02
1.293738311340570268e+00 9.142789259857252659e+00 6.378076707575373483e+00 1.143457683481472337e-01
8.236038482182043152e-01 4.837715162024205817e+00 6.648983029882830742e+00 1.173737306156230065e-01
1.444357577366399692e+00 5.424994355388901290e+00 6.452467337534756986e+00 8.845895946204734850e-02
7.553818449989275763e-01 4.410981702018887951e+00 6.708280368160994378e+00 1.680548695197754128e-01
9.529176490238981945e-01 4.251304467956527056e+00 6.438979064310270672e+00 2.098702416012463712e-01
8.617222874092260732e-01 5.654267898312210328e+00 6.536247610767150107e+00 2.168429801845838112e-01
1.104727942802631535e+00 6.169594770574629905e+00 6.725837588668711398e+00 1.701087019955130619e-01
1.523526721242903781e+00 3.863234809406104642e+00 6.624515666595038432e+00 8.529336295145403812e-02
1.134120520680158117e+00 4.657248084887004147e+00 6.482776766432432503e+00 2.531358400047925561e-01
1.213178521905728058e+00 3.027199917820871722e+00 6.417611427696419568e+00 4.577902975902582439e-01
1.065695785161764775e+00 7.657573648185426407e+00 6.525053898127237240e+00 5.453920105096389526e-02
1.088300059588753088e+00 6.832120679830224752e+00 6.446332141516650793e+00 1.370303967744144202e-01
7.175015538957271177e-01 5.206517556246348377e+00 6.223430865128989353e+00 1.080311469638604027e-01
9.710486393522421711e-01 5.338975406940209112e+00 6.377045094476162745e+00 1.640791152237282835e-01
9.218510507056350001e-01 6.122212360073307380e+00 6.329662627634291105e+00 5.825565425963140365e-02
1.093800634163581087e+00 2.820337369351249457e+00 6.498382778296987183e+00 1.187319915445369523e-01
1.210629740863219395e+00 7.694941694144536548e+00 6.334196089785586459e+00 2.464850054534072354e-01
1.208947825597682657e+00 1.371737362851414410e+01 6.313161065864077770e+00 3.211349612581578250e-01
8.747932784104097692e-01 4.313504400557823359e+00 6.483252402204478848e+00 4.812781653734544973e-02
1.429505422759772104e+00 4.443376387504688552e+00 6.534645770147794686e+00 1.504920260070324034e-01
1.681357906043526862e+00 6.592878212914842884e+00 6.692154024662746892e+00 1.456539833509452597e-01
1.006154903768492481e+00 7.507766948820961517e+00 6.698969021195109619e+00 1.070709871848877642e-01
1.385279139485893651e+00 9.253750882672557410e+00 6.409119240823597963e+00 1.723104199424497773e-01
1.263790293833667810e+00 9.413655411906262316e+00 6.694372483632446524e+00 6.371823308355292759e-02
1.149859178087858869e+00 5.031013452147266918e+00 6.563838083128307410e+00 1.303886493711390593e-01
1.208725768848452287e+00 9.043460721672262892e+00 6.568537379781600904e+00 9.294667952213536699e-02
9.957942984020591304e-01 9.620071523802202762e+00 6.359338964238125058e+00 7.594461403005095534e-02
8.924621213006259657e-01 3.901189372029839397e+00 6.666362676256270881e+00 3.629363580703496295e-01
1.648097847971682128e+00 5.754489889794598412e+00 6.542206737079444778e+00 2.048682205916965149e-01
7.932193007005791108e-01 6.379293776149301820e+00 6.444533753570482304e+00 2.268287882242493031e-02
8.403312275992429470e-01 5.535046847714806262e+00 6.619222781583647297e+00 1.805509378894932515e-01
1.177098945511750205e+00 5.063976085679421146e+00 6.462232309258433283e+00 2.693830635701508491e-01
1.074840825677707112e+00 4.915171615464243082e+00 6.853214091234259620e+00 3.088393087543538917e-01
1.123739316894359463e+00 6.238872753716703912e+00 6.572591002143681749e+00 1.574582428513251475e-01
7.921273340504570992e-01 8.646765999704157935e+00 6.511776907929164970e+00 5.624898316240445340e-02
8.847806591063437365e-01 7.203084559659931330e+00 6.472409984927250726e+00 2.144714939079487293e-01
9.776479425480919527e-01 5.609426854616160973e+00 6.623622347258629972e+00 7.348872505057010840e-02
9.390496667598068337e-01 5.486188182851958750e+00 6.451801663981463264e+00 1.185687019814491427e-01
1.004319284538644164e+00 9.000364265992320867e+00 6.161965926412739769e+00 3.170233814788290805e-01
1.308732579173661259e+00 3.266789420805086053e+00 6.685694428180672944e+00 6.141942615334462785e-02
2.242234818947371977e+00 2.239339047473444921e+00 6.533756503092499557e+00 1.404340862717398386e-01
1.135585527505495129e+00 7.640107702973903514e+00 6.553848333934007897e+00 1.255719718551912834e-01
1.008696698456492902e+00 4.847554484398065355e+00 6.716817634375348511e+00 2.431759592986198482e-01
1.008539728731638663e+00 9.164873625105499855e+00 6.582205463826046987e+00 1.243196780306712323e-01
1.256167074322471544e+00 1.136241366074510672e+01 6.218827046575997386e+00 1.536798219256609310e-01
1.172851945222113113e+00 3.793908493223143275e+00 6.394280647556534802e+00 2.378711799985682163e-01
7.657213030628515771e-01 1.203006812785982049e+01 6.817950164260161650e+00 3.312487982111612661e-01
1.113970834482899797e+00 3.760745482979533705e+00 6.688466801244298487e+00 1.101354152909222450e-01
8.766631178865857965e-01 4.893621358342831407e+00 6.134075458073032117e+00 2.086091411847279253e-01
9.998958231822535625e-01 6.037990618977909563e+00 6.490721843589206230e+00 7.856358580280148329e-02
1.482332606729485747e+00 2.931271483745192530e+00 6.521682905110765205e+00 1.167382109515417432e-01
1.135414588404503267e+00 4.839837721218950506e+00 6.558131249812056751e+00 8.692923437810595733e-02
1.078500204588688671e+00 3.318535140398793715e+00 6.327336431260308203e+00 2.310899205169836268e-01
1.509461259566190261e+00 6.745759601468016342e+00 6.289047933507276866e+00 1.583674859435836857e-01
1.148352659386003172e+00 5.731499179094916130e+00 6.797628870262809819e+00 2.818951520038470160e-01
8.077569951035279416e-01 4.668150358095680907e+00 6.389531525698346925e+00 2.175871607084190196e-01
1.010408586637247863e+00 5.463616963005051730e+00 6.278352334463374262e+00 1.274287138941712083e-01
1.156092611226581468e+00 4.628585964374310358e+00 6.450010064429550383e+00 2.688302117636353489e-02
8.825330619797224774e-01 4.722706417082985553e+00 6.604184497909596274e+00 8.867696330316082731e-02
2.045604903006217334e+00 7.530027989879847894e+00 7.221546105903422053e+00 6.098135564862743330e-01
9.764757755236137537e-01 1.030379108972615398e+01 6.393790505893278464e+00 2.266469037652064644e-01
1.420183077538966998e+00 6.593366399649262632e+00 6.384828227165288972e+00 3.691078134681127221e-01
9.629171741891575653e-01 4.767240749387005039e+00 6.396244860203353255e+00 2.309986608981660083e-01
8.835852361523397480e-01 3.403885912915404877e+00 6.387803395503738990e+00 9.486664300071892542e-02
1.119780985233532533e+00 6.114848167787588551e+00 6.512718080320056835e+00 1.354463807763445216e-01
8.972678929499038336e-01 7.039557982416560833e+00 6.765469815598560643e+00 1.891062980945157623e-01
1.259129337888082567e+00 4.084052154583096339e+00 6.459178600932053094e+00 9.358727581353715186e-02
1.730299217693555658e+00 4.353880858622558137e+00 6.681742719550471499e+00 1.784589574672405532e-01
5.346267464891492072e-01 4.879169543208561777e+00 6.560381087549602697e+00 2.940559674098768839e-01
9.777047482566756376e-01 5.092716806742056512e+00 6.601780842645787573e+00 1.617300978278993773e-01
1.566877071429302770e+00 5.892099680472578704e+00 6.659112823998205144e+00 3.919238292049929268e-02
1.080930140217581270e+00 9.267865870402561157e+00 6.486462448295061023e+00 9.301265836630492889e-02
1.670677333435303558e+00 8.201236403152602605e+00 7.640522179904731814e+00 4.072974213992727743e-01
7.426163116656178120e-01 7.741492590014894759e+00 6.410945710822929300e+00 8.995344421002413049e-02
7.572142773349591627e-01 9.964974568921601161e+00 6.531123691076275328e+00 5.849951734079068127e-02
8.255051331591627406e-01 6.455227109590749635e+00 6.875465237479110314e+00 2.508421370140769269e-01
1.271138805736094612e+00 7.880176911693141051e+00 6.497819952865129700e+00 7.133535533888890612e-02
1.315092809342952807e+00 2.939409400201144607e+00 6.644157491685051653e+00 9.394465957482010798e-02
1.313306967947056592e+00 3.652182214365803148e+00 6.396778549554732685e+00 1.161699959516536707e-01
1.193960250829055658e+00 7.891144418665271942e+00 6.366613681237971001e+00 4.616610772900683890e-02
7.299751156905506244e-01 6.796826675594876299e+00 6.655086575605655419e+00 3.789250796305447810e-01
1.211063713346936410e+00 8.489681447955602422e+00 6.277367402362957982e+00 1.693687553363335263e-01
9.993813787732874765e-01 6.413899428216184972e+00 6.322419669107849138e+00 6.184561271466733345e-02
1.080472136366653180e+00 5.108881622975614434e+00 6.668852216832628521e+00 1.724763805943239636e-01
1.405191228322204999e+00 4.945407090907304237e+00 6.591156319099727767e+00 6.197178565539424033e-02
7.024315748367313539e-01 3.718796954070456628e+00 6.537817726666644624e+00 1.628649674971519024e-01
1.019758744350951485e+00 6.063845783056737382e+00 6.327472420265183750e+00 1.054071003617080837e-01
8.167924406943317672e-01 5.219243983259514330e+00 6.625155236130185976e+00 1.358303623789754999e-01
1.314077032400326583e+00 5.984226372440748065e+00 6.537445414715235437e+00 2.214248446894316880e-01
1.183985779321808929e+00 5.724099366565195801e+00 6.575894221976803067e+00 2.929891378773282207e-01
9.126218579525903207e-01 5.396202259558668501e+00 6.427126402807780359e+00 9.322607246645808754e-02
7.521501121280345092e-01 9.531875657641828425e+00 6.472813239409688890e+00 1.939577048245621216e-01
1.185201070067566809e+00 7.506894848701627154e+00 6.623883411512073494e+00 9.110156098322613749e-02
1.762383202949494798e+00 7.827098628910596823e+00 6.504025460325001617e+00 3.840178342887328733e-01
8.612190235928532944e-01 7.778998820202295050e+00 6.560716204893897618e+00 1.103089536869621967e-01
1.159723496560521872e+00 7.699007577694379378e+00 6.427070741859829184e+00 1.793767764942514609e-01
1.307709415393004670e+00 6.271090805020074654e+00 6.481649469721559420e+00 6.790244836816401730e-02
1.401227331747950888e+00 3.795138771689225088e+00 6.281898468550764392e+00 6.731951866833897624e-02
9.579599219680241529e-01 4.626340926259230102e+00 6.456552994909911192e+00 6.020680767021589080e-02
8.386109398027733475e-01 4.527199594507677283e+00 6.691467631780523284e+00 1.021916737754599014e-01
1.305325429786982072e+00 4.194494909083575251e+00 6.687025225303103504e+00 1.883717173469548478e-01
9.212913222286598369e-01 5.374410446104343819e+00 7.113304495646306513e+00 1.800989050169569117e-01
1.146645640978827707e+00 7.171497857381766927e+00 6.304054792142492758e+00 1.218746083399704777e-01
1.650070525457349557e+00 2.880134888762190926e+00 6.677341520164308264e+00 1.797532169084546383e-01
1.367563136853965133e+00 1.081552931006098106e+01 6.552319782753370347e+00 3.959925387701897503e-01
7.138973372689261243e-01 4.666713204094900647e+00 6.593373150763164325e+00 5.374164030421250265e-02
1.324417744616601000e+00 4.796697327964849933e+00 6.428998649855769187e+00 9.296349144998515557e-02
9.625035784765622049e-01 6.308630539199110210e+00 6.471181507583590786e+00 9.245157553480173873e-02
7.237560945516617883e-01 5.581110098006394793e+00 6.268269618568089285e+00 1.482716310592140097e-01
7.408708882306243027e-01 1.022178791663914055e+01 6.440534125383406305e+00 8.819756218117633106e-02
1.167659908780205091e+00 5.242639210874157740e+00 6.566666613819045928e+00 8.294952133720429055e-02
1.277522082548223858e+00 6.214231458033145472e+00 6.332188169155334556e+00 2.259152046323417429e-01
8.075327342527164332e-01 3.660854555631422702e+00 6.774890059272110854e+00 2.811588472732862720e-01
8.453463359454485015e-01 8.609008698699645024e+00 6.461189549893732398e+00 4.762190875729961637e-02
1.369237372177474654e+00 5.871654530708152464e+00 6.421940885797881471e+00 1.080249938149594052e-01
1.080093563418885738e+00 4.346214073172897763e+00 7.071045145092908157e+00 4.376908103750414281e-01
1.015969677097004364e+00 3.189001429582027924e+00 6.375487240913268572e+00 1.664169315618655443e-01
1.132430732515850913e+00 1.146412693867249821e+01 6.624583874300964403e+00 1.432770365359093967e-01
9.980219856428703684e-01 6.276644517779077503e+00 6.502185278618248354e+00 4.174793592811508469e-02
1.387533831550501917e+00 4.150931072136583744e+00 6.440506985377425053e+00 1.384632910365844183e-01
1.508166358955379982e+00 1.081734626466666427e+01 6.506395911207242477e+00 6.347971918642175693e-02
1.406617312865990677e+00 4.736935430314956008e+00 6.645162541157235481e+00 2.093328403127303061e-01
1.253129975842002475e+00 7.219904982155068929e+00 6.514645693882296307e+00 7.925131244763039540e-02
1.048348662302423406e+00 1.001391908411668474e+01 6.189648205452783714e+00 1.603498242120547090e-01
1.297472688818038788e+00 4.072778007672972045e+00 6.737678472227860205e+00 1.190745686121863905e-01
9.416005572888573871e-01 5.914169915367355479e+00 6.538403866786031138e+00 7.353582014431855884e-02
1.410685336264161371e+00 9.929125810540389452e+00 6.407636644991183239e+00 9.526121676397732163e-02
1.179406755225393733e+00 6.305199568991286085e+00 6.538367642895358323e+00 1.375072883152831382e-01
7.305867403646342240e-01 7.549667006049392448e+00 6.077928095855559931e+00 3.294104409709480707e-01
8.069545880088698775e-01 4.094523119678898482e+00 6.513164279766499476e+00 6.590804587823241578e-02
1.460455238700150593e+00 4.300713057063609845e+00 6.640890212014107341e+00 4.407051680661727006e-02
9.831537131592631429e-01 5.883438659382184355e+00 6.766447810866757173e+00 1.918613255990041788e-01
1.080400990504409187e+00 5.508492048450820633e+00 6.336490367327162865e+00 2.221361172937218742e-01
1.066082495799845375e+00 8.242207033715990505e+00 6.327015770793050109e+00 6.311889881016394255e-02
6.165696204696625715e-01 4.366724822573017306e+00 6.264880265087513500e+00 1.632532594400965542e-01
1.158416210393815593e+00 7.512484115165631415e+00 6.807757533294728880e+00 9.943544745930227302e-02
1.159584107997191138e+00 9.282434037376917857e+00 6.534303135797430606e+00 3.582910881064259312e-02
7.998714249739322657e-01 3.535489994201902686e+00 6.398496518347637441e+00 2.275555457909677060e-01
9.660095942700980265e-01 7.178933309704268240e+00 6.546646911024142312e+00 1.309229155040163295e-01
1.052381654201621997e+00 7.251884597706609092e+00 6.537022480328864127e+00 2.015263929633453466e-01
8.395608424166003392e-01 5.147423288210817738e+00 6.516575193567974544e+00 7.193207531552203715e-02
1.330467397045984601e+00 7.102877866651637007e+00 6.497356324316617915e+00 8.175799691155828663e-02
1.316940577751943842e+00 4.853224384023778981e+00 6.787215969609009747e+00 9.381969211779003781e-02
1.221738887063977597e+00 7.643428220186091693e+00 6.429130313834566124e+00 1.088388385097373984e-01
1.019064666557528698e+00 7.321482476194344891e+00 6.696244937640448036e+00 2.170242810549851686e-01
1.105311173414241566e+00 4.318280676771310667e+00 6.396915708582609383e+00 1.564832847451989029e-01
7.330632836455708290e-01 5.527733584241046216e+00 6.493619301641849084e+00 1.729918656677109368e-01
1.181246892577935581e+00 5.786624351849608772e+00 6.639512278309953608e+00 1.110199700949501267e-01
1.111737201731389568e+00 5.133974230047617660e+00 6.667524266702898217e+00 1.694008892171926517e-01
8.965094888645936955e-01 9.466293594251323995e+00 6.480801365437097949e+00 2.224739869146159232e-01
1.049084411803258510e+00 6.761203769901181992e+00 6.418433749337718375e+00 7.899704434433652001e-02
1.062313357766731858e+00 2.451296034571794014e+00 6.472311687816288739e+00 1.750484874950690717e-01
8.154613068315248459e-01 4.839820598438985932e+00 6.456554205881057662e+00 1.025115230145292877e-01
8.820835314342515554e-01 7.007954879464116438e+00 6.434632193787048315e+00 3.848549527500387535e-02
9.946729283666806420e-01 4.057865126353230600e+00 6.245814743404446645e+00 8.687372530192428999e-02
1.627134842721311703e+00 5.723540804355848444e+00 6.556423712032368734e+00 2.442307204585725255e-01
1.029899853709610680e+00 7.762268139151593971e+00 6.627280120343105096e+00 4.306812123851565255e-02
7.706362329255812549e-01 4.263612022280033997e+00 6.214011867139673129e+00 2.527586178093958469e-01
1.270765167397369000e+00 4.836081122682406530e+00 6.562496532080576372e+00 1.167856966838691640e-01
1.626621966181014844e+00 4.773999396764116554e+00 6.396820142661884923e+00 1.452468662034270830e-01
9.454290557206623813e-01 6.323082421645791484e+00 6.579877380159178557e+00 1.663973403478324620e-01
1.056763699598710637e+00 1.272983288416274839e+01 6.466359068086532602e+00 9.182267338631830422e-02
9.827239509851861676e-01 5.593452785245364822e+00 6.312689040823284081e+00 1.811945517904001712e-01
1.324862538341342821e+00 5.396704199820876013e+00 6.791786724773322348e+00 2.657845513513568680e-01
1.380551282565371185e+00 4.862546875808234859e+00 6.715756747038186703e+00 1.978482744858558462e-01
1.067191415960134560e+00 5.098767976113442124e+00 6.527703708896233081e+00 2.707763155006475686e-01
6.597729159846472680e-01 4.785366852601884879e+00 6.516211392010307080e+00 5.799228793060602627e-02
1.373031623571910664e+00 2.963977505303035720e+00 6.403422155148452255e+00 6.817279538962638108e-02
9.804442509808909412e-01 6.093788587936000312e+00 6.750070842173836461e+00 2.049026746592056969e-01
1.120512010282204152e+00 7.105961900967235678e+00 6.524297600807929420e+00 4.773666759299410867e-02
9.111300722863621138e-01 7.053628597928380373e+00 6.391627154581755121e+00 1.749046357785560557e-01
9.253163121849034001e-01 6.956034791845043586e+00 6.311892165757575945e+00 1.205849051519255893e-01
9.327703202753198086e-01 6.172463844366433250e+00 6.293326443817517379e+00 2.280139992922106118e-01
1.159890848058686696e+00 5.749708444151091058e+00 6.546970335021649490e+00 9.289699535512188633e-02
8.944533595977245399e-01 5.592708762263265854e+00 6.273701060317116607e+00 1.436534535739434904e-01
7.460168406461039625e-01 1.237667079655393998e+01 6.162743703479971025e+00 2.784097513755262598e-01
1.633233785659127912e+00 5.245818452140047938e+00 6.577010718854841009e+00 1.138022808904009531e-01
1.336580680254335185e+00 9.182305100823928257e+00 6.356713606732372845e+00 1.965651405613200176e-01
1.183474636144676406e+00 6.582069741049202172e+00 6.411031549410674657e+00 1.562521676967335571e-01
1.082507520274085255e+00 8.737487152707673843e+00 6.802985867540094489e+00 7.447227779806350756e-02
1.277598601881038798e+00 9.213994837409558158e+00 6.682022282720869732e+00 1.379033805571699689e-01
1.368975315489063149e+00 8.655699859617524083e+00 6.595597221562917944e+00 1.131499146082522861e-01
1.772674339049084224e+00 5.914756317616483905e+00 6.416496679689666749e+00 3.029879898986305164e-01
1.088737983251193198e+00 6.509786003750933858e+00 6.523273842774448106e+00 9.944969564842663645e-02
8.554984247070741565e-01 1.377242887068133825e+01 6.397875913966804440e+00 1.008204265995755744e-01
1.279541526206376512e+00 3.547955771047972995e+00 6.435031465456638067e+00 9.395370302254996142e-02
8.266235056089547006e-01 1.268458488148956320e+01 6.523751885659827998e+00 1.130826421700218271e-01
1.192020389238113154e+00 5.322841011634639408e+00 6.539181359314400588e+00 1.895025638254106415e-01
1.894134252024158638e+00 3.525614737737237991e+00 6.494215610948684159e+00 8.372756231779482361e-02
1.146130316086032108e+00 5.857857902051023302e+00 6.691841657886052452e+00 1.403230620350872371e-01
1.365331085738025862e+00 6.836526659372937686e+00 6.253543193233967123e+00 1.952571266891647284e-01
1.003349566593346953e+00 5.360833338097443779e+00 6.563327989411705587e+00 2.072954326193670871e-01
8.070076359463673743e-01 3.810984975795289387e+00 6.444341161401882623e+00 1.089968782115910001e-01
9.425571475568395030e-01 5.879050914290935737e+00 6.568770034341739006e+00 1.068493908311946294e-01
9.735557708178005365e-01 7.996649798084389360e+00 6.410787787096714041e+00 1.936448148381360312e-01
1.074551190292694747e+00 1.007613329149130799e+01 6.427956141069701701e+00 5.957815253705611713e-02
8.549043872378115916e-01 5.537934774819623485e+00 6.565600315497430728e+00 4.051788111512008572e-02
1.032970731728385827e+00 7.979668689852204899e+00 6.564024745711973807e+00 4.288461613403753842e-02
9.802028765642225583e-01 2.847807516345092882e+00 6.710522596465096079e+00 2.884982199274249148e-01
7.780669566218622046e-01 7.285313670165371569e+00 6.211190046610004067e+00 2.155092743638056252e-01
8.431411307262466348e-01 6.487460903107136190e+00 6.224096007942542030e+00 1.613183418264297342e-01
9.643221103865965427e-01 6.035880714451417717e+00 6.448228260372683707e+00 8.576234244566836862e-02
1.056202164963868206e+00 4.402358667816816507e+00 6.458071794776769181e+00 1.681714395519112171e-01
1.218682170911151053e+00 1.123534114807435635e+01 6.574791537443800848e+00 1.991901234264332743e-01
1.275889735295059335e+00 8.429866795890559317e+00 6.542599164845189996e+00 4.224848779968079504e-02
1.283996103486660934e+00 5.978283978449577596e+00 6.630761620355925423e+00 1.332471567754631159e-01
8.855309255683425640e-01 3.314537852240945881e+00 6.579031865224089337e+00 9.331333489101215073e-02
1.681496323164360041e+00 5.458738413484729435e+00 6.410641770103660875e+00 2.924509987114049525e-01
1.077134933935346206e+00 8.543924620219033983e+00 6.201920891718116557e+00 1.923366852322829779e-01
8.972275159569693681e-01 3.771216827803110405e+00 6.547848147878849723e+00 1.262714416355901204e-01
6.691424522587853252e-01 7.237963555681623085e+00 6.698702206653393887e+00 3.373985960041928078e-01
9.377446557978831310e-01 7.572226247612071859e+00 6.754647497940725387e+00 7.347152609149706914e-02
1.159880242432414388e+00 6.518565030110498704e+00 6.534812312985881277e+00 1.546191298234207423e-01
1.130391018753831966e+00 5.594704121982239542e+00 5.916289378500076523e+00 3.164145001826849657e-01
9.999960284982432057e-01 8.303799216373228376e+00 6.565291304875969125e+00 9.104778754719311529e-02
1.495209088777951889e+00 6.514785733579907756e+00 6.798175856990948951e+00 1.035012169796589443e-01
1.108634073161541389e+00 1.559036430274192853e+01 6.309646421569990338e+00 1.272246868135506470e-01
1.248030237905911610e+00 1.303293234969516767e+01 6.515113933285022974e+00 2.663329728700211674e-01
1.233280707025273149e+00 5.961684404093527512e+00 6.684436592465824667e+00 7.716286043643601211e-02
1.090948624388089261e+00 7.611221289931180856e+00 6.434413362299144623e+00 1.145046292831226609e-01
1.858475283103841580e+00 5.612202824747666519e+00 6.836263614779392483e+00 1.467504242001113068e-01
1.090536711812072568e+00 5.705653591647997125e+00 6.349932032522302983e+00 4.166256561486386123e-01
1.305865086817436627e+00 4.826614375062128204e+00 6.337331143333794437e+00 8.903129857645450396e-02
1.138599935722854672e+00 5.638136184088769376e+00 6.526837497137833566e+00 1.300090364137940768e-01
7.396362825727100798e-01 6.664353675226010409e+00 6.292954539512644274e+00 2.168580112798993154e-01
1.064782085151676494e+00 7.146929475998796022e+00 6.570837357833597459e+00 8.420995446415294183e-02
6.827971678745888839e-01 7.042876906099173162e+00 6.596018510739748208e+00 1.061904136001616400e-01
7.970078313450547070e-01 9.082107506659886198e+00 6.654473083860050764e+00 1.705416532898134663e-01
1.910503897913327753e+00 3.036613060173761980e+00 6.722492818866986575e+00 1.723443131121082939e-02
1.321989276198823449e+00 5.001922350307333787e+00 6.472388008746828625e+00 8.143773282139137037e-02
1.174607966533588232e+00 3.746192209521446159e+00 6.628022896994838042e+00 1.080431918733459479e-01
1.748499707761999700e+00 4.307239756780822937e+00 6.318490947858614426e+00 3.862672854883555940e-01
1.045814687681845934e+00 5.079090370740449778e+00 6.154422972083038346e+00 2.548456459692824971e-01
1.171542437649344182e+00 6.801635015978756194e+00 6.327393824691248447e+00 1.765653022097843361e-01
9.154658579973594668e-01 3.290882069197197612e+00 6.654152544392287538e+00 1.352842356499057708e-01
1.631539685501757875e+00 3.775717853272367641e+00 6.557926915628432774e+00 1.479781808659020870e-01
1.230452685043369465e+00 4.351620926752647556e+00 6.573783219310939785e+00 8.655772668117645008e-02
1.183290121094506819e+00 1.248503943916472814e+01 6.397103047166728729e+00 5.750686456142825587e-02
1.935388646068481044e+00 4.506959073299045215e+00 6.519608122892185165e+00 1.262917010556861008e-01
1.353048072282700298e+00 6.504645046719066848e+00 5.983410335900451571e+00 3.259388517319962708e-01
1.095687247048762414e+00 4.082001041899534499e+00 6.794862810991782354e+00 8.830487515652443720e-02
1.018067246411883398e+00 9.361319484538139335e+00 6.491244750632409577e+00 1.638598064765480755e-01
1.100399556935660828e+00 6.445889343518280690e+00 6.090903908574648362e+00 1.716112464611462829e-01
9.920550232727822770e-01 8.781882934205055946e+00 6.530389333473306301e+00 5.727975378626677661e-02
1.049118306228640218e+00 4.707954540382549347e+00 6.666459515691617987e+00 1.205731518095226051e-01
8.228207491810215490e-01 5.295195964547064982e+00 6.425187545919547105e+00 7.137696068847225461e-02
1.090298468258044773e+00 8.011068456506968971e+00 6.343439174732934838e+00 1.406214131059514150e-01
7.840118653541804372e-01 7.706192190891611560e+00 6.474045912001067826e+00 5.959411143545412237e-02
8.735711598425963675e-01 7.892262858535565861e+00 6.157912217223157292e+00 2.296781615288255862e-01
9.976169438710286164e-01 2.999919907089916737e+00 6.563279746730828812e+00 1.865567500040635207e-01
1.050583575327974417e+00 4.202403086930305065e+00 6.342922326045708381e+00 1.739002799258862197e-01
7.220783363800995502e-01 7.774175739113692529e+00 6.410555870733895212e+00 2.363083436430218343e-01
9.542714296036910460e-01 5.952470901528916336e+00 6.603654446676237910e+00 1.203464627208708365e-01
1.332098165077444385e+00 4.578322819661657661e+00 6.561003242902774701e+00 1.619631044453093971e-01
6.404834975523883145e-01 6.167241479033129359e+00 6.567829071122872620e+00 1.027972878231405429e-01
1.732708767411025974e+00 3.620539592454296685e+00 6.556290894384937396e+00 5.773374864907067361e-02
9.844478606253664887e-01 9.041365878785507348e+00 6.423132664183425433e+00 4.071769587764098586e-02
1.189664428701036503e+00 7.431066131712383616e+00 6.725036478161215747e+00 6.490955075759352599e-02
1.706808228547574302e+00 3.370656845535327406e+00 6.586678613852555486e+00 6.613528208111878193e-02
7.898078432920198066e-01 3.457432754794966367e+00 6.485793354755742257e+00 1.827707263079218769e-01
1.520326951191162124e+00 3.492205912346983077e+00 6.571296675470309268e+00 1.395551042775564632e-01
9.871733420937238712e-01 3.617184537025416979e+00 6.407368740841653754e+00 1.333894816655817050e-01
1.158098875901482749e+00 9.451996182258227464e+00 6.418769573150155949e+00 2.665666215129665617e-01
9.476140401698329718e-01 6.339290135587536845e+00 6.463654754879334163e+00 1.032000131193429870e-01
8.515355039003744686e-01 4.504032021730967728e+00 6.641786979943539393e+00 6.877798653614879132e-02
1.767993255805321962e+00 4.955105258794874068e+00 6.431361584364027273e+00 2.173925612851402012e-01
1.087483404921041785e+00 8.923596817762941669e+00 6.388413399691505568e+00 2.823016434740825420e-01
8.790564830698263110e-01 6.192182925829605722e+00 6.458370428694723664e+00 1.422534683161290614e-01
9.229254095993263407e-01 5.395931018110447397e+00 6.546301680281403357e+00 2.281919278777018167e-01
1.053337686440355636e+00 9.149524780020312775e+00 6.453879980068653488e+00 9.899258318159331882e-02
1.545381306408321720e+00 4.246636753376367146e+00 6.707339584553424494e+00 2.654135407094778132e-01
1.216519606015511235e+00 5.405576942962169618e+00 6.547054295966112214e+00 1.755768451699401544e-01
9.684129113028018265e-01 4.767530348498883797e+00 6.430478291831137838e+00 3.767249547501983487e-01
1.905067054866897092e+00 3.395730166497141767e+00 6.316568070875241858e+00 1.944930626317363243e-01
1.219065152936793739e+00 4.376319524789596294e+00 6.528526505126331259e+00 1.546447004096223043e-01
1.095317538254427792e+00 5.754676070528983445e+00 6.759035087017386090e+00 3.050646922559069329e-01
5.400005545154359377e-01 3.631827540512632790e+00 6.564609308708918789e+00 7.594618983745969609e-02
1.623604857000277457e+00 3.073822591412552541e+00 6.744911182638498204e+00 1.889892560334768268e-01
1.292319266612067974e+00 5.648162886595990528e+00 6.518292459858705534e+00 1.128797197576630468e-01
7.985724459716507795e-01 8.049183928149313161e+00 6.423306166247695792e+00 2.239677127679935154e-01
8.363912459097786467e-01 5.115302422157831153e+00 6.413242852015999418e+00 1.048334494971712438e-01
7.860320738977172317e-01 8.736009640689301747e+00 6.571774924282221875e+00 8.540504926286637821e-02
1.185391336020684250e+00 3.389165102648696415e+00 6.597141189596557709e+00 7.545747713590339467e-02
7.894957674173337381e-01 7.058099200479026614e+00 6.547479182824591959e+00 6.988504125247541054e-02
1.307466934311166451e+00 7.185724623578461312e+00 6.452651574355239283e+00 1.788059665334989223e-01
1.227116529580760895e+00 3.042908327647962707e+00 6.591215975045559894e+00 4.315574709341559734e-01
1.093438896889689316e+00 5.948768803168545283e+00 6.755034653940301226e+00 2.137228457811205518e-01
6.220912769768888184e-01 3.273643686290686361e+00 6.654015265321171491e+00 1.680614318569903509e-01
1.183023947029663070e+00 3.626873235779775939e+00 6.680927118046229296e+00 2.245390199571673517e-01
1.283201706030388412e+00 7.058012901330396716e+00 6.312019279079126299e+00 2.328810887720326184e-01
9.015692319224996032e-01 6.766780887179526971e+00 6.862945746221553733e+00 3.618487340626711513e-01
1.199094986107992256e+00 9.036000223613639193e+00 6.384561322960099261e+00 7.344121111956351811e-02
4.826842489899051403e-01 4.012086258986689025e+00 6.560066952277021635e+00 8.258921779105092564e-02
1.081073621014453368e+00 4.936514399200520486e+00 6.541256687048087493e+00 1.637407507326322231e-01
1.252749007847079543e+00 4.133053207584910460e+00 6.543142644355834037e+00 1.085914789800319913e-01
1.034066160840197535e+00 3.509258864814715384e+00 6.559280465055180365e+00 1.043725773289096853e-01
1.001640142836707659e+00 9.050073080102517764e+00 6.615864120139002047e+00 6.757521971228003244e-02
1.214671197712083872e+00 6.030697853665824226e+00 6.652190046454663275e+00 1.064562536823180361e-01
8.162156510925279163e-01 5.619427093753198044e+00 6.415252915785569776e+00 8.171036628664363199e-02
8.677809895592843992e-01 8.718491599712987039e+00 6.542487962084354791e+00 6.206222548772628855e-02
8.601491186347597351e-01 4.440587760895110314e+00 6.712629045676607120e+00 2.747072489398782458e-01
8.147427513510715480e-01 8.249174112798213443e+00 6.683416623328893635e+00 1.936295676295377299e-01
8.731899126148611190e-01 6.769535861073891603e+00 6.463409778553273810e+00 1.081015199830931417e-01
1.448195809007481794e+00 3.905817370892211482e+00 6.649327201671075827e+00 4.414396037344817114e-02
6.975797947736783744e-01 5.768184674532162326e+00 6.638101179760959702e+00 1.096303962914874919e-01
7.394595171140523338e-01 6.746487010754628422e+00 6.526748225036668849e+00 1.572212467283818638e-01
9.597012056548147596e-01 6.845071873687333053e+00 6.581504413750146831e+00 6.452497582526758868e-02
7.223191971211642137e-01 7.261951581608849793e+00 6.597689491417606966e+00 1.826529536780648055e-01
1.038315920033279660e+00 6.316109940765117337e+00 6.335888854459748920e+00 9.708991458790477980e-02
1.247671566046293812e+00 6.051258517424301431e+00 6.952753853638530046e+00 1.391094110741287748e-01
9.345488659241482088e-01 4.830783328540841026e+00 6.332592880238893329e+00 2.255418550537769129e-01
1.108965256516740272e+00 4.812384058311864443e+00 6.592398657926170635e+00 1.275479646964950420e-01
1.029800509491287874e+00 6.183312922063543660e+00 6.424775752048222266e+00 1.473899322887117780e-01
1.718148622127727121e+00 3.743068266524774756e+00 6.634088679309946279e+00 2.208346971130435432e-01
1.465149288105397796e+00 4.320529021511867462e+00 6.302727561540668155e+00 1.234920778318926299e-01
9.795503232524140902e-01 4.907696043788960516e+00 6.516953187852063678e+00 1.225924024704777709e-01
1.118335431592700546e+00 6.151897585266086210e+00 5.906713553543098350e+00 3.073577099770428700e-01
7.988330804106504868e-01 6.258981574260833014e+00 6.547511266367036953e+00 3.511376688293901815e-02
1.166014835666026705e+00 4.846689725373114932e+00 6.675483566324623474e+00 1.851816719971445258e-01
9.240269408519405925e-01 3.506578217122665375e+00 6.230386083440333955e+00 7.345009862586801552e-02
9.285788505024937800e-01 7.689967849899734809e+00 6.542481520543106832e+00 1.154574339532837557e-01
1.285046726540816309e+00 8.801354929731511234e+00 6.436265233649426598e+00 1.458626948843083637e-01
1.104017521748696051e+00 6.115911216938532569e+00 6.505993306341953719e+00 1.408965872896756899e-01
1.182375968160439550e+00 5.778495278743719155e+00 6.477111280184729480e+00 1.380896192167830050e-01
1.312941335460691139e+00 6.087773535078783382e+00 6.642895858551248089e+00 1.661732232140107901e-01
8.892173788291649617e-01 1.071070242161021646e+01 6.532345279875061195e+00 5.749848682650895992e-02
1.198598537412475462e+00 5.706618499126594912e+00 6.424513260465919195e+00 5.764859161221878858e-02
9.151599348526255895e-01 5.453244190102029876e+00 6.442699254040594958e+00 5.912031372218892050e-02
8.472175825326944132e-01 6.383510078669350385e+00 6.355905320908560086e+00 1.333524253733509302e-01
1.033934568920509056e+00 1.448758471116826740e+01 6.722309267232541963e+00 1.383886325403273498e-01
9.709869380524027704e-01 7.275962069172369873e+00 6.517787337167187722e+00 1.192601571914923553e-01
1.706808228547574302e+00 3.370656845535327406e+00 6.586678613852555486e+00 6.613528208111878193e-02
1.325418843672934832e+00 4.247276891876754945e+00 6.887947522901535002e+00 5.600946361921658179e-01
1.473396824925041093e+00 3.861616445839491707e+00 6.380456877011094541e+00 2.052398509845420604e-01
9.601996927533573700e-01 3.973093492563592122e+00 6.616319048193739505e+00 1.108145689408092521e-01
1.080725580149974663e+00 7.339195545148257338e+00 6.614257735710981301e+00 9.078832351216402363e-02
8.083174560076811233e-01 4.637055253204617422e+00 6.669396733184413506e+00 1.541261396612671752e-01
7.845607655975869177e-01 6.864185002746898689e+00 6.740587946848548562e+00 8.989106749713993150e-02
9.683781459431201055e-01 3.620688498309824865e+00 6.366281470844651125e+00 4.431245830102400474e-01
1.442244867861914637e+00 4.405181622495112137e+00 6.456867300944921340e+00 1.672423955548476004e-01
8.152786952408404009e-01 3.897461292023630008e+00 6.353575024171333574e+00 2.128494238042581144e-01
1.393119511093988461e+00 6.264147413062382874e+00 6.784050368693991473e+00 3.184582975030166296e-01
1.077749684512553596e+00 9.615635379107066782e+00 6.626845641317832936e+00 2.159570618678369747e-01
1.129561658984665318e+00 6.910518940321326298e+00 6.836534517769718100e+00 2.480403137612816611e-01
1.234842444559684171e+00 7.851985496993354907e+00 6.377633716595732416e+00 1.565269621031173952e-01
9.711664634964100040e-01 5.709604593176438314e+00 6.683120700709826778e+00 9.009794305613623433e-02
1.003277039428992712e+00 5.915714481841320982e+00 6.473689027435572285e+00 1.375873349390072664e-01
1.142437372952832764e+00 6.105282235688348713e+00 6.500442713415267804e+00 1.160946955040262074e-01
8.467055484279333299e-01 6.891923408455806310e+00 6.395559310294239630e+00 1.684862849985760413e-01
1.124837795337099600e+00 1.145849582296370173e+01 6.493385460101523066e+00 1.765414720244959379e-01
1.209890989050799170e+00 8.918103752458197420e+00 6.580712982583281523e+00 1.450845132943051341e-01
1.309567998011176071e+00 6.073250639299534015e+00 6.539041943406688873e+00 7.896889133618165135e-02
1.040865169509270105e+00 5.946355920390273830e+00 6.599238240716713833e+00 1.595124076533955826e-01
9.647791820915999628e-01 9.177586728040161290e+00 6.657956846117858873e+00 9.141760003971879933e-02
1.559893706431476623e+00 5.998854796098859410e+00 6.564764905469742118e+00 1.330061643671842098e-01
1.078005230354870392e+00 6.327373651139347466e+00 6.380080577582888601e+00 9.423592361984682586e-02
9.581859159550230043e-01 5.024552980177118044e+00 6.286518634443460485e+00 6.655733234139835086e-02
1.095943291895817406e+00 7.911437682225788137e+00 6.499852043576198390e+00 7.597653796483110067e-02
1.176353108903740008e+00 9.593152375386010178e+00 6.378196436904747912e+00 1.862970449501268055e-01
8.859422548003824671e-01 4.742913130418783041e+00 6.769259297132761866e+00 3.415496528415657984e-01
1.069359833443544350e+00 9.354294604663810020e+00 6.504263866807511008e+00 1.890303008989585032e-01
1.337235130107296222e+00 4.784116452162234800e+00 6.621297467766819267e+00 1.038849419651734912e-01
9.271042020417175067e-01 1.295289891674656602e+01 6.591904381489917419e+00 1.515976230491609678e-01
1.041416593458027728e+00 1.030077819349151547e+01 6.642996787402195125e+00 1.152419144368776738e-01
7.987599580583731873e-01 4.738139837014071709e+00 6.307222632343772339e+00 1.575988361392876014e-01
9.101921298263545568e-01 5.836571037810641016e+00 6.134138546888214805e+00 2.353515885840131994e-01
9.528848702023400286e-01 2.983509014849996976e+00 6.193636979554844935e+00 3.481037048059040795e-01
1.680335300295898948e+00 5.062804572921079327e+00 6.518369944936032390e+00 1.612929677725847832e-01
1.402406393889368719e+00 6.650436247173652227e+00 6.546532810778546541e+00 1.530367573950590643e-01
7.781222755945567116e-01 5.304877343856509775e+00 6.715094761391086742e+00 6.395985898829870120e-02
7.259750476539860164e-01 4.730240359026302244e+00 6.494885729231092419e+00 1.502302611348505235e-01
7.665748947971163796e-01 5.984934611535644322e+00 6.807102782085486581e+00 3.286521388002303090e-01
1.188009715338786298e+00 2.581923033216952046e+00 6.500290280450093938e+00 5.277497442659882798e-02
8.159734583945862374e-01 5.697053240975026966e+00 6.612667983923449455e+00 5.317461636983325524e-02
1.025147887240521749e+00 3.630977905457258625e+00 6.383920851338521274e+00 1.442210181354008913e-02
1.382789159968995651e+00 4.049359899798911755e+00 6.510458421503587445e+00 8.762915041075131084e-02
