# 500 (alpha,mu) samples from hierarchical MCMC for Mibefradil + KvLQT1_mink
1.214187451342602087e+00 1.929568718313212417e+00
5.789042291056203382e-01 1.822264752301662405e+00
5.640322291410625466e-01 2.138881672242673115e+00
9.829209825824098967e-01 8.978241102185221534e-01
1.183955203352345276e+00 3.736634903409343789e+00
9.639221811191220901e-01 1.992287827671802125e+00
1.131028649173250633e+00 2.617069973342262212e+00
1.360792907808042518e+00 2.373965541936262191e+00
2.668676512017938318e+00 3.383292861521604245e+00
1.662859437300939991e+00 2.610555848587347239e+00
5.909909423341832557e-01 1.593635007340019616e+00
9.599480420129667957e-01 3.714991898099738066e+00
8.936089130673868786e-01 2.967544435588390428e+00
1.347684215977394961e+00 3.666784039988455479e+00
1.281120463415422295e+00 3.310144434271391489e+00
8.289516393426111796e-01 2.645659341217835969e+00
1.322210033427668741e+00 3.709432763152998191e+00
1.298675371262130174e+00 2.520445073127318469e+00
7.201143107119021280e-01 2.758006415500599662e+00
1.668742350009795983e+00 3.822953005541401605e+00
1.785252226218981164e+00 4.158538291946323184e+00
7.708044109020713019e-01 3.206066508930590864e+00
1.048931682628696072e+00 3.449961747041108584e+00
1.156497425772814447e+00 2.502410312364315548e+00
8.221182736238099587e-01 2.637694751619027222e+00
1.063182462887907853e+00 3.741953458287274437e+00
1.943154079917571053e+00 3.537635066154656283e+00
2.107514741470197794e+00 2.317012096479328154e+00
1.789651780581882790e+00 3.379625305581115402e+00
1.549240157603582801e+00 3.646925677541156485e+00
1.590020614443494962e+00 3.805872986189795526e+00
8.585863168672609458e-01 1.901662875500342187e+00
1.637640760054986266e+00 1.856554889445667378e+00
1.725645403865068817e+00 3.683532227419390903e+00
8.450374400573796851e-01 2.082259545579975057e+00
8.251678106278692582e-01 3.242019946892163329e+00
1.240878506126735781e+00 3.194769401250776575e+00
9.990287219586521106e-01 1.122594793802581759e+00
7.943230533995000453e-01 1.998167710960175203e+00
1.487527884635563957e+00 2.258751556214436462e+00
1.309775540363218527e+00 2.948722995086014542e+00
1.325852302654706882e+00 3.180628919964398893e+00
1.004053421621246001e+00 3.727635450391358241e+00
6.021521290510937208e-01 2.603151435691608118e+00
1.374135498722928839e+00 9.085205277519450284e-01
3.012343759802994736e+00 4.560511498981684397e+00
1.064970010863599326e+00 3.636407768327150070e+00
1.748913881887214083e+00 3.004399722272236950e+00
1.589126465391434539e+00 3.693941575598028493e+00
1.501881934809992547e+00 3.831219493005397769e+00
1.887394854641389896e+00 4.034202627193548274e+00
9.204161111477588975e-01 3.159285109381671841e+00
1.351278908201251072e+00 3.528200968414879402e+00
6.525785041342810899e-01 2.821415325751667869e+00
1.141294811713029933e+00 1.718052725800630842e+00
8.096324491999160600e-01 1.066768478318066871e+00
1.490129919242208834e+00 1.320011248586102859e+00
1.004146560848635739e+00 3.243110450055940230e+00
9.333821259379289081e-01 2.514746307690038041e+00
6.933896810135198319e-01 3.041721586640972141e+00
1.041617001638596607e+00 4.086749413610803572e+00
1.243131332833683933e+00 3.577868924875815981e+00
1.251457623673993380e+00 3.332720308658049913e+00
1.665730616010549170e+00 3.064737643809035461e+00
2.004350757998199395e+00 2.571797118930770232e+00
1.956136807805120892e+00 3.731765122442928018e+00
1.177517421157085797e+00 3.335679376504721461e+00
1.077869960628875079e+00 3.170177929357488988e+00
1.196289543386033660e+00 3.895801725278753569e+00
9.907114025837475690e-01 1.797781475226162273e+00
1.250697173609188972e+00 3.671995768454750841e+00
1.870666999801144481e+00 2.926526334699405041e+00
1.347115601379099026e+00 3.621582695612333591e+00
1.483910131476246397e+00 3.504266827507562354e+00
1.997688950931287621e+00 3.744053799905654678e+00
1.119459493166804709e+00 3.235982007723932963e+00
1.089003261762221397e+00 2.930472321581644835e+00
8.008341902778057797e-01 2.797642819168125072e+00
2.153246148416014361e+00 3.764005229658970997e+00
7.312208081988459396e-01 2.938472265859117361e+00
1.581354356893958313e+00 3.173509162581809484e+00
9.360454490892579082e-01 2.538118857672763795e+00
1.343203871018484596e+00 1.383572986457224152e+00
1.239580795894405618e+00 1.968172177947255408e+00
8.246269390280640543e-01 2.547735405974711931e+00
6.919330926397189163e-01 2.726885143310953108e+00
1.295895695808169323e+00 3.396825027460676605e+00
1.952686893785772870e+00 4.214330498676715386e+00
5.886704970033289630e-01 1.602548644356554419e+00
8.357726928667339461e-01 1.695808815567724004e+00
1.052207842990729114e+00 1.390131832183693739e+00
6.372455900137350415e-01 2.182623138939538521e+00
9.980317967231410181e-01 1.974688416584532202e+00
1.271219611206761080e+00 2.563401285568310151e+00
6.337639754862676167e-01 1.785181534908692802e+00
8.823538381451336843e-01 3.394391484321301000e+00
1.717258981273320106e+00 3.781925663030032414e+00
1.714889652137540965e+00 4.376237541966522038e+00
1.215378092711578040e+00 2.872863511626517763e+00
1.085301056559698107e+00 3.661407481216093274e+00
8.975083430732755385e-01 2.175696456297227854e+00
1.357163267261545903e+00 2.371876059284580229e+00
9.716821694754188554e-01 2.627874249199878331e+00
8.600431696483321620e-01 2.479044416222934810e+00
1.430984400720055394e+00 2.465185024558358418e+00
1.315195718912222311e+00 3.089125301090662745e+00
1.148890857710302082e+00 2.686660898981600099e+00
1.238264838724074446e+00 3.801897964006430986e+00
2.621078207189076803e+00 4.149121059632990161e+00
8.382454182792171693e-01 3.745207909716496086e+00
9.635024690391497115e-01 3.303944751112262601e+00
1.146797479503844697e+00 1.346503169682015333e+00
6.933842456612969718e-01 2.141348332530694787e+00
1.203861010896832617e+00 2.589570547509217668e+00
1.411432337816716842e+00 2.505738877103701689e+00
1.178867072825557250e+00 1.767292070638990076e+00
1.321121588820477921e+00 3.382099115619010998e+00
1.060272187503634056e+00 3.490350374422226842e+00
1.103683410492823480e+00 3.942824162237902108e+00
1.280132389869322651e+00 7.875521456534902986e-01
1.788468234377019517e+00 3.458604312588735130e+00
8.567351972411824113e-01 1.598216720243706757e+00
1.186476731906046300e+00 3.724507092996310220e+00
1.561653784627088593e+00 3.408568768439679708e+00
1.022395882273301249e+00 2.994556161776102954e+00
2.297716241429240025e+00 2.375308860788244214e+00
1.061467601714749520e+00 1.235534901151492670e+00
9.668039881397965107e-01 2.624673811760525943e+00
1.139877940191325711e+00 3.728622254120591784e+00
1.288926078086415572e+00 3.130409312814761869e+00
1.006367863722337663e+00 3.060492735546828325e+00
1.873217954403634478e+00 4.149904650973062381e+00
9.470546711575527077e-01 1.902650907186397511e+00
7.736237434229222831e-01 2.045259207000725166e+00
1.414640987170760367e+00 3.365841025762452254e+00
9.590263693050490312e-01 3.180884460029917982e+00
9.539356141736157202e-01 3.713590050995214664e+00
1.482966271338456599e+00 3.295759817495606203e+00
7.010072488525419532e-01 1.927333497765701731e+00
1.709243722912067387e+00 2.553363358585008847e+00
1.165462502729129879e+00 2.105976129661022433e+00
8.458126483313622712e-01 3.327783170787268485e+00
1.295682427756307264e+00 3.743719062382061757e+00
5.825953295907906337e-01 2.572519642844833587e+00
2.809542842502076088e+00 4.192519553341550242e+00
6.641864782107175236e-01 5.333565284812057383e-01
6.751448786053468876e-01 2.061163778394770940e+00
5.240887618995582198e-01 1.488622868558869161e+00
1.112738550453107766e+00 2.297925668781674702e+00
1.131634024351589884e+00 3.576753902416841324e+00
1.297110947535837555e+00 3.518787401288884009e+00
1.557424779900644207e+00 2.288289005008110166e+00
1.104445071753912266e+00 3.435374112093114718e+00
1.252629604445513856e+00 3.743886520414663632e+00
1.467340166100385979e+00 3.389395866153963155e+00
1.676646463756516825e+00 1.143035826219342521e+00
9.690023020689046973e-01 1.884309961317841120e+00
1.309205607052071008e+00 2.290202979309077680e+00
1.123704550498079602e+00 2.642509776939320876e+00
1.411069890493142909e+00 3.572441583641097651e+00
1.148048927982952661e+00 3.099154777282535189e+00
1.829034563634878818e+00 3.107592258244226802e+00
1.167599519214058690e+00 3.608668732040896110e+00
1.470774313389914933e+00 3.282603930705915829e+00
1.636959067112245814e+00 3.750838955546077713e+00
1.995956358689119359e+00 4.047174761067725335e+00
1.552904713657159430e+00 3.886904834696447431e+00
2.436909840517281545e+00 2.027519413619742750e+00
6.861612987562488719e-01 1.133916921185585069e+00
1.786483776023304548e+00 2.578672109770316023e+00
1.097950853309192620e+00 3.254612623858951892e+00
1.150172750207644867e+00 2.282949349579655784e+00
9.682505012715428849e-01 3.226543153505158301e+00
1.342939189560842017e+00 2.729938378107626740e+00
8.159525666067025673e-01 2.933613506875086152e+00
1.199985598427940392e+00 3.080879423856187849e+00
9.020941119987018197e-01 3.219304444717720592e+00
7.997848825654624294e-01 1.959159938658121547e+00
1.448636741006142259e+00 2.119408337050805002e+00
1.178708001931100480e+00 1.291891222669078854e+00
1.941468787912652205e+00 2.941331724863908370e+00
1.470214931097215683e+00 3.409483310341291151e+00
8.072645921792538370e-01 1.279033967845657260e+00
1.891724253224844388e+00 4.140959648017228822e+00
2.046937130064707233e+00 3.489896207350539736e+00
2.082559626597888069e+00 3.505120050694189970e+00
9.667863746029516925e-01 2.777498571535062855e+00
1.340589504209330096e+00 3.681397176751727507e+00
1.091379067688428739e+00 2.908878240015197125e+00
1.168404396599837636e+00 2.981491314081877952e+00
1.250840842458999624e+00 3.345054752683666699e+00
1.780979614796222466e+00 2.188652981730394131e+00
7.765852917883846462e-01 2.103838304362284362e+00
1.386879591276447554e+00 3.311212707479842088e+00
1.272262005687070596e+00 2.433610533038405244e+00
4.694823008882907933e-01 7.804471852610849192e-01
9.530293659348951785e-01 3.445934120064530148e+00
6.670050190597878181e-01 8.932282782040681379e-01
1.108949045071055517e+00 3.383780772080999366e+00
8.279100876017988497e-01 2.879238740099162808e+00
1.025635225942350459e+00 2.457581260613658447e+00
1.143503858317950206e+00 3.256412941389326576e+00
3.990597878398792209e-01 2.267007476116218001e+00
1.030837879932403833e+00 1.549280241747310383e+00
4.006016105061157573e-01 2.119828780598259854e+00
1.564581843775350034e+00 3.238886614898545790e+00
1.013657541644341187e+00 3.326514323050899780e+00
1.258815616055495745e+00 2.827166690392950876e+00
1.275062570472559997e+00 2.901958775807504054e+00
1.059011775896083973e+00 2.769997060152696200e+00
2.078528959621729566e+00 1.064052404741758773e+00
1.058069715903114272e+00 2.332606121164159774e+00
1.807629679518321320e+00 1.536779105737933193e-01
1.355636673606312126e+00 4.097253224889784384e+00
1.791323409544262724e+00 2.323984284360654406e+00
1.360135965904640365e+00 3.649241231296952215e+00
8.026418174147769147e-01 2.799538942712131107e+00
7.914672277185799132e-01 2.667112038576020971e+00
1.023960396222076463e+00 2.163679869280704438e+00
8.930672758904969477e-01 3.251435895182704705e+00
6.265354936690041843e-01 2.210843756632979495e+00
9.374612725105551103e-01 5.268217675873740902e-01
6.388395777346455029e-01 1.130866112320243921e+00
1.107550388313003342e+00 3.612438312886229852e+00
1.653918667404956189e+00 3.217711813006255639e+00
7.609750294123477365e-01 2.721939225883327929e+00
1.545166821298294524e+00 3.699601345761469595e+00
7.909487049113466117e-01 -1.005592393206018176e-01
1.538220172946854980e+00 2.238672479571601315e+00
1.348786209460412833e+00 3.059788112025133788e+00
3.502085855875106013e+00 3.925417926247333877e+00
6.215539797334513894e-01 2.389611549748235753e+00
1.023733391612985821e+00 3.317089938261651660e+00
1.305814739265866109e+00 3.270745607964248070e+00
1.450202042992370766e+00 2.717458708898929043e+00
1.555727219460301569e+00 3.263485788474551619e+00
1.441845525974428499e+00 2.532684998598473847e+00
1.438813351869715484e+00 3.938430083930572589e+00
1.624299564485619518e+00 3.792117628680506947e+00
9.963533473529928575e-01 1.807167670370036117e+00
2.226914712667924068e+00 4.102921285025591835e+00
8.238856467420064833e-01 -6.347438377222233696e-02
9.138857324388500736e-01 3.325258105449191426e+00
1.944643383540613168e+00 3.087579320199778543e+00
1.591805473681747740e+00 3.237648105186424985e+00
1.356818222634035287e+00 3.136446978865953916e+00
1.470314543841212629e+00 2.223015411734188262e+00
1.391883567992010073e+00 3.310590668729190611e+00
1.009127959550161435e+00 2.426118638632497770e+00
1.216256949980418112e+00 2.140038483303812189e+00
1.915129161730128482e+00 3.390178214265289203e+00
1.188395495447883254e+00 3.364968243676330406e+00
1.172634395532831109e+00 1.732679285427402016e+00
1.490383747272853610e+00 3.674783668645095425e+00
5.313172557695922116e-01 2.780728568788885635e+00
3.002839382840712279e+00 3.306946113104077600e+00
7.924596435874683431e-01 2.774291264296768755e+00
6.875113110872871358e-01 1.428246149999164549e+00
1.818570580580981311e+00 3.591400240308931568e+00
1.948489558497574770e+00 2.519601978915227747e+00
9.725336955318512056e-01 2.782543035009229726e+00
1.184717285962188393e+00 3.819756111104011254e+00
1.661181719794041278e+00 3.306291718960997716e+00
7.600897073792858283e-01 2.270329504660438147e+00
1.171171612134600748e+00 1.108378298139315765e+00
1.115425729240708597e+00 3.123491755809152171e+00
8.615903466194345661e-01 3.307808318980141493e+00
1.011716112611480867e+00 2.804145863832371965e+00
1.545842365351321579e+00 3.611831786668485478e+00
1.067010860303358566e+00 2.529134961307230700e+00
2.124732098881579656e+00 4.054223276669468135e+00
2.299621736252617232e+00 2.137328275909449626e+00
1.339493042673465695e+00 3.919728136513034755e+00
1.143913181969841819e+00 3.463409275956360833e+00
1.370857095795687153e+00 3.031743886564782109e+00
1.756395087065533156e+00 4.114820793996374348e+00
1.266224129470524762e+00 3.665616376894872186e+00
1.171274112806025780e+00 3.450164809227420637e+00
7.642370445985224858e-01 1.396609569143329566e+00
5.250846335276870835e-01 2.681013803204551849e+00
7.407274510687805735e-01 2.847391313951045611e+00
1.514877493163323763e+00 3.410597770752474389e+00
5.786745100796908403e-01 2.677172818864509640e+00
1.317918379119069172e+00 1.468203470385035958e+00
1.433236501915289063e+00 3.689311405953919820e+00
1.728322128336081676e+00 3.845599756404710412e+00
1.495416938429733111e+00 4.026170377948187884e+00
2.570708191286066313e+00 4.313280791503345313e+00
1.418782334680599444e+00 3.050520729822864485e+00
2.021007277804733437e+00 4.198890531522500247e+00
1.256832796722056278e+00 3.384915766465490972e+00
1.788273079842814584e+00 3.255598935980974939e+00
1.756880834604594543e+00 3.495740447889454039e+00
1.156302323486066763e+00 3.458930746408458212e+00
2.273325506529348061e+00 2.116080138031046332e+00
1.131152499482699580e+00 3.143311606619009879e+00
9.725083013272193266e-01 1.071552575239984817e+00
1.780807971563810099e+00 3.930908554451951975e+00
1.504709255069360152e+00 2.015281476546348038e+00
1.523911176648458099e+00 2.871390472518660086e+00
7.586810998629129887e-01 2.711254603238738792e+00
1.532006939068224494e+00 3.375896423605838859e+00
1.233312789262208220e+00 2.874015657018309078e+00
1.062716429506090909e+00 3.271710936883518439e+00
1.396522311514772907e+00 3.860742511521087383e+00
1.469330416744996981e+00 2.355370918846873440e+00
1.514590304296298928e+00 3.997440815735783914e+00
1.357163267261545903e+00 2.371876059284580229e+00
1.563957825281737657e+00 1.228726710849212589e+00
1.526214061137578293e+00 3.548545439236287624e+00
1.211714199119671820e+00 1.553512480593079559e+00
6.826389810543499470e-01 2.861203808950210536e+00
1.021750455342080199e+00 3.430778174101703826e+00
1.200185840711717855e+00 1.810598343982038783e+00
9.812469698169313803e-01 3.037765496532303988e+00
4.819878301759653039e-01 -4.068043192834521760e-01
2.059607481273648677e+00 4.142594586312322136e+00
1.396616831872556252e+00 3.364892310633465389e+00
1.756095782500601166e+00 2.333989654766142952e+00
4.694107366795272629e-01 1.475591006369636249e+00
1.117127145385778286e+00 3.296245672407163596e+00
2.096754680372119317e+00 2.295007730435154158e+00
1.339885285081076960e+00 3.338306619835015532e+00
9.588653718739974519e-01 -1.741365734085059680e-01
9.377870068329109410e-01 3.026898909534007753e+00
1.577732826474687711e+00 3.989008290992134498e+00
1.297444146265103626e+00 3.339801608218762929e+00
7.572511704341936545e-01 2.577235022017259958e+00
1.161185782725714377e+00 3.944022120183070079e+00
1.043035366395408614e+00 9.076458720627306187e-01
5.359023404531674251e-01 2.337219238077836270e+00
1.190136150929051340e+00 3.654429964929202246e+00
1.718885204986748239e+00 2.041410534335585059e+00
2.026172406802569714e+00 2.517855921871114511e+00
1.633798811937265949e+00 3.738097671008631107e+00
1.092060508158225973e+00 3.321346850612676427e+00
9.926179063022694260e-01 3.567890066990042630e+00
9.664547408524961636e-01 1.349770423791162743e+00
5.351732204430903472e-01 1.542906037624682813e+00
1.270658389776344599e+00 3.877480648109017380e+00
1.265171998677910414e+00 3.113212505798996776e+00
1.198654266921201472e+00 2.733762856948684483e+00
1.394040422562725423e+00 2.336329916731793688e+00
5.777919671120963496e-01 1.985903042988199196e+00
1.817704244299539251e+00 1.537675415686549307e+00
1.058198942648193919e+00 3.261492450990889136e+00
1.728866129704866861e+00 2.631483702356850252e+00
1.022751610197243588e+00 2.307051588913338946e+00
1.618470724899932378e+00 3.729955613088139721e+00
1.762821476096911866e+00 4.068607273350829168e+00
4.640547332570997829e-01 1.710600128761666117e+00
1.719044488297107875e+00 4.078108727658332100e+00
4.091495550676377269e-01 1.373793880969758074e+00
1.504001078483563569e+00 1.943459220476345228e+00
8.559797881933237651e-01 2.953347453318430738e+00
1.915455540907390342e+00 3.414746048168514569e+00
1.234437787092360184e+00 3.647225547615136065e+00
5.682054547016667234e-01 1.285506492458458494e+00
1.320599819114218310e+00 1.854105614362501875e+00
1.761650469845447819e+00 3.314615602934990246e+00
2.043480359039834493e+00 3.382315487926056186e+00
1.200193412666686665e+00 3.863101764983806419e+00
1.064343044313708075e+00 3.042434251009150881e+00
1.423521811511305524e+00 2.846662444054647967e+00
1.458287162490873090e+00 3.126443856514256936e+00
6.994938351392138154e-01 2.714795352652342952e+00
1.572956893210546658e+00 3.794383216026671946e+00
1.510980780421777636e+00 2.997943484885217114e+00
6.385161348744736731e-01 1.846118599252637882e+00
1.365145825176001360e+00 1.987316923077826702e+00
1.217798712859535337e+00 2.417523987262947927e+00
6.198112346903358327e-01 2.834374463040226111e+00
7.603365689922806370e-01 2.944003864091142120e+00
5.555790291878404119e-01 2.023341268993558373e+00
1.430483537050030174e+00 1.555272042137067157e+00
1.988920221833689661e+00 4.045485494460905329e+00
1.802946858122643103e+00 3.893279904846208783e+00
1.425067782917639470e+00 2.940598213752038781e+00
1.239437041713037813e+00 2.104801905278235630e+00
1.070260690567514050e+00 3.951502356511403580e+00
1.237938499226693523e+00 3.471374394215107628e+00
1.365844160613945757e+00 1.815521485399789414e+00
1.859359523791827895e+00 1.371705046488352897e+00
1.418584158793841699e+00 3.694813914860596959e+00
7.040835764453691192e-01 1.329231612120490014e-01
2.004319701202732951e+00 3.892374652889948550e+00
8.798528294733093391e-01 2.960604217796925841e+00
2.167598504742802579e+00 3.169806518619551206e+00
6.207689525559174637e-01 2.369880382022935272e+00
1.483137332553944754e+00 3.818423966122855617e+00
3.082128159101773068e+00 2.973847317788293587e+00
1.173407680059611824e+00 2.551127648310929530e+00
8.283001148424444793e-01 3.101410775927213592e+00
1.829921256861036793e+00 4.043415036713312816e+00
1.147498611680408231e+00 3.399890497581282922e+00
8.542430519939865352e-01 2.905151769461143729e+00
1.311603152722748078e+00 3.712723919941594453e+00
2.082125005752635705e+00 4.040626371924302518e+00
2.149648693770942920e+00 3.214380337028611478e+00
8.902885985916412226e-01 3.263172717034227066e+00
1.036762657197975113e+00 3.373163342006840981e+00
1.326840506447720003e+00 3.592342268049287135e+00
1.073670234354706210e+00 3.030286227574260582e+00
1.367777485867525566e+00 2.984440630710281095e+00
1.226636380262877024e+00 2.873912907034980702e+00
1.414905966483761324e+00 3.404720230025747085e+00
1.092245397169985699e+00 3.012464984205684537e+00
8.848408778592107282e-01 8.270313599472256527e-01
1.069568016987592962e+00 1.548572014649143513e+00
8.998425465089722186e-01 3.321637400841463972e+00
6.101618226033269643e-01 1.417131919969961906e+00
1.113480937152524719e+00 3.812082013921574752e+00
1.370340919279709357e+00 3.614202300069125684e+00
2.047047170396165683e+00 4.214788951416877261e+00
7.209895722158380371e-01 2.446880788110173732e+00
4.340840117816764931e-01 2.182529664574877959e+00
5.808343984258979020e-01 2.272091177088140679e+00
9.987377757109163756e-01 1.829806083187434096e+00
1.111985389181353812e+00 2.785178567551652051e+00
1.033644540691277980e+00 -3.808117562730387040e-02
1.812421854597028537e+00 2.191254521707991731e+00
1.020556895479812987e+00 3.375697722453729899e+00
1.138846104855043562e+00 3.037287483469324645e+00
1.619956926902494931e+00 3.643600222608748052e+00
1.310623946049749078e+00 3.074044827966861515e+00
1.376004031319451260e+00 1.120559361856970693e+00
1.276431589844570613e+00 2.085511771175947437e+00
9.114355148915632698e-01 3.249356342322203162e+00
8.137638845537559229e-01 3.203361675529116326e+00
8.393407445069847039e-01 3.397903322796337999e+00
1.309758016398207214e+00 1.967964643809608560e+00
1.957546933575849746e+00 3.977804862279771037e+00
1.173290295074215450e+00 3.348684683050295430e+00
1.258815616055495745e+00 2.827166690392950876e+00
2.173202139470136629e+00 4.081753475036092205e+00
1.463517330718608012e+00 1.885417698584863411e+00
1.954280351917917935e+00 2.006233028749186076e+00
1.472979329048629271e+00 3.519259143328544059e+00
9.546077515718679463e-01 3.446150445680276508e+00
1.873551584837279016e+00 9.163846173102525583e-01
6.369112632602020874e-01 1.950923171090422237e+00
2.352391722505979832e+00 3.765248304066528107e+00
1.925221282925341892e+00 3.943219922437641856e+00
1.503586043496767388e+00 3.051179542001030587e+00
1.094349520852483382e+00 1.686797912280896483e+00
1.217335206067445830e+00 3.941285414564995371e+00
6.051736722946308156e-01 2.272016417917392062e+00
7.362148543699886805e-01 1.828961072093209683e+00
1.480772950204038763e+00 4.293243925188227061e-01
6.735418626296919564e-01 1.908381317127075594e+00
6.875113110872871358e-01 1.428246149999164549e+00
1.988277278141515447e+00 2.443179448705223411e+00
7.205206401926398385e-01 1.290180962086334704e+00
1.459092065453269083e+00 2.003504131355204887e+00
9.020523303524442538e-01 2.193461050290347103e+00
2.188395633320890710e+00 2.575201759952015834e+00
1.169011114875528223e+00 3.791269421121042260e+00
1.291351066640519019e+00 2.326039471514170121e+00
1.525251614726865768e+00 3.047945165180457217e+00
2.255687326972575679e+00 2.427613612876494464e+00
2.072886218466444941e+00 2.348140786567668226e+00
8.915789477627849013e-01 2.477164749748286265e+00
1.189689912167408048e+00 3.590028520887609265e+00
2.161533926467044786e+00 2.864120108543842580e+00
1.128146943417664083e+00 3.164964258725134982e+00
1.404896735318949874e+00 2.891562143965384912e+00
3.225959569741674304e-01 1.215413137781179209e+00
1.541168771801599391e+00 2.310172699869288859e+00
1.477530916632516123e+00 3.187144728472409039e+00
1.351298347786347165e+00 2.057542240975528181e+00
1.035885687381907339e+00 9.140780961765284651e-01
2.240503859339345372e+00 2.010654847644476106e+00
9.115326948927806594e-01 2.990881982022743912e+00
1.518851411984049715e+00 3.350886489966881321e+00
7.351842913058896922e-01 2.329670263456796064e+00
1.108028694441694828e+00 3.572562136168335734e+00
8.016279869368249100e-01 3.029847360457330385e+00
1.349162984869547666e+00 2.397700012408223280e+00
1.089088125243039773e+00 3.186919119556390179e+00
1.491594868513698824e+00 2.717922812227315355e+00
1.033273376955379685e+00 1.597192415170699320e+00
1.038182710383269258e+00 3.231539589750668018e+00
1.060163160534028481e+00 3.432505343308037915e+00
1.435068046327178992e+00 3.071942404456752485e+00
1.327143090583342788e+00 3.240516006446288788e+00
1.081633567096077053e+00 3.146453363430642192e+00
1.046736511110626600e+00 2.843474954250555076e+00
1.756518334103169821e+00 1.634461338534970221e+00
2.370534213533491918e+00 2.485010026802599192e+00
1.265136471155357878e+00 3.026354015174566037e+00
1.800966827196992082e+00 3.600742731114233486e+00
1.116973284986111370e+00 3.069614404567683419e+00
7.730663099404571081e-01 1.239261097007074763e+00
2.735314131528932435e+00 2.745207686645110723e+00
7.404851262190237371e-01 2.329066157282823291e+00
1.708391912793321143e+00 3.401042571586409657e+00
1.112849113861438255e+00 2.581164529232566007e+00
9.046996057733590613e-01 2.560008338434374586e+00
1.615388359136550100e+00 3.118207659587842961e+00
2.089466496274670959e+00 4.227565946955182952e+00
