# Hierarchical MCMC downsampled to get 500 samples: alpha, mu
1.235271545850278985e+00 6.366976083816775933e+00
1.009238049994491293e+00 6.461174222456984140e+00
1.296250998516573105e+00 6.283616670905908919e+00
9.929418451465501505e-01 6.493387835160852717e+00
9.404254111400618399e-01 6.678049452052535528e+00
1.582101535325196373e+00 6.245661419454047625e+00
1.027354750980149944e+00 6.807868556228521939e+00
1.420807968909600039e+00 6.502807949629127116e+00
9.700071884900705044e-01 6.462992872525057386e+00
1.225587144929927153e+00 6.699850405959823618e+00
9.101206952410560991e-01 6.435607728049944853e+00
1.282889563841461245e+00 6.842603973286166763e+00
9.210057782660358017e-01 6.284286403330948012e+00
1.263889118218298080e+00 6.656798018450111876e+00
9.708523921658758216e-01 6.403408833256578170e+00
8.136186590960083898e-01 6.590323946543770184e+00
8.993061569364549923e-01 6.325753962943409192e+00
1.124995512786713947e+00 6.403136322778096634e+00
1.109986067325520187e+00 6.637911813177475473e+00
1.216345222033688334e+00 6.642147176348705884e+00
8.622588618579806186e-01 6.411632707570768197e+00
8.809585025687727278e-01 6.660824733634119532e+00
7.950435476722349515e-01 6.596279962010893172e+00
1.006354627999527906e+00 6.277306513040083580e+00
9.805756406178188778e-01 6.472297848946088727e+00
1.076907349120442170e+00 6.926094823765707176e+00
1.147133996783486598e+00 6.604425526548552305e+00
9.437031837699919601e-01 6.511171549392843261e+00
1.082626468873008285e+00 6.605760481201664369e+00
1.170694093982346473e+00 6.319874711377847731e+00
1.023482879773901955e+00 6.367540403698286333e+00
1.032532950923427784e+00 6.317137432032216005e+00
1.349116235601643066e+00 6.424709638798002054e+00
8.797555408698560786e-01 6.635012136413093842e+00
8.534684756503720937e-01 6.480985166119483942e+00
1.025908034717275097e+00 6.511769868031682229e+00
1.534663742260044650e+00 6.576003122917335020e+00
9.648214761678298723e-01 6.454160841366312518e+00
8.428526851157716049e-01 6.574872708829444079e+00
1.153689749586423119e+00 6.219429033763188563e+00
1.036710567285900497e+00 6.279914432461398022e+00
9.926075288661045937e-01 6.618027291446606952e+00
8.841791925457300749e-01 6.611683503371367898e+00
1.185876841215437461e+00 6.545970783759027967e+00
1.038032729982770075e+00 6.074013892859261077e+00
7.941687601255903450e-01 6.535635912312208085e+00
1.173327862394879739e+00 6.701746147408134568e+00
9.228223899844962830e-01 6.533264128046408992e+00
1.732047327904908007e+00 6.491148641709991729e+00
8.558552908976100326e-01 6.527464650956194880e+00
1.312354078202992325e+00 6.523273809581917604e+00
1.406569385390711302e+00 6.334538335629185113e+00
1.331229536080665854e+00 6.475011059462368657e+00
9.496415772942469191e-01 6.432433770581667432e+00
1.140413610742938344e+00 6.563004946770933934e+00
1.145114060130242528e+00 6.661682587269105227e+00
1.202331154544689085e+00 6.582937072570030246e+00
1.010098092459649655e+00 6.719751524564486544e+00
1.120231276164782797e+00 6.520270828320504641e+00
1.203469019616120406e+00 6.493444424839967866e+00
1.121332800673156438e+00 6.374452758050082934e+00
1.027152228494398578e+00 6.558485446271129504e+00
9.765648775659350189e-01 6.674040157206221124e+00
7.980277367419043033e-01 6.367355363541938651e+00
8.721509282559870568e-01 6.469036924193471982e+00
9.673535613869550520e-01 6.965659754976834428e+00
9.239296678133196439e-01 6.537395072886049263e+00
7.910660548402460579e-01 6.695480770843586171e+00
1.221382227795410280e+00 6.589881247216326621e+00
1.283530296095660050e+00 6.672041393185468294e+00
1.205874980958314469e+00 6.386340255545738920e+00
1.072190127167754969e+00 6.492859918048893952e+00
1.159698596642631641e+00 6.543155095284819645e+00
1.397251146969066271e+00 6.971376463567353632e+00
1.312569120991604832e+00 6.468388512867332629e+00
6.780267255041751984e-01 6.621463064825130473e+00
9.500961633276322482e-01 6.698773550383275932e+00
9.919940865902776572e-01 6.884729071763780794e+00
1.260652566473885905e+00 6.530837942458062706e+00
1.064913757956560847e+00 6.482941903665207839e+00
1.100401149192508088e+00 5.951199902034749023e+00
7.170687011346617012e-01 6.469346174329506205e+00
1.055422576637895071e+00 6.764145499171109854e+00
1.316684717107049707e+00 6.574630916756930787e+00
8.543423169411060725e-01 6.450246416723707910e+00
8.711688602918549185e-01 6.556386657920544536e+00
9.845300810008492665e-01 6.333592705679420121e+00
7.668340649998770520e-01 6.724431712326239818e+00
1.075372811646571058e+00 6.462697707628840327e+00
9.036295561513533192e-01 6.450522407399032154e+00
1.990576554915178376e+00 6.447673757711167575e+00
1.335537763246361864e+00 6.461097219395773195e+00
1.017704024027329623e+00 6.394740889258182293e+00
7.626775678985886486e-01 6.228362511895037201e+00
1.064054965599355862e+00 6.505371815158600413e+00
1.235753915799643554e+00 6.728747691880377246e+00
8.943792660838814079e-01 6.475310739418601358e+00
1.383896024586697582e+00 6.600976221089489115e+00
8.524637477571102018e-01 6.718063044524462235e+00
1.618354512073451934e+00 6.387367578132583823e+00
9.666479507663269244e-01 6.625700916712227162e+00
9.321396512455948358e-01 6.282227073874638634e+00
7.667692623039931155e-01 6.803831376947878873e+00
1.034546305718463177e+00 7.252412187912545605e+00
9.210233003350570824e-01 6.353967634257887909e+00
5.379300025259537987e-01 5.786837949526743685e+00
8.353898105626749171e-01 6.623772133372562543e+00
1.976117873728358898e+00 6.530190362140563920e+00
8.726492760272342997e-01 6.533546610380366104e+00
1.536242478015648061e+00 6.640750592667536090e+00
1.301828147970952143e+00 6.632951756745972816e+00
8.026479218742812449e-01 6.661856221658047694e+00
7.434207141909981997e-01 6.338030521180576748e+00
9.620286953225456461e-01 6.526000535283709603e+00
8.755887230647457775e-01 6.396727478093037433e+00
9.965964387024774940e-01 6.455447112219193428e+00
1.422298713783842983e+00 6.602959497254228260e+00
1.022727593183168970e+00 6.708188706400051160e+00
1.073192079512801822e+00 6.482595384977867248e+00
8.937628954897729461e-01 6.459946167615248314e+00
1.362412510747368133e+00 6.391576597904179202e+00
8.418480072100605893e-01 6.521575779209833890e+00
1.096046428281296725e+00 6.537698765937027368e+00
1.367701556254949935e+00 6.409594326330234182e+00
1.104938682156857643e+00 6.506509223163615907e+00
9.475128326347024288e-01 6.701632638487219573e+00
1.370308377241235442e+00 6.471532401040721361e+00
9.667907446469719002e-01 6.625067712933168096e+00
8.307753929495125256e-01 6.514654704556696707e+00
8.662026339272741460e-01 6.448370120607666678e+00
9.864112786701280111e-01 6.586949299049022599e+00
1.073982825106263528e+00 6.265073765775644787e+00
1.104623985531360653e+00 6.367879540314775433e+00
1.438649704478208502e+00 6.015705326229636718e+00
6.891186486214129214e-01 6.863075002102537070e+00
1.052848946474049585e+00 6.575168027601189458e+00
1.026798910344299820e+00 6.464011124889282200e+00
1.033025374341822733e+00 6.524631618445105197e+00
1.280558105729671992e+00 6.080770450147174877e+00
7.715462509217129172e-01 6.492388244940221043e+00
8.959934387348866824e-01 6.378118240937744154e+00
1.235665001603316604e+00 6.645882605065471793e+00
1.044469856322438606e+00 6.708263215631448340e+00
7.444463689759179825e-01 6.680880728587320405e+00
7.235357593689144551e-01 6.417822079726398954e+00
1.051508412972761208e+00 6.259235253961167089e+00
1.348392178021828647e+00 6.716243246427110236e+00
1.120350730127828376e+00 6.496726147433085075e+00
8.238464268226041165e-01 6.435313349009515349e+00
1.049723479409338633e+00 6.655235222366986392e+00
8.264536474086540130e-01 6.759538296165931825e+00
1.121681034169318636e+00 6.178946361540383236e+00
1.269667461242631301e+00 6.636315643183891666e+00
9.524756354134409353e-01 6.612426898889427029e+00
1.252127482162940675e+00 6.559829400995936588e+00
1.190004442694508668e+00 6.537454491782320076e+00
1.108164026771551791e+00 6.543089902643097311e+00
9.343155824037068236e-01 6.469640991819279208e+00
1.201183390678530083e+00 6.532635019572502699e+00
1.001164046193192325e+00 6.688204161907546741e+00
1.097741144303304717e+00 6.532755540544314066e+00
8.750269060747291050e-01 6.460270074182501432e+00
9.197035830834441317e-01 6.383256334423367484e+00
7.635659065778366283e-01 6.470469366382475940e+00
8.639605131500196489e-01 6.356578083102886190e+00
1.275240869102550079e+00 6.625373140137324590e+00
6.779480182798387489e-01 6.339691951903019707e+00
9.570447493897904501e-01 6.169468288896827524e+00
1.476421361603402316e+00 6.381721569520943049e+00
7.273619314644490519e-01 6.641883278984985317e+00
1.014442711451003731e+00 6.551120736419023594e+00
9.841142068413022415e-01 6.637193404811722708e+00
1.255114093177840173e+00 6.522056006548812235e+00
9.397181600160982029e-01 6.383041236848240985e+00
1.362221773597357632e+00 6.547986863093690602e+00
1.040883625312166494e+00 6.507321483286562014e+00
9.582330346314599234e-01 6.631286260930607135e+00
9.768803116587888580e-01 6.497090847468527386e+00
8.493643096167574624e-01 6.402853459341260489e+00
1.054947225026428681e+00 6.600532550597104198e+00
1.161690385592615060e+00 6.789799957407809394e+00
9.106713195560910412e-01 6.669607192047672939e+00
1.275423492658476432e+00 6.506784042993300154e+00
1.330319289857404552e+00 6.341886530080580897e+00
8.450111896760480468e-01 6.697089365912822778e+00
8.496517184859868621e-01 5.986148860086760948e+00
6.809595556338983169e-01 6.420424888712171096e+00
7.245461513430453415e-01 6.501966645554249524e+00
7.331090873178953693e-01 6.458455580007954389e+00
8.570926560526961335e-01 6.363055845962012569e+00
9.445801430554655598e-01 6.621594839243469366e+00
1.279874471052928842e+00 7.028174829467370266e+00
9.758666177603015912e-01 6.379261768450896319e+00
9.856868234627285119e-01 6.439876562593737752e+00
9.446664580985008053e-01 6.557633819752048510e+00
1.194010015691747917e+00 6.446301756507677894e+00
8.898600884131394606e-01 6.845050305392316403e+00
1.127733942720568372e+00 6.612596109555844315e+00
8.282224467722135719e-01 6.502080322401575962e+00
1.280026069291105628e+00 6.375017700371325091e+00
1.209754623648781946e+00 6.484832994596147593e+00
1.096601273455994230e+00 6.623133779940283183e+00
1.472184383686530484e+00 6.530441435744264389e+00
1.051418467187198225e+00 6.607928596007043076e+00
1.079274671983409428e+00 6.740498641261772228e+00
1.332849184979241652e+00 6.585477477468060670e+00
7.664500302996540837e-01 6.476959324337312474e+00
8.238706080960025435e-01 6.455322000219692491e+00
1.013142612051069591e+00 6.441803832545450526e+00
8.049778387075602337e-01 6.581725727540728599e+00
8.841592758674814423e-01 6.324150150244641111e+00
8.805136023610866669e-01 6.593343781245846635e+00
1.767321708789626022e+00 6.524433282480985419e+00
1.008974886945967153e+00 6.339588525411104847e+00
1.433843197767132649e+00 6.632586277672635866e+00
1.245827307225316760e+00 6.519287666626336630e+00
9.022908801622202546e-01 6.677449414341681155e+00
1.289353969696258373e+00 6.804849030674875010e+00
1.050172673376959853e+00 6.685619213318809706e+00
6.899917890025701883e-01 6.381163800066679492e+00
1.172594520368491322e+00 6.584196134071221174e+00
1.291721521171157905e+00 6.430573297341129368e+00
7.497124025531399782e-01 6.435324352199865316e+00
8.634299334188393349e-01 6.606747705685552141e+00
8.852203313648381311e-01 6.143568231181355976e+00
1.038653182786850371e+00 6.563162179101144744e+00
1.350618726085050181e+00 6.675825610268834254e+00
1.242300538111950514e+00 6.293031711003964190e+00
1.189970530968977869e+00 6.530335464488797648e+00
9.283790802170286405e-01 6.883663802176290147e+00
7.943743750846999907e-01 6.385788584427198877e+00
1.002318498671537217e+00 6.453889835046134671e+00
1.126758080016192043e+00 6.603890167324684590e+00
1.640896344047674260e+00 6.408023347298968275e+00
9.502966101478834693e-01 6.424638804484716914e+00
9.599230817676144278e-01 6.624965075823483041e+00
9.293125323074600264e-01 6.729772162702438720e+00
2.382215566537932983e+00 6.087638008860039918e+00
9.343273291007074821e-01 6.569959382768859157e+00
9.332903599398645333e-01 6.365166142027455898e+00
9.370728469977269715e-01 6.336425979271497866e+00
1.806111940245268777e+00 6.340708961810141986e+00
1.367643813919755091e+00 6.622221199878437048e+00
1.262019368687093301e+00 6.407297257238950827e+00
9.924586945285622797e-01 6.387637794994538432e+00
1.358980926742835216e+00 6.721492478922724167e+00
1.050858900260528417e+00 6.624974144813532639e+00
1.084953946086900212e+00 6.501333792147033996e+00
1.775903398181984727e+00 6.624635537810744879e+00
1.482515692672871088e+00 6.651591193112661671e+00
8.075264616852309008e-01 6.430557095439803028e+00
1.028023935513501241e+00 6.578936184153842071e+00
6.712363424043462645e-01 6.568783455413585770e+00
1.025468720733710759e+00 6.313059497969635281e+00
1.002298244738323518e+00 6.305366824649719426e+00
9.098979458119534902e-01 6.884604366719246471e+00
1.471064089078947923e+00 6.705234022352730250e+00
1.025244988611371477e+00 6.254133476384809320e+00
9.525805601358475760e-01 6.741848645041934596e+00
9.668628228164554139e-01 6.371820971281446866e+00
1.249105499225330540e+00 6.619673876598068496e+00
1.139246832444900992e+00 6.401212719643885052e+00
8.599796412150277902e-01 6.384257405476740921e+00
1.241428269697092412e+00 6.465727223319452044e+00
1.012046170641345055e+00 6.334251140115226164e+00
1.207293359004554700e+00 6.591083614399004809e+00
8.520860390396227668e-01 6.505098231576241119e+00
1.338995566746210342e+00 6.818236608188774639e+00
1.048928383829270006e+00 6.493866857596139575e+00
8.446332763489654560e-01 6.601810292682982251e+00
1.332900540204827067e+00 6.477134377797374221e+00
9.948940832310517735e-01 6.402473261169374652e+00
9.328189563400911544e-01 6.471602405786534895e+00
8.620572290354220346e-01 6.623377937570031015e+00
9.273048123899474415e-01 6.875806248276456145e+00
8.143716395319012813e-01 6.574520133852818304e+00
1.418290976101209910e+00 6.334907721527852864e+00
1.854159701210126521e+00 6.458645425048341160e+00
1.053104076710196235e+00 6.585245705820897300e+00
1.583948222987677790e+00 6.319557702351208839e+00
1.164673130480634589e+00 6.592445109935364478e+00
1.710069729340121913e+00 6.623539649990807909e+00
8.450031469673819906e-01 6.513100324689940379e+00
7.964835068673629115e-01 6.851814691146431713e+00
1.813385198975810741e+00 6.521114711380159967e+00
1.381949119321681740e+00 6.523492033349567620e+00
1.394008971172129296e+00 6.571796066846288475e+00
7.542136345601053726e-01 6.641913147060394707e+00
1.111353136113451212e+00 6.487022827128681612e+00
1.103979650231529774e+00 6.578325913416870563e+00
1.380486700724224525e+00 6.651828346716169627e+00
1.384961393184814815e+00 6.416147671542608677e+00
1.001242183785600037e+00 6.587102433563381432e+00
1.424612465861940125e+00 6.226660744680128978e+00
1.307021559627876695e+00 6.266928218004011342e+00
1.323815566962284418e+00 6.653267755707593878e+00
2.085849243056442148e+00 6.441479683038070725e+00
1.387552274966028731e+00 6.594324390047675344e+00
1.141149356601045994e+00 6.468992434752999898e+00
1.100336937665785220e+00 6.255337128734781871e+00
1.067156992951816985e+00 6.367404759879666365e+00
1.054042100103088186e+00 6.573693629344482758e+00
1.051852339087305799e+00 6.718445231996051703e+00
8.909792557482399955e-01 6.742149833338344500e+00
1.300755301719202395e+00 6.680994233376502223e+00
9.410431646456683952e-01 6.443873601593537614e+00
8.952360371855263566e-01 6.657011541783605324e+00
1.439925796890809684e+00 6.583629612389760410e+00
1.158932830819690452e+00 6.619534584004380662e+00
1.164187914257490242e+00 6.587817142293116213e+00
1.022280016938591052e+00 6.481033831217009045e+00
9.778131518547683587e-01 6.557515270448602607e+00
1.252465701513648222e+00 6.564816129150587543e+00
7.222613656717276065e-01 6.721777000051448958e+00
1.128985251608955354e+00 6.603208935219845976e+00
1.141941949483240570e+00 6.362589127407780154e+00
1.496227817739689714e+00 6.503035775870409374e+00
1.204355411225160655e+00 6.512907570239037547e+00
1.053128276761138737e+00 6.428802672426671805e+00
1.419973790488326948e+00 6.664980856530197784e+00
1.298906454374163300e+00 6.391105022809728808e+00
1.068840169389852601e+00 6.282726776732696194e+00
9.498757290695952760e-01 6.359590889266060643e+00
1.010296277101644380e+00 7.133210394658648035e+00
1.011716217867059564e+00 6.435511735495765606e+00
8.186955671381747068e-01 6.455962252887451847e+00
1.514853993762901974e+00 6.528025401825070517e+00
1.664207612429794203e+00 6.347532435508352222e+00
1.003335972797936071e+00 6.396112212264057462e+00
1.118985752272852574e+00 6.342102557147436315e+00
7.767377119145870701e-01 6.336075973273104900e+00
1.078245154020864849e+00 6.620787788170575894e+00
1.305837375449869997e+00 6.526721225011141492e+00
1.388527258876992132e+00 6.405538291877864943e+00
1.807422847008344435e+00 6.316672744533612160e+00
7.527230059748795110e-01 6.563895737978776346e+00
1.056162540508500447e+00 6.746374303453861465e+00
9.818984519668979560e-01 6.447420400695342835e+00
7.669923321148511830e-01 6.697016531111247062e+00
8.958350233675577146e-01 6.383506178416281429e+00
1.448660986360940539e+00 6.370918146909988700e+00
1.064940375656997285e+00 6.563914691585383210e+00
1.189090004174289561e+00 6.558804375663307873e+00
7.800542528093927785e-01 6.702202394328192092e+00
1.511337692533578636e+00 6.600496699744031304e+00
1.386838761812054122e+00 6.311510249590062571e+00
1.006174431262421676e+00 6.278812723605524226e+00
1.568771664715654879e+00 6.558232225926966308e+00
1.477447917447051395e+00 6.492411651690892072e+00
8.239257517429900979e-01 6.639670474442741721e+00
9.097789545399035394e-01 6.311475651482641780e+00
1.056982271967069398e+00 6.455589095800058352e+00
1.566465538420170001e+00 6.604799928743657844e+00
1.444224989325713748e+00 6.439692113164233511e+00
9.279207432139695566e-01 6.611059927214093079e+00
9.161957796943493992e-01 6.312661068973961065e+00
9.330360160642452438e-01 6.489600859304144542e+00
1.112674314281833388e+00 7.067794089415482262e+00
1.027521808410121196e+00 6.668395480024832622e+00
9.269847360891330101e-01 6.512719792526106666e+00
1.181375480718769300e+00 6.427269890430377330e+00
1.194676302874028817e+00 6.565901955238197196e+00
1.389853197655079420e+00 6.517584769247693366e+00
9.623291548415859875e-01 6.500088571345632893e+00
1.341334897330833886e+00 6.533467887603302771e+00
1.072193614732229516e+00 6.403012084875646437e+00
1.218286541960097669e+00 6.724693898128774272e+00
9.640699184180365755e-01 6.491448479753421985e+00
9.467481846679940416e-01 6.341313941836910217e+00
1.162054653679177152e+00 6.439906864412776599e+00
1.220554272246498373e+00 6.316018383350245458e+00
1.237385689707046987e+00 6.190605131590111831e+00
9.899103159008234565e-01 6.495855393287873092e+00
8.117493489789600059e-01 6.677892913615758985e+00
1.142077169213729038e+00 6.605701257846528840e+00
6.763715756204050633e-01 6.668536736324578662e+00
1.143961768941947676e+00 6.625894900885112015e+00
6.343636476972102090e-01 6.337958098668549312e+00
1.158253309867940173e+00 6.427153691693500370e+00
1.199633801674973022e+00 6.497781927308142080e+00
1.171355335250047425e+00 5.610209142610601774e+00
1.181753749416651011e+00 6.539144612485846331e+00
1.179487187534403958e+00 6.444154928526226733e+00
9.607278201937821116e-01 6.829389640233268999e+00
1.154695503338056817e+00 6.580027119859630957e+00
1.342361737670707766e+00 6.622667818654319305e+00
1.080038890510144123e+00 6.695964565321209427e+00
8.524957362675548156e-01 6.454316754550401214e+00
1.564599841931033186e+00 6.596141139054690683e+00
1.003735129822749039e+00 6.580305847181412204e+00
1.119582765602565644e+00 6.362293589798750482e+00
9.033786107137596888e-01 6.426809032614458239e+00
1.090513474691602092e+00 6.687009366706147873e+00
1.148456600207618639e+00 6.639235524146238632e+00
9.410431646456683952e-01 6.443873601593537614e+00
1.175124160899304604e+00 6.432576044262946269e+00
6.824444204857162966e-01 6.626643869889751848e+00
1.227516757007817816e+00 6.512994976313184914e+00
9.083429573475474417e-01 6.501898915242885657e+00
1.337781517314557522e+00 6.713937169006315209e+00
8.169884677089790381e-01 6.478885400923561022e+00
1.118151344323917940e+00 6.523374096207752437e+00
6.691539476188008706e-01 6.588303082339270311e+00
1.224801169786428279e+00 6.662724195903552804e+00
1.038771181666100718e+00 6.541475358386287908e+00
9.759075058617753262e-01 6.118344424804823767e+00
1.111668634163875957e+00 6.445409997580787476e+00
9.459817207148366602e-01 6.270185797436223396e+00
8.466190544980027877e-01 6.559186729119531378e+00
8.748657253875207207e-01 6.567282985055450162e+00
9.746123441583247615e-01 6.416633357317115482e+00
1.648383061888525125e+00 6.362091106146913866e+00
1.137731658123495970e+00 6.645996088093081511e+00
6.499174741050057769e-01 6.881520481772088083e+00
8.081625991041214707e-01 6.138042107745122600e+00
1.292040056665037406e+00 6.513213998304814289e+00
1.064406065613347607e+00 6.822310073771217453e+00
1.206203033530203417e+00 6.355665161995759149e+00
9.755819903149648420e-01 6.265029493506835578e+00
1.326164003820371695e+00 6.705860197803280798e+00
7.374054096985602769e-01 6.575877066762699563e+00
1.211789051847730336e+00 6.759539525749088895e+00
1.050403728562476990e+00 6.505736446209049006e+00
1.015329486237759760e+00 6.326036821249645392e+00
1.099461766941146390e+00 6.583912315245190605e+00
1.256376179669175697e+00 6.443109628683408197e+00
5.611276453100159101e-01 6.682073352983180392e+00
8.421047641622146918e-01 6.876125695389661452e+00
1.119972679103142577e+00 6.751788257050689523e+00
8.172965681508733704e-01 6.638802593315218381e+00
1.083926250332314156e+00 6.576253080169620624e+00
9.872731176421130073e-01 6.362596784869368527e+00
1.178409684288784787e+00 6.409955694412098559e+00
1.178790816100397931e+00 6.591274750907166968e+00
1.081552785417866591e+00 6.516997625561600671e+00
1.113135702558070594e+00 6.548908481125825354e+00
1.116313610702416081e+00 6.736260327061175168e+00
8.155343529604806019e-01 6.530653275157528803e+00
9.822405869574812876e-01 6.344950946327730712e+00
1.409173455713986778e+00 6.328118731538642017e+00
1.013652261983374769e+00 6.405218450357754278e+00
1.106049458811084296e+00 6.493115317963180644e+00
9.086923601680030327e-01 6.526290044712444782e+00
1.081481383354512049e+00 6.613498273200121069e+00
7.895832436304555113e-01 6.570548128016021394e+00
8.930814858185582850e-01 6.361953530777418209e+00
9.517823459040187783e-01 6.371908863098969533e+00
1.039759535600867535e+00 6.584791413462152576e+00
9.433623975748093304e-01 6.572087123255144547e+00
9.422589913131627082e-01 6.660368422439596259e+00
1.160617485350907474e+00 6.475871725414179103e+00
8.900988443598907285e-01 6.532925006816550528e+00
1.166266851960358952e+00 6.517094998095597447e+00
1.021112814391060386e+00 7.082291926815155847e+00
1.212102868140362055e+00 6.562395886720330473e+00
7.295322106496930914e-01 6.481369455212534270e+00
1.045475895900976671e+00 6.604067104379126363e+00
7.734158230809099477e-01 6.420106907311178723e+00
8.008369198287117463e-01 6.569819966984315585e+00
1.435280339017264151e+00 6.655082081311443964e+00
1.573841216072930260e+00 6.392291226021312056e+00
8.598749821468794075e-01 6.167268824599113408e+00
1.177584418817684497e+00 6.103803319988600151e+00
1.011645888570842367e+00 6.572464191483868845e+00
9.429492457619926826e-01 6.633445555496651380e+00
1.967574716351959463e+00 6.797332904886471461e+00
1.005096870445470358e+00 6.621132772858653759e+00
9.284404423403262996e-01 6.737462201207955914e+00
9.696970839850680424e-01 6.526987932989152696e+00
9.486409077169063453e-01 6.547496649743570707e+00
1.013666795251280117e+00 6.579228649771890147e+00
1.657751763304526449e+00 6.565069521464184099e+00
8.101131494360045426e-01 6.860355375211923068e+00
9.266044117610293673e-01 6.588581794366064948e+00
4.265050031548728304e-01 6.671576839575575235e+00
9.691385571881090399e-01 6.359055240792120145e+00
1.289735905484675982e+00 6.565127933552607153e+00
1.250536226304822529e+00 6.565309314808159158e+00
1.163413056611170671e+00 6.450152239681238520e+00
1.481252188922613566e+00 6.587690170250220412e+00
1.147367444189399288e+00 6.529670703315275659e+00
1.048704350868714608e+00 6.492451801558747349e+00
1.031693936532869671e+00 6.579321092313549002e+00
1.891639391149757099e+00 6.498186129308720638e+00
1.849254821085542400e+00 6.636022724414942786e+00
1.111354411815590248e+00 6.465360456066187034e+00
1.103847034249890724e+00 6.080705071731915545e+00
1.451653112414635238e+00 6.779098781776212945e+00
1.141816648567343329e+00 6.616146120346308557e+00
9.226426345830200937e-01 6.674988111681608771e+00
9.524496043381580623e-01 6.619690506435102151e+00
1.030888731430090743e+00 6.518649907508495822e+00
8.446912275422870930e-01 6.557653927200838950e+00
1.607967353223340723e+00 6.542034434844621771e+00
2.186808760733705004e+00 6.476719014968317367e+00
1.082357850597733817e+00 6.443374175648702185e+00
7.378827500769447045e-01 6.457937858173858459e+00
9.951717655945049312e-01 6.465581370849601939e+00
1.166303114790866458e+00 6.420390374656084198e+00
1.128579358100396668e+00 6.554300435834783833e+00
