# Hierarchical MCMC downsampled to get 500 samples
# alpha, beta, mu, s
1.370060161129109444e+00 1.027142874130802142e+01 5.289077468206738963e+00 2.050517802442567150e-01
1.280544815373940715e+00 3.357049617138718745e+00 5.067068248686656062e+00 1.061980369947711222e-01
9.929087076348264151e-01 9.059938675821271659e+00 5.651676345948636104e+00 4.876891596780401628e-01
9.741290259624619807e-01 5.805201187322333922e+00 5.336807963802111310e+00 1.018849758825513541e-01
9.981051482008377329e-01 9.404912217159258958e+00 5.091473406240797139e+00 1.987168315204186908e-01
1.275101781273095591e+00 6.744751773179231691e+00 5.108616967083419169e+00 3.323418006022554883e-01
1.259204395161651835e+00 4.236745207547818026e+00 5.551056271070794246e+00 1.127247750502223672e-01
1.048003753397888760e+00 9.901200542289313233e+00 5.209565638089114437e+00 2.354798863847178403e-01
1.048529084565125169e+00 4.630559205943449719e+00 5.123752682565924310e+00 1.524117839723984347e-01
7.715667536671279025e-01 4.964603954045441192e+00 5.350512423896573111e+00 1.458035066682080161e-01
8.814416711154191564e-01 1.256956545582505669e+01 4.995579984072195501e+00 4.130667285342248807e-01
1.068857094213589987e+00 7.175743218017693437e+00 5.251264901545952490e+00 1.702134197845012187e-01
1.164059498107380408e+00 5.995998979881946411e+00 5.241298751858271210e+00 1.942877066607590353e-01
8.596004671284714904e-01 6.290117748874030745e+00 5.347541236437428402e+00 1.014674730668329306e-01
1.132085362175218934e+00 4.066422712843899667e+00 4.961006211023943457e+00 8.619973904863864611e-02
9.447690034271571946e-01 8.081842287012094062e+00 5.567863040876924074e+00 3.688128103213088038e-01
9.687753905043827718e-01 5.753472087841307925e+00 5.054135973842210028e+00 1.936783736582241566e-01
1.292768695789770605e+00 7.042226521429449271e+00 5.287448867495388782e+00 9.168347489308750764e-02
8.905862482404376390e-01 8.761192135444336060e+00 5.157323489761082236e+00 4.932607906190132618e-02
1.037221789473449896e+00 5.621872517076112352e+00 5.498330169511049803e+00 1.075553333320304616e-01
8.611894622582170200e-01 9.644456603135822093e+00 5.199282574020937631e+00 2.394841002942348362e-01
1.190219492897333531e+00 6.715140992846606594e+00 5.024972101633569110e+00 2.600992106019060501e-01
1.137194983235558565e+00 8.347792048992562997e+00 5.253698092795751506e+00 1.168390907988593602e-01
7.933411794773803649e-01 7.176818740823251552e+00 5.105449307959935012e+00 3.217661653827098567e-01
1.269561035703362428e+00 4.366597537346528668e+00 5.467641179060039214e+00 2.954375058130093712e-01
8.968298976222746077e-01 1.149994666138003829e+01 5.117734829604681401e+00 1.055504948673414017e-01
1.775430438428703406e+00 4.922136497139804945e+00 5.422133556236294893e+00 1.578033210051362212e-01
8.935069373772819290e-01 1.193153572752131453e+01 5.352773070404404088e+00 7.990238289439960395e-02
1.282203482397576755e+00 3.394898012046908331e+00 4.995391692554363772e+00 2.318826068585072564e-01
9.779767254107613050e-01 7.583910176388647173e+00 5.369846711307639353e+00 9.235636555365063505e-02
1.105504184282890989e+00 9.342081155401071868e+00 5.008921451110922796e+00 1.166262807306156501e-01
1.126446657087906367e+00 1.068254790820190792e+01 5.332784855730522189e+00 2.591749981532053826e-01
8.412637297985974261e-01 5.525725865421442506e+00 5.248685055625234241e+00 1.542630914124584751e-01
1.082788959474064949e+00 1.182472308966211116e+01 5.250483455621453466e+00 8.011461013534237896e-02
1.270435154823126078e+00 3.657033986081575705e+00 5.265329027771382009e+00 2.084698515756417680e-01
8.875749109708910289e-01 9.942813290707443130e+00 5.194544653636263831e+00 1.374363946836262562e-01
1.248192547491250304e+00 5.767680208473865200e+00 5.349450398530619211e+00 1.975653244174925272e-01
1.065581557810624469e+00 1.182831504530544464e+01 5.280128641719179505e+00 1.451826822357809021e-01
9.939616303350083948e-01 4.650405941474213378e+00 5.297411824093977373e+00 2.482892682750514612e-01
1.597522857569947607e+00 5.869695663365003924e+00 5.166265404589824861e+00 1.596860818609691646e-01
9.731629123372499413e-01 8.593699594930969354e+00 5.202888010683798470e+00 8.106158786065166544e-02
1.051834567015260458e+00 5.597221911770737357e+00 5.337135019778153300e+00 1.535782406929311339e-01
9.352711887832052540e-01 5.233234723487472095e+00 5.291646769852523136e+00 1.209687014845676201e-01
1.191042020353571429e+00 4.421970151670881144e+00 5.720075891524918354e+00 2.785276076086718455e-01
1.305746215331418103e+00 8.238674639475926043e+00 5.183262268044028787e+00 1.614722003319527810e-01
1.007545018047233398e+00 8.397615827564930413e+00 5.493124323876464210e+00 2.529397923783244795e-01
1.024131806890878460e+00 3.667055046092346338e+00 5.266042564783226965e+00 1.982913995675452401e-01
1.031734040616167469e+00 4.792263138339244222e+00 5.177913780164299595e+00 1.228772522685432633e-01
1.086381186764458606e+00 3.302539833861027674e+00 5.238583062936934098e+00 8.320660730094160684e-02
9.839491576707707354e-01 1.276925211336069310e+01 5.307205567945263880e+00 8.722231065375549153e-02
1.441357140706604145e+00 4.072109615692300011e+00 5.271818862978300047e+00 1.196338867201173078e-01
8.187327308888815436e-01 8.943464337669837505e+00 5.041425870599280046e+00 2.493436168707714728e-01
1.088777339075815975e+00 9.222663413390845832e+00 5.426666671602606407e+00 1.259112407445757142e-01
1.149216605729628027e+00 5.316227547525409491e+00 5.492800095303448593e+00 1.419860161936582488e-01
8.267718278785944896e-01 6.116431760615567370e+00 4.948465906560762129e+00 2.374100066711111179e-01
1.231386184027249087e+00 6.275997946060829058e+00 5.166867841297079877e+00 2.164266526558570047e-01
9.562937657656173096e-01 5.249214374231980784e+00 5.434492388800777007e+00 2.640622763302513110e-01
1.382820148941668714e+00 4.143758261931760778e+00 5.238534631292742993e+00 1.332657026604411876e-01
9.663971195003078218e-01 6.935856855942087229e+00 4.999572278082334620e+00 2.575650042173824872e-01
1.145287627878879722e+00 7.778403463095862946e+00 5.211822390495908230e+00 1.623459868570834574e-01
9.646634923627138702e-01 6.606244578387476807e+00 5.314498640292099729e+00 2.764329701746932044e-01
1.105021463582124941e+00 5.822048730868194966e+00 5.285308447353042283e+00 2.919045465932479932e-01
9.306876092180951243e-01 4.950148323535011663e+00 5.094603503006958078e+00 2.156200103806624468e-01
1.187007977549917381e+00 9.545003450813496215e+00 5.195305277458450277e+00 2.295957738607594389e-01
1.184616535571598739e+00 1.002993750578592191e+01 5.017569045829929131e+00 2.306867753381131037e-01
9.897808111991326374e-01 7.270839424379191840e+00 5.370981107578883140e+00 1.398199480932726113e-01
1.186753790230411054e+00 6.138864584968417581e+00 5.184601347831773843e+00 2.153455630408066535e-01
1.176275976658565314e+00 6.122520132244185120e+00 5.140754884901068245e+00 1.211911664153518808e-01
1.130291677972547149e+00 4.905418772800632432e+00 5.558690196974917619e+00 2.260129538489231149e-01
8.756713762672602153e-01 6.454457034432619089e+00 5.311989958991441441e+00 1.852413495344189809e-01
9.725754916441736730e-01 4.559125556532918289e+00 5.261632079357534408e+00 1.017553828294181784e-01
1.094935616413520663e+00 7.658206791990522788e+00 5.264994453160952048e+00 1.862069905263022962e-01
7.528016497215948011e-01 4.491722973568927912e+00 5.255394241225880947e+00 1.037600323190960849e-01
1.378961901491718489e+00 5.199540839071588039e+00 5.061980511007868166e+00 4.626091869834640380e-01
1.014033193455841753e+00 1.210440028254944878e+01 5.054928792701742779e+00 2.027458498112397201e-01
1.422250484939044934e+00 3.267434960146034406e+00 5.257069724725572435e+00 1.375970760023293438e-01
9.248297711589983372e-01 4.804715401658947727e+00 5.428158253039122805e+00 1.844516461610290203e-01
9.944325991838043333e-01 6.390225022008358735e+00 5.195570003817024940e+00 2.226082642120253974e-01
9.896919335548491903e-01 4.645523236101620768e+00 5.401912917810955506e+00 2.730860602665486914e-01
8.634954013317484023e-01 8.036771307561973998e+00 5.062803428027494945e+00 2.516669010841341425e-01
1.336768870383173935e+00 9.746407624840131234e+00 5.324069616686133877e+00 1.830038673652824577e-01
1.665998701734660470e+00 7.420962733747414219e+00 4.937877536829965663e+00 9.369947096066726100e-02
8.096851862077854012e-01 4.226623052085878740e+00 5.043753200136908532e+00 1.161764436618729218e-01
1.046016791770587151e+00 1.292411851575709747e+01 5.237908201863152868e+00 9.410755704710088709e-02
1.041293683066798925e+00 4.895340585647572240e+00 5.183382926939446911e+00 1.119766445688955281e-01
1.199107830964152299e+00 5.462416962709204959e+00 5.424000092557810682e+00 1.460912674345786755e-01
7.371606238829750968e-01 5.800217155883285791e+00 5.543578908329950039e+00 3.239761425110364579e-01
1.103407517793077774e+00 3.724814489261769612e+00 5.413773775497950247e+00 6.083598475212097234e-02
8.245266758391414097e-01 5.827470612011103057e+00 5.359197929175386399e+00 1.364464751102635043e-01
9.775842666078830012e-01 5.941780431682110120e+00 5.121029340049134682e+00 2.405990673648358835e-01
9.074920539066294589e-01 9.722653096466334688e+00 5.205526295735971587e+00 1.006968190602920421e-01
1.022854049773024743e+00 6.237487156292520041e+00 5.108879581090880251e+00 1.235823782934750703e-01
8.862325997477958905e-01 8.772839335800497906e+00 5.265550206995943228e+00 1.447345969429532642e-01
1.309874514216319286e+00 6.032881801253142662e+00 5.033025174822190806e+00 1.150767534150690941e-01
1.015046099150373582e+00 9.010606990607065825e+00 5.162765648535477148e+00 1.257242917298426743e-01
1.099310322652773397e+00 1.058379381831815635e+01 4.869267140175825404e+00 5.083417227123837590e-01
1.444147604654931527e+00 4.886236096526582529e+00 5.129661539694840400e+00 3.335356344275374751e-01
1.230375112253325742e+00 2.871995442419756905e+00 5.293957836931995509e+00 1.910507589900241332e-01
1.313449367545481250e+00 3.854790586573263678e+00 5.237163859270387078e+00 8.504022911853008349e-02
1.067957346323362922e+00 5.685918882315750267e+00 5.515829816099201643e+00 2.106358842308481416e-01
1.318840140439852870e+00 5.584561704046721253e+00 5.148500551989004137e+00 1.276389283679145725e-01
8.033617491136825217e-01 3.616280332416419885e+00 5.061734195758735844e+00 3.193857418090897959e-01
1.189501356824039346e+00 6.560673480555326620e+00 5.299619778483480204e+00 8.111988335599358557e-02
9.694174632326812979e-01 3.846299958919095374e+00 5.453519447724844760e+00 6.121826824482437535e-02
9.291888993753046888e-01 1.093157568275695013e+01 5.340446163954977621e+00 7.907627511315992730e-02
8.649295002675547739e-01 5.429346068649023138e+00 5.206696413528484335e+00 4.270225794665192393e-02
8.615341024405253068e-01 8.179724208718260670e+00 5.382072559342073070e+00 1.474602508054197181e-01
1.057221411056690874e+00 5.853873003036208722e+00 5.239871599855772999e+00 1.855208500546585704e-01
9.544040187082121207e-01 6.347389283509706992e+00 5.170254212318811327e+00 1.104699144401200817e-01
1.100979910926139782e+00 8.162164409305463053e+00 5.242887973443526306e+00 1.649705881121265871e-01
1.152516908272723573e+00 8.045281717726535220e+00 5.569171935501296744e+00 1.580951368578488447e-01
9.608986735461645390e-01 4.696422229857113884e+00 5.210684330179014445e+00 2.405001842734480477e-01
8.308657821233301766e-01 4.982589726796550877e+00 5.347231007436852757e+00 1.498836100358527379e-01
1.028469456370734836e+00 6.628060144026494349e+00 5.227327323767548606e+00 5.224567255165631779e-02
1.096397057653203388e+00 5.271044632342778868e+00 4.775730751739790669e+00 1.874097912631229601e-01
7.965891360944323818e-01 7.285094037080851237e+00 5.600173010946893903e+00 1.673009947121238128e-01
1.051947161535366160e+00 1.101493882105595468e+01 5.274899020107529424e+00 9.373436986370098367e-02
1.050219041975983814e+00 6.716501881475515745e+00 5.066827905373540553e+00 1.539300570859145068e-01
1.394569128589662865e+00 7.205788158403825250e+00 5.068787506060490777e+00 9.719505611476381146e-02
1.022922665062351077e+00 2.865536631431395698e+00 5.058355014222445156e+00 2.365506330714780281e-01
7.768236015375080683e-01 5.280074892769285100e+00 5.383442891193960911e+00 1.219468471536334780e-01
1.112512027708519868e+00 5.986422928142317801e+00 5.372082496299824150e+00 2.047033561189520179e-01
8.891745316865808935e-01 9.356796356909631740e+00 5.257723205094785968e+00 1.085524265058168680e-01
9.832183594247249081e-01 6.631992928061074544e+00 5.281315049049344346e+00 3.844569058702183018e-01
9.561756188930473632e-01 1.123478640482168167e+01 5.002780994751591770e+00 2.640967824758184701e-01
1.380098581589362938e+00 2.699777005788876583e+00 5.235816787906338199e+00 2.780487859617026825e-01
1.050593422798641097e+00 1.658627416293460755e+01 5.093751836558361390e+00 1.443069514598139258e-01
1.216698647962108248e+00 5.035452451195983947e+00 5.216579004546567866e+00 6.474074502715647383e-02
1.307792980166829544e+00 6.652780930463064735e+00 5.220191289786249023e+00 7.525865072299248171e-02
9.993601628832814443e-01 4.525024523727607217e+00 5.149260518403564468e+00 1.222157330126781016e-01
9.038672874274642499e-01 9.108423075711900907e+00 5.174228590597684807e+00 1.554767630281440605e-01
9.679563662471609709e-01 7.057537921814887483e+00 5.547322906537660359e+00 2.371496037474264129e-01
1.130836967102632151e+00 7.270510453753256996e+00 5.068875689106730142e+00 2.494011444628744800e-01
1.026698423546793304e+00 6.646384820788020953e+00 4.990661133821808981e+00 1.910698355741820564e-01
9.065969671537709162e-01 3.853404829548977784e+00 5.468307417925964309e+00 2.733305960134117529e-01
9.443355885857240839e-01 7.912322731473039994e+00 5.198568084230296371e+00 1.677207123817429646e-01
1.245457003753671854e+00 9.995003287656638591e+00 5.247138155645921564e+00 2.252464392611865929e-01
1.164784325755406025e+00 6.996501261807165584e+00 5.334541575155520299e+00 4.937099895582443276e-02
1.532729660385929948e+00 8.417832121745318474e+00 5.017975650398353693e+00 1.054148530410624618e-01
8.270720207258943635e-01 6.389645445838440629e+00 5.421709512695018773e+00 8.923589714018240193e-02
1.607310599344822899e+00 5.064405229353027060e+00 4.675245210144512775e+00 1.851016272656555717e-01
7.901627467404783722e-01 7.880506758796864908e+00 5.225870207494056174e+00 1.765860008244787838e-01
1.196235376285476271e+00 6.743022659095712967e+00 5.313273576035994594e+00 1.744015996764191057e-01
1.068595501592655150e+00 5.060355426689518765e+00 4.958934508547637066e+00 1.537138128489767275e-01
1.126700680879295646e+00 6.059332922877793237e+00 5.246873871407677470e+00 8.210877720173456740e-02
1.008976924701801003e+00 2.963930192195575408e+00 5.645237295917219456e+00 2.347477884616498700e-01
1.190889811272986210e+00 8.063466493211310038e+00 5.431691104749849508e+00 1.674228219943230955e-01
1.082982315526756389e+00 6.020106483001967490e+00 4.830940867500432390e+00 3.819629800746682236e-01
1.168102804593737831e+00 5.650093597270045009e+00 5.152966277677085927e+00 1.210527471983158798e-01
1.016318050710790066e+00 1.210228418444903831e+01 5.330251180577833203e+00 1.071348997253422364e-01
1.076838235949943545e+00 1.012010873589372650e+01 5.158941246167954908e+00 1.101203543718149575e-01
9.533855013926761934e-01 7.078980016052193847e+00 5.099383882492790399e+00 1.474249705542713396e-01
8.143202697171656457e-01 1.402354807189195363e+01 5.113294519482609601e+00 1.950972282428106164e-01
7.513268958415727505e-01 7.729837575828904406e+00 5.338230549487612997e+00 1.534826843424389464e-01
8.071244035503045700e-01 4.989957501425842601e+00 5.440225861317300904e+00 9.682457702910643449e-02
7.945338329334017402e-01 3.555206492555985420e+00 5.181516477069332716e+00 1.439889250543246180e-01
1.104054811062016306e+00 5.883784229853264769e+00 5.225757984125504407e+00 1.031193241703269592e-01
8.000150067847704438e-01 5.816538265846093125e+00 5.354319705318886236e+00 2.512018743670488830e-01
1.207819513745753692e+00 9.632402455169792432e+00 5.441734865132745291e+00 1.583886094757216423e-01
1.008900550084790293e+00 7.518940140375655723e+00 5.113676962724819752e+00 9.322014696796367128e-02
1.461735507317843963e+00 5.015800557378032209e+00 5.319959610106774761e+00 1.264594525903284805e-01
8.510552472185274331e-01 3.988218907441394290e+00 5.221790155674645995e+00 2.512815404654373252e-01
1.182790734563198498e+00 1.156441589846055962e+01 4.900756314353652776e+00 2.079625016550757099e-01
1.276640692390197396e+00 5.748744654449195579e+00 5.396907963611099923e+00 2.119397937630111139e-01
1.118587285899875994e+00 5.043826673281762929e+00 5.305692182689575098e+00 9.941436382498797242e-02
1.067981044881324948e+00 5.782409633038662733e+00 5.157802607156912522e+00 3.488652131414649582e-01
1.255416255871175446e+00 4.015041740135128379e+00 5.308121875194257377e+00 1.074330988793286701e-01
1.058784467881397129e+00 8.875115892803995266e+00 5.125212804339711603e+00 7.523491489108849462e-02
7.474316819514923438e-01 7.619233284957248387e+00 4.958134012679336067e+00 2.102714029764253256e-01
1.016748944782472686e+00 5.591606254171336055e+00 5.434654064930036554e+00 2.275222654292732016e-01
1.179148591249814082e+00 1.311381416819445000e+01 5.329283643792550151e+00 1.390196359016355188e-01
9.810993646933562351e-01 8.496154116976359916e+00 5.220244787280914345e+00 1.021626248828272077e-01
9.540290489085633263e-01 6.668682780781265862e+00 5.057999732424403483e+00 1.723411221099596380e-01
9.515447878887138833e-01 7.320931345412377667e+00 5.422249372657549138e+00 1.834469993307256130e-01
9.464028328767554177e-01 4.383441674996256587e+00 5.339808131766631938e+00 1.954315028513347319e-01
1.236690902112586699e+00 7.335797535211829867e+00 5.317952053839876569e+00 1.577620938091557623e-01
9.814669574381684747e-01 5.139721719741971562e+00 5.233830147843274716e+00 1.485978812813021910e-01
1.511125721774004171e+00 2.417879163674325316e+00 5.280337886378817736e+00 2.090341002056063935e-01
1.142000092955674839e+00 8.031988279953733212e+00 5.184424233955144068e+00 1.353439482148633688e-01
1.195283640209688469e+00 6.137864477080007930e+00 5.381663952413415331e+00 2.185159192196496347e-01
1.126623324006298832e+00 5.742033957009009981e+00 5.033635680040684512e+00 7.218096914561387967e-02
1.193716973576533169e+00 8.195809163336800651e+00 5.393166641813072815e+00 1.210224373979385398e-01
1.431142211422062216e+00 4.878158809551038644e+00 5.298700058396979884e+00 1.771569143615183139e-01
9.884607251572403719e-01 5.592460361534188351e+00 4.839626812975026837e+00 3.446830782227249812e-01
1.567612291311784478e+00 6.704069413936637467e+00 5.279468091676679187e+00 7.644116838728427787e-02
1.251807471137638794e+00 5.886855551655060026e+00 5.363809725728119204e+00 1.220551222040938411e-01
1.077357262584003550e+00 5.690787861221748400e+00 5.371500690792566424e+00 1.727230464527579334e-01
1.150138203257380809e+00 4.375510059770094884e+00 5.269941242243924684e+00 1.133423096918833445e-01
9.156540744017143130e-01 5.320369204127533003e+00 5.155738362071336844e+00 1.415369746248516247e-01
8.759603406024787375e-01 3.600149006496394577e+00 5.073171357105211499e+00 1.743820908054566354e-01
1.184263355295577247e+00 9.468929836328769056e+00 5.205572529839432860e+00 9.244846198264014547e-02
8.920491454921051222e-01 6.504662457565843603e+00 5.344989743560233819e+00 8.885619502468891651e-02
9.629147542240410473e-01 5.528999442412273702e+00 5.337026272974073393e+00 1.473377668521433093e-01
1.292560489823206371e+00 4.492762875523123256e+00 5.259046287001776676e+00 1.519485333517291148e-01
1.075806998035111040e+00 6.771216867986617594e+00 5.479796120666183157e+00 2.550725723527604294e-01
1.003026996190603093e+00 7.006575133782500409e+00 5.251390309326467332e+00 1.324079024218200729e-01
8.061440927290917102e-01 7.704473462271288042e+00 5.337959115872177307e+00 1.929795438526413220e-01
7.740434057173067872e-01 5.837051794214819012e+00 5.377302323114200533e+00 2.289426254544817962e-01
1.107826328069065447e+00 5.222026257894295753e+00 5.139083532472517923e+00 2.288206459061243037e-01
8.303894082063856263e-01 7.622412811019280809e+00 5.335408853738385027e+00 1.149500778672689488e-01
1.380007072459915385e+00 2.887237985882373792e+00 5.307241753095971681e+00 2.033287693622059522e-01
1.095324882433282854e+00 5.487526474009728261e+00 5.277903390479822932e+00 1.962973205430760537e-01
8.456717072993314988e-01 1.425300632695826586e+01 5.233826949273572282e+00 1.632842278056228780e-01
1.597435961643168589e+00 3.603785067736606784e+00 5.502750902125864485e+00 2.769234215308734592e-01
9.866082626420329404e-01 1.162185065143548179e+01 5.371052627287189907e+00 1.672259516430680271e-01
1.078625536421390141e+00 4.690404546478195158e+00 5.218357796324557540e+00 9.973731084782021250e-02
1.086424635428193897e+00 6.305666154373653853e+00 5.381100361648580410e+00 1.165935955641338867e-01
9.909342105228733377e-01 9.211340584940220566e+00 4.898782749721510399e+00 1.618916883346329105e-01
1.315454249431972311e+00 5.145994810079750792e+00 5.330241064941101392e+00 1.415462977953048096e-01
8.756377453522109500e-01 3.382572919260467437e+00 5.388443832961604230e+00 1.365324725451986243e-01
9.518045449592414942e-01 7.711902597810019522e+00 5.476553640933298439e+00 1.352899135582139034e-01
9.392404661083278983e-01 1.082853750076049160e+01 4.983105823394656575e+00 1.877180456009080456e-01
9.744779564162797669e-01 5.314367104537113917e+00 5.122590842497558583e+00 8.330392751122259187e-02
1.376073075489759434e+00 3.410191283397767670e+00 5.387853172630366672e+00 2.544118943674357758e-01
8.966356953650120865e-01 5.633788750896860265e+00 5.007041880308234383e+00 2.857021786349376868e-01
1.170128134215163707e+00 9.561159840569809276e+00 5.257307423143730674e+00 2.007991513827041274e-01
8.570621545013916709e-01 6.717112943424286442e+00 5.311018494401785972e+00 2.162762963744974953e-01
1.041092872633061495e+00 7.435624951637830549e+00 5.324533706539646971e+00 2.967699538834375761e-01
1.092119621744275682e+00 5.641124229985735816e+00 4.963135395669906025e+00 2.573133748851331171e-01
1.120715363114621610e+00 6.691005539229072596e+00 5.196975587526262430e+00 1.881435614015325442e-01
9.772975746480547787e-01 4.205488228720271948e+00 5.293171309465840579e+00 1.893444103751908414e-01
9.977675687219693668e-01 8.852116549146801461e+00 5.233508418283233432e+00 1.397892716228737175e-01
8.828406499253385054e-01 4.353011051861303216e+00 5.279984054771328594e+00 1.393308959528238300e-01
1.106439222585230198e+00 9.099247071979462476e+00 5.412768674212566467e+00 1.458129782724111312e-01
9.783871763994295145e-01 8.960131212307675952e+00 5.098323658188694374e+00 1.223112026281594766e-01
9.565903175049553786e-01 4.439240833264456398e+00 5.287763505608053194e+00 3.290925288798475234e-01
9.873756433833906776e-01 7.824869025136051093e+00 5.383731096247961645e+00 1.457897815726469926e-01
1.032685150194731838e+00 8.677123963182596711e+00 5.341285754344892389e+00 9.997086497556896545e-02
1.003517378563885787e+00 6.555693145815302714e+00 5.251093154349343095e+00 2.181613723403280081e-01
8.681539420173629562e-01 1.394597170549773146e+01 5.218439284175357962e+00 3.990436757378965638e-01
8.613297011494521760e-01 8.321760129469108591e+00 5.391868523705392491e+00 1.455953112138773653e-01
1.155164165178120372e+00 9.236782150190043339e+00 5.083497898637726387e+00 2.097759018134806863e-01
9.099613390849861094e-01 1.034214613697857921e+01 5.302135973271193237e+00 1.199097816904975689e-01
9.742434192214549649e-01 6.848107560979522113e+00 5.227649783457647636e+00 4.451287744780440397e-02
9.448136098147431605e-01 4.547444246390683453e+00 5.228599293820770377e+00 1.402707068193435602e-01
9.859106896861840053e-01 7.683823028215511108e+00 5.114839822079368936e+00 1.035652552427946127e-01
8.493130566469855314e-01 4.458679277922198203e+00 5.139567943560929386e+00 9.181055416229541577e-02
1.300603255839908545e+00 3.577098664771943604e+00 5.385176461621075994e+00 3.113023792020042091e-01
1.321142932182045149e+00 5.603520138690146979e+00 5.291896733021535404e+00 1.317712329538676119e-01
8.446695660442851139e-01 7.840010725009785020e+00 5.425382966996084022e+00 1.104408556040630263e-01
7.475585595829344898e-01 3.705818524113860590e+00 5.174612939650431898e+00 2.447295585330492851e-01
1.046309684545154273e+00 9.239546622610790294e+00 5.163663800103009294e+00 2.621959650271560305e-01
9.140448312755522497e-01 2.903381254090587227e+00 4.930028034001376014e+00 2.517917879059486386e-01
1.180160538855916874e+00 1.195594262209796099e+01 5.198076416963661295e+00 2.598667185992146744e-01
1.149783073559037749e+00 2.256242635714997835e+00 5.023948326089082705e+00 4.111360928726620623e-01
8.212337802420101029e-01 7.023325259606701287e+00 5.472869780172877618e+00 3.171876310684835221e-01
1.378350749571910283e+00 2.559562758144835914e+00 5.187743346932900401e+00 1.365675288804205634e-01
1.063954965691207510e+00 7.941490009356733992e+00 5.283445962086721792e+00 1.924589612203717881e-01
1.052558657957359367e+00 1.010937596215295287e+01 5.218553649839868136e+00 1.057392129967654748e-01
1.129458378738560809e+00 7.479181310966074747e+00 5.135050883884737516e+00 1.531009138702094929e-01
1.101854269970214739e+00 3.663482679903549588e+00 5.099072244350123739e+00 1.999785869899184387e-01
1.165414070134657809e+00 6.514905804387783661e+00 5.066512344248491395e+00 1.512965795511348188e-01
8.628008482988236416e-01 9.164093473508907906e+00 5.414754743050703034e+00 1.540172142238020736e-01
1.421121498695584906e+00 3.052576959871602824e+00 5.155101756510403810e+00 1.071309261408556618e-01
1.035147313989599915e+00 8.588129326577842448e+00 5.224800732768888345e+00 7.086887249807018174e-02
9.807193858321342494e-01 4.725455549944856948e+00 4.980644699425864630e+00 2.494226926646370690e-01
9.084958670651565038e-01 9.945124212260909147e+00 5.308276774587771030e+00 1.982250117200967665e-01
1.278149981193000606e+00 9.820560143136521702e+00 4.936718219307647537e+00 1.416575505540269009e-01
1.103844373753670727e+00 8.873800650317644312e+00 5.228254814142339058e+00 1.867581937913542767e-01
1.165705612526307666e+00 5.651130975728628769e+00 5.120756741624017394e+00 1.740666286891374148e-01
1.078263422969395258e+00 9.464495440703709406e+00 5.176071007054437345e+00 1.931463871041946834e-01
1.038769022133027908e+00 6.464079710810237245e+00 5.162230596097572288e+00 9.248091806406481818e-02
1.048711045848378376e+00 1.033965148220326746e+01 5.292150247107964667e+00 2.025701069306275193e-01
1.027011957346864346e+00 8.907561784504917313e+00 5.191335204748682486e+00 1.167159096595174056e-01
9.786727870382820882e-01 6.779107113194172030e+00 5.258411057756211093e+00 3.287260447642350591e-01
1.276213515739208493e+00 8.108661074067981644e+00 5.045905792552574987e+00 3.002203130930475306e-01
1.400004511474592928e+00 3.778636679280064303e+00 5.356923748760285875e+00 2.131697718241837014e-01
1.049473490230019790e+00 1.654000230429180363e+01 5.313851885804732333e+00 2.289862666416066506e-01
9.695890554979926801e-01 9.526955120955465262e+00 5.188176763782728962e+00 1.431990487048578342e-01
1.009163536871611866e+00 5.530396533089991351e+00 5.184961687522870122e+00 1.871797381099626900e-01
9.824991743410792511e-01 6.739870567622809894e+00 5.101232432417148743e+00 4.637691597994792470e-01
9.426130843092397349e-01 8.076984713642238134e+00 5.593333467872390052e+00 3.288055221601242084e-01
9.893829482207930903e-01 8.431490607380172975e+00 5.134594232587986973e+00 4.553838338057845658e-01
6.310361087969651450e-01 3.414771170895193109e+00 5.131064975586082433e+00 2.128923961128630638e-01
1.057008898506597960e+00 4.384501200933981657e+00 5.558958708555636896e+00 1.319138620926829097e-01
1.272173820456463655e+00 6.701013327286270638e+00 5.189683975092881596e+00 1.704319108665484084e-01
1.227782614249707693e+00 5.927123556410112570e+00 5.270802752278636483e+00 1.636902843775738248e-01
1.094517419174228623e+00 6.974314088791739863e+00 5.150829627101161989e+00 2.341870534439421600e-02
1.274478956389926809e+00 5.288668561345705399e+00 5.263135288670422796e+00 2.383495518997285068e-01
1.132849138959238111e+00 6.203286348753496604e+00 5.218644208689654285e+00 1.038242104312431802e-01
1.046762440934914107e+00 3.278164908788882670e+00 5.130074540265052718e+00 1.942867321551145499e-01
1.575949945470392466e+00 3.438155769810730789e+00 5.207728900344342549e+00 1.570580110949352237e-01
1.034117642032292839e+00 8.833069743763314108e+00 5.078428472782275271e+00 1.729197491518353336e-01
9.272606199120088100e-01 6.625796023561603576e+00 5.381968985287208795e+00 1.127122798925784403e-01
8.391411213659706325e-01 4.284650065100314542e+00 5.068468055436867736e+00 1.017032148971057648e-01
8.896664896626742536e-01 4.005931182310246363e+00 5.235951595734410269e+00 6.754733910068463909e-02
1.684199735592523117e+00 4.492716484317864634e+00 5.136905119669559205e+00 1.468734843195904638e-01
9.334411127026441823e-01 9.372625553376831675e+00 5.360445480691384823e+00 1.013853870200674134e-01
1.304568738179267440e+00 4.165181119782003449e+00 5.149909854027611367e+00 9.881135708796545680e-02
9.614470557570727882e-01 1.262809823313636670e+01 5.353779973494170008e+00 1.680349687571098261e-01
9.337697299755534086e-01 9.612009937537839832e+00 5.276643613007478528e+00 1.309998429793609864e-01
9.468754096180365121e-01 1.082806062613772902e+01 5.264588007190339702e+00 2.387192319990891209e-01
1.215865493595153612e+00 5.939123064472594749e+00 5.121328402695390025e+00 7.853199973256647093e-02
9.257402192745669556e-01 4.524275611620561577e+00 5.378447340524557418e+00 2.349717978396897999e-01
1.504796908192978844e+00 6.030767041266129169e+00 5.160028903493085295e+00 1.227899816272309680e-01
7.805458980341695163e-01 6.040789830167477170e+00 4.794706226920052217e+00 4.508949844539507645e-01
9.827843325859058066e-01 6.734727376970986334e+00 5.428366305640632383e+00 1.984031626783930857e-01
1.033101595883371138e+00 6.434937849249405595e+00 5.113864617620459185e+00 3.167157097666587484e-01
1.080862742852367830e+00 1.352106108400936080e+01 5.193454110617402364e+00 1.181042773623009051e-01
1.194056837067341448e+00 5.979784686043235986e+00 5.239366127677755891e+00 1.331631985130708185e-01
8.474853527311668744e-01 9.667379081620127934e+00 4.907871869558561251e+00 1.301522013411424705e-01
8.839961556941622334e-01 5.978902471988522649e+00 5.252680087602549897e+00 8.579221402159921406e-02
1.180785435198650424e+00 4.976305629367208994e+00 5.128598376868128028e+00 2.057423380943659563e-01
1.013671059064323643e+00 7.886681085033853122e+00 5.319838841358064840e+00 2.216495711432849014e-01
1.225919444042430584e+00 5.704344624654159368e+00 5.286644275978493290e+00 2.002126005775096140e-01
9.601513135117571984e-01 1.097262671183194094e+01 5.051299135515037619e+00 1.390673059584147109e-01
1.405145226358205823e+00 3.971435949529271703e+00 5.124332036981228633e+00 7.317149556646626585e-02
1.097702493736522289e+00 6.681224344382905578e+00 5.113394564155998800e+00 1.459118705579829089e-01
1.144348170197564851e+00 2.843764530099452514e+00 4.681013995161640295e+00 4.409109726417747011e-01
8.661045680825388837e-01 8.149376974618059322e+00 5.156356311543354387e+00 1.468561803571149516e-01
9.390643809592432723e-01 1.126540026492961033e+01 5.284617165454575272e+00 9.564946125629587848e-02
1.254907197047164580e+00 8.984628148778739387e+00 5.422513112483984266e+00 1.682530813999667807e-01
8.445780944901298826e-01 8.784341154180573596e+00 5.290728028428842045e+00 2.590165680815029181e-01
1.140467344239041392e+00 3.494072706333660072e+00 5.427665296591317023e+00 1.657492260800688400e-01
8.941537846370106735e-01 6.636539099356901339e+00 5.164488632276325042e+00 1.327721491541102028e-01
6.922099487269157692e-01 4.521494555735074528e+00 4.932044241671129647e+00 2.247159892556924443e-01
1.408133296945301094e+00 4.091189154085578927e+00 5.051783488914842302e+00 2.723574915924951156e-01
9.974391300552918338e-01 1.112179631178593020e+01 5.283295384666152117e+00 7.523533473777085923e-02
1.506670436819435466e+00 3.673402648655673897e+00 5.127394311118186110e+00 1.031527026473098296e-01
1.253214925459254170e+00 4.362852006108498770e+00 4.986143372836207455e+00 2.468256347160093511e-01
1.409218728710264212e+00 5.347779467172003365e+00 5.101773457901272124e+00 1.593101312110283552e-01
1.286888198950864037e+00 6.762805896153910368e+00 5.238339962515811798e+00 2.060217850983748489e-01
1.476450246193328653e+00 3.913010031932766530e+00 5.125906924426387512e+00 1.124596192318785826e-01
1.233591428977568905e+00 4.895513463145070077e+00 5.314632774546226734e+00 3.905289194872314101e-02
1.345706454562726861e+00 5.669976959515736326e+00 5.117042949658483941e+00 1.786416344699334746e-01
9.892995991664778055e-01 6.831516280335697466e+00 5.275816726690079506e+00 1.122614927388711492e-01
1.045307157737037862e+00 6.929331775435177754e+00 5.118688951633167505e+00 2.417282217403161626e-01
9.631453509023476522e-01 3.890236725970193987e+00 5.262502985748347406e+00 6.387215063990271668e-02
1.315848533673186660e+00 4.537901182010658729e+00 5.286355677570993450e+00 1.009231740886446516e-01
1.366285410940459188e+00 2.686666289773163463e+00 5.154256197598447997e+00 1.752728613290331083e-01
1.521074576583224758e+00 6.116548228377944874e+00 5.204335965108068507e+00 1.258460486063496253e-01
8.775082676014438476e-01 6.758802369407818311e+00 5.211472686567975465e+00 8.022712880492638421e-02
1.117989742263228781e+00 4.318639405340762849e+00 5.470375058778562227e+00 2.047889185737012674e-01
8.866676668157054131e-01 5.571391531625693005e+00 5.395865158734959977e+00 7.937790209916475992e-02
9.247885144026769533e-01 6.045712738627380567e+00 5.363195131516589775e+00 8.460132153185957737e-02
1.001492936017808422e+00 7.858038413541810208e+00 5.288455662048296091e+00 9.404180099583366037e-02
1.071721115485920306e+00 4.758243595211983923e+00 5.062161276094601092e+00 1.067357812074185563e-01
1.136798408750547829e+00 1.100512901587265802e+01 5.686673251767815351e+00 3.940275220885707808e-01
1.230177586743780749e+00 8.856215311423127901e+00 5.043464836093185077e+00 1.454399478798015233e-01
1.028310638213327133e+00 8.913857006954687634e+00 5.414544220327702995e+00 1.016659447659812865e-01
1.023689676297239171e+00 8.319605424367859214e+00 5.331593843270054478e+00 2.710473244098168810e-01
8.649032844121408159e-01 8.490832291480696625e+00 5.028625291641703576e+00 4.208406504125551395e-01
9.628474653826141205e-01 5.181059228354132351e+00 5.255258323414674138e+00 2.994915139416428063e-01
1.115957145104866655e+00 5.590870765040695467e+00 5.067948092925540493e+00 3.525322706960813401e-01
8.308610064838317655e-01 5.871311984190686672e+00 5.116210932754770013e+00 1.730706341649322633e-01
1.053061808018014744e+00 7.757350316842390292e+00 5.240852540896911549e+00 1.019382043939119215e-01
1.210351435709430934e+00 7.344605259261161478e+00 5.125734010190670098e+00 1.200273750736364498e-01
1.162453724542733768e+00 7.411941359831413223e+00 5.020819650509388943e+00 8.852737737350624414e-02
8.776515408966163445e-01 5.791578441476435302e+00 5.052804386177862206e+00 8.590724230360954894e-02
1.171688183966870245e+00 1.138761707948283153e+01 5.160209442660829815e+00 1.116843498913328292e-01
1.479030897598456074e+00 3.932836821196825206e+00 4.709513275684794387e+00 2.537901932478585088e-01
1.154550737947055872e+00 2.745938704708594802e+00 4.834637184997658821e+00 2.215773673961261847e-01
8.311613555629502326e-01 6.759236510665864728e+00 5.326764856476390975e+00 1.452586718258355725e-01
1.101991018227759023e+00 8.528665559559634346e+00 5.142575173121211485e+00 3.198108758325451384e-01
1.099447236726648569e+00 8.872263617181847195e+00 5.106236127588530849e+00 2.532629031296740885e-01
1.376163749383757740e+00 5.353709836058679450e+00 5.130634073719432031e+00 1.231333573855711849e-01
1.075660345122150696e+00 6.743480847921304644e+00 5.190711400369049322e+00 1.817028476914205881e-01
1.438187481429225256e+00 6.324550626384872309e+00 5.129409031181973333e+00 1.287336853830982897e-01
1.319671768865991801e+00 5.434254191550741631e+00 5.417046022643194902e+00 4.466946130049262442e-01
1.210199946076462307e+00 9.887220203163845866e+00 5.386558465598258572e+00 2.827814762039313479e-01
9.065969671537709162e-01 3.853404829548977784e+00 5.468307417925964309e+00 2.733305960134117529e-01
1.096352661273331863e+00 1.127007340799398172e+01 5.017695609169952498e+00 9.255240637809866722e-02
1.371793292904593065e+00 6.426315831670859069e+00 5.315940911210252473e+00 2.174268940372120484e-01
1.112369739461038343e+00 7.369840874906474326e+00 5.357205779115613353e+00 3.477227642515881567e-01
1.052602325392378857e+00 5.729992559644017547e+00 5.339765160912400610e+00 1.797325485097035491e-01
9.434525488988023678e-01 6.029535504663915191e+00 5.268008636839486947e+00 2.000161842533947354e-01
1.242132079712496617e+00 8.830785644086118324e+00 5.263845163046824815e+00 1.877302871517926020e-01
8.991530423774128922e-01 6.528690971839603563e+00 5.018880466430196030e+00 1.777462106739624292e-01
1.129028766467844669e+00 6.705159946983680896e+00 5.177575336781868209e+00 1.364849569672283158e-01
1.250825988481049311e+00 2.517142579960250259e+00 5.259398791154336728e+00 2.802763263338854949e-01
7.298375552537318400e-01 5.406309054852659557e+00 5.325799191204483307e+00 9.355942816461940148e-02
1.199811837620006649e+00 4.963460713393173407e+00 5.250382091951576236e+00 7.345967104327480457e-02
9.583492919741235516e-01 1.238308219846693170e+01 5.308116228385157065e+00 2.011075972685854307e-01
1.078485562646616325e+00 4.301786654945954247e+00 5.386751763842278606e+00 1.635166525910415336e-01
1.218863443981430095e+00 3.671163791812131372e+00 5.221974437624782972e+00 2.119434193071516592e-01
9.831810907681560741e-01 8.863624540910198135e+00 4.899695971311672338e+00 3.296867462103341140e-01
9.585792533263762794e-01 4.049653159285467652e+00 5.068035897322475947e+00 1.638641851660735393e-01
9.926931655846101821e-01 5.752647782404040733e+00 5.468870891448436744e+00 1.589417465862097700e-01
7.536316985546762659e-01 6.442809631437823370e+00 4.723820751774670867e+00 3.679280919345642720e-01
8.927797613049491821e-01 8.239318307983266365e+00 5.330876234638712852e+00 1.351101466096346349e-01
1.036253841084458838e+00 6.102893783069336386e+00 5.024953919628066146e+00 1.740286256578545410e-01
1.370060161129109444e+00 1.027142874130802142e+01 5.289077468206738963e+00 2.050517802442567150e-01
9.243946797255517822e-01 7.549304603913187250e+00 5.525266506307183079e+00 2.783631759861916466e-01
9.423615605700887965e-01 7.506667534472059700e+00 5.152674623623414440e+00 9.895504758369237652e-02
1.080368959824181685e+00 7.962523176811822090e+00 5.164877121047473985e+00 1.087882961513616242e-01
8.333198006094651999e-01 6.688911533733660875e+00 5.317408615702932551e+00 1.401487391129506432e-01
1.177556193764242920e+00 9.801215444677103150e+00 5.363170688928772023e+00 1.940190231363118079e-01
1.100535155669288168e+00 6.761956389070405748e+00 5.328699884520129437e+00 8.512458476725157097e-02
1.083663187720231846e+00 1.159443529666365080e+01 5.139838124099401995e+00 1.905064820413769899e-01
9.034726298803786859e-01 5.418482610313949621e+00 5.116882695665520231e+00 7.031999126186079530e-02
1.070468252264247910e+00 9.842735179436793658e+00 5.180616761296155559e+00 2.118667535590578188e-01
1.274722452197490696e+00 6.017458629545351378e+00 5.442540381322158005e+00 1.592364687281178914e-01
8.546208944123079299e-01 1.429052966484626808e+01 5.186938781238049856e+00 1.688484052829952176e-01
8.782830156073732075e-01 8.409244842094242500e+00 5.421366589264091651e+00 2.036740691826526006e-01
1.123271649295902730e+00 6.002717762005265634e+00 5.139726252451225719e+00 2.412945967894191135e-01
1.101343748028965397e+00 5.514935764510305205e+00 5.548042884018384413e+00 2.084830617871331060e-01
1.263901846052960298e+00 6.339959642382320126e+00 5.076049365464107233e+00 1.444004554442672172e-01
1.284244229307470953e+00 3.763877140464670923e+00 5.109579974173439787e+00 1.524504696410896587e-01
1.234981772558011448e+00 5.970078370986362515e+00 5.044939159358854397e+00 2.442112379663436417e-01
1.430386568696716543e+00 3.637964198502797952e+00 5.354209654738983026e+00 4.553409103126797308e-02
1.133815095380057203e+00 6.574208720205033885e+00 5.194658602620170207e+00 1.459502616920599904e-01
1.064404212475697831e+00 3.582618363386492533e+00 4.968450884259690170e+00 1.928614305855584354e-01
1.214995551179967048e+00 8.651159554224770787e+00 5.332198054899904172e+00 9.803797911772446638e-02
1.211322401618757372e+00 5.381850617594219344e+00 5.598015882656062203e+00 1.971957604568965183e-01
1.210859816705716518e+00 5.106116376543088364e+00 5.869080376464274273e+00 2.153545674546591959e-01
1.135326236373983777e+00 8.452252018757178575e+00 5.025732977667172641e+00 3.005895726722675465e-01
1.044153717451904217e+00 6.910864900661116472e+00 5.441377695820522220e+00 2.472566721401076306e-01
1.019726988863776107e+00 1.052926692717435664e+01 5.141491712656573121e+00 7.254429036072262971e-02
1.259187082539725333e+00 5.338710462431014214e+00 5.198253401037550070e+00 2.118139529467358284e-01
8.503420602935007899e-01 7.925074108363647341e+00 5.215586423236584501e+00 1.436886020189570845e-01
9.957671782001310534e-01 1.331849541195005315e+01 5.002477155152242005e+00 1.887685328873701385e-01
1.278524199473411338e+00 9.181945180384245120e+00 5.333537456599423798e+00 2.020816655575378984e-01
1.015082873406109254e+00 6.504117745905064751e+00 5.240402214230569733e+00 1.873250212255297975e-01
1.016114438218136407e+00 7.819447668963455556e+00 5.220200661867256287e+00 9.652354940004918837e-02
1.296277598036482903e+00 5.194526119715763279e+00 5.500103314842026414e+00 2.174932742169449484e-01
9.570222623231413595e-01 5.430390163284641858e+00 5.204206135832927238e+00 1.778173405938025531e-01
7.327292566500801518e-01 4.937132781046868146e+00 5.227095602265523056e+00 1.261376946153488499e-01
1.057726304056291200e+00 3.521325450003691238e+00 5.219435286841939359e+00 2.933989953828013975e-01
8.742492231173045747e-01 5.977337284626137226e+00 5.335295591693410167e+00 1.380966659280967734e-01
1.129616724080456214e+00 7.917174800066153040e+00 5.265937180550253061e+00 1.958116730233251668e-01
1.027004505552673530e+00 6.579387991775975664e+00 5.132808769963613571e+00 1.404402832454349492e-01
9.288714366108345999e-01 3.886456969189961086e+00 4.836497745664878778e+00 1.739418201243589923e-01
8.876603634221140737e-01 1.165661851419217498e+01 5.216629128286437656e+00 2.348066653452678398e-01
1.116595747911849124e+00 4.783061558701156457e+00 5.168283139156442552e+00 1.139236309471876318e-01
1.191669483422342024e+00 3.950191436211212270e+00 4.911352482243774631e+00 1.861711511792075169e-01
8.887109676726488994e-01 6.319582126982854042e+00 5.242618734264774538e+00 2.217342626117176363e-01
8.468730687484495867e-01 7.030686568712735784e+00 5.058065000351397167e+00 2.980706305900220898e-01
9.381716493930269962e-01 5.575914248894722647e+00 5.286309726659218278e+00 1.986299016465040146e-01
9.965894514070963162e-01 4.926405188453028217e+00 5.430281230508266610e+00 1.963575017901620090e-01
1.135791644134602096e+00 7.389206924146610511e+00 5.354514527021632553e+00 1.221030054080614602e-01
1.098937736026100565e+00 7.436387645043759598e+00 5.318370246695313774e+00 1.016994758500255475e-01
1.005441254651556982e+00 5.092154268968497099e+00 5.198573780422721669e+00 1.183539629032276802e-01
9.992576750275320441e-01 5.640972923826869767e+00 5.255847068687281798e+00 1.955040586954770176e-01
8.941239689161031290e-01 8.796599040891326382e+00 5.361911685975629283e+00 1.872115296537851248e-01
1.408075742331475588e+00 4.406677155614951324e+00 5.311908616936467986e+00 1.383324626478888986e-01
1.097116770197286151e+00 5.380743786091907843e+00 5.264260901693748274e+00 1.576800093946244541e-01
9.950983496514120841e-01 8.826918455381193240e+00 5.308200577888065652e+00 9.663363956018657108e-02
9.453502489863554459e-01 8.421480265092178286e+00 5.306188161063348119e+00 1.208320889179102797e-01
8.357726339433722007e-01 5.347993825071169383e+00 5.173237770224807797e+00 1.685430544492135529e-01
7.562571006045241129e-01 3.718752692607212751e+00 5.164625284277800432e+00 2.714384599043644930e-01
1.022494744678458245e+00 9.857630406023078606e+00 5.309675600065403067e+00 3.245319860248823129e-01
8.184207114889981982e-01 4.257912530962093989e+00 5.485927252365788043e+00 1.388135023293823045e-01
1.201968825301504840e+00 6.290776365469273657e+00 4.750582728981847858e+00 3.065345824176186063e-01
1.259351865545548677e+00 6.302413354284849056e+00 5.390018027932356404e+00 1.860357182001739218e-01
1.052690369496873446e+00 4.046500467563868497e+00 5.131177025618523402e+00 1.954835236145856248e-01
9.185396873978282084e-01 4.078191145492279901e+00 5.194936633505566448e+00 8.779012021707327529e-02
1.244830629556155088e+00 5.647185543661271900e+00 5.120015415907014145e+00 2.910145687622312516e-01
1.015461879950469326e+00 5.852266769975695837e+00 5.240480650827867848e+00 6.317419526918204020e-02
1.146621780837840054e+00 6.689397158609409644e+00 5.140908826507721407e+00 1.901111554543025717e-01
9.694157813292954007e-01 5.544659682114785326e+00 5.584569556586211014e+00 2.497100116584249907e-01
9.946710004380328041e-01 1.235553722254570097e+01 5.133666718848414412e+00 1.733457290011226337e-01
1.167481764661602472e+00 1.232962953050098243e+01 4.657858714054171401e+00 4.568965246049269124e-01
1.181382438900124843e+00 5.298098733789172066e+00 5.208394590809436231e+00 1.013257760972507693e-01
1.127531680964670935e+00 7.901458624510777184e+00 5.205115914355464390e+00 4.975312102362079714e-02
9.458046901956267405e-01 9.365127328208826540e+00 5.330583489279292486e+00 2.624361382686329347e-01
1.318019390834643367e+00 6.435060479898493391e+00 5.414818119726117374e+00 1.668730697922344020e-01
7.874796498574870851e-01 2.961193367927844378e+00 4.704442432788073170e+00 2.555750826029381528e-01
1.120697083362957702e+00 6.184386828118838331e+00 5.674972710943271714e+00 2.039767812779450518e-01
1.168748758068237414e+00 9.340395734307655573e+00 5.581187284578241758e+00 3.019736462894936357e-01
1.008750410898905381e+00 5.031502775202585376e+00 5.468986719442180622e+00 1.395391620985673709e-01
1.123068683759097741e+00 3.996588683434828759e+00 5.224667494685632185e+00 4.757026959683103851e-01
1.039920162375210566e+00 8.678244590770201938e+00 5.136462929915604825e+00 1.897740492984104355e-01
1.246247355966304537e+00 6.489542744705250499e+00 5.231030900556492114e+00 1.921806453990757557e-01
1.074220776374268382e+00 1.025013326971706995e+01 5.276870036825545007e+00 1.542714387023456091e-01
1.092365668683286328e+00 4.828257056547704984e+00 5.221607656991833935e+00 1.012204116448050528e-01
9.985189493700531438e-01 4.421703249522194845e+00 5.307145597893399902e+00 9.714037301311399808e-02
9.974853637193078493e-01 7.763541073893536648e+00 5.912419685952896131e+00 2.586885539422147384e-01
1.061652408803869019e+00 6.046357614242072742e+00 5.196100093495582328e+00 2.135824461509655825e-01
8.854994662555605300e-01 5.813564144343162710e+00 5.144542240312960146e+00 1.721151955946320644e-01
1.997565860289253203e+00 3.812944867464862053e+00 5.351613523591412402e+00 1.591145224362290611e-01
1.122054927255259127e+00 4.849182231212496141e+00 4.985957194827374650e+00 1.113403041535672711e-01
1.053182789656707641e+00 6.758599272207215236e+00 5.474042818624413442e+00 2.427213844306658486e-01
1.125705840930382617e+00 3.362963206244558911e+00 5.356192426380250282e+00 1.789017406138879440e-01
1.090265337927073253e+00 1.388492828768368703e+01 5.137984394007263589e+00 1.928966525037362489e-01
9.557825122183366551e-01 9.465376712359542921e+00 5.249435018287559984e+00 1.281556498843324787e-01
1.042356854904559205e+00 8.418735151389194371e+00 5.247516151263925011e+00 1.201512355933797987e-01
9.531773668943358535e-01 1.194374434021353082e+01 5.345425885970901625e+00 8.233665077304368196e-02
7.219321486540126731e-01 4.944338668880305931e+00 5.123437247296060981e+00 1.178212107920327961e-01
1.304901929129447025e+00 1.115916407513827124e+01 5.395483021456175088e+00 1.300830567722983389e-01
9.626574473634837981e-01 7.048755883984771486e+00 5.377973299284781739e+00 2.674739465029923879e-01
1.067772873172097015e+00 7.461721276526557034e+00 5.255272754859868556e+00 1.650222989927802864e-01
9.539710820940463520e-01 5.681016639709873139e+00 5.466865980339845166e+00 1.121706699364781457e-01
8.762553318020818161e-01 4.021732643438663324e+00 5.231360786247017280e+00 3.348337883875914800e-01
1.325597988977102126e+00 6.628657296787699771e+00 5.228376966177935792e+00 1.125074046196850863e-01
8.543814815359818127e-01 8.458349268411762267e+00 5.397912612499057516e+00 2.333412836337191432e-01
8.490109407845183309e-01 4.996226871000510883e+00 5.332953927763691482e+00 1.074420191668336855e-01
8.868899555701598159e-01 5.345139625769123271e+00 5.369040266688735130e+00 1.340011899975732668e-01
9.756758717401947667e-01 7.690466547455420354e+00 5.423748058278412110e+00 1.159508696420577245e-01
1.138643495788674631e+00 5.711758053748319242e+00 5.077856266096985927e+00 1.365163956840053650e-01
1.434298082136785002e+00 3.829585127886733886e+00 5.384650580112876561e+00 2.353494952800741502e-01
1.182001805966736763e+00 3.700974330075680552e+00 5.239950163700783037e+00 2.164645975312071147e-01
9.087331769545918814e-01 4.970911989018128807e+00 5.335949384498505310e+00 4.653874555201645974e-02
1.091489427930492528e+00 5.544026829420122482e+00 4.876490136679441534e+00 1.703040394005624347e-01
9.923865763911319249e-01 1.433112376139953881e+01 5.452877638017371353e+00 3.322595031086413297e-01
8.832634507502958865e-01 6.665044921432634162e+00 5.213239278179548464e+00 1.392217736805429762e-01
1.105743260734652678e+00 1.136999435176035789e+01 5.156907513746850746e+00 3.410884603413677496e-01
1.130863763669644584e+00 5.724095805209078236e+00 5.366128519879841186e+00 1.947302618307891475e-01
7.859805285611006775e-01 5.650933656595544363e+00 5.264617106322207363e+00 6.022647569628011843e-02
1.492352890299995849e+00 3.973084424442326679e+00 5.235510248878678219e+00 1.524994709233247758e-01
1.289695912761682939e+00 3.333939601650139917e+00 4.925029633178374056e+00 2.546898221906915838e-01
