# 500 (alpha,mu) samples from hierarchical MCMC for Moxifloxacin + Nav1.5-peak
1.513312505670878494e+00 2.987650009510666393e+00
1.518694020060719074e+00 3.321859012624933438e+00
1.512940226079191985e+00 3.176670561873215615e+00
2.271565270417809312e+00 3.213209888082513288e+00
1.990393817456767911e+00 3.419358354522420651e+00
1.247456064505534812e+00 3.194775262353370504e+00
1.908356636720978550e+00 2.986432771182003343e+00
1.653320581149759549e+00 3.340847563947547894e+00
2.106673084878222468e+00 3.272168320812983922e+00
2.312445449052893842e+00 3.292924091985296453e+00
1.480547880605805444e+00 3.260796151587503466e+00
2.569005735783766120e+00 3.141327264146116516e+00
2.124875958020097766e+00 3.238859968301984971e+00
1.447920644191776240e+00 3.134762847036641098e+00
1.529907534602312102e+00 3.211652097786812821e+00
1.361528473644766812e+00 2.996145432142184539e+00
2.019734358232963878e+00 3.071563456483619614e+00
1.678701427989374606e+00 3.293741759263453694e+00
1.918313374910915359e+00 3.415488305808660474e+00
1.759359145678214054e+00 3.223260324003355937e+00
1.731262251616095593e+00 3.374660840547298424e+00
1.838577902210005277e+00 3.457918691041157011e+00
2.320536156944039252e+00 3.273931275013060915e+00
1.819552054820267939e+00 3.259963393742490556e+00
1.953416424147959685e+00 3.194777013974634983e+00
2.039699470229855205e+00 3.246855074871222602e+00
1.422777082096321033e+00 3.330744288627466521e+00
2.939196651443874320e+00 3.429707067762771899e+00
1.873838463498010531e+00 2.948990997794279423e+00
1.817503862448092811e+00 3.209942973207875916e+00
2.498163294780675781e+00 3.004719392663263378e+00
2.089359161120747821e+00 3.219746653096568156e+00
1.949837269102450366e+00 3.350270115432417928e+00
2.168690221063044987e+00 3.247442562553287448e+00
1.941875208441579570e+00 3.228269156646061511e+00
1.672918820654621719e+00 3.278577049404228561e+00
2.104192343284564171e+00 3.287043252271626415e+00
1.776268393894684827e+00 3.139027173832610984e+00
1.775684183677257666e+00 3.358839197275970356e+00
1.678703102393018565e+00 3.183949513575043078e+00
2.258400185600747623e+00 3.218537910192678986e+00
2.146241668420632909e+00 3.017893886505083945e+00
1.579874516186348110e+00 2.750879913671866017e+00
1.444654079231605603e+00 3.261177230640320612e+00
2.290077966225635642e+00 3.167652054672839945e+00
1.740521010058214468e+00 3.226483973960417195e+00
1.749999070695913206e+00 3.166478066340602027e+00
2.445937355529426593e+00 3.258150570458983708e+00
1.215149818674726045e+00 3.152964949301663822e+00
1.515102628654130257e+00 3.276717171223817004e+00
2.060050107456627977e+00 3.258379650038635944e+00
2.478026222336795925e+00 3.079198265967645121e+00
1.676567060170080392e+00 3.281513820224711608e+00
3.824406956345165476e+00 3.287291827835538527e+00
2.297583005740700290e+00 3.126779529909498034e+00
2.397143186066261755e+00 3.201268349447266459e+00
1.471415124574332323e+00 3.119155358328976391e+00
2.396784846579331330e+00 3.368908211081890869e+00
1.956810758023789010e+00 3.503427837506447595e+00
1.661542543540080352e+00 3.408564783680982480e+00
2.093385914906789935e+00 3.184075957323082573e+00
1.379365480126919730e+00 3.231043177725062332e+00
1.744141787317547543e+00 3.229202703578499367e+00
2.231649824171634489e+00 3.252218209413051397e+00
1.580458492264601000e+00 2.850990715255654617e+00
1.832151494146387893e+00 3.209017740141687280e+00
1.712969171125414469e+00 3.304408953625391110e+00
1.904932377404568555e+00 3.260625159017710661e+00
2.236362445773799390e+00 3.239052466017501075e+00
1.781204953442296901e+00 3.218342432128208586e+00
2.788035504047938762e+00 3.035670586973793217e+00
1.435448929809040486e+00 3.171896855678786764e+00
1.908048808571457089e+00 3.121670734560595850e+00
1.768493964014085762e+00 3.182575355145133678e+00
2.873874685750090752e+00 3.134263594278177134e+00
1.711267959514747306e+00 3.249419081354872230e+00
2.054396709472936511e+00 3.215245883428273999e+00
1.826322149712263254e+00 3.207074607019634094e+00
2.863628263425278764e+00 3.324544059736491697e+00
1.440648849029800393e+00 3.274362529253191045e+00
2.207494708423221041e+00 3.305488555804592998e+00
1.873390791469958350e+00 3.238132149171200069e+00
2.101839445839042142e+00 3.360556839271969132e+00
1.893362117387093591e+00 3.257604289335500169e+00
1.280847373538022804e+00 3.100259090081678437e+00
1.625848005335304158e+00 3.356278493907598026e+00
1.883306663745993870e+00 3.243675007157787338e+00
1.892057072798951856e+00 3.335552689047090791e+00
2.125712967085722660e+00 3.219463727106365081e+00
2.163159588404878431e+00 3.301316688277076583e+00
2.607379568143419313e+00 3.112992911269942375e+00
2.934854795776967951e+00 3.210207229090771719e+00
1.600550422988410437e+00 3.405873936970544413e+00
1.842680287509350645e+00 3.167479571319090415e+00
2.321919985555199073e+00 3.297152635397540887e+00
1.931879961540719393e+00 3.469733867006506767e+00
1.636352005291971112e+00 3.053443331209274358e+00
2.665704981083029779e+00 3.292556480800836738e+00
1.503020496111188375e+00 3.522828896097128570e+00
1.929556143792332978e+00 3.902001537348948279e+00
2.028279805492719134e+00 3.193581984026879983e+00
1.873254206319840742e+00 3.131385518429111947e+00
1.533147315482277451e+00 3.210513554272530268e+00
2.012662880346787642e+00 3.345403999417861485e+00
1.516952485984836674e+00 3.236230606573579749e+00
1.870161336685075559e+00 3.200572254521266924e+00
1.775831437626801623e+00 3.350690888930302425e+00
2.588380733172843673e+00 3.153299026388924453e+00
2.030374212352425101e+00 3.528032925245009555e+00
2.001436571782166052e+00 3.115902857053425734e+00
1.649305196429077913e+00 3.190935238924483830e+00
1.543613776414453298e+00 3.258806387829496831e+00
1.305504072574014796e+00 3.318164043302978872e+00
1.506518221907938049e+00 3.227815606255108882e+00
1.516234290875235757e+00 3.186341090272469589e+00
1.328533756302796132e+00 3.255766850511683241e+00
2.763726106390822501e+00 3.177954205467325544e+00
1.752430346775182057e+00 3.160296897277895312e+00
1.813219254114023959e+00 3.219209789907562236e+00
2.307664527073147731e+00 3.233898969944858592e+00
2.595243055578931646e+00 3.083748779418884478e+00
1.568285041558026727e+00 3.131607474208474962e+00
1.873324093648388811e+00 3.320978021986986661e+00
1.730130693338971737e+00 3.093031228039446745e+00
1.843317410730436867e+00 3.270758297361001432e+00
2.365532058342468602e+00 3.337996750337975715e+00
1.991474033578943814e+00 3.417015517777313161e+00
1.826593084800923084e+00 3.175287072264604937e+00
1.772987687395617407e+00 3.266422742376274613e+00
2.208607353202550083e+00 3.173254158542838876e+00
1.805658012370257026e+00 3.429899077867085477e+00
1.914617550356014108e+00 3.371364816661896580e+00
2.126987519458332976e+00 3.375905431258968026e+00
2.253989912840078880e+00 3.254710185067960282e+00
2.491148727406526486e+00 3.309821752241663084e+00
2.140090176497877472e+00 3.355379164057474828e+00
2.204485601375627990e+00 3.271221255586996168e+00
2.281886216608795870e+00 3.226150077692045759e+00
2.152697513230053428e+00 3.225288047184880824e+00
1.676589552506760894e+00 3.094849193769225071e+00
1.576098192338406090e+00 3.182751567956010330e+00
2.631441484189807500e+00 3.263418017546110050e+00
2.383025084509365676e+00 3.197467815784690082e+00
2.287184843793122813e+00 3.174701322953452642e+00
2.621118316638457291e+00 3.272493912273359840e+00
3.327612565535066125e+00 3.145687905052412692e+00
1.751400712909303659e+00 3.481119748661154922e+00
2.067738006074805845e+00 3.484534266045284490e+00
2.276953126072348788e+00 3.261811311051066475e+00
2.648303922195467841e+00 2.983537013276189143e+00
1.543566905613289908e+00 2.992097354022509315e+00
2.204369568014334035e+00 3.129737150883857399e+00
2.305942156111135954e+00 3.183061363189086723e+00
2.624536341877455214e+00 3.194757690917362059e+00
2.246379487598171742e+00 3.555700267390601965e+00
2.461051380917152809e+00 3.209798776029261447e+00
1.764385715915185893e+00 3.110259110652707548e+00
2.279285232992123600e+00 3.346706053651915092e+00
1.927453119608865784e+00 3.253259349089432373e+00
1.450225770981109275e+00 3.126396556321369591e+00
1.415299224301235226e+00 3.311263251453839818e+00
1.760161405820642067e+00 3.108693715947718150e+00
2.554378489429326216e+00 3.223090383927993852e+00
2.141244628146731888e+00 3.378395930012803028e+00
2.363792793806011705e+00 3.287895505577071553e+00
1.144631691884873570e+00 3.109671553617945783e+00
1.455452111810602744e+00 3.214743723349543281e+00
2.248124935893068610e+00 3.301805102342667553e+00
1.520954553996454850e+00 2.764893739026979880e+00
1.310557787398111129e+00 3.193345558411064378e+00
1.693196863141471553e+00 3.332200506411123531e+00
2.574041072270524033e+00 3.263696924089185547e+00
2.103265815857101817e+00 3.343838661454968442e+00
2.432176939750622768e+00 3.166559643530344470e+00
1.525883598702578503e+00 3.216253451565219468e+00
1.490468629972364845e+00 2.941824952957146078e+00
2.166665869951874601e+00 3.397280207601847568e+00
1.436200005291844217e+00 3.242829662451353734e+00
2.158802393796741548e+00 3.251390579688640869e+00
1.597604737028395672e+00 3.148888487855286300e+00
2.657882857826884493e+00 3.231411679221673605e+00
1.966627168390805647e+00 3.140241911414121567e+00
1.994119463602067821e+00 3.026253887826072297e+00
3.017632975975927501e+00 3.562041601090397691e+00
2.478916087156754156e+00 3.274620015900273629e+00
2.044826743090375487e+00 3.276404518541442989e+00
2.000469701054993443e+00 3.209779606235519722e+00
1.740299440396699371e+00 3.317964935200866439e+00
1.710145498479462622e+00 3.182954758766928460e+00
2.080088042906610646e+00 3.191544916052640346e+00
1.288175589101727025e+00 2.958137473213488189e+00
2.425752461598920995e+00 3.337293678204039438e+00
1.660960211591719027e+00 3.078699717308233552e+00
1.697234430397834837e+00 3.288574367706050161e+00
2.278337426669251098e+00 3.334060215136995353e+00
1.860904329865922691e+00 3.271857394923311180e+00
1.845779798066530919e+00 3.044372679659494541e+00
1.888510016611607778e+00 2.968174217484413902e+00
1.839323587588318265e+00 3.263884781520026923e+00
1.948355753118814038e+00 3.277018216752082047e+00
1.387853788380821296e+00 3.202683385960543472e+00
1.979444637509563343e+00 3.111127480194177952e+00
2.284560980347277503e+00 3.277264568210700446e+00
1.876563690029757758e+00 3.223935777245362289e+00
1.419064439771658970e+00 3.232179806204135808e+00
2.510086634721290011e+00 3.279206677257414881e+00
1.593788258525824952e+00 3.373249689721149469e+00
1.938275593400248464e+00 3.130290169148147950e+00
1.739982433136917805e+00 3.072825159282409402e+00
3.188033136821792457e+00 3.197683697680930859e+00
2.234248544598386399e+00 3.305427414150958310e+00
1.810947309839745056e+00 3.151559547752530666e+00
1.612910117450715219e+00 3.305181667010525626e+00
2.305157655788905302e+00 3.370989522583793363e+00
2.037883021171606579e+00 3.308701780886535992e+00
1.973182021495359706e+00 3.562889945861368979e+00
2.240995137585736430e+00 3.263104231548922929e+00
1.392062460610879349e+00 3.159947054193311455e+00
2.557837207526008960e+00 3.222208814455511661e+00
1.999115481114964066e+00 3.268059218120448861e+00
3.046982130003192069e+00 3.328446801474367778e+00
2.862562647312116848e+00 3.276355901629516953e+00
2.443952604325908329e+00 3.297419893284389669e+00
1.992415613235538396e+00 3.251053908436665640e+00
2.512710778013391266e+00 3.320346934110183224e+00
1.703868571797492626e+00 3.186953924158406615e+00
2.524149012771857326e+00 3.360919917416441915e+00
1.633934713677282380e+00 3.160105055699387488e+00
1.692428840223492603e+00 3.182818395976585002e+00
2.882487673488615787e+00 3.322825539509845161e+00
1.576452953743875396e+00 3.352238196904117284e+00
2.099842927290850980e+00 3.272042311767719092e+00
1.504010233669260899e+00 3.307642399130668043e+00
2.553358280659789425e+00 2.976340251151786909e+00
2.301946507528318975e+00 3.216647912372972762e+00
2.296182585428399925e+00 3.206134993141887435e+00
1.624849205755411141e+00 3.280825932044434179e+00
2.005778733976782746e+00 3.169788511105086304e+00
1.911495360784334796e+00 3.462037182016767911e+00
2.372904634596000761e+00 3.116854804188549544e+00
1.870533671743593640e+00 3.149968281744888188e+00
1.584380566347898700e+00 3.179723197387660072e+00
1.556355085199449206e+00 3.336397327314583272e+00
1.404248582572685811e+00 3.006419011209066294e+00
2.528500870050633953e+00 3.493638694354602059e+00
2.212937203230486372e+00 3.179636983214698898e+00
1.768534156971662608e+00 3.222798285987178879e+00
1.938618223697071929e+00 3.318546703024942701e+00
2.940669463202445932e+00 3.206632138157502698e+00
1.896655150043044635e+00 3.124070415511780219e+00
1.393799186289077952e+00 3.269825142229542347e+00
2.180786056476468282e+00 3.125231783654625062e+00
2.405037864683277515e+00 3.106422884330783507e+00
1.786722794142289183e+00 3.257709451993370475e+00
2.023323406280400860e+00 3.237530514578323970e+00
1.865660798299975554e+00 3.119152504198970277e+00
1.708895851873518001e+00 3.283456755282563311e+00
2.494323016566826201e+00 3.238377166058997947e+00
1.984631916077209901e+00 3.323926815786724998e+00
1.965125810522191596e+00 3.096331031104979647e+00
1.525915865385508274e+00 3.369270682167320619e+00
1.624486457228857761e+00 3.145087568117764576e+00
2.777442876629411472e+00 3.231790374311432679e+00
2.624230331312925824e+00 3.113674975993622862e+00
1.796905747583118718e+00 3.211969991568737193e+00
1.950713115507266116e+00 3.158972917058211038e+00
1.815390362332554908e+00 3.140119214611206466e+00
1.767405588367818581e+00 3.191476082040982654e+00
1.616072505598129982e+00 3.306149605311385908e+00
1.773972893644880644e+00 3.326668652624719780e+00
2.782496890884468943e+00 3.605122995034113931e+00
1.235771447976326654e+00 3.237523221595082212e+00
2.440173607760871555e+00 3.399973815889262063e+00
1.655959907717039492e+00 3.244543222524125969e+00
2.928591208489776054e+00 3.361508888477885204e+00
1.626817767808325987e+00 3.045832338055166399e+00
2.439810582475091749e+00 3.149339072748374768e+00
1.396137629501942534e+00 3.238630859920872407e+00
1.392845561384387754e+00 3.150068749519739697e+00
1.779904328950780545e+00 3.164919659517584805e+00
1.799047870918912162e+00 3.183587101192176139e+00
2.320731791875822569e+00 3.280722324119855315e+00
1.964583194282311762e+00 3.011379830734754570e+00
2.401737010071019807e+00 3.329743082554062816e+00
1.581138764911641736e+00 3.275218807809684218e+00
2.404936473763107596e+00 3.419052382747568508e+00
2.801597177193121180e+00 3.296719632458363414e+00
1.525864837513781769e+00 3.203426258768790724e+00
2.337272336864556266e+00 3.238910640645101591e+00
2.412075486125233592e+00 3.260204464525287005e+00
2.283866671039022300e+00 3.236522157491991347e+00
1.442816005938700297e+00 3.292089726111067538e+00
2.352303061586440425e+00 3.211772518087958606e+00
2.496325875182259679e+00 3.174723679875766980e+00
2.669532625855092434e+00 3.489803949052548759e+00
1.997904652665942749e+00 3.235750465689349209e+00
2.990392256142092364e+00 3.332697986016620373e+00
2.796506055364939680e+00 3.355875406247250226e+00
1.984418459568312754e+00 3.305033423039513085e+00
2.297481039390810942e+00 3.230119172631748636e+00
2.797607205521593698e+00 3.325044043371219171e+00
1.311012284005760975e+00 3.096419333945979346e+00
1.717707708004719613e+00 3.217778034455959002e+00
2.087285492763588657e+00 3.133259733982324491e+00
1.725873034667772643e+00 3.165914929320102988e+00
2.363942481972155285e+00 3.178445494691221729e+00
2.073810106070920423e+00 3.306864482425548868e+00
2.108231574203408787e+00 3.280531002311641409e+00
1.373652452786944922e+00 3.121103696331418043e+00
1.846439137327753777e+00 2.966095363761644510e+00
1.574289083046425342e+00 3.093010839553389069e+00
2.428185680718710771e+00 3.357870284370929159e+00
1.860871098528692480e+00 2.971266252083619275e+00
1.792402773070443267e+00 3.307748103125621952e+00
2.073330168478340951e+00 3.281893933145562769e+00
1.772430352153516964e+00 2.860446548974344694e+00
1.851665623505751812e+00 3.213300723420052130e+00
1.947397893681482195e+00 3.097100646465448914e+00
2.674129222649515469e+00 3.228936012164821623e+00
1.920481363429420218e+00 3.190253279966268174e+00
2.457090964331853478e+00 3.311386819501682233e+00
1.577523157184227864e+00 3.186882535733512434e+00
2.303384475059734093e+00 3.199513105211714503e+00
2.672562848692078497e+00 3.290745110301327436e+00
2.247025144237339234e+00 3.207279328230476789e+00
1.935341929311235498e+00 3.169704475364853558e+00
1.885729679414099191e+00 3.118425038336571031e+00
2.050136996180303761e+00 3.183364605376957090e+00
1.449689018550377462e+00 3.234285920947153947e+00
1.847977133753018197e+00 3.221697941227748885e+00
1.762641119767933251e+00 3.130280579815387654e+00
3.111286630207918513e+00 3.312285260922026353e+00
1.852766818332997278e+00 3.340696851466674833e+00
1.560057495812440020e+00 3.066923810295951736e+00
2.065875917536435402e+00 3.175104553369036964e+00
1.735716055608813146e+00 3.190119076564740475e+00
2.195970051514674282e+00 3.115897949271623002e+00
1.449224739139173712e+00 3.188139399153886000e+00
1.851935005095362241e+00 3.450935205777035275e+00
1.581138764911641736e+00 3.275218807809684218e+00
1.976345497543756435e+00 3.210728069550556008e+00
2.341673735129262468e+00 3.249815288090833754e+00
1.152770904457293577e+00 3.100979513811069399e+00
1.350611420213124969e+00 3.189413600228919954e+00
2.256045207553170950e+00 3.145279185402082067e+00
1.764087982174578295e+00 3.444482700560806077e+00
2.091980615101029173e+00 3.140152156600897637e+00
2.908692720722346081e+00 3.326154003769673295e+00
3.225574084541062092e+00 3.307876202301140545e+00
2.926636173140336528e+00 3.327392123788372125e+00
3.078063414641790008e+00 3.275281019415665629e+00
1.589497855006853477e+00 3.150056238356502725e+00
2.350105736972100345e+00 3.235346846079656391e+00
2.044530422250077528e+00 3.272724543915829454e+00
2.171969246455060620e+00 3.388209786969972104e+00
1.955338893560111480e+00 3.163543984225278383e+00
1.965775463283983449e+00 3.129462263387372101e+00
2.415261904769876899e+00 3.053299866051338629e+00
2.797631406735525239e+00 3.299956863117693207e+00
1.377803924116324019e+00 3.053832021357562265e+00
2.879764227997737347e+00 3.332337851952554164e+00
1.755985293149109339e+00 3.273372074579778523e+00
2.955430325630223898e+00 3.309385369068602589e+00
1.739481670960973281e+00 3.209754522875914340e+00
1.632957598870421245e+00 3.130315717794287522e+00
1.638175711572835036e+00 3.349746975148849781e+00
2.540023249912101377e+00 3.209305930919007288e+00
2.619546726175802753e+00 3.067558461617685861e+00
1.564624467340336000e+00 3.025320374836952375e+00
1.665200184799290550e+00 3.222661470605252543e+00
1.802899231141762426e+00 3.216649161951336655e+00
1.656953355406090234e+00 3.048002820831861914e+00
2.638097385793543914e+00 3.277511903067577670e+00
2.361167736025147068e+00 3.311875271318794223e+00
2.276579286032021532e+00 3.231360132883686287e+00
1.244363732656318611e+00 3.065276595807980176e+00
2.099173346277475538e+00 3.253623136848810216e+00
8.453346452878912620e-01 3.156938488649742247e+00
1.987063997622648515e+00 3.225727515917380828e+00
1.925139255999016363e+00 3.317570743019633284e+00
2.280284381791787496e+00 3.178354608135314230e+00
1.804341012590689353e+00 3.046377143314370706e+00
2.585619677141226092e+00 3.272855623296535121e+00
2.410458408449692946e+00 3.276114634998486430e+00
2.338527303818411340e+00 3.233855638964740375e+00
1.407145526595570573e+00 3.277700350400107876e+00
2.136151847846865515e+00 3.252343585393745684e+00
2.052360580594339456e+00 3.554729060403766905e+00
1.482704097872321158e+00 3.291568624337254612e+00
2.243381142209977863e+00 3.152868904884090107e+00
1.404543353458821198e+00 3.303662798849174909e+00
2.160925221769566917e+00 3.485715547537939774e+00
2.068668687005817741e+00 3.411969387809168364e+00
2.457759866984807307e+00 3.131620555164162489e+00
1.828233975159747393e+00 3.179494228098944664e+00
1.666427202617645431e+00 3.371311419823427968e+00
1.808878084059684088e+00 3.118542086483805598e+00
1.407887677292569251e+00 3.226417660172138380e+00
2.170747870525204792e+00 3.226665121417266135e+00
2.206088866088772527e+00 3.191924211581814941e+00
2.070412687635410531e+00 3.313603073458585957e+00
1.894665147836447794e+00 3.273357351839234486e+00
2.253455307903011295e+00 3.245291055077270670e+00
2.056804478144575565e+00 3.195258697713630358e+00
2.082569568949104610e+00 3.243728099417953370e+00
1.531900372342691830e+00 3.218612320492228562e+00
2.326997502528601824e+00 2.876985293463977467e+00
2.597582708894293546e+00 3.243179912625401506e+00
2.190902022851749731e+00 3.214795345783878044e+00
1.717157116269632633e+00 3.240805422425664162e+00
2.044465761289399719e+00 3.208938226976519204e+00
2.472648611158638321e+00 3.250382143702709392e+00
2.219201595342992661e+00 3.097232976015085626e+00
1.807967097019884228e+00 3.243845833806865642e+00
1.924200572372384732e+00 2.826349923053584234e+00
1.380378655440025693e+00 3.297827731300997378e+00
1.945036747015976397e+00 3.341825777177889201e+00
3.567493168631122646e+00 3.350620079668061191e+00
1.742751257408606369e+00 3.216181981682568303e+00
1.810174669364416289e+00 3.237160686758873140e+00
1.853599381181848527e+00 3.209787359214496760e+00
2.153346758185314958e+00 3.196782756812584392e+00
2.095382705912270715e+00 3.061098742477247114e+00
1.835680294500120269e+00 3.274489707684561601e+00
1.660048631082787329e+00 3.242494213191499330e+00
2.064281049588387873e+00 3.170113762901955567e+00
1.390577400395209828e+00 3.081800199155943609e+00
1.798279205932695302e+00 3.282709371859533043e+00
1.920154267185835151e+00 3.263292569168850576e+00
1.787781764372676774e+00 2.645307894254472547e+00
2.046943257447724651e+00 3.343491400010880632e+00
2.937027751675653775e+00 3.383077668977495733e+00
1.811761246790701385e+00 3.207312413845157195e+00
1.920657245144620662e+00 3.221273676512496298e+00
2.789536263222387014e+00 3.321120152147448046e+00
2.023510225765751791e+00 3.417211966557253344e+00
1.441278932323381001e+00 3.151940435692025755e+00
1.740651740868111030e+00 3.246650617296876984e+00
1.332599564396082847e+00 3.115309375761855293e+00
1.942906612958362977e+00 3.054199145148375205e+00
2.110355072120488007e+00 3.173019070766210259e+00
1.977822601779812617e+00 3.431874962523696837e+00
1.951955840517466623e+00 3.267401061593687039e+00
2.329694855952936017e+00 3.301853080806327334e+00
2.123442697437703419e+00 3.220140142215098589e+00
2.664154539740494876e+00 3.415388523284158762e+00
2.440176066069214222e+00 3.279790620221556985e+00
2.392605850401997358e+00 3.152961140800423223e+00
2.640226244730628391e+00 3.424171505488690759e+00
1.639153876620603523e+00 2.944151404015214801e+00
2.013627033973454328e+00 3.317289017790800099e+00
1.702751016884769486e+00 3.253583118859599388e+00
2.154856325829276997e+00 3.315654442061289231e+00
2.445268671421082285e+00 3.273115413363134607e+00
2.153751429490993186e+00 3.169261681889540494e+00
1.589491802574602097e+00 2.764422730470841749e+00
2.184147030546976787e+00 3.236476264703044503e+00
2.197434636207495018e+00 3.281402708580814842e+00
2.481025392130810303e+00 3.310987625065927809e+00
2.078334613738331171e+00 3.003422404064329143e+00
1.985898576161343687e+00 3.149463797797202869e+00
2.412134346322167389e+00 3.349578330822453154e+00
2.090685521417797954e+00 3.193036088856346488e+00
1.684552006571718774e+00 3.079186287682954326e+00
3.623790850985220580e+00 3.553158877986359432e+00
1.271738229789756369e+00 3.254248264394357548e+00
1.683507478233828625e+00 3.168040988455717688e+00
1.974269050025409866e+00 3.276310627019422217e+00
1.709327081073373833e+00 3.196446758564357449e+00
2.394111472841348842e+00 3.338059075663760922e+00
3.169734109912646591e+00 3.696480973344611787e+00
1.925568829927893910e+00 3.202798064719831306e+00
1.904890015328588371e+00 3.241184375811765328e+00
1.725177625596573172e+00 3.059544666893189824e+00
2.277510997236125156e+00 3.304608866509043175e+00
1.772745480495859560e+00 3.307888023946049749e+00
1.593100241066391920e+00 3.285411047352387648e+00
2.409246255659301283e+00 3.107827596464304065e+00
1.352129991645615315e+00 3.137598306083183353e+00
1.760145856198884307e+00 3.162930946184493664e+00
2.087813722673871553e+00 3.370676763280269217e+00
2.675919752263389295e+00 3.281811967638972316e+00
2.094565470610183056e+00 3.248908324469920839e+00
1.521648617502299849e+00 3.109711820884833777e+00
3.098021370469527636e+00 3.360529656148072419e+00
2.112717146700984649e+00 3.210124668307378748e+00
1.666868855211813827e+00 3.121070322427920818e+00
1.809923700832594573e+00 3.294700768082499120e+00
1.957888572792104931e+00 3.124888625957527477e+00
1.081092384777531779e+00 3.112235184579332348e+00
2.891222902092175584e+00 3.024595258137918741e+00
1.454796302601445657e+00 3.181910359799066335e+00
1.723838175407134354e+00 3.257703261099132330e+00
1.576654288672077797e+00 3.096845010705650658e+00
2.805359819578915559e+00 3.664139678506161069e+00
1.908314683027361847e+00 3.173486457149519158e+00
1.535073730671200787e+00 3.206493881476025098e+00
1.071339301516108344e+00 3.244250277450956954e+00
2.082738708336067113e+00 3.114548631983984794e+00
2.596146284340848709e+00 3.363593970740628158e+00
