# Hierarchical MCMC downsampled to get 500 samples
# alpha, beta, mu, s
1.164547265599510162e+00 8.038492600432480373e+00 4.384276132917056756e+00 1.364480033869566733e-01
1.195384589163363431e+00 3.505483786820662750e+00 4.283630690535705554e+00 1.035061286745933840e-01
1.009604733573215229e+00 4.712018679936198495e+00 4.411408522831947288e+00 1.066002909484058542e-01
1.246761047955705415e+00 3.651995488924634881e+00 4.225275538326755509e+00 3.090595090962177105e-01
9.509892447268053495e-01 4.546486345815825558e+00 4.338936201939700865e+00 1.781273712250021624e-01
9.661191036941836341e-01 4.330286791721444928e+00 4.232374818032971220e+00 1.834963423470513666e-01
8.886320536810602411e-01 6.691989870522078832e+00 3.883790930334740210e+00 2.682655623199145523e-01
9.454332930954059133e-01 4.529055082253987230e+00 4.328511208290362511e+00 1.222231481138666004e-01
9.632213501841568881e-01 4.281758677890555198e+00 4.376568940492902016e+00 8.953661273240837160e-02
8.012320352519968214e-01 5.512217482268891189e+00 4.313298803526545377e+00 2.230871216958973946e-01
9.264802983297036887e-01 6.998526395768299047e+00 4.358862155017112272e+00 2.388181395483960912e-01
8.262086386963564122e-01 4.031540499412068712e+00 4.346437645237894998e+00 2.083604535002130664e-01
1.081085189576775241e+00 3.933299498274576145e+00 4.589188418359428923e+00 2.408188555618337445e-01
1.053014625847504160e+00 4.324542966130895394e+00 4.343265599637120111e+00 2.157670672069285089e-01
1.318368875656703132e+00 3.636016620123409648e+00 4.335462895236140035e+00 2.760167570481975585e-01
1.164354245556147305e+00 4.679805309970440419e+00 4.138580486495941457e+00 1.525460166044034227e-01
9.814772757301497563e-01 2.753778763144574260e+00 4.284372741830179798e+00 2.748209408768391149e-01
1.606680456861316220e+00 3.761409550166121996e+00 4.381699460196315066e+00 2.226598198494914027e-01
1.233865593833546992e+00 6.219815072149669000e+00 4.210862651713318527e+00 2.352460372990682336e-01
1.851322961330278849e+00 4.765668455408557769e+00 4.074596466369653669e+00 1.325312548935240198e-01
1.033171264537037892e+00 5.467951272209550240e+00 3.901528152200027577e+00 2.169837372723440738e-01
1.127095285287923909e+00 5.521647469074106418e+00 4.313210643490616114e+00 1.355514527454269591e-01
8.186941510322847115e-01 4.819217410513584987e+00 4.263349142646474021e+00 1.683556374311646620e-01
8.628814642285103087e-01 3.548143557647286617e+00 4.291028379017875594e+00 1.629193298391713174e-01
1.824995305298982018e+00 4.673851221712645554e+00 4.269733520361527646e+00 1.225776689244882228e-01
1.151582313167710314e+00 4.650090081453762458e+00 4.232143039108113847e+00 1.132829591643217254e-01
1.406479779330688462e+00 4.068680131571436043e+00 4.365568145308786008e+00 2.172063619077956309e-01
7.312162237826504985e-01 4.457344650825984189e+00 4.113616961008614403e+00 1.489681284530798844e-01
9.292246299525602771e-01 5.357517218767631206e+00 4.107384995067609346e+00 3.459393120183074655e-01
1.385554977428205881e+00 4.774522490914893780e+00 4.390197970773339620e+00 1.897716352375085624e-01
1.306885322760988011e+00 2.863956815812767509e+00 4.414893914843483813e+00 8.015185569874061500e-02
1.580542954001677991e+00 3.800961707949972901e+00 4.413794584628235818e+00 2.450938142983433710e-01
8.845775228093821774e-01 6.899124920912982795e+00 4.146206962736728840e+00 1.901527231568137244e-01
1.315666383473868217e+00 6.947093969680425474e+00 4.488804795540470849e+00 4.548107258420960308e-01
7.070845896544102338e-01 5.671564035112660385e+00 4.581714243306160839e+00 2.753349117570514371e-01
1.432723311999863469e+00 5.196625967583674566e+00 4.322639581638778594e+00 1.822035292779985716e-01
8.272330022148974837e-01 5.583536135088207786e+00 4.393862756350200627e+00 1.242252179873412354e-01
1.167592800416188403e+00 4.984818485943952382e+00 4.127699564052575099e+00 1.707228406010068422e-01
1.153265928313201627e+00 3.318690569934541479e+00 4.199388829213401841e+00 2.979534649409738556e-01
1.170557480700962660e+00 3.541821946892456552e+00 4.486442630773908924e+00 1.719016252919908228e-01
1.095086655973603440e+00 2.885611787319492194e+00 4.302082829571880040e+00 2.166380049094469573e-01
1.251175444152720306e+00 5.294992835304158874e+00 4.058688006389719050e+00 2.339368675826136723e-01
1.252599193499395414e+00 8.207838985506889173e+00 4.035523643449045572e+00 1.876976034404598814e-01
1.158623043441398437e+00 4.005547512957237544e+00 4.197687616940073418e+00 2.738068582804261686e-01
1.604519222639827714e+00 4.496794579507784384e+00 4.124903059154723550e+00 2.332991831942269334e-01
1.433238546758212051e+00 3.279863052199169182e+00 4.295056501481883338e+00 2.461334797419879317e-01
9.880564958842998902e-01 5.711463111041089391e+00 4.315911974501233317e+00 1.400430336440046941e-01
1.147177171544745633e+00 6.076656684439641687e+00 4.628324014203712089e+00 2.552206264919796852e-01
1.212153018368643753e+00 5.623640825018875411e+00 4.473576604175821814e+00 1.225550677035956437e-01
1.012835054489990894e+00 7.114256517529267576e+00 4.510104084689488424e+00 2.311752313257396385e-01
8.024624225073517803e-01 4.591384645055637037e+00 4.416607602481614769e+00 1.277776258347514404e-01
1.220007887547022385e+00 4.360592883599000658e+00 4.326568899754556163e+00 2.210394821152883438e-01
8.983412810178822427e-01 6.072939979584899284e+00 4.487163870331518645e+00 1.776810156345525749e-01
1.017325000678552138e+00 6.478113767766745745e+00 4.246587796026870087e+00 6.377020860493923249e-02
1.277963262382447951e+00 6.972035759610750283e+00 4.159138125799823449e+00 1.609118293453803694e-01
1.132965133520380530e+00 5.237219426165212077e+00 4.260719153308945906e+00 3.399384842044136934e-01
8.952910805851512777e-01 3.809392735234619742e+00 4.013182365032453625e+00 2.687983827822645333e-01
1.091218859352244053e+00 4.053376836588123311e+00 4.035712965840883015e+00 3.562468254007455370e-01
9.238121360087566680e-01 4.504508238716955937e+00 4.280716169685236494e+00 1.565626076342485351e-01
9.191637607938218935e-01 4.475435400512392192e+00 4.363556615422370832e+00 1.859427092718881069e-01
8.962767645493981972e-01 6.554689838076556363e+00 4.168790947973756822e+00 2.156978969782751554e-01
1.178392926442216382e+00 4.222691655948821676e+00 4.160532093320629343e+00 1.194284388716748690e-01
1.182468411438776235e+00 3.995078567652276202e+00 4.197074509562686018e+00 2.500296917536984354e-01
1.007139415782586811e+00 8.262514670701811781e+00 4.330998616461485540e+00 2.031451622767919130e-01
1.367990289725402597e+00 3.406297620177847207e+00 4.237970175483880553e+00 1.621589836120742867e-01
1.030910813569249074e+00 5.285923669884213361e+00 4.382234623258958628e+00 1.995166844882531043e-01
6.671282608681456949e-01 4.418791181645616462e+00 4.322976885986251183e+00 2.075172382348293154e-01
1.007323784363167496e+00 6.116325716176445049e+00 4.074103889040403104e+00 1.534043041072765123e-01
9.349304352889225012e-01 3.818711383558193617e+00 4.369590967789508618e+00 1.146942360307980913e-01
1.124348169861084878e+00 3.323160933270630668e+00 4.151362429555547351e+00 1.923109222542188912e-01
8.413967970332061341e-01 3.601584173631364738e+00 4.173064842340466818e+00 1.669340084154407045e-01
1.081884522872858634e+00 4.256395068654535763e+00 4.599575590413107484e+00 2.744608283101750978e-01
1.005671994430833438e+00 5.187717087482447198e+00 4.249290365425587801e+00 9.227377408151657412e-02
9.389288454216877522e-01 8.317800452523458787e+00 4.200014331456824124e+00 1.049749757179465615e-01
1.149443024088325105e+00 4.889255211499540010e+00 4.367972729338148064e+00 2.104431069633216078e-01
1.300929341414156948e+00 9.118242220767928785e+00 4.131504973442751805e+00 2.222072769758815236e-01
1.227487898415505319e+00 6.262374317438099247e+00 4.198813408127739066e+00 2.798700149085385780e-01
1.095050248054597608e+00 4.175202513898389256e+00 3.858636916660426852e+00 3.393355345629462949e-01
9.554297584315748493e-01 6.439696876559016125e+00 4.619617340028317365e+00 1.775796175735425420e-01
1.147538246550215302e+00 5.678050859924797855e+00 4.073681724270916682e+00 2.832681654064632126e-01
1.328320043384977334e+00 5.280725921331306694e+00 4.235340288706373357e+00 3.340254368041787325e-01
9.617293118089644821e-01 4.393743009683780620e+00 4.359067490520182275e+00 2.671820940163682767e-01
9.874600003830549255e-01 2.862263992404331159e+00 4.225234453494847386e+00 2.401129107640213034e-01
1.052458129994876090e+00 2.998262856593733261e+00 4.461585224606064770e+00 1.723724394084698019e-01
1.312190996374318797e+00 4.357618145504588369e+00 4.227258204144775711e+00 1.403558605098117196e-01
1.059692102136686520e+00 5.700680258534833733e+00 4.354181050888199067e+00 2.457156704426022853e-01
7.352367515461486480e-01 3.351651182962843034e+00 4.245575530083908866e+00 1.819205708843004143e-01
1.006016411743737793e+00 4.969989472318823154e+00 4.437440205736995047e+00 1.879006682771289793e-01
1.160698754998114701e+00 5.686915595668803114e+00 4.146253328117838421e+00 9.948167862917969839e-02
9.096077437237815033e-01 9.056674369070369934e+00 4.348150960285417810e+00 1.547461285918258211e-01
1.298984902823952625e+00 5.131987595365715471e+00 4.422921103951611421e+00 2.803125445146009698e-01
8.479247480996470188e-01 4.727447043441085128e+00 4.211763957936569547e+00 1.867057024372476004e-01
1.118599156903641534e+00 5.729345685180774694e+00 4.360342532308122188e+00 1.615443711479849498e-01
1.182458710353895270e+00 6.425543810040055703e+00 4.379056194515904110e+00 1.601119856006106290e-01
1.061891874664824043e+00 3.722237883653744195e+00 4.381726540198098263e+00 2.397127866253414841e-01
1.206334072450345296e+00 4.264075949469257054e+00 4.438024100962347340e+00 1.603645594531899199e-01
9.489978279412575324e-01 7.015747469278237780e+00 3.963210399097322867e+00 3.009219399971871378e-01
1.372561703790303067e+00 4.067084904903166986e+00 4.355471841586198600e+00 1.114856309474515222e-01
1.052694950356130033e+00 4.371666950747298941e+00 4.309068564695884618e+00 2.344685251580078955e-01
1.170332377291169568e+00 4.442277662614242395e+00 4.346246486155328270e+00 1.027750597845497188e-01
1.024416533904857207e+00 7.030233264650313174e+00 4.320192971410642180e+00 1.583528702293203749e-01
1.164647697607996690e+00 3.828676901301244495e+00 4.096582495471320584e+00 3.082855707132152734e-01
1.214922543552155121e+00 2.838035176431882967e+00 4.194189488082174400e+00 1.108030168479081368e-01
1.108658678306325251e+00 3.922421169928001827e+00 4.401762783325477102e+00 1.665953012792301957e-01
1.556386536788176622e+00 5.131622484404350537e+00 4.300814476014741317e+00 1.292670143789057258e-01
1.291029687269747317e+00 3.761652114864783680e+00 4.412775538648578078e+00 1.926729147756807148e-01
1.351634661938114323e+00 7.119857253123410779e+00 4.521551643397248021e+00 2.175223639840279111e-01
1.112158987870842664e+00 2.554429532998104602e+00 4.302104861234407274e+00 1.546944815971459664e-01
1.211324064222601748e+00 8.217939451209664625e+00 4.419258558277243232e+00 2.525890262356937366e-01
9.245657508239331079e-01 2.964858665430910811e+00 4.349394485649357378e+00 1.657593282449964511e-01
9.516511720060192303e-01 5.380099009334331939e+00 4.325811527104698406e+00 1.359565670190655551e-01
7.700519417676719991e-01 4.474218748501895604e+00 4.338178104423230153e+00 1.647893942327048333e-01
1.056777742029740841e+00 7.870553772354652367e+00 4.411262951712456193e+00 1.618639725380588423e-01
7.423964891397191179e-01 3.259252657587110136e+00 4.062029542533449167e+00 2.092049180297179123e-01
1.098364731871383615e+00 5.883181102086447289e+00 4.506543947771781689e+00 1.500998465128632053e-01
9.366895642195030014e-01 4.949971351298699140e+00 4.037282327267968540e+00 1.713626670843735322e-01
1.093939607687526516e+00 4.571242800279528673e+00 4.311496177830147047e+00 3.162353129680340880e-01
1.404790955905368177e+00 4.155002894885706510e+00 4.345289846740246986e+00 1.870076734738674307e-01
1.647025176489863796e+00 3.531809950768403983e+00 4.379333877488755356e+00 2.717125640566732114e-01
1.302775998576369831e+00 5.832679021897899219e+00 4.048113490951446458e+00 1.975017047692088634e-01
1.150848958930932087e+00 4.189207219872861820e+00 3.617370295130557079e+00 3.164074053800115527e-01
1.177450323248542263e+00 4.238141691741532213e+00 4.289014724698064995e+00 2.326928129695310654e-01
8.785723192689730565e-01 3.789712577068097943e+00 4.666331472535209635e+00 2.456360038978608051e-01
9.650811474727291062e-01 3.665459425579770780e+00 3.997796309151236738e+00 2.096694043021510856e-01
8.931989862336715547e-01 4.841391057856563762e+00 4.333363736409901357e+00 2.753160072072561304e-01
1.148477869515842631e+00 3.612181166676482924e+00 4.469145449464779318e+00 1.420795282232419354e-01
9.885276596712703201e-01 5.389599675026199854e+00 4.269148393734873537e+00 1.551576374271418091e-01
9.933709216266317643e-01 4.759735466474594112e+00 4.643634245397285198e+00 2.310520448718858810e-01
1.465397381451665204e+00 5.808376317898352070e+00 4.444872731953672051e+00 1.500689282062808161e-01
9.339890592020725357e-01 4.487530555962171874e+00 4.262456493630698340e+00 1.481274863779194484e-01
9.445204786599606939e-01 5.482132776891551096e+00 4.598348010024577270e+00 3.610677894025188239e-01
1.225970910583268347e+00 5.116617784583837647e+00 3.845697491701236981e+00 1.640414109100964135e-01
1.437698190442653789e+00 5.827617953686440089e+00 4.402445093444760538e+00 2.202140125084255939e-01
1.356040588119011181e+00 4.379941622129535972e+00 4.247589266315973333e+00 2.267430542882162281e-01
8.442555536303812946e-01 5.125892168806455373e+00 4.018358817145909256e+00 2.629673999286119002e-01
1.168362397166772038e+00 5.212341468545350409e+00 4.601715427306753980e+00 2.175776383169019945e-01
1.658894028787685437e+00 4.373455417846034088e+00 4.111512957787243572e+00 1.790164180555560147e-01
1.375508795457758282e+00 3.696720283497613835e+00 4.230797264109740219e+00 3.314846833796075698e-01
1.053250102025778068e+00 4.412703910705240595e+00 3.977572732468158900e+00 1.581030565428343249e-01
1.273421316471926801e+00 5.756291555325061537e+00 4.392419222101914045e+00 8.071026729065167160e-02
1.097365695447819256e+00 4.221543530119754806e+00 4.214190795506945975e+00 1.007804765027165705e-01
1.152485930586581997e+00 3.169715231805912303e+00 4.274719417320117287e+00 1.311239420384288645e-01
1.256182798881172902e+00 3.559534669479190505e+00 4.205807631792936263e+00 1.674136215116756865e-01
9.725643408151053437e-01 5.388685651023298107e+00 4.389622409813132897e+00 1.207523612869104840e-01
1.469269321292676178e+00 4.848901929969875013e+00 4.075955245291352114e+00 1.872637588244764895e-01
8.175866195854255558e-01 3.044903049151758356e+00 4.370063635021355530e+00 1.416071633959791742e-01
1.114055415683725903e+00 8.153882052380955869e+00 4.160033688099948002e+00 1.811408947285416682e-01
1.212287861499865560e+00 4.417074014156451511e+00 4.610185763732799202e+00 1.975622601209298390e-01
9.989462638494335245e-01 4.552498869528801784e+00 4.148141889162069162e+00 2.234951648450891337e-01
1.603521658895791457e+00 6.469048615266908442e+00 4.327537557350501274e+00 1.855445601823300372e-01
1.189218199926445063e+00 4.858825626377385021e+00 4.357324267979147514e+00 3.024087651716374503e-01
1.482962542923624616e+00 2.972838035350537034e+00 4.233439071022813138e+00 1.255612204370684382e-01
1.087653913888269930e+00 4.680106780728972460e+00 4.183078130526052263e+00 2.492275692864513170e-01
9.743876330074263681e-01 5.903302957862637257e+00 4.358336758605678263e+00 1.423400278573942745e-01
1.239228497542864238e+00 4.801449092478720537e+00 4.216775602564207581e+00 1.671463715834403674e-01
1.452087647353716537e+00 3.047203287840170916e+00 4.220702789091365759e+00 1.507269297808588315e-01
1.211128982698522538e+00 7.956690298950931606e+00 4.380512204993555869e+00 9.764439282194481429e-02
1.172739884169361035e+00 5.284905187464884690e+00 4.168564198700293488e+00 1.591537228787553160e-01
9.989153058803724727e-01 6.505875242194958830e+00 4.292283431192934984e+00 1.589482528733774935e-01
1.575301592265494266e+00 4.319953050123224614e+00 4.255128141430542854e+00 1.373864160536632795e-01
1.217126930594117473e+00 6.752314773382241953e+00 4.083566930214129975e+00 1.026364802386517394e-01
1.455877368150400253e+00 7.080401751400615673e+00 4.675995510898462548e+00 2.207083470994151142e-01
1.513548926210302570e+00 4.574822769786818455e+00 4.358920445004899946e+00 1.459051091530065292e-01
1.437096513728546077e+00 2.441225558654991801e+00 4.145634206589265069e+00 2.360463929208703737e-01
1.520060780446532922e+00 6.027775706499009623e+00 3.803211601089003135e+00 2.316881390616607472e-01
1.091564703683283399e+00 3.959769875188628774e+00 4.237550417427373262e+00 7.579812813007102967e-02
9.284243483091674243e-01 4.604533962265093372e+00 4.624622778861782635e+00 1.701562007562523737e-01
1.588685511026895592e+00 5.496274811180932751e+00 4.219641203480368752e+00 1.449067410587033533e-01
1.076944818892783928e+00 4.048792967969619738e+00 4.161983842260472244e+00 2.787313860962603029e-01
1.754507476696694157e+00 4.757201307688469605e+00 4.318397613588667028e+00 9.490889913514383158e-02
1.462350266066961613e+00 4.708056055953309560e+00 4.456779159200459084e+00 3.243690552090248147e-01
8.475967979493315152e-01 5.192596517234309594e+00 4.134289713631569718e+00 1.290950372257059220e-01
1.490395073761405120e+00 4.789247022153422684e+00 4.196906774597981560e+00 3.817294135643148900e-01
1.420148159697195878e+00 4.842689604445031826e+00 4.314686821510578696e+00 7.744135281465620857e-02
1.533656495629319050e+00 4.930766708696809886e+00 4.432722810923657164e+00 2.030922346905437992e-01
1.322000899874212099e+00 4.157139878887789131e+00 4.296594593906299941e+00 1.665938095765523985e-01
9.844780923115957760e-01 4.062129075182451921e+00 4.333520142146043419e+00 1.802344642210560732e-01
9.945802502384761823e-01 6.991169036083600297e+00 4.247708569837929105e+00 4.309109030031016419e-01
9.466984768654669313e-01 4.599539977530314516e+00 4.253991944546846149e+00 1.889059310628153354e-01
9.864405802479220275e-01 8.275074150182780031e+00 4.248123104887667978e+00 1.338165604152246335e-01
1.318929671788056313e+00 6.162744464957746970e+00 4.309660184432718921e+00 2.424121680528864009e-01
9.518599708517642144e-01 4.959868281309183224e+00 4.341182530850707266e+00 2.069697316521220409e-01
1.441202700946630832e+00 3.524162386246140422e+00 4.193495479591020647e+00 2.653682252563158150e-01
1.274932442328639892e+00 4.810950045107047046e+00 4.327562118669098012e+00 1.576813475234528639e-01
1.156179936927307361e+00 3.721222267315615007e+00 4.685127887318794038e+00 2.355160880781377308e-01
1.160448708323418732e+00 3.341233170612923686e+00 3.948062404010373783e+00 1.751236046645248123e-01
1.455340427583904139e+00 2.964755818598611370e+00 4.413072883551104830e+00 1.579769002065211370e-01
7.899162142987828927e-01 5.177316244974410786e+00 4.384205904876896653e+00 2.067141046967879425e-01
7.675062417884237487e-01 3.030018967081488768e+00 3.957077448542237974e+00 1.931848290714120453e-01
9.438870140600712499e-01 5.763155860379431061e+00 4.037208378641855333e+00 1.118606357937289575e-01
8.840292794642484742e-01 7.230421265002669351e+00 4.423012504801970834e+00 1.561926782574192263e-01
8.380443388328461252e-01 4.329813877970274838e+00 4.085975988800031544e+00 2.954734813314888742e-01
9.123175757647494777e-01 6.465757905771179814e+00 4.075410068208382697e+00 2.062732417097162263e-01
1.329275696532742135e+00 5.388270902333132994e+00 4.181774615914445548e+00 1.608104353809359233e-01
6.986937461349761458e-01 3.553606070183066734e+00 4.213851321214634460e+00 1.362653914513060616e-01
1.412228283063549750e+00 3.796660866162381964e+00 4.251997763865731805e+00 9.898768881172188838e-02
1.047155364410849998e+00 1.102988415694662372e+01 4.314227698277604439e+00 1.346022167682565107e-01
8.083006709623679065e-01 2.813184838963839862e+00 4.211791310361934215e+00 2.404053807319938285e-01
1.032186247398395595e+00 4.578086338702028968e+00 4.405618709672244115e+00 2.909668768149917817e-01
1.021061704537727266e+00 6.703211851395148635e+00 4.315162724717912290e+00 1.653072474392451030e-01
8.916853829888203853e-01 6.925021681159449827e+00 4.543850629163734389e+00 2.345711874066813973e-01
1.385590439996686740e+00 4.681645963863943827e+00 4.259777262238198858e+00 2.483510048788124813e-01
1.818686520691003450e+00 5.520273254850978972e+00 4.015570688999701154e+00 1.632314855941725540e-01
1.359585856499221368e+00 5.675268573666272687e+00 4.345658340792342145e+00 1.361169221290316478e-01
1.007611960145790686e+00 2.580107299293001422e+00 4.368000055422578853e+00 1.190721832830377719e-01
1.000085145732657610e+00 8.534891676340452094e+00 4.344866593327260773e+00 9.804383260911789244e-02
1.108574356991695042e+00 3.665298066965098744e+00 4.169577340628094930e+00 1.773211508707199235e-01
1.019542903092108155e+00 3.441375248637794204e+00 4.223895345304746307e+00 2.188325235714803085e-01
8.195598680173259432e-01 3.732686577645701220e+00 4.263509311232875909e+00 3.061115668063717488e-01
9.515125526506532649e-01 5.899686513722144809e+00 4.127601993131110092e+00 1.756357282062343539e-01
1.110561394402939106e+00 5.492401522607460507e+00 3.943040140594300969e+00 3.912460475063022081e-01
1.224812254060002825e+00 5.929266282816911371e+00 3.855137640822162037e+00 2.234932278453847510e-01
1.366765472892327082e+00 4.206269429889272438e+00 4.057987868881348881e+00 1.930196405961389639e-01
1.273948518964947763e+00 3.586566100215409669e+00 4.266640057258944907e+00 2.264455687576399368e-01
1.227104442334246759e+00 5.059646449584551675e+00 4.165316510586806409e+00 2.720900932702227104e-01
1.080551655916977660e+00 7.839624593362178651e+00 4.460140020917585879e+00 1.929140115835741576e-01
1.116368894412490986e+00 5.300702608899426238e+00 4.205102464905515980e+00 2.289669624126287883e-01
1.096396830227584385e+00 3.022419935348723108e+00 4.151058243429519123e+00 1.556362401827267039e-01
9.887714693471517657e-01 4.863162895011320153e+00 4.313474036397683342e+00 1.515963676048382724e-01
1.330905890158455174e+00 4.805710041884424299e+00 4.137009661891680068e+00 3.001528261559356925e-01
1.276251516666052632e+00 3.796531677804550142e+00 4.397687638658898557e+00 3.170359785828801846e-01
1.244007876856121131e+00 4.843804188550393519e+00 3.978892587526689173e+00 1.609726341562488505e-01
1.383937806123544556e+00 2.893899002249160191e+00 4.198535905274050961e+00 2.166575156596488305e-01
1.212578785024668093e+00 5.496665261816357173e+00 4.176139431269803026e+00 2.028917081861733307e-01
1.108977498277681217e+00 6.417988225116809886e+00 4.598951807413655501e+00 2.371732090992234865e-01
9.495543492667141150e-01 4.790537828656095343e+00 4.215068617409992058e+00 1.178320080305158973e-01
1.140845801079166666e+00 2.267848374371490117e+00 4.230662413805550415e+00 2.498378880642411759e-01
8.463473786371467078e-01 4.191874830286985265e+00 3.995948244927471915e+00 1.713499495577825715e-01
1.116522423552431142e+00 4.053261583995065642e+00 4.115361049081837308e+00 3.180637009151142114e-01
9.519521250123719192e-01 3.216307169662723009e+00 4.241261361605033642e+00 3.007940744885760354e-01
9.940833502636313712e-01 4.414722617136541238e+00 4.034524693066356527e+00 2.047472149812237796e-01
1.539530165869676059e+00 5.401484786262327198e+00 4.430414237735810445e+00 1.549142401983105155e-01
1.102642286666967397e+00 4.155433679773740785e+00 3.995512860630908047e+00 2.869613601616319842e-01
1.120639465868550122e+00 4.296687924578027840e+00 4.113822682128085440e+00 3.298413773818370531e-01
1.239140681044879955e+00 3.159773658780124617e+00 4.461714768118364205e+00 2.326744072923046247e-01
9.997726075061394990e-01 7.293463055041474519e+00 4.218061448117518708e+00 1.054946876731486655e-01
1.326647867662380742e+00 4.153842088596245041e+00 4.126373555494096124e+00 2.272638822581446727e-01
1.304572196893495351e+00 4.642384047564728000e+00 4.454593029923286096e+00 1.708032858388664199e-01
9.054002837227722589e-01 3.692175287170017306e+00 4.526418819060232579e+00 1.344929138935266888e-01
9.773403964049542925e-01 5.260391374297203271e+00 4.239246260815943579e+00 2.316860974752112390e-01
9.623889482876797352e-01 3.730858179999058777e+00 4.402275557648974491e+00 1.647350140384689632e-01
1.287373184304980267e+00 6.623743547091842210e+00 4.392735260976373901e+00 1.978140990543975353e-01
1.144886988130000116e+00 4.825851338287953318e+00 4.423130482920469397e+00 1.868749556165839598e-01
8.828055361740484441e-01 5.447066165251959191e+00 4.312106205110376678e+00 1.960962215437088429e-01
1.347125858135511223e+00 4.695653053498964447e+00 4.186886541764562431e+00 1.766904496985454431e-01
1.441707835374310021e+00 3.548247847569498514e+00 4.270702912440461851e+00 1.975253439851041848e-01
1.589331785337982472e+00 2.523519337850983923e+00 4.365542492417547216e+00 2.631671247125471069e-01
9.690667223648877782e-01 3.993089196504951310e+00 4.150389560000414590e+00 2.569259359579951774e-01
9.394791373543489588e-01 3.305442658819316648e+00 4.123541160275956408e+00 2.008326955671795588e-01
1.248290343767507915e+00 3.679350542320506623e+00 4.186624264450570010e+00 3.409641513954356773e-01
8.715519101903246302e-01 5.716856584415500819e+00 4.166374636738476411e+00 1.123024709852507574e-01
1.283734484389526864e+00 3.141318056339564624e+00 3.871098776671118014e+00 1.900887847966473143e-01
9.750287679426620224e-01 6.837953253811074106e+00 4.353874957178749838e+00 1.314875218458762540e-01
1.358102056789209477e+00 5.438582569390410626e+00 4.373147359473160911e+00 1.058517687672644036e-01
1.061356264088716861e+00 2.830137360356892451e+00 4.196015673655965728e+00 2.329294815063530921e-01
2.061302864213463870e+00 6.105406088577139734e+00 3.754721098983964556e+00 3.431887106458660908e-01
7.910296106468825972e-01 2.884406476034854006e+00 4.207119518358909183e+00 7.240594384376865256e-02
1.407299946694933412e+00 3.384433355659461462e+00 4.211097178484104475e+00 1.893924112884515787e-01
1.245688209658542434e+00 8.697090023060347619e+00 4.411620241279727850e+00 1.186945842423291625e-01
8.734725589336775897e-01 2.637856191923779292e+00 4.264464933143026215e+00 1.433026846792931353e-01
1.410442369087151482e+00 3.745664836410775855e+00 4.166782283515086505e+00 2.925917572616832940e-01
8.611028470336695717e-01 3.831110895320175569e+00 4.041877623090671001e+00 2.523660162648035388e-01
1.390688784094113783e+00 3.831036311961106833e+00 3.996372064095418786e+00 2.044785007139046373e-01
1.072794967853448744e+00 4.506353586495889907e+00 3.916327985289172808e+00 3.263361421908272386e-01
9.058526879719837055e-01 3.763391244734495267e+00 4.280931336201589055e+00 1.637772165359296650e-01
1.230827630453540156e+00 4.845190273370998391e+00 4.329013164863503960e+00 1.793918882961223482e-01
9.693402716843675382e-01 4.942502737982117367e+00 4.437310521529759910e+00 2.432263882133015032e-01
1.278041637237182115e+00 3.296287422209959406e+00 4.255380363685793199e+00 7.974620952573679977e-02
1.112455692696331599e+00 5.079587904550047384e+00 4.279452797978217760e+00 1.420419037348290281e-01
1.187781024209658254e+00 5.276669509688695747e+00 4.140192856034290436e+00 5.123181360476444235e-01
1.415658033989358522e+00 2.239459678208935323e+00 4.431086550005785440e+00 2.014258709592380014e-01
1.084282110224668472e+00 7.563410739308938702e+00 4.221653579009913670e+00 3.152795997049799293e-01
1.038785091300784336e+00 6.334792565747650706e+00 4.491759934757318717e+00 1.917151825124170927e-01
1.482961907089541231e+00 3.601640156985968844e+00 4.402844261108977086e+00 2.581070035318199785e-01
9.407734373741933886e-01 4.371171797228105227e+00 4.249324129575239972e+00 1.909866139575172039e-01
1.026539191077151525e+00 6.954815963161765424e+00 4.185582992814591563e+00 2.931141770842956018e-01
9.357710879449068209e-01 4.167431665097038440e+00 4.299150692092623238e+00 4.358926820785680722e-01
1.797144351803676932e+00 3.899744966472361352e+00 4.334202885965181551e+00 2.044187988329296268e-01
1.376712726818829058e+00 4.299022911127680757e+00 4.356564645546539438e+00 1.526421634438935582e-01
1.857734770553025383e+00 4.263217035304918134e+00 4.236840349834927189e+00 2.329728148880964300e-01
1.408763274643951791e+00 4.553372016331739047e+00 4.425284330431380475e+00 2.012094337375853192e-01
1.248673441075700108e+00 4.876153893704777254e+00 4.113170098106096795e+00 2.742896018917627687e-01
1.061932216993396905e+00 6.069784394169807307e+00 4.214525245021495614e+00 1.475453621872201970e-01
1.159205697843945337e+00 6.033196752280368003e+00 4.245552969387086151e+00 1.829814094255422796e-01
1.725245540164255686e+00 4.047013187331983453e+00 4.280372697383768354e+00 1.594069977256768744e-01
1.239314072515864895e+00 5.454973658860859054e+00 4.181399729390290254e+00 1.350703338100018025e-01
1.409113765363341431e+00 4.251951814264995910e+00 4.154768315554536962e+00 1.837215091295426872e-01
1.230906533761672472e+00 5.210880287273010225e+00 4.085813379202684281e+00 2.114130017577299514e-01
1.142570873088954775e+00 5.837486365985536274e+00 4.187793908704699142e+00 2.419918459464894811e-01
1.328320043384977334e+00 5.280725921331306694e+00 4.235340288706373357e+00 3.340254368041787325e-01
9.043111405356916155e-01 5.272168816947082171e+00 4.178226639910565865e+00 1.359748942586491982e-01
1.182196614904546639e+00 4.300119874609150017e+00 4.427212094587921420e+00 1.302193470256617081e-01
1.137111983673300353e+00 3.797303541944796024e+00 4.382791888703157390e+00 1.943822590931278405e-01
1.281274423642770000e+00 4.480847091791469339e+00 4.390775757789063150e+00 1.732560982584041009e-01
8.943116365243523047e-01 5.874499364337830265e+00 4.353873645082060762e+00 4.037996797105088964e-01
1.334018712321113798e+00 4.988338316674933992e+00 4.279060071098269802e+00 3.492625741524758021e-01
1.207711568528349488e+00 4.209613194214069765e+00 4.013084315932148094e+00 2.262084187415329961e-01
9.178285574176927586e-01 3.845616114939099717e+00 4.087899600195049388e+00 1.441453878973740221e-01
9.008994745762266554e-01 4.688468159292910720e+00 4.337284864474511004e+00 1.486853320026837733e-01
7.900281186647111209e-01 7.212622335353460201e+00 4.229077660952313522e+00 1.904576965262536614e-01
8.708272689233395036e-01 5.406460780315652137e+00 4.260631677121308414e+00 2.995532906321321520e-01
1.221166809674025577e+00 5.543962134044781997e+00 3.939085826469797880e+00 2.554089638227688419e-01
1.617538657053249951e+00 2.627423716621396288e+00 4.255776966584763343e+00 1.207036257437420490e-01
1.049010077538587549e+00 4.295865255559595752e+00 4.354197209041530847e+00 1.358727789309207012e-01
1.535305299027974080e+00 4.512251268904512891e+00 4.223022969339965016e+00 9.576828236579632003e-02
1.155641610531858321e+00 3.757766133381951867e+00 4.095855834305681675e+00 1.510912034679098848e-01
1.308541212470557102e+00 3.682330834245055584e+00 4.227519693659655964e+00 1.962518304561430282e-01
1.268458980913647727e+00 5.912055254077134059e+00 4.111022179655874353e+00 1.114981912052875612e-01
9.572237654923090311e-01 4.165314428451736717e+00 4.185813616466211862e+00 1.792090247879633835e-01
1.453094149382336608e+00 5.619221004308899481e+00 4.168748775686081487e+00 1.341348744670991522e-01
1.244651048558373718e+00 3.216152521590461166e+00 4.276404963699265593e+00 2.110269742610885735e-01
9.323235179816770080e-01 8.885598178359304100e+00 4.361531518596032164e+00 2.356985549155175830e-01
1.689705426687308165e+00 3.516152152517542540e+00 4.226961946199037534e+00 1.655905445373616058e-01
1.031451576630842748e+00 5.392690426623995670e+00 4.355190038361690164e+00 1.526770785688926213e-01
1.189790408368624597e+00 2.100741240880541483e+00 4.380743669419530306e+00 2.449975594451945793e-01
1.262892379272311016e+00 4.398820571003393631e+00 4.109030310104429873e+00 1.761201432334533745e-01
8.826246946111383496e-01 2.874528702424170579e+00 4.287831026671228507e+00 2.578881849692805650e-01
1.135631651309610968e+00 4.962131338683356319e+00 4.276587825823439104e+00 1.871154344450378093e-01
1.199681637764165032e+00 5.029893788062802074e+00 4.400824422551843362e+00 1.572526759414292208e-01
1.247250589616116567e+00 4.756539388113222522e+00 4.334940091227733383e+00 1.211948341570164983e-01
1.052765599411618958e+00 4.757572940883015633e+00 4.352486152461918500e+00 1.798982999185779474e-01
1.209773407117796351e+00 8.204034683232178438e+00 4.033773329326315604e+00 1.160738417104492382e-01
1.184613149361360529e+00 5.662042087922859679e+00 4.542321817937839512e+00 1.647371848519397497e-01
1.134076960804688561e+00 8.180751810237190114e+00 4.335244623641259842e+00 1.879922161520845292e-01
1.254338084158865163e+00 2.628818286600203447e+00 3.986182779587875480e+00 1.609921204528864669e-01
9.610792233315368360e-01 1.017536702899429280e+01 4.370338895860684580e+00 1.140097153738963698e-01
1.539623336105129026e+00 4.508701756997062660e+00 4.178459322930133446e+00 2.702863608087652247e-01
1.084856876196599540e+00 4.562611335490470488e+00 4.439651349028980398e+00 1.390806292881626993e-01
1.257668835169943211e+00 8.187805341729383457e+00 4.482385153757365792e+00 1.210623495124343307e-01
1.037772417167038386e+00 4.245566131764265450e+00 4.121289771764338639e+00 2.356317462136358898e-01
1.092238548506251572e+00 4.833260825574321906e+00 4.303360064969556475e+00 1.621634701535428214e-01
9.723286498424452695e-01 6.591827805658304840e+00 4.533377998246169049e+00 2.800269240221616718e-01
1.403595344135525336e+00 5.176360365002496522e+00 4.252139140784108484e+00 1.349056600120032423e-01
1.164739038134001703e+00 5.464791652741616268e+00 4.128678412125902142e+00 2.564427807345182053e-01
1.240522920590649836e+00 7.582198715976047332e+00 4.394807495817079079e+00 9.828054988369283596e-02
9.478902228960313092e-01 5.170628688764941749e+00 4.220327312377777140e+00 2.669241675952533921e-01
1.269306472831531307e+00 4.700677696105705294e+00 3.901660668950231781e+00 3.006503742791183376e-01
1.292870952018424724e+00 4.789614400496163604e+00 4.399233875608450361e+00 1.341526689988906673e-01
1.372165660180678870e+00 6.827817395678441592e+00 4.007927002676576755e+00 3.327813887664258230e-01
1.148491767194312896e+00 4.143600732586695479e+00 4.172017668396566847e+00 3.096124563333549351e-01
8.779269607764045302e-01 8.096249696694680864e+00 4.496631473981014260e+00 1.971833992836333760e-01
1.202264531670782288e+00 3.347123394394760254e+00 4.208710839046403862e+00 1.982321306313647724e-01
1.290992673987985118e+00 4.544735500007906381e+00 4.324938504075521273e+00 2.010990496805387662e-01
1.089067906916363349e+00 6.163776228875376795e+00 4.414048309738383580e+00 2.024893268793356294e-01
1.203341896820447898e+00 5.907404021430457064e+00 4.496427828948701411e+00 2.548058379651713667e-01
1.216468885221023255e+00 6.023315606380307941e+00 4.288559889286312377e+00 2.431608930682703784e-01
8.670677374835469298e-01 4.292488047661848327e+00 4.412954854012398620e+00 1.847832116967633165e-01
9.713397092343118988e-01 7.412962942482512751e+00 4.605043609611676025e+00 3.916697956769766287e-01
1.242052284095575221e+00 2.433787070966078492e+00 4.364632663870470886e+00 1.346460352586451859e-01
1.283733678385926558e+00 5.324013835175812837e+00 3.870406357789471841e+00 2.197236286061936550e-01
8.224946610278504044e-01 4.868712339367453623e+00 4.136834356918153155e+00 3.166891776896502697e-01
1.313376136060991461e+00 6.082735991391104768e+00 4.147875206206132148e+00 1.865336875167749320e-01
1.089732493483581033e+00 2.214301787402529698e+00 4.362970422916595759e+00 3.059247455761536227e-01
1.065054348929761252e+00 3.336906329236648538e+00 4.207366616847105334e+00 3.112998435362402949e-01
1.382600300210400590e+00 3.740858338769744051e+00 4.482242350282279908e+00 2.786098663504573691e-01
1.318117773936173576e+00 4.415142897546266987e+00 4.282632289230419609e+00 1.789545727002890829e-01
1.767953823439340155e+00 3.964639923987895109e+00 4.400232468071372693e+00 1.349917689675192989e-01
1.063891194970413068e+00 4.649663596721039127e+00 4.264013454331312403e+00 2.072449412602633545e-01
1.564222189610560143e+00 2.627762497643459927e+00 4.368934558762100018e+00 9.640089984341088103e-02
1.228487750735112627e+00 4.033029781663338476e+00 4.542750694373346221e+00 1.743404936803483185e-01
1.259653967546370712e+00 3.730038788624886692e+00 4.296592180634292824e+00 1.527910646065153699e-01
1.129606041451204801e+00 4.607167661466176511e+00 4.167283249137351042e+00 1.331846278932118655e-01
1.014739578827916322e+00 5.431335161667782963e+00 3.681984288218431267e+00 3.260590425937947012e-01
1.019542903092108155e+00 3.441375248637794204e+00 4.223895345304746307e+00 2.188325235714803085e-01
1.151172758107116945e+00 4.939490240518098041e+00 4.405358692178626967e+00 1.740619702542778036e-01
1.200312389938045454e+00 3.160617629707271448e+00 4.459593693670300674e+00 1.474883235518997804e-01
1.010031820840805672e+00 3.544762224339308876e+00 4.165556264158665201e+00 2.992391205988334524e-01
1.095776359688130697e+00 5.713532404477266624e+00 4.027746192052582330e+00 1.610098618687610394e-01
1.208037055290914985e+00 5.206460925673867202e+00 4.012618495377728856e+00 2.165406253314982599e-01
1.215942562387724024e+00 5.256383834229400698e+00 4.432225711825877212e+00 1.517081836520561833e-01
9.955255981823735167e-01 5.109907483378755444e+00 3.994259169991507097e+00 2.521938440932634529e-01
1.041413870335365921e+00 3.579844914414487267e+00 4.238711516706513471e+00 1.845234812776630762e-01
1.366368234267510529e+00 4.563345571435849735e+00 4.271656721577415716e+00 1.199912365464744779e-01
1.106975365637278497e+00 5.767717728102987884e+00 4.364948214541730209e+00 2.392192645895035996e-01
1.382381462081493151e+00 6.418978572315433340e+00 4.435845115587245147e+00 1.801994609440756845e-01
1.211980159318573058e+00 3.880640339609557898e+00 4.338919238184819172e+00 6.410274883832252357e-02
1.338242612155066125e+00 3.300953577051527699e+00 4.418884581385877475e+00 9.716777656365888083e-02
1.031222685261627525e+00 7.245233775217467809e+00 4.353713522565962890e+00 2.902264560151476269e-01
1.336788877873732240e+00 4.512637951279197424e+00 4.245880762945165365e+00 2.313311760602188571e-01
1.052231085394970567e+00 3.227561008536381948e+00 4.244356178426746951e+00 2.727665689203224164e-01
1.013373899098982678e+00 3.424832991185889242e+00 4.501951531018407948e+00 1.502632339010799845e-01
1.201493749097727326e+00 4.308065404240836394e+00 4.401484964428317603e+00 8.852296456054448148e-02
1.429233965063958056e+00 4.799179241020230968e+00 4.401528697948974944e+00 1.295020879528403224e-01
1.189884784833453057e+00 6.264235117859125346e+00 4.637098434535681157e+00 2.380253678974875720e-01
1.174730834192093232e+00 3.195894333884369498e+00 4.095938416698110096e+00 1.625796011882133796e-01
1.000850587767734945e+00 3.341104724752170796e+00 4.220052935492645929e+00 2.398572664831023771e-01
1.258627600665564117e+00 5.614490541893782272e+00 4.393437626155500375e+00 1.613234489623927292e-01
9.409762788628643904e-01 5.139123080686022860e+00 4.157123268526765614e+00 2.397355769782283930e-01
1.165904312130269238e+00 3.922112566969824243e+00 4.506918594011313672e+00 2.292730639776591195e-01
9.274746798196481512e-01 5.291162890011921860e+00 4.320307807962332269e+00 3.126725603679871290e-01
1.496811397737002114e+00 4.077022941646366583e+00 4.271659989002682067e+00 1.044492279998819328e-01
1.437368687719278171e+00 4.964472669828851714e+00 4.098230942203763050e+00 1.067111349712654284e-01
1.022403897992910204e+00 4.930523000525058208e+00 4.182057411572280614e+00 3.396772782708836202e-01
9.563515365132490009e-01 4.534375065431501817e+00 4.153524669393760860e+00 3.274376531265946189e-01
8.684603949061158179e-01 5.663823435167304687e+00 4.379169731233520046e+00 8.496487746851225098e-02
1.270194281652504698e+00 4.180344326094516560e+00 4.063589273895379606e+00 2.544171187106065712e-01
1.247977764927871824e+00 8.903147521621034954e+00 3.972672688081591907e+00 3.353276974960611723e-01
1.117036566968605316e+00 1.031224910308301901e+01 4.416812583464075459e+00 8.486012976069477742e-02
1.402310444862449934e+00 4.271717015224996139e+00 4.417593258471052664e+00 1.598562172600217213e-01
1.036694993014807054e+00 4.940081223581537451e+00 4.373236248133676618e+00 1.712306766664264401e-01
1.120598794854785973e+00 6.014488384094224038e+00 4.263757304863327491e+00 2.253882028156592721e-01
8.833406320216211638e-01 4.672242185697027317e+00 4.262608398810309396e+00 1.064792653320990323e-01
1.124971557602530314e+00 4.085634798029349923e+00 4.226337319130170300e+00 1.806042482393134530e-01
1.195170552481308324e+00 5.673516359308351298e+00 4.351349779575045318e+00 2.064870770189065619e-01
1.223099628074971967e+00 5.623445747054098831e+00 3.987885600581952072e+00 2.409378112671576311e-01
1.016635679986449103e+00 6.031881318796367353e+00 4.525032296489031935e+00 1.593350539160141577e-01
9.212887034694774435e-01 4.241909240359601263e+00 4.378368735455238969e+00 2.315180043045240721e-01
1.025025594792008166e+00 5.428949925953664213e+00 4.201513775694594166e+00 1.170865461634353344e-01
1.105100984959894950e+00 3.075780670399384853e+00 4.186189775891206111e+00 1.511571722325626144e-01
8.378517333544509560e-01 3.055221560298957417e+00 4.380936807669786326e+00 1.582932470563444549e-01
1.361492529798900231e+00 3.420843232511783238e+00 4.127178753326854910e+00 1.393599892101812787e-01
1.043102572016068930e+00 6.824137757287434880e+00 4.217591517713775495e+00 2.016446622643391362e-01
1.150934892734093662e+00 5.180712371823362083e+00 4.507334812223409592e+00 1.973055172950546055e-01
1.121940625889464638e+00 2.672964801794643463e+00 4.300629200823248510e+00 1.748563946467626973e-01
1.120234943007414108e+00 4.378438393477141588e+00 4.013155318344227673e+00 2.078766600408578080e-01
1.213268882741151078e+00 6.044451984083945462e+00 4.232349196129334246e+00 1.797233373309703730e-01
7.274997437826224989e-01 2.686211852516087184e+00 4.201607496640590966e+00 1.862852426665171091e-01
1.193386603287176717e+00 3.971789782915270628e+00 4.233858889359745525e+00 1.429504870928223759e-01
1.231304224378237722e+00 4.977238587610728793e+00 4.009518759549568934e+00 2.266875283982490441e-01
1.353462352068727004e+00 5.368129105356644892e+00 4.347834903852515254e+00 2.332651951790969125e-01
1.170850488700007519e+00 4.942531780703053101e+00 4.430551904525136031e+00 2.024684436619923755e-01
1.117832555892012136e+00 4.974911345521357831e+00 4.233642062545828644e+00 2.179210355111954045e-01
1.313376136060991461e+00 6.082735991391104768e+00 4.147875206206132148e+00 1.865336875167749320e-01
1.374747775887390722e+00 2.658808214504342793e+00 4.569436266725944051e+00 3.693377112216035818e-01
1.088491484230702522e+00 6.658314298614165239e+00 4.353131870206936149e+00 2.952748469349745220e-01
1.404086211702023190e+00 4.123289172976288164e+00 4.342568682491441123e+00 1.541241840351493808e-01
1.031150369014091517e+00 5.406465799309121856e+00 4.220523922357890534e+00 1.032209244312588953e-01
1.609386588509127414e+00 3.091782193939223600e+00 4.321856181030045541e+00 1.830777254962162037e-01
1.211949967080307777e+00 6.774199076095203331e+00 4.191604528033889387e+00 1.676908193405434455e-01
9.748786202988374283e-01 1.002468944173781651e+01 4.199358766719639924e+00 1.755419526620829451e-01
1.200768884749695342e+00 5.763634966256252490e+00 4.375975376096151059e+00 3.049727739677672300e-01
1.176182045389860820e+00 5.988421420676069751e+00 4.426291978041442476e+00 1.950122592960821244e-01
8.482251470646022806e-01 5.798310842411649624e+00 4.264725085496301027e+00 2.747848638655332465e-01
1.429713609256752171e+00 4.908962806617872765e+00 4.382070717762768020e+00 2.395785356735504468e-01
1.246997514052953449e+00 5.708968846259066865e+00 4.377238296616299706e+00 1.810673668175939999e-01
1.249105700604161040e+00 7.313717085594086065e+00 4.305392516585222040e+00 1.213338515741046730e-01
8.743976347067687893e-01 6.366007866673962567e+00 4.373437876957275705e+00 1.844514202307098727e-01
1.252962533885102259e+00 6.275416491434317123e+00 4.388738970899640712e+00 1.453424640947197644e-01
1.078980142769151218e+00 5.010645981621614453e+00 4.337671504153500557e+00 2.132647855062324016e-01
1.191061553760531133e+00 3.304202739323315097e+00 4.370391551815637321e+00 1.324061673648466719e-01
1.100778976066405290e+00 4.722700198433535945e+00 4.382495706561131854e+00 1.853941401192286953e-01
1.401313041147911331e+00 3.967698644618287140e+00 4.407645004999386273e+00 1.228849522762223007e-01
1.368379572027264013e+00 3.297809186967966433e+00 4.497445324979637782e+00 1.822089966042997333e-01
9.405344744340103924e-01 3.705953458427523550e+00 4.229594941451114032e+00 1.357796564730551769e-01
1.614003427601024443e+00 4.201611107221954633e+00 4.256105607308279914e+00 2.271606805463156631e-01
1.509587553621790867e+00 2.485128024824089454e+00 4.454658764888224987e+00 1.753182302957243255e-01
1.080088343907478210e+00 3.268294140886020216e+00 4.114221603757659551e+00 1.200474065031159471e-01
9.590297483633060116e-01 2.906200729693646512e+00 4.374551377965429033e+00 1.408876364597136388e-01
1.344571204848154178e+00 5.722769519729657972e+00 3.961841723712190788e+00 2.619720027603125168e-01
8.741688605242209364e-01 3.751439489573425767e+00 4.396159571499065777e+00 1.120685198330010623e-01
8.560821041273094512e-01 5.841427385872232314e+00 4.118550055423854772e+00 1.920854928068910228e-01
9.991462205688048659e-01 3.518824299786251331e+00 4.351019272958194684e+00 1.368903945394961408e-01
1.217215928150664039e+00 5.366836439768040812e+00 4.156562651146770371e+00 3.527167333205437627e-01
9.557762859700982272e-01 6.288146551797964001e+00 4.276953203754382926e+00 1.684432846465105382e-01
1.318381998872651506e+00 5.803240242538945992e+00 4.061477231886839512e+00 2.615110004249504572e-01
1.383900191249211709e+00 5.677237132286053978e+00 4.303811071323760729e+00 1.809893695716357220e-01
9.331093122134735962e-01 3.285067369662994174e+00 4.376091654716717905e+00 1.770400955435892099e-01
1.108429322452733512e+00 3.515792210347658653e+00 4.150921852655056199e+00 2.010379627834583127e-01
1.288553203227597033e+00 4.292590217106730499e+00 4.398032421491993915e+00 2.912946848643145903e-01
1.155307543624678246e+00 7.931930985427298353e+00 4.294818105479128789e+00 1.281509549631706657e-01
9.948694952996903762e-01 5.581371371001142556e+00 4.531157851406659276e+00 4.019406793604269890e-01
1.051952573351372600e+00 5.141487392441766779e+00 4.133875430287086594e+00 1.484193080194970427e-01
9.522325337358256148e-01 6.934233626951177065e+00 4.467950858513280110e+00 1.646759676137098949e-01
9.685261636498189164e-01 8.477688838229264334e+00 4.747641446332632853e+00 2.957031180431924366e-01
9.130032803825198773e-01 4.474029056261333182e+00 4.113286554728612820e+00 1.205303582469223478e-01
1.070088067707492874e+00 5.953777515463458236e+00 4.337291715673180725e+00 1.879418297835989959e-01
1.240747084139502743e+00 3.742305292407746009e+00 4.130066317371613671e+00 2.221415366184539830e-01
1.159259394522736297e+00 3.958306108967762249e+00 4.033011213442170728e+00 3.396275868160062439e-01
1.361231695760825700e+00 6.295072865837613385e+00 4.290143905253139600e+00 1.675508815491225378e-01
1.380427142599838231e+00 5.846191259245935079e+00 4.253730076889113754e+00 1.476131214655351243e-01
9.918191241733914643e-01 5.783831069162665095e+00 4.478161943430413849e+00 3.040916047562673974e-01
1.483571345314828482e+00 4.175379903846168084e+00 4.097659913191887604e+00 1.966694587292256713e-01
1.185446639942872249e+00 6.159196291699557513e+00 4.101511272453190138e+00 2.157791987563533187e-01
1.390718934331905743e+00 7.212888539167911617e+00 4.396055369150207781e+00 2.017694433423992406e-01
8.488424420500351175e-01 2.984126151115895631e+00 4.186344102757080243e+00 1.010022946547981387e-01
8.503894342553556251e-01 3.807316920978155217e+00 3.881126762248390261e+00 2.813901797219331979e-01
1.148542915873983050e+00 7.936142199101236194e+00 4.388054092325002209e+00 2.268282028628575975e-01
1.247279927268279520e+00 3.889176775001455422e+00 4.226283713467086756e+00 1.097917943726027384e-01
1.248399406345902518e+00 5.697964740405661033e+00 4.135781869245730213e+00 1.660516965772044773e-01
1.305800710681623844e+00 6.266078982150920851e+00 4.383075817342295011e+00 2.142781787806450067e-01
1.116003604910862146e+00 5.286629976029634470e+00 4.455722881523253243e+00 1.441842218306872980e-01
1.107888776304126965e+00 5.810660180635041527e+00 4.137585630815620696e+00 3.034164528672578243e-01
9.480982649063495193e-01 3.389362266590800754e+00 4.567155345727196725e+00 1.943339391469552369e-01
1.192521690835641301e+00 6.323712291978707434e+00 4.083048929230195689e+00 2.402595679718646238e-01
1.460025629498473698e+00 5.652395566751089007e+00 4.043941642090583599e+00 1.344326229472290468e-01
8.572935302970292604e-01 4.368927631971157410e+00 4.486325127814381197e+00 1.700982867346298721e-01
8.564747744458294232e-01 3.346457575585293664e+00 4.178659209146569076e+00 9.316536996661479997e-02
8.107607521740310963e-01 4.529058848846564622e+00 4.327549714990991170e+00 1.769288728268421929e-01
1.164373606397143268e+00 7.683903337341615902e+00 4.130905782537378279e+00 2.942905445268653719e-01
1.429661931204123659e+00 4.959122860986026282e+00 4.186905316609919936e+00 2.126577152240979318e-01
1.026881319422880745e+00 6.847846099246835294e+00 4.200647924135233247e+00 3.165787478304071811e-01
1.206395706418610825e+00 6.170855679653636017e+00 4.056286239560933815e+00 2.382176647376043621e-01
1.253149897743684127e+00 5.114973177329837917e+00 4.697655251232675688e+00 2.317473718698900287e-01
1.188040319168215841e+00 7.530694294863310212e+00 4.015688752876751089e+00 1.388454658626614435e-01
1.142674424157761770e+00 6.452324610455871579e+00 4.269089893381377010e+00 2.363703763197027574e-01
1.129530370240146464e+00 5.685601656364000611e+00 4.135601104639711423e+00 2.090155962451193117e-01
1.222923095713370767e+00 5.676692626844261014e+00 3.993902378304516887e+00 1.584547755495216426e-01
1.387540891095454976e+00 5.255142064567061233e+00 4.142102820830588783e+00 1.782962486785650280e-01
1.584127016312018466e+00 5.233671264593477090e+00 4.295053235447200635e+00 1.866721444803687568e-01
1.080262465798355276e+00 4.013075774999810719e+00 4.298159986563232948e+00 2.931208172699257264e-01
