# Hierarchical MCMC downsampled to get 500 samples: alpha, mu
1.466115930917695431e+00 3.419568624639805599e+00
1.135049429426280732e+00 3.383576132839090533e+00
1.542604048653225979e+00 3.617378757089309005e+00
1.292825407460217457e+00 3.510754352466786798e+00
1.182068990338858372e+00 3.322660562755432423e+00
1.387856001095899128e+00 3.407843997185779017e+00
1.361636665183316719e+00 3.629584484817589107e+00
1.597237746570279393e+00 3.449713597126015330e+00
9.936103288732222039e-01 3.542392623613602520e+00
1.002818614596832303e+00 3.141658730564589774e+00
1.111034190916464715e+00 3.510340365431458221e+00
1.086386025464215477e+00 3.393150700887100690e+00
1.169292102776441800e+00 3.322471818526691045e+00
1.823871722315764998e+00 3.393152072295520405e+00
1.390757426797693652e+00 3.429892325854933421e+00
1.290367852140741567e+00 3.359204774088569767e+00
9.404428009863518012e-01 3.336067982308635660e+00
1.378920252534166391e+00 3.429494923496361203e+00
1.140701717127460046e+00 3.495137078854908541e+00
1.250407557217945831e+00 3.489834506495654409e+00
1.166033263106629692e+00 3.639208819056114042e+00
6.624849950343331129e-01 3.413937381687108807e+00
1.134336784534716092e+00 3.380550320402711861e+00
1.301817648390417137e+00 3.462414231540492437e+00
1.237024389025306315e+00 3.950935334221470363e+00
1.224409602089642668e+00 3.355406826163045864e+00
1.330184235502123169e+00 3.599308792369039001e+00
1.336207586149583237e+00 3.596790384935400819e+00
1.491606813148292909e+00 3.455389110901922134e+00
1.419117639834234668e+00 3.249503810657698999e+00
1.854096636032427581e+00 3.307880094551253869e+00
1.361662997820095145e+00 3.360913789066416246e+00
1.110200333994082245e+00 3.445804861616317716e+00
1.245204102694764003e+00 3.261830578934201696e+00
1.263174064924262430e+00 3.443998584852748124e+00
1.063616436581248825e+00 3.439063434812773767e+00
1.150943665032577057e+00 3.464939497964289572e+00
1.283740421306979407e+00 3.373728423858355363e+00
1.045909580710405962e+00 3.242401797027417487e+00
1.010236238683902998e+00 3.288581148930973086e+00
1.168164300585230020e+00 3.486671345670535160e+00
1.142834783995145598e+00 3.105666957319713539e+00
8.730747088198589356e-01 3.440878844179546814e+00
1.074546748622579706e+00 3.624821665877345556e+00
1.036188614281205567e+00 3.493082488795048235e+00
1.169221160565053985e+00 3.771731755083685300e+00
1.416524382612430522e+00 3.348332109722473859e+00
1.375289655359620333e+00 3.369860725830131187e+00
1.231632129130853182e+00 3.378469495253727306e+00
1.460266271188255915e+00 3.381812617777231633e+00
1.445927698161193042e+00 3.331384473648220101e+00
1.032732694514554073e+00 3.447477640628991757e+00
1.158681367163660436e+00 3.444677420198705153e+00
1.377772971890304898e+00 3.659855883516575759e+00
1.080300891294651455e+00 3.439257473625425998e+00
1.288420830861388922e+00 3.525966768371331383e+00
1.002937417104486473e+00 3.408004334805974977e+00
8.697487642729593293e-01 3.465636242650281584e+00
1.021731619919913125e+00 3.493826119354324078e+00
1.488326648328246904e+00 3.481099847270340497e+00
1.606591338239808486e+00 3.493713770884135705e+00
1.352502751433580785e+00 3.374769752338747431e+00
1.071723920979098521e+00 3.339952306938332338e+00
1.189978444575801486e+00 3.435971200151912708e+00
2.012573599910628452e+00 3.209279879130527924e+00
1.000616077368275958e+00 3.289298241359111863e+00
1.267711467290586036e+00 3.250061532634225703e+00
8.888014409387251513e-01 3.507361329157975938e+00
1.339904425924857811e+00 3.266779689091780181e+00
1.200712635974657161e+00 3.368024736764524629e+00
1.582776765303456790e+00 3.579153245162813413e+00
1.107265167554494889e+00 3.433596019370924513e+00
9.514009161382492863e-01 3.331394316969685576e+00
1.172955590649066959e+00 3.247438656121802936e+00
1.057681588783537574e+00 3.656933999811732505e+00
1.145929401252118174e+00 3.505488272701330565e+00
1.766804721073122586e+00 3.528861824579282658e+00
1.142568968647149630e+00 3.582517279086894213e+00
1.085760740525777424e+00 3.130222877719130548e+00
1.345593478926710329e+00 3.397766346949871341e+00
1.019429931133514211e+00 2.959448430092278315e+00
1.189022283770694521e+00 3.535450502816416041e+00
1.271334265257191953e+00 3.559104957807288638e+00
1.233561234396632900e+00 3.421025442887973167e+00
9.649672722934926616e-01 3.257740509827094844e+00
1.050165071927490201e+00 3.669985184578079540e+00
1.226276698332072312e+00 3.252288004762117879e+00
1.435984743158218446e+00 3.519244204002907050e+00
1.680554168384022384e+00 3.287826746189101534e+00
1.088965217732573931e+00 3.778895598965006819e+00
1.170969721439114819e+00 3.248137947017550875e+00
1.010236238683902998e+00 3.288581148930973086e+00
8.261627043296477790e-01 3.405943356226044827e+00
1.367880159689633945e+00 3.335809765743327215e+00
1.065045780945357068e+00 3.540818633388047587e+00
1.191874007453275652e+00 3.513743224029539203e+00
1.089712432475844262e+00 3.520633151846896514e+00
1.078807766950651947e+00 3.387460984019782906e+00
1.242053263010400421e+00 3.466051853488588019e+00
1.171500758600043435e+00 3.382171349823503093e+00
1.322782616487731877e+00 3.523429178469950518e+00
1.005784120687493566e+00 3.378972998992948007e+00
1.128162696089647143e+00 3.451391987189280197e+00
9.792872453220058393e-01 3.521580774039927419e+00
9.656237590930994985e-01 3.365559652840220739e+00
1.748522869452038053e+00 3.563227887524936577e+00
1.565131148441222253e+00 3.345265932542019538e+00
1.647593109335632633e+00 3.414942140805769188e+00
1.489205882083558752e+00 3.440156968570707186e+00
1.117990612451914556e+00 3.281331149141681447e+00
1.082814209853842913e+00 3.626486254603586090e+00
1.200143448139160851e+00 3.343195839888355891e+00
1.213625270317103544e+00 3.098090752257072644e+00
1.242449600848694935e+00 3.399135560484364049e+00
1.176803593762945521e+00 3.509819644494249768e+00
1.053265564150948741e+00 3.283992183220283412e+00
1.392841527632058707e+00 3.624098458418181679e+00
1.011106687784547153e+00 3.589301325449540947e+00
1.276392432033279567e+00 3.411861290364549326e+00
1.287039442269408251e+00 3.569399599127506928e+00
1.868637781245378271e+00 3.502976055782491827e+00
1.665533953419278346e+00 3.259521897996897177e+00
1.066488240754993821e+00 3.305474400349209585e+00
1.679632357973283030e+00 3.484699458527429794e+00
1.362167888705223762e+00 3.508231116296851582e+00
1.270544975853308722e+00 3.405837477722461148e+00
1.043153795174258214e+00 3.453776660782803987e+00
1.274487601730349695e+00 3.329901637507612477e+00
1.069059957911125514e+00 3.475664127508502510e+00
1.521380051274529022e+00 3.611620227119673565e+00
1.087060122320387734e+00 3.390987146356363890e+00
1.265814943520277014e+00 3.347737028242723234e+00
1.388253655624792415e+00 3.135836911201287158e+00
9.521650537610772957e-01 3.390399204345264650e+00
1.623187829923841807e+00 3.550031662459643300e+00
1.118707327303775756e+00 3.577278975408745954e+00
1.308666927873052055e+00 3.346844997062995208e+00
9.847901650755602754e-01 3.411881259465562088e+00
1.573055103814681832e+00 3.561250005799051710e+00
1.307358165153487572e+00 3.452234166745795640e+00
1.441435367723105099e+00 3.512033034404891119e+00
9.372676413609655199e-01 3.448779834918727971e+00
1.243178585349991039e+00 3.522370311253589126e+00
1.315593316673251634e+00 3.226558508491298660e+00
1.329733834466481079e+00 3.366863755251488843e+00
1.306272491319334872e+00 3.329201293036867515e+00
1.450742810207775957e+00 3.487291410721895080e+00
9.739514526428382224e-01 3.388310435015752464e+00
9.704979933488782073e-01 3.396376764421147776e+00
1.340599580108838396e+00 3.291624094007994827e+00
1.598187918116622086e+00 3.671909161581413450e+00
1.350304469904562321e+00 3.750576178858244791e+00
1.678671642213676041e+00 3.347008359729255034e+00
1.375483522208980736e+00 3.534183915166916545e+00
1.370282443186424670e+00 3.270543178520412653e+00
1.409819917462942662e+00 3.592592029858509228e+00
1.308303166401892037e+00 3.364154824313923431e+00
1.285054705890966709e+00 3.308342174511201605e+00
1.598391200884251795e+00 3.550948162227788529e+00
1.896100144636914564e+00 3.569301344927752417e+00
1.151143147418629553e+00 3.501772069045079316e+00
1.080617947198549311e+00 3.384719851680535019e+00
1.006303175663086025e+00 3.433855258743174321e+00
1.719298711330261131e+00 3.400803119975129629e+00
1.022448365741388754e+00 3.405076479213493545e+00
1.540976894737637881e+00 3.471685161410580367e+00
1.231252162398828176e+00 3.461289887760126582e+00
9.872183933322687954e-01 3.280354901050106076e+00
1.678389267483786140e+00 3.354432518862078272e+00
1.161886615352067498e+00 3.352126752677205612e+00
1.967784893330140505e+00 3.281510057316348483e+00
1.209204259106346324e+00 3.373204035487132213e+00
1.152024002961784310e+00 3.393491237208290379e+00
1.350884967216891885e+00 3.197188563250734639e+00
1.212097131330764022e+00 3.062702415207699147e+00
9.854970703376600971e-01 3.386264233213256869e+00
9.037438929032026724e-01 3.457532238896089627e+00
1.177544589809401243e+00 3.486721230437120678e+00
1.696635232966210216e+00 3.414214218125720457e+00
1.019710576038802552e+00 3.385568736145421198e+00
1.341182942831896874e+00 3.467170924953313360e+00
1.103174956848923971e+00 3.493546500168954072e+00
1.281713911228254066e+00 3.618267456885184252e+00
1.296448182600329790e+00 3.425193810673575090e+00
1.359683301485121509e+00 3.329566326380909658e+00
1.257530291475217110e+00 3.302746745383602356e+00
1.145017141567008068e+00 3.446556529229162003e+00
1.399981121398105044e+00 3.226420337077180456e+00
1.176327645902542907e+00 3.792004620283091043e+00
1.008787004326973991e+00 3.524133799298269754e+00
1.154231587469095599e+00 3.325624392735725632e+00
1.590506876567224337e+00 3.574730927690446869e+00
9.470049525609464114e-01 3.306059174324795347e+00
1.727344819428793921e+00 3.429058775499945533e+00
9.138169727140752485e-01 3.308037557256809702e+00
1.212661935086057463e+00 3.381367313688372178e+00
8.832718748199360759e-01 3.258511536726639957e+00
1.891885922744706461e+00 3.228029066823365767e+00
1.294684627171509561e+00 3.384454647167788988e+00
1.541812954321627460e+00 3.147678941898869098e+00
1.244961337076913921e+00 3.272711655533075081e+00
1.112045313205646258e+00 3.432169027142587314e+00
1.179051353577882377e+00 3.433072557075512954e+00
1.110476063457569884e+00 3.448295894000410478e+00
1.246782570480433394e+00 3.763150359148166313e+00
9.463968554727762994e-01 3.285761084432140322e+00
1.046955284549906828e+00 3.561405670430807024e+00
1.751318235208817242e+00 3.439930284877615208e+00
1.552271482712707762e+00 3.356937999463049493e+00
2.189187118064392479e+00 3.359861068177508070e+00
1.559124844438168012e+00 3.321422440665301234e+00
1.655614592609210067e+00 3.508339575494973772e+00
1.418980068900061120e+00 3.343980328730370655e+00
1.008523508672755753e+00 3.473131718496936138e+00
1.207421497424777002e+00 3.463784555080816396e+00
1.302856091647510484e+00 3.346976692470437165e+00
1.068956412338474271e+00 3.407890720643288684e+00
1.034310976317152964e+00 3.315300766261499721e+00
9.738002951632358517e-01 3.353885685021675389e+00
1.158080588900862518e+00 3.442391637287439465e+00
1.375272879882850185e+00 3.497347503033480187e+00
1.322502454720609899e+00 3.140613428472537993e+00
1.057494755983500179e+00 3.440555861858823672e+00
9.912499941022770988e-01 3.355205710657196416e+00
1.100817027426983286e+00 3.137201539587067600e+00
9.581992017009379747e-01 3.372111315665713871e+00
1.278920587596128255e+00 3.591757187859696110e+00
1.174005621437843816e+00 3.330926869420921754e+00
1.776664777773432347e+00 3.620956455176876698e+00
1.437041981153335479e+00 3.427788003208533052e+00
1.196605026326244658e+00 3.498052012674031541e+00
1.241898272125979696e+00 3.574220912809286776e+00
1.212579671989886698e+00 3.512371349419989297e+00
1.280939995497304640e+00 3.457469604212176861e+00
1.188268472864074221e+00 3.323537246443112991e+00
1.007273042534926999e+00 3.261099401783155383e+00
1.287210739675702875e+00 3.416304956360935119e+00
1.248720726194188169e+00 3.422968772505396107e+00
7.706024173989022286e-01 3.396446755037711984e+00
1.367660713610366674e+00 3.464479408541010663e+00
1.466620373251762421e+00 3.503449794737600875e+00
1.296067598761453610e+00 3.593550168416801860e+00
1.009759204462782112e+00 3.328571515067396902e+00
1.248926200990831514e+00 3.263572789081716330e+00
1.337349197693505687e+00 3.320956181554043596e+00
1.185590780132767863e+00 3.528686897532388844e+00
9.925938167522797562e-01 3.360941434428638352e+00
1.068495887576272452e+00 3.516059040682699255e+00
1.214404655972583846e+00 2.983300611549006831e+00
1.406238080348798825e+00 3.365909836972595492e+00
1.624087199730936071e+00 3.175576760158667078e+00
1.082298205770219957e+00 3.524708182911030274e+00
1.414652045690211413e+00 3.381717646386857012e+00
1.316475788675828040e+00 3.303892278969355445e+00
1.071258931778441337e+00 3.364159924562182713e+00
1.346103312950470254e+00 3.568417196417876358e+00
1.183303178443499304e+00 3.394051492915491686e+00
9.632809450386098371e-01 3.375257677026064052e+00
1.073134691003177821e+00 3.448739087502450840e+00
9.833741909821910321e-01 3.452871304107431261e+00
1.070527208162227462e+00 3.574763626600856004e+00
1.387749242838301589e+00 3.253174774492986199e+00
1.028600166417659389e+00 3.445461089469846083e+00
1.609644542017181212e+00 3.465348654201164447e+00
1.083016214417066081e+00 3.446524119089791061e+00
1.285054705890966709e+00 3.308342174511201605e+00
1.147036863520365380e+00 3.374316556906882258e+00
9.954441115121592798e-01 3.256739429904635941e+00
1.156449574602715691e+00 3.355717065120582987e+00
8.299036435077059570e-01 3.455646883215333531e+00
1.109577442875900211e+00 3.538341386534841426e+00
1.302165579571674670e+00 3.279154198530974007e+00
1.343898263515059366e+00 3.428593229879402848e+00
1.588391374300093917e+00 3.485630724688868920e+00
1.563389653750343777e+00 3.516943689853884614e+00
1.242738981972372869e+00 3.414515573662895598e+00
1.019223570234194520e+00 3.385586450709177964e+00
1.213674010851484297e+00 3.571391967999228534e+00
1.249008602934976064e+00 3.577836364425483584e+00
1.020778538029362803e+00 3.234689691918297250e+00
1.031671874679261469e+00 3.457666862663095753e+00
1.090067136097291334e+00 3.408217107303505689e+00
1.139606875328348812e+00 3.382339121609984733e+00
1.303810468309714921e+00 3.266628110484321112e+00
9.775712283871976771e-01 3.360103515888332115e+00
9.756904768041040343e-01 3.440815085732199297e+00
1.049923121717154961e+00 3.356681118475384640e+00
1.288606842930398066e+00 3.519856244736085493e+00
1.397559265924232186e+00 3.530574478381141468e+00
1.678136568408555851e+00 3.369012551306671099e+00
9.484604092483589488e-01 3.343107340599889454e+00
1.220335822198703291e+00 3.529686728716840527e+00
1.049949155580820692e+00 3.410287833814630076e+00
9.884921161591273542e-01 3.364519937839958175e+00
1.434813981509070135e+00 3.684729433971774881e+00
1.490838507121228673e+00 3.634280429569988868e+00
1.493855561782608365e+00 3.539822882400218695e+00
9.398105536238625657e-01 3.450743639190062773e+00
1.103606237665699874e+00 3.148771192074037550e+00
1.335897576540658438e+00 3.182889681454518005e+00
1.103319659542173481e+00 3.380388301258005601e+00
1.416895152792544632e+00 3.563611994183123688e+00
1.083369013373967960e+00 3.427413327814642585e+00
1.017744150147900761e+00 3.460782092466339943e+00
1.349762632886059244e+00 3.235664752530202026e+00
1.197287101710892809e+00 3.432130353020731217e+00
1.472499579144131321e+00 3.383766996864125520e+00
1.105897956558272943e+00 3.521469004212467890e+00
9.959120346044787464e-01 3.462758546146699423e+00
1.231789387010848724e+00 3.779790288638086970e+00
8.380392275441210792e-01 3.474765199265068105e+00
1.361109996488760521e+00 3.786381284868954644e+00
8.224260902394561201e-01 3.525998709927380848e+00
1.091498057708378822e+00 3.465100715961213496e+00
1.539551911143383300e+00 3.645304146942199175e+00
1.025642985290835529e+00 3.320141951274361514e+00
9.896884721607013269e-01 3.404075350904880892e+00
1.074625957800216636e+00 3.163503912654114458e+00
1.076832092079582637e+00 3.271833710104690152e+00
1.218399589358006407e+00 3.483368752815491298e+00
1.361536535152212180e+00 3.481512866215831004e+00
9.111579664026965286e-01 3.305629365159929556e+00
1.262928120348449035e+00 3.406487475601661430e+00
1.219030543893734109e+00 3.358328600276296871e+00
1.062023951677372624e+00 3.544504965866085211e+00
1.346749346285924576e+00 3.705086743726724752e+00
8.591148316729242396e-01 3.517533061689211760e+00
1.140532628941997917e+00 3.370658483327570121e+00
9.757107016060757587e-01 3.391895394722889368e+00
9.382356347972722332e-01 3.504523575226980547e+00
1.537152446012888474e+00 3.340757002900947015e+00
1.005093232862012353e+00 3.477438154376214730e+00
1.159539191125806834e+00 3.441525849067697429e+00
1.573062243509548486e+00 3.445981770365952990e+00
1.407667165053639646e+00 3.644413168641685186e+00
1.079586618693705757e+00 3.341960352486313734e+00
1.191896504959909286e+00 3.156500255421463841e+00
1.194446265256063677e+00 3.314128528799750395e+00
1.742516148132289944e+00 3.506756164489910343e+00
1.294111906077270335e+00 3.427387015477551202e+00
8.356508904196264798e-01 3.479894396305474036e+00
1.134376553451754477e+00 3.266513918306570563e+00
1.575827708482451239e+00 3.266954082297273576e+00
1.342568234606107858e+00 3.278761165830260893e+00
1.263379417133674298e+00 3.330715991452618319e+00
1.485527199569475432e+00 3.397649401153497895e+00
1.168956347462498435e+00 3.360557572040597574e+00
1.067356575255653972e+00 3.470140974508335141e+00
1.230287579134835330e+00 3.417336686083372044e+00
1.532218922682241358e+00 3.681384426172839675e+00
1.309265561445858594e+00 3.342602898397180500e+00
1.597798104934676111e+00 3.249423464428921271e+00
1.713816674935721762e+00 3.407150089467454901e+00
1.192275570326917444e+00 3.505723954465778114e+00
1.194888869292343170e+00 3.536435986993872405e+00
1.220524133705835901e+00 3.413011101056290464e+00
1.406788992314954578e+00 3.364915187472373503e+00
1.240929731676669645e+00 3.329062275123877424e+00
1.802652836063857622e+00 3.626503679257422341e+00
7.957747428003311141e-01 3.377653662299880732e+00
1.161483593105953060e+00 3.566145560678303017e+00
1.229068229300021242e+00 3.477590626048661093e+00
1.098826709419590708e+00 3.370888966633833306e+00
1.103819086738540012e+00 3.434175479061321479e+00
1.281413514712714807e+00 3.392718822377545074e+00
1.471390702644899573e+00 3.452544385664237492e+00
9.824921744373866783e-01 3.358331206986827855e+00
9.814064157593163085e-01 3.490390408655000165e+00
1.770033571818597551e+00 3.326108702678139295e+00
1.367516266339235065e+00 3.588092189660584186e+00
1.236670711073978524e+00 3.284585509287290872e+00
1.688047829209763817e+00 3.399274854435748505e+00
1.169200673612201591e+00 3.398570378430086691e+00
8.893024752975570157e-01 3.692201417902263305e+00
1.416780105408574908e+00 3.500517179403053625e+00
1.878269550755265804e+00 3.492741833549074748e+00
1.370210723926130303e+00 3.289531332238366357e+00
1.286968790534916973e+00 3.404963676435994291e+00
1.058916991877615121e+00 3.515044262078482973e+00
7.855469090080007266e-01 3.375353097750226627e+00
1.495066077627282164e+00 3.357232393750016364e+00
1.608270160361528589e+00 3.456079909068017209e+00
9.062311295418605805e-01 3.368918421868271729e+00
9.973756600101363334e-01 3.525344166259959611e+00
1.308646535876967221e+00 3.409804915587232088e+00
1.178121671474278154e+00 3.415255815122145489e+00
1.144937099503778866e+00 3.446290790375081237e+00
1.329557364421498633e+00 3.672344442504269058e+00
1.241836734038293200e+00 3.439697647074662967e+00
1.212860452734507044e+00 3.182013369470301445e+00
1.033226899896375839e+00 3.618744854191590310e+00
1.270296441325097225e+00 3.610782189326466440e+00
1.589026888368779922e+00 3.422259160347308704e+00
1.411436340122792510e+00 3.458222206377248309e+00
1.407185081691483930e+00 3.388455589048998018e+00
1.463269730624870757e+00 3.462421959524554449e+00
1.001246562225336367e+00 3.477102676604669540e+00
1.050570588462146571e+00 3.159781921402784910e+00
1.046380837929700602e+00 3.419742084974793261e+00
1.566341026336702136e+00 3.469537722482478159e+00
1.315298373224800033e+00 3.285079711482876696e+00
1.400637733006252494e+00 3.459040026104439391e+00
1.395028957979974171e+00 3.464549527987167199e+00
1.301394832374853650e+00 3.236229384825671573e+00
1.098026866634972842e+00 3.474875453281271120e+00
1.099986151998664896e+00 3.432195841516369139e+00
1.428454060886985566e+00 3.467546996753454902e+00
1.032286906949301475e+00 3.574002117287751634e+00
1.211184356557409192e+00 3.343555237544074465e+00
1.496480134762027570e+00 3.429455259828772640e+00
9.449001957369416171e-01 3.317742491651814785e+00
1.268307512492113931e+00 3.744566084059284705e+00
1.312407395498684126e+00 3.195283729406328987e+00
1.050395744195079528e+00 3.369557458112558024e+00
8.898941117742021900e-01 3.410922967429792063e+00
1.282172815631497098e+00 3.432519128177150769e+00
1.068682119117268625e+00 3.537780597255435033e+00
9.824094763492581261e-01 3.591049554165082647e+00
1.404104223127197182e+00 3.423407156280599661e+00
9.252454148732554007e-01 3.460121890469650019e+00
7.456274804096553188e-01 3.475717964679760019e+00
1.164760016111256347e+00 3.460541721349865707e+00
1.405199105266170978e+00 3.388327168254583910e+00
1.069936868090700433e+00 3.223611307523669645e+00
1.043110976460591699e+00 3.494527655460352822e+00
1.211772344984682226e+00 3.517584403403335891e+00
1.297542011498162839e+00 3.438470724395301659e+00
9.451666082527994117e-01 3.279636693414702542e+00
1.260465669100899300e+00 3.339846952978016148e+00
1.001646777833417934e+00 3.109597336940592704e+00
1.650297383665594531e+00 3.389536197888176172e+00
1.039095914308733271e+00 3.394883852447786232e+00
1.112045313205646258e+00 3.432169027142587314e+00
1.090076776802170189e+00 3.651778742714197890e+00
1.270983638784181746e+00 3.622935758143533302e+00
1.216941192911863423e+00 3.483782149222680147e+00
1.188024741779566407e+00 3.581330197507504920e+00
1.177481196862462998e+00 3.516724880351163929e+00
1.354197114899334586e+00 3.342420351084267161e+00
9.788982982978933212e-01 3.379123614609546689e+00
1.159665611008864339e+00 3.483448910901254969e+00
1.080180270132879539e+00 3.419756619023878397e+00
9.488496298163398013e-01 3.455797432994026419e+00
1.092338939911904339e+00 3.250544610718559380e+00
1.268765536346198486e+00 3.354219813363362501e+00
1.049878572254187681e+00 3.290067209774176327e+00
1.193920683190345722e+00 3.398156945898062276e+00
1.366124150297280293e+00 3.393462435668944455e+00
1.238163094844650702e+00 3.588382796982002354e+00
1.014794144445215318e+00 3.416988074524210717e+00
1.810014898926001203e+00 3.384685793194282866e+00
1.452392198389440559e+00 3.419975035391972451e+00
1.274916341925900198e+00 3.198596382916150560e+00
1.181440458611251909e+00 3.424112870235584527e+00
1.245209723915836397e+00 3.370369675318237501e+00
8.746469814839736845e-01 3.199624231585951328e+00
1.143648396808732537e+00 3.481391802985708050e+00
1.239279145198797449e+00 3.499752690145199630e+00
1.488945622791069123e+00 3.389537880460190777e+00
1.356465149578202967e+00 3.478446553742205349e+00
1.306974963714470306e+00 3.594374665884598308e+00
1.062373365053130847e+00 3.457453076420304416e+00
1.207551619128201859e+00 3.436224279399301196e+00
1.001256255098674108e+00 3.303342829154513716e+00
1.366401052894657075e+00 3.479236727316926903e+00
1.052997834040116487e+00 3.341831163730172971e+00
1.137471035127329611e+00 3.244402753126959471e+00
1.422957511289237864e+00 3.293578349133656324e+00
1.747571984842872572e+00 3.582230127738955439e+00
1.294157150491798136e+00 3.385814336526261403e+00
9.637259388956750383e-01 3.363344179462660399e+00
1.003430573213668797e+00 3.394453668521786760e+00
1.271660281792026836e+00 3.429572501913009219e+00
1.594467811986669314e+00 3.175635980718860552e+00
8.317972888908901075e-01 3.415370832472349072e+00
1.440271537010580305e+00 3.521911488402873047e+00
1.342942464737279185e+00 3.410075850709541001e+00
1.397547784354958189e+00 3.270147022458261610e+00
1.344873869900879093e+00 3.423598130647416582e+00
1.334720354166878176e+00 3.288893142204860620e+00
1.400376985071014824e+00 3.292702578384987699e+00
1.062339969446666865e+00 3.595948799344125479e+00
1.092427228239369219e+00 3.345530569939206167e+00
1.273402069010072246e+00 3.469368019838726003e+00
1.230363663259839369e+00 3.302725349374546315e+00
1.191104241597424673e+00 3.308189134922193908e+00
1.213485134145855016e+00 3.497765996629574214e+00
1.295002596826863472e+00 3.422978071163750968e+00
9.886818673175692407e-01 3.469534813014599983e+00
1.095146793967389787e+00 3.251249160147548167e+00
1.331266297684033928e+00 3.537179168302408527e+00
1.366724535647225292e+00 3.365501955340585383e+00
1.478798023601932243e+00 3.348747908416832342e+00
1.287940592251777705e+00 3.366723698598331538e+00
1.377763259537128748e+00 3.515270110256204728e+00
9.455892212200773805e-01 3.174155673562307101e+00
1.210084389847753794e+00 3.355889114033902221e+00
1.177058453460038123e+00 3.313674061560738515e+00
1.574896477826793761e+00 3.485623935950362906e+00
9.740085937894069623e-01 3.478004732392664611e+00
