# Hierarchical MCMC downsampled to get 500 samples
# alpha, beta, mu, s
2.049244659746011887e+00 5.549811791096467495e+00 3.193174273236967231e+00 1.377931909909791419e-01
1.796834374234729470e+00 4.659298971837868564e+00 3.369401187826021271e+00 7.985886733054924080e-02
1.681551924622904925e+00 6.241979166403176293e+00 3.138030014321771421e+00 2.934647083005671453e-01
1.775722323502750388e+00 3.754476489105563974e+00 3.257317207208332732e+00 6.283986060547980257e-02
2.299991835929094286e+00 4.408041409605860217e+00 3.367898690003837014e+00 5.907790047516552068e-02
1.904336067417791600e+00 8.783531236461799452e+00 3.044328941405539890e+00 1.821872018573423568e-01
2.065407952175559725e+00 7.775128448712052887e+00 3.186312137594247584e+00 9.139691021514052827e-02
2.050040683837499156e+00 5.060467483847276959e+00 3.386531017584687664e+00 1.304951654879557277e-01
1.896394119699316150e+00 4.735333185967841807e+00 3.329743779294194628e+00 9.164028740174318122e-02
1.704156955408286267e+00 5.932660732063226305e+00 3.122500346345772559e+00 1.173548086120706491e-01
1.685224557040887028e+00 5.661171395188921984e+00 3.079876788074392024e+00 1.307592695916586500e-01
2.471311600275136744e+00 8.730284879949556043e+00 3.257492470819197461e+00 4.637253663570405082e-02
2.248175813672624201e+00 5.991114915458302548e+00 3.272174632648115811e+00 1.318328684846647170e-01
1.360602506711800608e+00 5.762603532457999833e+00 2.994078297468229621e+00 8.695705152578528385e-02
1.421415496505347598e+00 6.790498099802453780e+00 3.280315826593706685e+00 1.308181219695085384e-01
3.470418461919354769e+00 3.537367042510199511e+00 3.353715462977019168e+00 1.881555822096419028e-01
2.685894311270794699e+00 4.240499370776824151e+00 3.202488549083354563e+00 6.976873274461113661e-02
2.096464860656604312e+00 8.276846047340713497e+00 3.203107570733255027e+00 9.094943065661910409e-02
3.233417489464690320e+00 4.835568605120563745e+00 3.285978886085183515e+00 7.712735532086081869e-02
2.156118804230741315e+00 5.042638181781719631e+00 3.257756071909147622e+00 2.501248171776734863e-02
2.792521901381405325e+00 3.346032120451257086e+00 3.122921027998996735e+00 1.917303841658801189e-01
2.363931159559166328e+00 3.349030428797055148e+00 3.490887423696314329e+00 8.517389391256946496e-02
2.235040173927927754e+00 6.744921803773325841e+00 3.331019638031008867e+00 3.033961939965224563e-01
2.670283301388630459e+00 6.821256270887606554e+00 3.417576224300149068e+00 1.848296437469732767e-01
1.777466245528969813e+00 5.360246222552519590e+00 3.175335960038327077e+00 1.740631259660060659e-01
2.312098571857519325e+00 7.976409624274639398e+00 3.623616849659467842e+00 1.528668901227289156e-01
2.453894422204500270e+00 4.035175103278244357e+00 3.314344292106128798e+00 6.204004163020837570e-02
1.310534085144669847e+00 8.602475212691507167e+00 3.133805242210839559e+00 7.631708318690991200e-02
1.698582350391741436e+00 5.855435300014979028e+00 3.343500390446951798e+00 9.378377698479370417e-02
1.999004181007132841e+00 3.085426914863935721e+00 3.285147378467026869e+00 1.307513818041505793e-01
2.047836007613199616e+00 1.135312169068292221e+01 3.444173436325346671e+00 1.728606911459066864e-01
2.223799733458605044e+00 6.146870968504728694e+00 3.321333712091774970e+00 6.745573885258585034e-02
1.616447252615206720e+00 3.864077964906527995e+00 3.304061532986036998e+00 1.006161390501379704e-01
2.974614324512774299e+00 4.930713585947660960e+00 3.170937069670697550e+00 9.574744448598301871e-02
2.113843501566071037e+00 5.105093476277168030e+00 3.337551342233290530e+00 1.268132276242869561e-01
2.102654915389491563e+00 4.711091596360786227e+00 2.941852371850981474e+00 3.071472661782049807e-01
2.035000163244682359e+00 5.846034867218556919e+00 3.241805110195421946e+00 7.729549098699257936e-02
1.419829140309867288e+00 4.922208848663165881e+00 3.205964293430531242e+00 7.439770362680776794e-02
1.699194690360541271e+00 2.991881368176231959e+00 3.303681841273778286e+00 1.563219074133674613e-01
2.028586265111095965e+00 8.996311901267670663e+00 3.316952498343039402e+00 7.496782681288227668e-02
1.933658839868111601e+00 6.758071526831745501e+00 3.286870716911165058e+00 1.008781669586957530e-01
1.370371233982622838e+00 8.949238470645829224e+00 3.176934735896737916e+00 1.693968963799065142e-01
2.398902040920661172e+00 4.897130353583390772e+00 3.293490111782599872e+00 1.392001884232896558e-01
2.701613699355910558e+00 6.694866362384933822e+00 3.260751474829814089e+00 4.639592060235871174e-02
1.730557534714809664e+00 5.095522803283972557e+00 2.839947970503645891e+00 3.538156821861049850e-01
1.486830607019243633e+00 3.215164477192415937e+00 3.166427403249751915e+00 1.264395730574650323e-01
1.729356084760824253e+00 3.131285492774805945e+00 3.059454709760352387e+00 2.318154171298206778e-01
2.311158500052426845e+00 3.927181813989029990e+00 3.180070431580003465e+00 5.868767121553955524e-02
2.699049350702807271e+00 7.154308851985255124e+00 3.233571507080454044e+00 1.948404424702953053e-01
1.847449864484405957e+00 4.853005277398704465e+00 3.250592494194603166e+00 9.166398247735073335e-02
2.287758940089174242e+00 6.686362973029863710e+00 3.501821372484235972e+00 1.419188574674018488e-01
2.160541446035892044e+00 7.990281045619008538e+00 3.212062255171284075e+00 7.227851848811037150e-02
2.130286039889345506e+00 1.142343259210560902e+01 3.322226881883931782e+00 7.493422540201218063e-02
2.086368083155869080e+00 5.710454679298765157e+00 3.388907405269996342e+00 6.937140693111609746e-02
2.454831440114445762e+00 5.576431641515583237e+00 3.337813830966397166e+00 3.138779898025276238e-02
1.607114417336641621e+00 4.403835393694167877e+00 3.137843119557091498e+00 1.552841671656083888e-01
1.828214430748155150e+00 4.955247406839673019e+00 3.257959617153501242e+00 7.928493872141156862e-02
2.690543448059774523e+00 7.308729513978200920e+00 3.262018379383925470e+00 1.452888209698624256e-01
1.021284918345110926e+00 2.811605275589304842e+00 3.118985876196274987e+00 9.461522599055102734e-02
1.835412249835822296e+00 3.780066622471005999e+00 3.168549005277635278e+00 9.480119054673898094e-02
1.906645325140996938e+00 9.725636977897810453e+00 3.308157901294295655e+00 8.579850221323009896e-02
1.892897746651990509e+00 5.195968248640774334e+00 3.383968673044954745e+00 1.141564187285363519e-01
1.931541091862418069e+00 6.684671233414325009e+00 3.325248543273874091e+00 1.242804242067184900e-01
1.514475513478874547e+00 5.582341368831313488e+00 3.289527035910680297e+00 9.007819674402975374e-02
1.986393701828822911e+00 5.209538240634993933e+00 3.305681866614087472e+00 1.033375988902007769e-01
1.555379844944053902e+00 2.896210380811059970e+00 3.117269982382216309e+00 2.339728547763185451e-01
2.667668228038793998e+00 5.132162044810837820e+00 3.313042871268532252e+00 6.987780470546603451e-02
2.032677441017665565e+00 9.512413115185109902e+00 3.293120270234111135e+00 1.474304445848500233e-01
2.465531380085874247e+00 6.261955600191867255e+00 3.181273417595547492e+00 5.073699489228457316e-02
1.416470995485582529e+00 5.303481290643622614e+00 3.204471372229681592e+00 2.079519346885869424e-01
1.798710033600589453e+00 4.830470244454280859e+00 3.413195205443054991e+00 1.309980005213577103e-01
1.301885885510731589e+00 3.736079770744915596e+00 3.265724394359593941e+00 8.992656718611199973e-02
1.512694643430740227e+00 8.636814181716484740e+00 3.071498679819359090e+00 6.908164012645226504e-02
1.871425870831373572e+00 8.118254694599558619e+00 3.011224017575885537e+00 1.759646319358146582e-01
1.791173585364166598e+00 8.542397538215601216e+00 3.241033502217844475e+00 8.581484898914693016e-02
1.729934402499201607e+00 4.500445554637056311e+00 3.178386457437707424e+00 3.704092205412535393e-02
2.633362063362683525e+00 4.806463503357292666e+00 3.253602554187460250e+00 5.113931404268041991e-02
1.430328014801752534e+00 6.422335399035489445e+00 3.560447232906673420e+00 3.293183373872425879e-01
2.445641606560796877e+00 5.007242059197421824e+00 3.265951738183614506e+00 5.653968703515105387e-02
1.423775775745640404e+00 3.322979632097786684e+00 2.938549347410080337e+00 2.053917498361777783e-01
1.885125463215003183e+00 6.195017193893182395e+00 3.298809472151860156e+00 8.837003732523363020e-02
1.267010175367420555e+00 8.280879263205431329e+00 2.993363076923774457e+00 1.848203926348446213e-01
1.676218716752019500e+00 6.799664408379743286e+00 3.252489094674309467e+00 1.911847867964469594e-01
1.643418057335653826e+00 4.001445606969324054e+00 3.128633398189577530e+00 8.349576650529112742e-02
1.974861306732241584e+00 3.918736574757689439e+00 3.108157263222586231e+00 1.006478378059789680e-01
2.220061291322607655e+00 5.705885194290406304e+00 3.242265337165228356e+00 1.346419696025827895e-01
1.338799821691868397e+00 7.022480639013092052e+00 3.313976930954293909e+00 2.043925315987704106e-01
2.212059664634819178e+00 1.024978432454936694e+01 3.304973377543579893e+00 2.937517960692400190e-02
1.244623494041863010e+00 4.021436218141342778e+00 2.959327105465266339e+00 1.298845363920824170e-01
1.081972152171844392e+00 4.317111120219889742e+00 3.200327294089987173e+00 1.378632808519836273e-01
2.284902866400367216e+00 3.708625092839607174e+00 3.370919938487671796e+00 1.002822077706546078e-01
2.162603747752736005e+00 5.048586635235402298e+00 3.081812416752065076e+00 2.604402571751904261e-01
1.559645819569403180e+00 5.921165489853747133e+00 2.979181856465065614e+00 1.356486261240107960e-01
1.881190916703189053e+00 4.642266261989104414e+00 3.260105929753224885e+00 2.773846330991968159e-02
1.629402210074450741e+00 3.783188667704063146e+00 3.091597543919036184e+00 7.082615121733852603e-02
1.990457255519844537e+00 3.859826452527033602e+00 3.213367745767229611e+00 3.584011786372988395e-02
1.615050377192070119e+00 5.208698297538269628e+00 3.116198204018494788e+00 7.172890123765621184e-02
2.314663380049615249e+00 1.295561746902998834e+01 3.235381517583119315e+00 5.745835775312392590e-02
2.034988116560612958e+00 1.539386221151432999e+01 3.292603658448624238e+00 2.276431181516744839e-01
1.818813057758646101e+00 6.508687806022509292e+00 3.265075102630357051e+00 1.164399703198224084e-01
1.886479813231870306e+00 6.665947353340634152e+00 3.059019884067696982e+00 2.175972721430572410e-01
1.733907164646348198e+00 8.189729499134578816e+00 3.260120266772387421e+00 5.298532127896974503e-02
2.706730916340273296e+00 4.988651104797565239e+00 3.190586819094878734e+00 3.576420742703766420e-01
1.317236128298293174e+00 2.918332202177130519e+00 3.316509036159232426e+00 1.328435018704772763e-01
1.911665296604732056e+00 6.609207314599247596e+00 3.199489822442386444e+00 5.583623971211194859e-02
2.343550584360996503e+00 3.940884584566962889e+00 3.090834933546608987e+00 3.111960098793832286e-01
2.296298780389396388e+00 6.437034648174457807e+00 3.261885562715429288e+00 1.816586814132958583e-01
1.868141540199309336e+00 2.886671375123853522e+00 3.420523165096469143e+00 2.478247958703727050e-01
2.257643601304983871e+00 1.073899227187270178e+01 3.369115894011295520e+00 9.561646012512457771e-02
2.061071099684902208e+00 8.151654497082398976e+00 3.698978257826823324e+00 2.928548445279794965e-01
1.507015873666518013e+00 6.299042606435940606e+00 3.467632773485467723e+00 1.120481397349605002e-01
1.752576456722574116e+00 5.802952201734081328e+00 3.375520607934923145e+00 1.892832975037796461e-01
2.431834592781670690e+00 4.238129776088443101e+00 3.321347586609882718e+00 6.749469377567897388e-02
2.054071238916321374e+00 1.218074977348406307e+01 3.268576267416136716e+00 3.660666058617943752e-02
1.655186668632843361e+00 5.437877792663718957e+00 3.099178648575397155e+00 6.815624144593379619e-02
1.542964741784977889e+00 3.405729436750638772e+00 2.995312000560033550e+00 2.739256898318866429e-01
1.941805842598330889e+00 6.195846291576156517e+00 3.145557835783320044e+00 1.026049343413208137e-01
2.319369548198951136e+00 6.294248938743120192e+00 3.211497297041507437e+00 4.619173334304310652e-02
1.579357157924474730e+00 5.082098745019527186e+00 3.119466686274429357e+00 1.066775378205589708e-01
1.776044202286758189e+00 5.396277467423133523e+00 3.291250850946822570e+00 6.831914134774909331e-02
2.010528926294720353e+00 8.718101171119224446e+00 2.982462399704230105e+00 1.974696534735507214e-01
1.793611698911687480e+00 5.232230564575456100e+00 3.361500198415739771e+00 1.530732622631797157e-01
1.621674340885560062e+00 5.488096358620520476e+00 3.317868921529977033e+00 1.519562740581986704e-01
1.557354138831851476e+00 8.370890989731361032e+00 3.168943201512631980e+00 9.135457900853777291e-02
2.225400990361129150e+00 1.477218414703389371e+01 3.093479563782997488e+00 9.623003796817926336e-02
1.565046957201396083e+00 2.644536809727325632e+00 3.218901405090298873e+00 1.720160167246499450e-01
1.384483506418485499e+00 4.147535682211793251e+00 3.300961117207773299e+00 6.486035247651801561e-02
2.946946767796000177e+00 4.631879411241494715e+00 3.340570739629419972e+00 5.487306746619031311e-02
2.051375649060870110e+00 9.534246109295498428e+00 3.281387422999526127e+00 3.033523067012828395e-02
2.291901056855069729e+00 8.169218130422587265e+00 3.234452200135934152e+00 1.063813288606971080e-01
3.577654977708323081e+00 5.567634602976799130e+00 3.418272111442649308e+00 1.668574518337628543e-01
2.178427162917633275e+00 1.119734164026722212e+01 3.281312288332954186e+00 1.741884724611994506e-01
2.094648196754044900e+00 8.246146781672987203e+00 3.119552814140126529e+00 1.397824687567743585e-01
1.747260266738595913e+00 5.645596965176356896e+00 3.157075617377927745e+00 8.377472992238618743e-02
1.845890286073848197e+00 7.287180603673288459e+00 3.175296292722040725e+00 5.227088908062372391e-02
1.207757174341554496e+00 2.442362881750201886e+00 3.406969565160357760e+00 2.378898943841576963e-01
1.745589041490700488e+00 7.048066671008561990e+00 3.252090724045033632e+00 1.000801815632681724e-01
1.684259229521134049e+00 2.892951594762677825e+00 3.262243891616057656e+00 1.323912060732497786e-01
3.195699749108430687e+00 6.153502405205101056e+00 3.292547465775992332e+00 1.062307901617892819e-01
2.445753286472861721e+00 5.906188488562993832e+00 3.221037840856299184e+00 2.406930489595966449e-01
2.200989341244109276e+00 3.032643343848136830e+00 3.291913386705283440e+00 6.668949928723592879e-02
2.274360112505319886e+00 3.715752522454655704e+00 3.216667317106607360e+00 1.032709900959321025e-01
1.241030704451253186e+00 5.668210983653104940e+00 3.321693840058937308e+00 4.310490770205667455e-02
2.467395609427279979e+00 4.851331508251198521e+00 3.314432326477568580e+00 2.246289390929857577e-01
3.193599949751436018e+00 5.271330141572549088e+00 3.276882283120808648e+00 3.703256801541780080e-02
1.913882397705682914e+00 3.548982921878732100e+00 3.431405936040975213e+00 1.848138063046566304e-01
2.900608024429074394e+00 9.316484799176944165e+00 3.420111242706006749e+00 5.477110151561471324e-02
2.394894784511890862e+00 9.061536477819768010e+00 3.110715368899318989e+00 6.642552323246964097e-02
1.986874441550337433e+00 5.002925476055785303e+00 3.236231026626235074e+00 8.792058021298557180e-02
1.410326758044350814e+00 1.554840698522220421e+01 3.055665672560784252e+00 1.119271156554940139e-01
2.446022667725249011e+00 7.277002335129314936e+00 3.236104785346814783e+00 6.181639816964591694e-02
1.801152033381353990e+00 5.326288526372783494e+00 3.208754707709744025e+00 1.459575057226168426e-01
1.515473214443409322e+00 4.655858042533489893e+00 3.191141096642988284e+00 8.819744195931866759e-02
1.379303987463566861e+00 4.948840530808982230e+00 3.076388213035958774e+00 3.029549561251139722e-01
1.584249452568180283e+00 7.531410509646054408e+00 3.181632443668489962e+00 7.533868379787742042e-02
1.840922592720215523e+00 3.053024469937385632e+00 3.232311946336556385e+00 8.181511716590635086e-02
1.630388583923501500e+00 1.067629145144964120e+01 3.201565225622035271e+00 4.511543978167807667e-02
1.813012000586669670e+00 1.032306562354070500e+01 3.394512319578325332e+00 2.000950989330389229e-01
2.732185967038029961e+00 5.579401087811272753e+00 3.312079371156308127e+00 1.990611698313545508e-01
1.478013087427601624e+00 4.057368622541995151e+00 3.155928926732011863e+00 1.372790915299248182e-01
1.850294807705996192e+00 4.106361259082007997e+00 3.226656759001915731e+00 5.792086576722992042e-02
1.672105927089884814e+00 4.510356098223190280e+00 2.894683980684295665e+00 3.619464685568842821e-01
1.875180791002434066e+00 4.525507631118309781e+00 3.386890250100041744e+00 1.205788956879791513e-01
3.202899527855822992e+00 9.510350212026212446e+00 3.158421457065288873e+00 2.301527406858803193e-01
1.496907730517236690e+00 4.890114622655953980e+00 3.053898794215248458e+00 1.336815724823273432e-01
1.809364173060129310e+00 2.940759594111143294e+00 3.206717122115587681e+00 4.692439712700922916e-02
1.883534225382998750e+00 4.989514215694450527e+00 3.013346968640083112e+00 2.436622605364129890e-01
1.704378927718076087e+00 7.897972374958142971e+00 3.222628181023921456e+00 5.282471044859349957e-02
2.193431507548029291e+00 5.040759342995181136e+00 3.552666134726750524e+00 1.567039575812133878e-01
1.763520835268713505e+00 3.543786591202116920e+00 3.211762676981390285e+00 7.547326725384560786e-02
1.540785676273647375e+00 3.830986614757721842e+00 3.035516646761813764e+00 1.183068182832274079e-01
1.541334996390141043e+00 7.501438960737923267e+00 3.235308452133864421e+00 1.363628689586403597e-01
2.062546090105371821e+00 4.542452068443474822e+00 3.276290361624758951e+00 2.657805162502162033e-01
1.457317568434952193e+00 7.628805255042372835e+00 3.251081730341399911e+00 1.796863033364226592e-01
1.650723364062592236e+00 5.420617231876044606e+00 3.127107616064125128e+00 2.272454337558647841e-01
2.683975583016431354e+00 7.865686454381627613e+00 3.227225109932433611e+00 2.653800179424695843e-02
1.466456214480956532e+00 4.330218781302151321e+00 3.008871018945129538e+00 1.556394925757027536e-01
2.202365361293538104e+00 9.198800290790456913e+00 3.217673740570528906e+00 5.818191982321690991e-02
1.820533232538068535e+00 6.779515758568643413e+00 3.006004889779699152e+00 8.751235299653387090e-02
2.639585264619544347e+00 3.179126960379667466e+00 3.473378688476789211e+00 1.242572226349818038e-01
2.611608580595248696e+00 9.206171410137455879e+00 3.363821723635924243e+00 1.268000898008352917e-01
1.935038520160843323e+00 2.873925183400174443e+00 3.293449625692458582e+00 1.755227482395882999e-01
1.852308240636724390e+00 4.032117323366408712e+00 3.428189646712794136e+00 1.846585711210728675e-01
2.143462169452203803e+00 4.433890551234799915e+00 3.212359344754604606e+00 1.534184412148899834e-01
1.624751646111264103e+00 5.597842807612594562e+00 3.158706165611416150e+00 1.438070482838813002e-01
2.429808921252574194e+00 5.929452001299323705e+00 3.308971197797117014e+00 9.761290424263584231e-02
1.955324343348750604e+00 6.165905989178976476e+00 3.135584153140962282e+00 6.513076992031371915e-02
2.904085271104128729e+00 6.446577768111843909e+00 3.216374655072961275e+00 1.489540127933236813e-01
2.418461080439508137e+00 7.078452179866163263e+00 3.339528636990629185e+00 1.971593056393911303e-01
2.851664603599451731e+00 1.073757512195867037e+01 3.411005495186034686e+00 4.104513626371969481e-02
1.570004147872209543e+00 5.154960534505055314e+00 3.143817283419714226e+00 8.325053399276249877e-02
2.727507367712723507e+00 9.790244879512947307e+00 3.286396337106729515e+00 7.096928015340914220e-02
1.653272386747354217e+00 3.765268369314583197e+00 3.478622255475069203e+00 1.916991254261602162e-01
1.619345540684637763e+00 4.744708318263015201e+00 3.121832724977542828e+00 8.847986218520342838e-02
1.915323955400380029e+00 2.406816838172268991e+00 3.181255722314082934e+00 8.820685892382908178e-02
2.718895121799947745e+00 3.110540390034545410e+00 3.092195065370238360e+00 2.593978449699920752e-01
2.265921192253758321e+00 5.386991135202456427e+00 3.259172232591176499e+00 2.133882786988148261e-01
3.035436617253167491e+00 1.187659937640876073e+01 3.346667578401830490e+00 1.082929299515571625e-01
1.666842583049818138e+00 8.251864525896486668e+00 3.156916870073565029e+00 1.518583472969866899e-01
2.071991264656009690e+00 4.435270895734107377e+00 3.326629784652912925e+00 4.926496118660298601e-02
1.588453414045285061e+00 8.174561767324604489e+00 3.124504020040884900e+00 8.412510567410792783e-02
2.359405054982344208e+00 4.198207911839939577e+00 3.478020618482249304e+00 1.057131382523446017e-01
2.826078710052084553e+00 6.707200014623780682e+00 3.309689048066313699e+00 9.695792053120089182e-02
1.933002800337167759e+00 3.395055172217519512e+00 3.271926991935176332e+00 1.683894792939684415e-01
1.469056365766680416e+00 3.326677470963044669e+00 3.302555312391339370e+00 1.534983551472640095e-01
2.227610819067916026e+00 6.245793243036863451e+00 3.114537186181760564e+00 2.070208596167161519e-01
2.055956147532102207e+00 1.244076793792315350e+01 3.154269233184955112e+00 9.190846276750169741e-02
1.744775155738955474e+00 8.548768216311405155e+00 3.087766526739645911e+00 1.397613054323942061e-01
2.193433912737698499e+00 5.366323070217451807e+00 3.046777089312229236e+00 1.719802926958236555e-01
1.550060435639553091e+00 5.486473670386302182e+00 3.152040089110601073e+00 6.170082026227503846e-02
1.969991613062527458e+00 8.981510627010489856e+00 3.190725128498608232e+00 1.083997756845462013e-01
1.498276307628427340e+00 5.629999280116800620e+00 3.225869433788262075e+00 6.435237086847667154e-02
1.521342538384057086e+00 3.704844163561406667e+00 3.125669515002110543e+00 1.261067099816526871e-01
2.030197948259559571e+00 3.943826686096127965e+00 3.228593365148439975e+00 1.498109758776591804e-01
2.422306086007064430e+00 5.183475639945013036e+00 3.398441605073711624e+00 8.043317802319491228e-02
2.023142601745143487e+00 4.152459896895863700e+00 3.266009008184725282e+00 3.938513777130421833e-01
2.781475706591876929e+00 3.571513739231565676e+00 3.401738704950555636e+00 1.647294485802816844e-01
3.028054152506577168e+00 7.203535930675780463e+00 3.359483692071911332e+00 9.534081541665687110e-02
2.251830976257791495e+00 6.610323245640614687e+00 3.178058845052536441e+00 2.689076713609686586e-01
1.217682051838900659e+00 2.599613678298733355e+00 3.251856668382855364e+00 7.324928545970879612e-02
1.945243180098946700e+00 5.107829292111135899e+00 3.116332783303136900e+00 8.604114379601235374e-02
1.885041389083891294e+00 3.906356687777809533e+00 3.204098494348323278e+00 1.325804277299772738e-01
1.110055164727440591e+00 3.181882058807423697e+00 3.373880634052593308e+00 2.391438938999283503e-01
1.608445752482640767e+00 6.943066603109472545e+00 3.286113807290098610e+00 1.483303518014399691e-01
2.006989248491831912e+00 5.170137132010435010e+00 3.232554186700749455e+00 7.284821464630394927e-02
2.446961908498974214e+00 4.103928387506611486e+00 3.316502705058836931e+00 2.566125283153319891e-01
1.667492393340741508e+00 4.523240097554968919e+00 3.345606280178620828e+00 3.395531094922753512e-01
1.599047715768262323e+00 3.539042168319582959e+00 3.269050993336066746e+00 8.149802459495374130e-02
2.142606557040926507e+00 6.122440619488503266e+00 3.211892402823873560e+00 1.543078407227003179e-01
1.253816594259968831e+00 3.500429232252572298e+00 3.348025955719010405e+00 9.980915573277401864e-02
2.047147929111797104e+00 4.413981285398257626e+00 3.272874989447906113e+00 8.691837352754910873e-02
1.336034052047669007e+00 6.658568970965632161e+00 3.108863829460283057e+00 1.951731415752564480e-01
2.076224282433991597e+00 6.892405726710489233e+00 3.262830724630555235e+00 2.004978827701286437e-01
2.395980948588283255e+00 7.716536962084600937e+00 3.226715492766757620e+00 6.475443518558658684e-02
1.290034158087760119e+00 3.664913938978684449e+00 3.239576863168831977e+00 9.165865597305145052e-02
2.129646898846417891e+00 3.840367467996701922e+00 3.104977263298623225e+00 9.150562079507941482e-02
1.766551702288170933e+00 5.748660398756519463e+00 2.898080009383384059e+00 3.340887998706177919e-01
1.708998050738522512e+00 3.344245883978449907e+00 3.359733938808983744e+00 1.585081765853233182e-01
1.537018866724430888e+00 8.406709392526217073e+00 3.230944511063785995e+00 8.592391169196522682e-02
2.156147314332971909e+00 3.780899343574569027e+00 3.330803023128797058e+00 1.322226710870059718e-01
2.799891172794388705e+00 4.337432798727582473e+00 3.319015623638208456e+00 5.987214345540048388e-02
2.841380157590308819e+00 6.139799704552132198e+00 3.180372592923172981e+00 1.346218585266539258e-01
1.477623622267991044e+00 6.270805536250363410e+00 3.244944687854586896e+00 1.405301533240159717e-01
1.899426055422633652e+00 7.970461743153889778e+00 3.335357320628472788e+00 9.566134019599990823e-02
2.346909888159879554e+00 5.165972338641356743e+00 3.173388066191914714e+00 7.204027146891241185e-02
2.114206171801668699e+00 7.114933964983078951e+00 3.162852878109422061e+00 6.554436756649560658e-02
2.250197095450732654e+00 3.011074423854267934e+00 3.292801759708538611e+00 5.409617142512523902e-02
2.014535842900847751e+00 7.158194851848193707e+00 3.209385496683218264e+00 6.326599451565642629e-02
1.906645325140996938e+00 9.725636977897810453e+00 3.308157901294295655e+00 8.579850221323009896e-02
1.373531832651480045e+00 2.809178737644541179e+00 3.097670935020219840e+00 1.472562391244541524e-01
2.003723937131729471e+00 3.873709403534773443e+00 3.161039496061206933e+00 7.934607939496672591e-02
1.317633804712598833e+00 4.386928612254624937e+00 3.278616411581080303e+00 3.813905775527563075e-02
1.285795832150546936e+00 4.536387242275865539e+00 3.127471026745417770e+00 8.837821173358245685e-02
3.073332223343913761e+00 7.496136871683618530e+00 3.374861870306418155e+00 8.400403910351439407e-02
2.588746618495081364e+00 7.201247831244394604e+00 3.375812094731225788e+00 9.810133866559506144e-02
1.365503287929212828e+00 4.159453806030128931e+00 3.062617146433694870e+00 2.755966657778693429e-01
1.966774726107567872e+00 4.864123469248481157e+00 3.126237081275419438e+00 1.967879007937707037e-01
1.868906264167867093e+00 1.438298431756096107e+01 3.233652203800884362e+00 1.607110769343441381e-01
1.577460965396043413e+00 6.695873939122996887e+00 2.986218590067837741e+00 1.990610307548086599e-01
2.054048533707659718e+00 7.274935891332097171e+00 3.294393315020273327e+00 8.397515447712265713e-02
2.367965412113934853e+00 5.856035259882671262e+00 3.290929650923930971e+00 4.204001270783152416e-02
1.787889494226771570e+00 4.234935471130973461e+00 3.318942648836922693e+00 8.700056272398637436e-02
1.708720769370480008e+00 3.419604288088724076e+00 3.434360995751331469e+00 1.386674904857300161e-01
1.399973866698524638e+00 7.588971189562204067e+00 3.253113313273993334e+00 1.059886249832369398e-01
3.150113966239374452e+00 8.641222440896511259e+00 3.232428250723127672e+00 1.104965645179526168e-01
1.148567255935408316e+00 6.778892154502067946e+00 3.034635585851279682e+00 1.926787962730962533e-01
2.372322150464283297e+00 6.775084739202840822e+00 3.160060895549115845e+00 8.858417983734950818e-02
2.244041334228160878e+00 3.809433785283956819e+00 3.661763285079344232e+00 3.164574294549811206e-01
2.058509212173919689e+00 7.983788796444982516e+00 3.415976329148934454e+00 1.333811475665543922e-01
1.452267115641040940e+00 4.742919544128024967e+00 3.130119035832818586e+00 6.925248291237516562e-02
1.400963854878295223e+00 7.891749662395686649e+00 3.180298993899886462e+00 1.037082876258227093e-01
1.655645503228527993e+00 5.302805596403277200e+00 3.185154597590867720e+00 1.402222617050112863e-01
1.695876798986486911e+00 3.584169896543289546e+00 3.211493918829368077e+00 1.257266110321354491e-01
1.917646385166428491e+00 5.054903608495078693e+00 3.168064783042336519e+00 6.001129687343777219e-02
2.268140470491988303e+00 4.927344489872256261e+00 3.149203007725019710e+00 7.115802005780359762e-02
2.021696808816420443e+00 7.842586389680944237e+00 3.138938434856563209e+00 1.902451319686381259e-01
1.668436335687648153e+00 3.103076744602028203e+00 3.116760658224301928e+00 8.667060197201757743e-02
2.570392772925114144e+00 8.371089884920801083e+00 3.282232524095416437e+00 6.327036448885753339e-02
2.232476709016153915e+00 4.389965164231183437e+00 3.357812090727803955e+00 1.627507060620869694e-01
1.879565985611376888e+00 4.552805671283179478e+00 3.064171812642354276e+00 9.168772459798490981e-02
2.751768907810880904e+00 1.057448269777121297e+01 3.169050944225521693e+00 1.044568432308067840e-01
2.088232173036361328e+00 8.072562279549709174e+00 3.297342968880059288e+00 1.051288321791914587e-01
2.488276768119281446e+00 3.413305001378244441e+00 3.091232487559461894e+00 2.740012528798655422e-01
2.991364496500077408e+00 8.069704330677629045e+00 3.467762864154289471e+00 2.400781766925757510e-01
2.317485212232150982e+00 5.257079273865685742e+00 3.172407596018417042e+00 7.892834539491540291e-02
2.393016594883216275e+00 4.261738812340635008e+00 3.378841304492153697e+00 9.933465900527994885e-02
1.740703874460286738e+00 3.695530520645604611e+00 3.166403989056495671e+00 1.101274829895140667e-01
2.007797255038181738e+00 8.299603684108239676e+00 3.264107500237778403e+00 5.371857982145414323e-02
2.634791114381678234e+00 3.541488190037928252e+00 2.965398406071290793e+00 1.808440658794847888e-01
2.077982973423995183e+00 5.779200372115415263e+00 3.245125345111488979e+00 1.969045691237142903e-01
2.480688421731125359e+00 6.245674125294059742e+00 3.273014885959066422e+00 1.222612321619967191e-01
3.270144687544476181e+00 8.571640716341491384e+00 3.339137751116187047e+00 7.216822739413221444e-02
1.787983035028193335e+00 4.667808253470867363e+00 3.423262591508928310e+00 1.704452852545852715e-01
2.339390911497496006e+00 5.131047390714663869e+00 3.340852370958861783e+00 8.506938887498577406e-02
3.229496965501997163e+00 2.401480003711211619e+00 3.367955412336484322e+00 1.031919276720544010e-01
1.846922492746833511e+00 6.352713656675333276e+00 3.221308795276089487e+00 1.199513948865911506e-01
7.694678824665716066e-01 2.809485043003908888e+00 3.253800354252967431e+00 1.297024689625184690e-01
3.170291381204737746e+00 3.567271283415362149e+00 3.158769258734265062e+00 1.147554872001078780e-01
1.700275153245099924e+00 3.263878787622967792e+00 3.391967987216493174e+00 1.261824476741437717e-01
1.805927208715863541e+00 1.256714043229028732e+01 3.195481328874933524e+00 2.218498020069023247e-01
2.274299646291760624e+00 3.963137081235772463e+00 3.179210649590752169e+00 7.332071480620393211e-02
2.959012757129612314e+00 3.704817242080335138e+00 3.344324859383013049e+00 6.305397760632325266e-02
1.567395964853979029e+00 3.046940251723730952e+00 3.032088833191638688e+00 1.499960272949890094e-01
1.752071018104665479e+00 7.946414012471647581e+00 3.014218711259470940e+00 1.891831722859538267e-01
2.067106154783799443e+00 2.713968862718906028e+00 3.022880853180839988e+00 1.082602498965226506e-01
1.911078807144316105e+00 5.664187567127932255e+00 3.193098976172734194e+00 1.637268064913193766e-01
1.706690327431610532e+00 9.320071327707855957e+00 3.338484633254011680e+00 1.641156644344126669e-01
2.111771097667557662e+00 6.198682346080306438e+00 3.031063516715307493e+00 2.652440387856155879e-01
2.002239295516751394e+00 2.683076697866096261e+00 3.488563903205695649e+00 1.444982943686875521e-01
1.277817084599296216e+00 8.047451170270747411e+00 3.416318361357677524e+00 9.875585864519742518e-02
2.213208331695631692e+00 1.067118043857304066e+01 3.319109064211217763e+00 3.097110038535268450e-01
2.420931940470274490e+00 4.694939327435395882e+00 3.205399292818036372e+00 1.363617006861607694e-01
1.872639986212593977e+00 6.727784801432516559e+00 3.249758908676449121e+00 7.601471518950198014e-02
1.851599561472618394e+00 4.069431640221173652e+00 3.108627830297358674e+00 1.745322049014879640e-01
2.447437525209620546e+00 5.738634039837233303e+00 3.295851866509385442e+00 1.798115765700727120e-01
1.876945482420071309e+00 8.463913117019350452e+00 3.232533713884185200e+00 6.297265393567980096e-02
1.715598753553702061e+00 4.673111779393670950e+00 3.374480074596194701e+00 1.856203987262319000e-01
1.521816381595357814e+00 1.145753512284394482e+01 3.303447461736309432e+00 1.183728384116458227e-01
1.741055190174312761e+00 1.036192314326262220e+01 3.207472002739652162e+00 1.108979007783225251e-01
2.096271240574389960e+00 6.986578153143531367e+00 3.285112264793261350e+00 8.237469470646963110e-02
2.235613398723893752e+00 3.690821741623299790e+00 3.219442946110542714e+00 6.571731742837630397e-02
2.261752991942252322e+00 7.598322429068571360e+00 3.195947130608387976e+00 4.490448705475449942e-02
2.367457568160157511e+00 3.991977308497824062e+00 3.222777635421213205e+00 9.899719235724051269e-02
2.024238889907104433e+00 4.518544905927584843e+00 3.234533370864557611e+00 6.240928529857690810e-02
1.946727100527847032e+00 5.100403482696601820e+00 3.095867769147137238e+00 7.226457779764645928e-02
2.377275891093725946e+00 6.359612753629679816e+00 3.080773525438524896e+00 1.277696054261133751e-01
1.385133013515900124e+00 6.536841500213843581e+00 2.992558056268536326e+00 2.131847205794271949e-01
1.569271691689936521e+00 3.775762694285261123e+00 3.203183368208642356e+00 1.528613207847906441e-01
1.912556821801197238e+00 8.217491845518519966e+00 3.180549231472719285e+00 5.613025123730342597e-02
2.290999823510619482e+00 3.931660258192389623e+00 3.338548718944553517e+00 7.986209893341209010e-02
1.667988881666221834e+00 6.601692524544255924e+00 3.019447970912576107e+00 2.326253411229151358e-01
2.087907424083812913e+00 6.737477638375861666e+00 3.400553681844511900e+00 8.515089041048393148e-02
2.586164106153891140e+00 3.609699865480385128e+00 3.307293484202094902e+00 1.007116023991055376e-01
2.251046875107635792e+00 6.791561604832875076e+00 3.274741600981453615e+00 8.990726009856450651e-02
2.075761894673338048e+00 4.898216588631900237e+00 3.438899133367435912e+00 1.004275403072741601e-01
2.856955524188910633e+00 1.029739468258986079e+01 3.225886441754912681e+00 8.920737368478745544e-02
1.675197057128450906e+00 4.799528678770993650e+00 3.371189548178994855e+00 1.766031844960476993e-01
1.863423450562509132e+00 9.370449603916741310e+00 3.302125577453442151e+00 1.286839622632753311e-01
1.845747935255155348e+00 3.960946746115191708e+00 3.174439258921670337e+00 2.623313199869137247e-01
1.713155763676175170e+00 1.052020185448937539e+01 2.964565122663894936e+00 1.043925689248971778e-01
2.067511606157160120e+00 2.411750175334324897e+00 3.184507742976354638e+00 9.935128743499585524e-02
1.518920691687771107e+00 9.824947915549900657e+00 3.258909766294773469e+00 2.118582590632362428e-01
3.321219642499024793e+00 5.960065706331444169e+00 3.255353879565933362e+00 2.409445073574724705e-01
2.641609625485182633e+00 7.223367044149847871e+00 3.254098784293969704e+00 9.620506414239175796e-02
2.177767127752312515e+00 6.386229899784853004e+00 3.333757401981964463e+00 8.937805755414073017e-02
2.170627191679844525e+00 5.773407323077409892e+00 3.233228464669093416e+00 4.734682327592545231e-02
1.752972054041375349e+00 5.002368119011473269e+00 3.012270110069081408e+00 2.754834977500542625e-01
2.076518578679787286e+00 5.385155559205801801e+00 3.425919792226191252e+00 1.152723390520656171e-01
1.958524722258244033e+00 1.336423610189780931e+01 3.585060139565738879e+00 2.977551704135398269e-01
2.421179948493132006e+00 6.806599301721745654e+00 3.347611670630490810e+00 1.282174336258615488e-01
2.464157242723961527e+00 3.679972770162579288e+00 3.204040554739687074e+00 1.437136018315742780e-01
2.225897442790166103e+00 5.955785055584309262e+00 3.204717889290242816e+00 6.998129413023651546e-02
1.375383039737301250e+00 8.170918611141731347e+00 3.199765881464475825e+00 1.948382826788975786e-01
2.016691963493113526e+00 5.050102433370237343e+00 3.277955271652148728e+00 1.219804932282955029e-01
2.171452774014425380e+00 4.463258104388165393e+00 3.063299505291959157e+00 7.204065648849328207e-02
1.818856639214409876e+00 4.838358282775401698e+00 3.202034444036959471e+00 6.685726492587706904e-02
1.544638890040903823e+00 2.662444521397300257e+00 3.402642610121159983e+00 8.926541495643990076e-02
1.479418885053143562e+00 5.756471796696012611e+00 3.281277956828201336e+00 2.557842190786271397e-01
1.783387610237022747e+00 6.151333310299184731e+00 3.142841604019489310e+00 1.256430227784169906e-01
1.561435644410642976e+00 5.176382152896531252e+00 3.006435299246451365e+00 2.268798149020253285e-01
1.484096623187052710e+00 3.674139397241254379e+00 3.323813149897164809e+00 1.586599750710072088e-01
1.666898949693785159e+00 8.969995587198990705e+00 3.251367710487652829e+00 1.028824508310213492e-01
2.356912099446069941e+00 4.197258057986154256e+00 3.184757004653674617e+00 1.106688155587204209e-01
1.891510941241393740e+00 4.077422822670218494e+00 3.114575867718486268e+00 2.542087862409728727e-01
2.539468688364882265e+00 4.396342714651019001e+00 3.021657403987059176e+00 1.357236190582476465e-01
1.355613393050383975e+00 6.108784784435604465e+00 3.186588476241753565e+00 1.008496619245839027e-01
1.969723417627936124e+00 5.085152108458934173e+00 3.192623901690650356e+00 1.243915939984634872e-01
2.476577593665666210e+00 4.880784036205536580e+00 3.260700358598561444e+00 1.012788802267697019e-01
1.461919329336923035e+00 3.517070115842097611e+00 2.988034080791329039e+00 2.472079922715081368e-01
2.202410751789489751e+00 5.075046474099583094e+00 3.286208262395812874e+00 1.815098024770703533e-01
2.042222148714542218e+00 3.533954983084790502e+00 3.110596136022642622e+00 7.418564330336098467e-02
1.838756202060804812e+00 6.506714078859359596e+00 3.314299805789294062e+00 6.661716567033373892e-02
1.691286750284477725e+00 4.377970886594578559e+00 3.118901382245585552e+00 1.794024027526266996e-01
2.432268088932562744e+00 3.094598149222268724e+00 3.131851577700424993e+00 1.520729695815313809e-01
1.753900147843165058e+00 6.338999380876080281e+00 3.197190716559148438e+00 1.840331814318734577e-02
1.442477903485116064e+00 2.719655353835287226e+00 3.333968481909744153e+00 5.087283920032170670e-02
2.861021880185629307e+00 5.171096889118246942e+00 3.069959023509466256e+00 1.669228343833967232e-01
2.001406392819454982e+00 4.048953825687410912e+00 3.120352206115352800e+00 1.181249200566857199e-01
2.547841055107844976e+00 4.155766419510496412e+00 3.156162143512998508e+00 1.057632342684564630e-01
2.303020724810384223e+00 7.644679388801327136e+00 3.189874950348957849e+00 4.817702219376998607e-02
2.296676016800434539e+00 7.139510292381766376e+00 3.232791550458704144e+00 6.880164801121921303e-02
3.353098420369903909e+00 6.832687728497780277e+00 3.222222707000835129e+00 1.916490900544747245e-01
2.046398466416414319e+00 4.961751002143952149e+00 3.230352255454621790e+00 1.072035624863276748e-01
2.420761916844527573e+00 6.223395188759326402e+00 3.394808729407513770e+00 1.985290195537560420e-01
1.602523219232475871e+00 8.191209214892369417e+00 3.290625422974000625e+00 5.654135432407630946e-02
1.834997347861502259e+00 4.437549801551252671e+00 3.127388820606009645e+00 5.983533531447142451e-02
1.538438930972263918e+00 2.972272646258360407e+00 3.257260029120771616e+00 2.645927229804989622e-01
2.386557025971962176e+00 2.817448064685555753e+00 3.330000067546415643e+00 2.382738925732449942e-01
1.789855054228705056e+00 5.066791663485916253e+00 3.243116555287371749e+00 6.753635042184273629e-02
1.399727634189044334e+00 6.993124815449260900e+00 3.138182867431653200e+00 9.337310209930657634e-02
1.355444888575421780e+00 3.647356927081642830e+00 3.056145329235480101e+00 5.894638153611946041e-02
1.795773739170913208e+00 5.718601990183166173e+00 3.228888891150354379e+00 1.341905665800696701e-01
1.908388705838827137e+00 4.360086465978256776e+00 3.203654482132974213e+00 1.193130722675284500e-01
1.408792131208474796e+00 3.222468612323867720e+00 3.106041737209938258e+00 1.354372744576077536e-01
2.370818565990783444e+00 5.451690151613381552e+00 3.229310913683348438e+00 3.728302962077743865e-02
2.172029491399085188e+00 6.537719640041750324e+00 3.151852264004173954e+00 6.821451848945657426e-02
2.252593615149156125e+00 6.041565232801207053e+00 3.316302846457170883e+00 1.080117717125203963e-01
1.538520037777449279e+00 3.810220379959847747e+00 3.185856762933825692e+00 1.028300472373586405e-01
1.476585713995721916e+00 4.546175616967790489e+00 3.525390638583529412e+00 2.099254534524638283e-01
1.902104069417369425e+00 1.141277544115655829e+01 3.118441834334514162e+00 6.896803783338792404e-02
1.559436306552622886e+00 5.819972353224020623e+00 3.175009672408486416e+00 1.122645729654246499e-01
1.597778565815092255e+00 4.699146454357926217e+00 3.192466880367272886e+00 1.839668151603299773e-01
1.730837651088310558e+00 1.335345392916390317e+01 3.035609123299845002e+00 9.867192469786048581e-02
3.020441911291061210e+00 6.864399527354878572e+00 3.371118785141658858e+00 8.233018415123916078e-02
2.032532331848095453e+00 6.135039819105523762e+00 3.585336074769008619e+00 5.485616023934990482e-01
1.451227929509206760e+00 8.408163428977072584e+00 3.229617844532467252e+00 1.820901582787119444e-01
4.218664131678590223e+00 6.052549640316849278e+00 3.211796024876537814e+00 1.626534801884695070e-01
2.104758713333748421e+00 7.611143291052502313e+00 3.360510561741968605e+00 2.154725877238216070e-01
2.350712130790505672e+00 3.734234634263337238e+00 3.256390378393004159e+00 1.187090761730420913e-01
1.527350669699712560e+00 6.463498648690423565e+00 3.420739188328823399e+00 1.881776921260929214e-01
1.843302973941333356e+00 3.334466972003271579e+00 3.262925855206967540e+00 1.329981008865260550e-01
1.350748277811853804e+00 5.634614901013749844e+00 3.183358745902965303e+00 7.658475910076914528e-02
1.966703767251879009e+00 6.420300335215200604e+00 3.190955019242483370e+00 1.926332437653737739e-01
2.262023961050688925e+00 5.507628670979781482e+00 3.052460809279800014e+00 1.112813103904779916e-01
1.292905179609824096e+00 4.877715027248116009e+00 3.210916227554910574e+00 2.273524931850649522e-01
1.802935056114603141e+00 5.584391847748033655e+00 3.177906946532996990e+00 3.541109760302165593e-02
1.594605442303256959e+00 4.844770574332084578e+00 3.251655614427460872e+00 2.038670676588030528e-01
2.024078659057400920e+00 7.432119669811350526e+00 3.486353282173304535e+00 1.403677427289358182e-01
1.580296450694223864e+00 5.913012017032056811e+00 2.881252708953789377e+00 1.442973572174552632e-01
2.076609391516173631e+00 5.735635919336421473e+00 3.323242568563380850e+00 6.081115418154232899e-02
1.953148705153324283e+00 4.738824656504231569e+00 3.095115383361563222e+00 8.566719355531758617e-02
2.809454217003692911e+00 8.388276551577936502e+00 3.287914469683637098e+00 6.780504393129077600e-02
1.696243194389931652e+00 7.280466991259421761e+00 3.251924018918659343e+00 5.700567706801648593e-02
2.031771666492143691e+00 4.880729373893843537e+00 3.348628789790390581e+00 1.146218470199168032e-01
1.832507669734866340e+00 5.469631027248564870e+00 3.080105492990392158e+00 1.087261581209740535e-01
1.736277034016352472e+00 3.543142378548001403e+00 3.399933301836632005e+00 1.902737772746105893e-01
1.737479752214796669e+00 2.762116910286017024e+00 3.754365014530093525e+00 4.471049150092480939e-01
1.491992731673249528e+00 5.065224656928989155e+00 3.200096344720008368e+00 7.988168759709435296e-02
1.480079359079515156e+00 9.825220031454893643e+00 3.182872792308186760e+00 8.060189453844884833e-02
1.238455784096469836e+00 3.705861313379037458e+00 3.258152244500127637e+00 1.708694061664072228e-01
2.747017187667962990e+00 8.969258287071305347e+00 3.315379158041764196e+00 1.016489821919014103e-01
2.158200281168677570e+00 7.086508295390738787e+00 3.273904976586652360e+00 4.116509571451975463e-02
1.763342243900811956e+00 1.107892109648172863e+01 3.181177335875703616e+00 9.013895479278269396e-02
2.299498789670648247e+00 5.397065367468341535e+00 3.184806889540341857e+00 1.734594016236103986e-01
1.653254901332063875e+00 5.741168699479823445e+00 3.282499162312512375e+00 6.305572287415300847e-02
1.139128564197346316e+00 5.705716248534546509e+00 3.078503541020650047e+00 1.210440970522544124e-01
1.761646808805130915e+00 5.901733345462480962e+00 3.293472492040030897e+00 8.180953881006571005e-02
1.713400657698704865e+00 4.256095035393762771e+00 3.681663256912121707e+00 3.841054674527917268e-01
3.376884926628933137e+00 5.195796403213188697e+00 3.380006343195839591e+00 6.246531261523153439e-02
2.007051915734422209e+00 3.895804180991405463e+00 3.353749057620744711e+00 2.120750266877342305e-01
2.398379577372812932e+00 5.286855010648696229e+00 3.238893448096642924e+00 8.868302232377103800e-02
1.496336924880749653e+00 8.237723705827992404e+00 3.139813580811149141e+00 5.712843146956936985e-02
1.660357854556483881e+00 4.097456702164502751e+00 3.024651966256520996e+00 1.131666142325445518e-01
2.249720848350138525e+00 5.240719782141498584e+00 3.417424185836178019e+00 1.366137723960164918e-01
2.119085448566166541e+00 3.277162296725433244e+00 3.296870706376898941e+00 1.332905387004591213e-01
2.819884480165398610e+00 3.320055014891813983e+00 3.172033821061417402e+00 1.001183993616338863e-01
2.048356822817364975e+00 6.127447395038380762e+00 3.487096136926690626e+00 1.588294734637575589e-01
1.366179006009227370e+00 3.832465045650815139e+00 3.207416230298060444e+00 9.605533743863516050e-02
2.117740990516918220e+00 3.496238915001425696e+00 3.105011844996548476e+00 4.055050959188835624e-02
2.445524223970954925e+00 7.308775240882122937e+00 3.308762221399730752e+00 1.039716526372977401e-01
1.812787040912871683e+00 5.008228508393311351e+00 3.212266964536212743e+00 1.293607994749250145e-01
2.212031422040258377e+00 5.993396462733543650e+00 3.181940921569371472e+00 9.462726043686522925e-02
2.088542277042077178e+00 5.210424801249715188e+00 2.962157025128309140e+00 1.267268298707513452e-01
1.442205594800786361e+00 4.235205163010832941e+00 3.241139951674215869e+00 3.686813686785558181e-02
2.355054212967156779e+00 7.319698427812626917e+00 3.259535654153435491e+00 1.041993036010555318e-01
1.420627328539700862e+00 8.231498215900950655e+00 2.926269447865750273e+00 1.640400476671356467e-01
3.241345624456925645e+00 5.079751316731779376e+00 3.216154516477126801e+00 1.219812922647242892e-01
1.470937857512796043e+00 1.081188906955912898e+01 2.968993202103608287e+00 1.547950897185624564e-01
1.633440458657007488e+00 8.155961894348015662e+00 3.139446935705060948e+00 1.297845032302001322e-01
2.266488104450111063e+00 8.310226010053812118e+00 3.233284808333625193e+00 4.502337812070054124e-01
2.194170371354669413e+00 6.122233309840086513e+00 3.262127829317269967e+00 1.202239501081638212e-01
1.955256442954195428e+00 7.998079971294795421e+00 3.205385066466741595e+00 6.607337920477546200e-02
1.726692017855808725e+00 5.227724872468678008e+00 3.174836963485021979e+00 3.721039308219559194e-02
2.310333356924081372e+00 4.661554291259845328e+00 3.369051686427298797e+00 7.027435719136893022e-02
2.625345238280945015e+00 8.237941780791162572e+00 3.268974894238717788e+00 4.866514892418445648e-02
1.398274141305519080e+00 5.672639726663648574e+00 3.209801958599051375e+00 8.112137211648920432e-02
1.810179829662471818e+00 4.564199603312012243e+00 3.248077796840700859e+00 6.273850574112796452e-02
1.625581427755311781e+00 5.056214132490230106e+00 3.206791431706212503e+00 1.431139046605574283e-01
1.569400898085292040e+00 3.419616561887166561e+00 3.192049412126114927e+00 1.299723073023873743e-01
1.754910627410375623e+00 4.538141397477894579e+00 3.099682823906174001e+00 1.180411905542780443e-01
1.955048426618768653e+00 5.013327476393547144e+00 3.212140471664649777e+00 2.145105510056831144e-01
1.727391789972695602e+00 5.176174147020437211e+00 3.132603963595051333e+00 7.876400300173336255e-02
2.026467424645681525e+00 4.123428909981691426e+00 3.264939052290615873e+00 1.052041084098726820e-01
1.539134913698715135e+00 4.827286116810718397e+00 3.166035772596899722e+00 1.150697437984231075e-01
1.918201608200498454e+00 9.498603316198080293e+00 3.313952983739876679e+00 1.010198185952088240e-01
1.633611947511493856e+00 3.831818973480669577e+00 3.183713904536109141e+00 1.372134394197433993e-01
1.878185255914555540e+00 3.842754500174438981e+00 3.230142336677401360e+00 1.998547434676876677e-01
2.175492925643832898e+00 9.725353919887218979e+00 3.107913599960093975e+00 1.908740940912495021e-01
1.958980963086890625e+00 8.961603425066252626e+00 3.194289278808058796e+00 1.008026463914206416e-01
2.032912284273577175e+00 7.268890604133341427e+00 3.104729614004641203e+00 9.766336872751511800e-02
1.536693982221822852e+00 3.380158933688027112e+00 3.213452404297977516e+00 1.305665819072772682e-01
1.883133087389271987e+00 4.011247963572585284e+00 3.216437226245365100e+00 1.395820961446239683e-01
1.498801113957079156e+00 4.984494649433591995e+00 3.235973135128982214e+00 3.400736794566444621e-02
2.023712006367263783e+00 3.890064058448026607e+00 3.168977999718208149e+00 8.829921253444224238e-02
1.283429107110291456e+00 4.532673142129945987e+00 3.285224743994038299e+00 2.130055765897828080e-01
2.202758045248656593e+00 1.075874511225912400e+01 3.345641337050722086e+00 1.255623313639507299e-01
2.412735726334235054e+00 4.023862643624769753e+00 3.349435579111531336e+00 5.702746006937556289e-02
2.900228620891821318e+00 7.430777772446790941e+00 3.347775269203312476e+00 1.317802795413625938e-01
1.932950298234672459e+00 4.246323608605508504e+00 3.100577909528490217e+00 2.411896503198399100e-01
2.111628810360550723e+00 5.981993053232948832e+00 3.428512779487759676e+00 1.688139199650705857e-01
1.742453525493143696e+00 7.024962912308329699e+00 3.411046523387275986e+00 1.671307195687765645e-01
2.028032560220219160e+00 9.039225743341308572e+00 3.233566955913675489e+00 4.668972423856206089e-02
2.253984174310086797e+00 3.831623081900817684e+00 3.280649730542227527e+00 6.000835804257668993e-02
2.409060769416030645e+00 4.654607272927258066e+00 2.727999470850227759e+00 2.199036758057531238e-01
2.295605418524427233e+00 4.368472069537109981e+00 3.259250921677300905e+00 8.142774021218257552e-02
1.940854470194763648e+00 1.074949327048409842e+01 3.209984309354410481e+00 4.861437895507707274e-02
1.744160016294557636e+00 1.315270009720532762e+01 3.544123647693230517e+00 2.611943568650259007e-01
1.808861938339165754e+00 4.781021565139257135e+00 3.219490441762825839e+00 5.140386042274948386e-02
1.499240746735750029e+00 2.230411813291850898e+00 3.124913409539848086e+00 8.648225318729274580e-02
2.206455428516266082e+00 1.184716093262947290e+01 3.144459950534905790e+00 1.861962003878567806e-01
