# Hierarchical MCMC downsampled to get 500 samples
# alpha, beta, mu, s
1.257674835176224803e+00 1.012263082356252575e+01 2.082198464193856680e+00 1.238253216236893522e-01
2.751000012410539597e+00 5.809262631845117042e+00 2.863478059260223141e+00 2.527326733332018738e-01
2.134317645179760525e+00 2.855725720185430472e+00 2.732937605050595131e+00 2.972518119949714710e-01
2.385576048476600874e+00 3.984446954817193021e+00 2.995618722936870704e+00 3.215225488718644331e-01
1.361511749255432946e+00 1.026821785772144757e+01 1.601033324807056513e+00 2.797431715549038023e-01
2.157825952965452210e+00 6.379318976833190824e+00 2.924946256582123372e+00 1.408076294338081735e-01
2.517654081362278085e+00 7.342753055239765736e+00 2.970894915183413865e+00 2.448409215591745014e-01
1.719076134662909983e+00 5.845379232270939696e+00 2.865550810323139519e+00 8.464579719096117227e-02
2.297313088377455514e+00 5.393940397607789095e+00 2.144200676406889272e+00 3.339483631617968795e-01
1.772518058926217055e+00 1.220046919113728556e+01 2.617275240671419478e+00 1.408343862489952469e-01
1.276989995542394896e+00 3.338420187854367338e+00 2.516849501394214705e+00 3.214879707825451516e-01
2.736792058528054739e+00 3.355721155694988411e+00 3.178417486378757317e+00 1.169551545195983283e-01
1.422757124925138061e+00 8.710336642477344071e+00 1.041920080844112251e+00 2.700553964622283698e-01
1.767517553069673619e+00 5.451547456675048586e+00 2.766668496171999170e+00 3.314078794810489947e-01
2.149620355493088386e+00 5.753562156999221244e+00 2.870848826244591923e+00 2.000771427814591608e-01
2.116552761066620825e+00 7.358931237593525410e+00 2.800054297556229699e+00 2.386282280866716399e-01
2.196833093530988101e+00 8.182914149003106985e+00 2.826963835984337425e+00 2.138062155160930788e-01
3.081709392592673069e+00 4.199729422092607578e+00 2.659302857592770852e+00 2.247149337954489345e-01
2.925295769452782135e+00 4.331121322843737076e+00 2.548186156694428828e+00 5.613404834150594880e-01
9.163905021805512918e-01 5.915041851792113725e+00 2.460612298547877774e+00 1.444356192197603361e-01
1.665658335840557891e+00 4.556514864459352054e+00 2.846238350457501731e+00 8.763872734450081636e-02
2.512260120607058500e+00 3.808048625399122589e+00 2.967056444032615037e+00 1.004919785367402590e-01
2.511821346225082685e+00 6.016791838912727286e+00 2.881710774205286985e+00 2.107090880379917097e-01
1.564828763136735024e+00 6.217110035526707712e+00 2.500185296086751219e+00 1.283816005483908729e-01
1.435509193651905102e+00 1.073209302687363476e+01 2.918602355421788364e+00 2.834927630538474630e-01
1.666519254199023914e+00 2.649013396066175030e+00 2.728859153758300238e+00 2.799826792203132797e-01
1.432643623322448656e+00 1.019338608149485026e+01 2.027002257819823683e+00 4.432489542477189293e-01
2.320157100184562893e+00 4.563746968431829032e+00 2.878256077278750880e+00 2.517190892299779881e-01
1.341514967034431516e+00 4.937246166739986286e+00 2.975823348818410263e+00 2.953426768646597589e-01
1.641292297735037042e+00 8.148738107085611304e+00 1.788870151047159629e+00 2.824617827009459070e-01
1.652666446437985215e+00 4.983851174360018454e+00 2.538204670452614220e+00 2.662761479033534662e-01
1.432471343193967517e+00 9.403155548916554807e+00 2.426350597432430867e+00 2.055959288997131762e-01
1.156751158893718934e+00 4.796044346627940769e+00 2.284642885556714464e+00 2.102148480298247357e-01
3.330463660384692659e+00 4.640069070905250115e+00 3.066733421625435163e+00 2.310489842658103310e-01
2.315461062901747802e+00 5.052816771782344674e+00 2.993244213085584526e+00 1.530240940087731483e-01
1.878475160586170922e+00 4.148138043285827692e+00 2.271355183081803730e+00 1.596415854477853391e-01
2.295920211549049572e+00 3.391429215909207429e+00 2.635297494907353766e+00 2.936699910541027414e-01
2.219118329283549240e+00 5.976282175350887016e+00 2.697638671538574950e+00 1.838228274440801835e-01
1.025548909894647975e+00 7.202150288725078120e+00 2.632170683035159442e+00 1.312833149778879771e-01
1.233161336632397242e+00 5.466352132771599592e+00 2.572949804938535312e+00 3.084246003864040686e-01
2.411835866211857748e+00 5.027814483119604105e+00 1.973862071803868634e+00 3.120680107999279085e-01
1.097700715073339328e+00 4.559553587089338222e+00 2.174009674960364791e+00 4.284590678481787207e-01
1.321611871379715808e+00 5.810548832413073406e+00 2.342262137531242683e+00 3.785575635340841516e-01
1.210095162732444773e+00 8.695024816333411621e+00 2.657459173652537476e+00 1.709282704319447233e-01
2.129391658877409998e+00 4.320160472714446698e+00 2.854272026530566997e+00 2.898440829891718584e-01
1.236557645783929793e+00 3.308311758709266748e+00 2.566906598126304839e+00 1.347071619113371088e-01
1.741215560981527855e+00 4.776759915915762100e+00 2.793263371835491782e+00 8.908207044231296334e-02
2.406077847663287361e+00 5.976032245131881915e+00 2.369123818164299067e+00 4.589854592924590415e-01
1.298748207959358414e+00 3.210135003876966486e+00 2.320399001891856106e+00 1.965527009396784985e-01
2.529795261000118867e+00 4.819318628589419617e+00 2.843075722852651310e+00 3.347365061279229392e-01
1.503454236261968280e+00 4.184153575163144012e+00 2.971217503057675735e+00 1.761657240938973301e-01
1.380025598407902176e+00 6.021264836651711860e+00 2.252843323128050468e+00 2.486772813884051969e-01
2.099691014088486796e+00 7.620669094593905513e+00 2.846662629164051328e+00 1.101701105945953746e-01
3.020522984922715093e+00 3.449129095217631225e+00 2.762162539590958588e+00 1.977078922130905136e-01
1.956517996578788887e+00 5.852675655079205619e+00 2.959802576716044520e+00 2.506106985919025476e-01
1.741093003940014317e+00 9.551264805576943573e+00 2.091903631373349448e+00 1.841145396257679867e-01
2.226003561081637105e+00 7.013025714982054737e+00 2.226336286501461093e+00 3.780823902214640597e-01
2.369879057812211975e+00 1.077089352348735218e+01 2.001437404592892655e+00 4.997148821625580495e-01
1.948608172144556283e+00 5.531801725803275005e+00 2.499425224251537792e+00 9.978783928443474283e-02
1.296880896465345323e+00 4.300064239732797056e+00 2.008393707123688809e+00 1.542215323103112989e-01
1.478381401344968316e+00 9.421903482401306817e+00 1.684090013605447300e+00 4.227787229000318781e-01
2.250247941268209484e+00 4.628505032294441435e+00 2.819852601984999207e+00 1.372416017877487182e-01
2.337168554900822315e+00 4.836362925874837515e+00 2.936910553099728372e+00 8.849087730991189726e-02
1.294756150814941220e+00 6.730452003521597781e+00 2.548004406202596162e+00 9.443375171636497756e-02
1.501873959506487388e+00 6.964288725753156051e+00 2.835709654527184931e+00 1.953659102810914594e-01
9.851443401098161079e-01 4.547101254363838052e+00 2.565358856372286223e+00 2.423752698428075780e-01
1.116266810584580549e+00 6.125432111651949008e+00 2.078445186260855060e+00 3.901083743311531404e-01
2.630571505794339959e+00 6.681631902141434765e+00 2.599741128883085395e+00 3.326772229506552714e-01
1.677710040561055438e+00 5.998880618770673578e+00 2.693568457657781856e+00 2.271445121184401672e-01
1.887210259490228692e+00 7.316502942158935596e+00 1.995011692006962267e+00 4.051076631028204256e-01
3.236703644042368211e+00 7.467388497125704738e+00 2.681015479044781102e+00 1.909680619589137485e-01
1.473228541286339954e+00 4.539652647882559400e+00 2.561300943571429567e+00 4.898633242180385622e-02
2.031059509658031281e+00 3.134207024909721362e+00 2.847723794808461051e+00 8.851171817120490060e-02
1.223110666165611482e+00 4.838450128002127038e+00 2.708821599549464221e+00 1.760049753827252483e-01
2.457027898454877235e+00 7.097816172429829429e+00 2.869889394015397333e+00 1.213204523247126965e-01
2.406067715344283986e+00 6.400978090442011492e+00 2.705065401902307709e+00 2.603525938642657911e-01
2.016245567502579217e+00 2.898915424499035165e+00 2.588723477663511741e+00 2.545406936173428836e-01
1.690378996310892168e+00 7.738214647493201426e+00 2.731065336727733772e+00 3.544320211149101230e-01
1.369460328222953382e+00 8.254310183197063111e+00 2.264445787041803104e+00 3.050169565816076567e-01
1.767271425927233963e+00 7.716470177004892683e+00 2.128469421960966113e+00 2.562382171833729183e-01
2.217338878039921024e+00 3.676221582928164366e+00 3.017248124542795118e+00 8.528965650856208669e-02
3.433267752708605958e+00 3.873891620505891087e+00 2.895303306065649895e+00 1.499145093444737009e-01
1.569975144231896103e+00 9.047322086759564286e+00 1.727499842737927116e+00 2.241220227853165381e-01
1.361412477839091251e+00 5.221630362963816552e+00 2.961968684944747743e+00 2.045616247603698756e-01
1.195724114911159708e+00 5.681690635458759076e+00 2.582486598852206772e+00 2.637029955247099933e-01
1.576089825084579399e+00 4.743174315934193253e+00 2.492611359710300345e+00 3.514145831873642933e-01
2.128588721300779252e+00 2.965510291207767768e+00 1.918637077266714286e+00 3.291256294713535979e-01
1.804529923571740690e+00 6.332763778407903388e+00 2.859529033491372108e+00 1.221600042398434532e-01
1.854241403180902248e+00 6.663759807061334861e+00 2.559924684167373510e+00 3.511684666779529840e-01
1.847929056619884935e+00 6.983200845088362918e+00 2.850044679097224254e+00 2.651964488057517721e-01
2.049078870367619043e+00 5.080941137742174263e+00 3.262421096691944467e+00 2.805912761592299631e-01
1.700226419828359425e+00 4.780691445746116486e+00 2.362048868149629666e+00 2.322745424860394037e-01
1.953583805905327653e+00 4.162606218751527365e+00 2.470511052294902310e+00 4.183869283668985029e-01
1.989234148853388007e+00 5.528385296639816815e+00 2.888063619414621641e+00 1.597084060382027715e-01
1.556226127698289163e+00 7.383764838980617640e+00 2.540558787222276571e+00 3.818469923457571413e-01
1.615200675212308257e+00 4.302520062701868042e+00 2.297218982304297885e+00 2.914181499975131429e-01
2.160880140342410716e+00 4.715050834431078641e+00 2.740367280967692221e+00 2.672917714935011402e-01
1.793174151382595838e+00 5.422363719877965949e+00 2.116370530418456575e+00 3.141499551661192102e-01
1.396461426199629985e+00 7.176241344411736556e+00 2.181569065764772830e+00 2.838136245809445013e-01
3.629670798722779423e+00 8.214581820448923821e+00 2.169648277208236387e+00 3.580286242067555191e-01
1.423577916141505639e+00 5.510718390374599984e+00 2.722785516748666090e+00 3.192719520639056840e-01
2.058570448374880346e+00 6.010375693965071875e+00 2.708354757012859437e+00 3.454745965114642270e-01
1.563978545984628044e+00 4.879726410653930202e+00 2.596988972612911617e+00 2.207346674341987003e-01
1.921057321439488597e+00 5.881781837301241822e+00 2.909646427097319688e+00 9.646502752051885898e-02
1.561953895805638037e+00 3.862888045705978435e+00 2.405550155563563663e+00 2.398391150850296971e-01
2.555224527931878153e+00 5.092557011172512915e+00 3.108228648291674112e+00 5.198435264127561073e-01
1.923966334710885739e+00 7.716228785300555337e+00 2.657332256302456841e+00 5.399020497868033397e-01
2.283420375950184766e+00 5.948751800218900598e+00 2.746127627273658778e+00 1.378050687298879029e-01
1.798458024177733261e+00 6.630885919665064243e+00 2.675063800993176422e+00 2.136916879681864390e-01
1.634044859800387162e+00 9.310954801721766927e+00 1.993803463679030274e+00 3.231521445432008477e-01
1.237226510186144379e+00 8.102682900126334076e+00 2.475639276756596452e+00 1.479355534479526446e-01
1.286150619541572837e+00 5.874804402907341405e+00 2.779284084698165014e+00 2.328252434988483111e-01
1.551248452925933385e+00 6.450326860283245978e+00 2.212203443193434982e+00 3.317488032401764708e-01
1.266978539116266678e+00 4.448301452561945979e+00 1.338332654285363521e+00 5.463957854892290689e-01
1.110773366280100261e+00 4.408355614943296530e+00 2.651269147704695239e+00 3.089951060318075760e-01
1.769890092343037846e+00 7.821795947738488408e+00 2.584458575512024403e+00 1.861718023021789736e-01
1.964081497808610743e+00 6.506416595008100323e+00 2.914203179362223839e+00 1.887833498962578627e-01
2.249460298687232296e+00 5.319228339566734576e+00 2.466183248577542120e+00 2.805888661235548809e-01
1.387914381984907575e+00 3.414189616837063568e+00 2.486058716475537889e+00 3.334340344232105124e-01
2.160146392174639107e+00 8.033255658470158878e+00 2.255820753969004056e+00 5.788883995780916836e-01
1.424576678243127725e+00 6.095800783766780029e+00 2.070323297052159006e+00 4.049322307704925628e-01
1.407218932561504987e+00 9.949849700097734839e+00 2.383944780098533389e+00 2.559326532112781161e-01
1.777235858772914678e+00 5.952580352360319793e+00 2.777453050596171646e+00 2.912161013316920122e-01
2.025864571016856797e+00 6.419170682176804199e+00 2.820817580101403266e+00 3.745819456790236979e-01
1.186917620939125229e+00 6.187377284402728606e+00 2.153295745448613907e+00 3.541176418399606951e-01
2.308939056401531964e+00 1.155299335294557572e+01 2.658260895814639202e+00 1.296510445553417656e-01
1.218369740670381729e+00 4.565208874653956528e+00 2.635513163159350913e+00 2.144386815414639769e-01
2.424997127993111956e+00 1.252517313485443040e+01 3.079384633769610247e+00 1.641761359664735132e-01
1.193234831578701360e+00 5.513074695184573493e+00 2.681808059350900386e+00 2.208700138368140387e-01
2.054169262470827206e+00 8.442925285197281582e+00 2.716808305305428828e+00 1.663722101118143559e-01
1.431714880375731802e+00 3.559337234860297627e+00 2.649891143338463095e+00 3.558745963942129276e-01
1.352955458648055886e+00 5.435757583055282005e+00 2.867994462909225106e+00 4.076022357612475444e-01
2.791738250320404013e+00 5.428307748908766328e+00 2.747161801770969358e+00 1.548117062219338813e-01
1.799250658954977267e+00 7.308368924923955845e+00 2.710988863624113954e+00 1.727801309673089314e-01
1.725304394500776439e+00 4.927695980141143295e+00 2.658547554412481695e+00 1.452064373421486643e-01
2.002638292089325756e+00 6.437854226184895445e+00 2.910771378116700170e+00 1.581269650127927473e-01
1.831548777615954693e+00 7.654628716384916487e+00 1.981185434128007739e+00 2.476991921800146546e-01
1.866525090199744108e+00 6.070138515119921863e+00 2.492774452336377067e+00 1.938342702381836702e-01
2.098845834828586110e+00 7.578890761336166904e+00 2.997937130194900046e+00 1.787389301109566508e-01
1.908631513457604401e+00 5.899469043991782513e+00 2.977468322427069491e+00 1.241050861457215770e-01
1.585668174728078750e+00 4.848103575835887469e+00 2.668913446993158356e+00 2.584034399579159813e-01
2.317262636438484957e+00 6.631961231389364997e+00 2.892368430448054806e+00 3.148663224662110460e-01
2.593474342871882943e+00 5.590777950930569062e+00 2.889939694656691316e+00 1.910631853680090642e-01
2.239932080121148417e+00 4.607122886388343552e+00 2.493031528659969354e+00 3.587729602209350777e-01
1.416846206952741216e+00 2.765309238439557227e+00 2.264271132651759277e+00 2.638351571685505492e-01
2.624543890326878515e+00 6.730354574113128763e+00 2.717692830298879425e+00 2.435017947220319834e-01
1.814640625772717675e+00 3.344915497833392592e+00 2.779394666194658470e+00 1.736456377869614043e-01
2.192531422159425869e+00 2.991924458797361908e+00 2.839953011888405765e+00 2.191529939535794558e-01
2.919884130105524278e+00 5.023719470094470729e+00 1.975239371773333419e+00 3.193516214087344096e-01
2.100507687340262386e+00 3.569093444918391977e+00 2.656373592559295282e+00 1.581773664646310140e-01
1.362918873970675016e+00 5.347729828705391597e+00 2.067908844828642678e+00 3.152581657297996998e-01
1.884162357012769684e+00 5.160353778566064697e+00 2.476100059384878094e+00 1.941205482368158763e-01
1.485582335716471247e+00 9.097469726765746501e+00 2.426657793721912260e+00 2.410983685176184554e-01
1.785618569844422687e+00 6.276386190727410330e+00 3.160013773935465675e+00 2.061454330798601908e-01
1.527280955862011957e+00 6.089418875009005916e+00 3.229247220887685454e+00 1.930107426017030336e-01
2.902091366650627613e+00 5.290996113276502655e+00 1.108891569891850670e+00 4.194559804047295892e-01
1.488124153874184286e+00 4.346866187632222989e+00 2.444228797222654848e+00 6.764308841640409575e-01
1.368148709093264470e+00 4.689138359703664882e+00 3.321123083385341346e+00 4.512074011386070782e-01
1.412469165032882223e+00 8.057033399817889574e+00 2.615530495106501263e+00 3.088461214742440619e-01
2.279367201855652336e+00 6.711793323833648017e+00 2.395476186314411837e+00 3.830321406578889865e-01
1.191178119656150391e+00 7.333987657095796919e+00 1.811545975697420818e+00 1.357519905787707148e-01
1.851083485540649498e+00 7.418739807397512820e+00 2.867378139877154286e+00 2.333595255754254694e-01
2.048430494640708144e+00 5.644679238492676276e+00 2.682665780845366221e+00 2.794660108267621457e-01
1.843512162869364257e+00 8.289666236955865131e+00 2.435008841648991673e+00 3.929371590893013799e-01
1.477927514721962599e+00 1.165280276923360248e+01 2.035344450942845551e+00 3.339254453364460251e-01
2.667407071740476532e+00 9.162484519483575340e+00 2.169958383981974492e+00 3.391666439931008692e-01
1.358882073753382658e+00 3.945715309405550375e+00 1.673901745525774754e+00 2.711026105962170973e-01
1.737981785496978127e+00 3.157154259872703150e+00 2.825035221104977623e+00 6.845097514649907400e-02
1.492667055344982563e+00 3.900714462253932702e+00 2.805710156879627437e+00 6.569002971805248947e-02
1.404112782870762688e+00 5.551335605960890263e+00 2.530951221615603153e+00 5.419776624289501799e-01
2.913362414617364671e+00 3.296396660447396876e+00 2.765256308060561885e+00 2.221389059338256533e-01
2.052246998909321274e+00 7.800990504855953134e+00 2.523632019564836959e+00 4.627577072260076196e-01
1.579747351408127276e+00 4.108996408067561390e+00 2.149709967569852775e+00 2.936049775542359797e-01
2.295133738214787389e+00 4.341252781043266395e+00 2.477000973850069343e+00 2.992935893668369762e-01
1.970186533114099969e+00 5.158506324390089048e+00 2.446296629366977893e+00 2.526903253373865010e-01
1.636739104118918542e+00 5.503933488535158070e+00 2.740852867221303946e+00 3.567036384771243851e-01
1.641231385028843581e+00 6.265887619021056842e+00 2.387328126911439252e+00 3.477100747262433789e-01
1.353422291184611215e+00 8.371494515894379873e+00 2.576642362853237778e+00 9.304918628256161894e-02
1.093979085313687483e+00 1.033552872174618109e+01 2.455486706172799405e+00 4.082014142656121836e-01
2.445944098208463924e+00 5.418689892508761652e+00 2.795674432788971764e+00 4.383983211594832952e-01
1.482526385631016019e+00 4.724823181961502527e+00 2.569984271690779476e+00 3.704677966213089646e-01
1.925749738495792673e+00 5.414565222340415040e+00 2.553701598032946940e+00 1.455614155026024314e-01
1.178879214817255328e+00 1.106247557444805274e+01 2.286000030516393444e+00 1.693190813724205213e-01
1.349675221993926977e+00 3.559038071913253720e+00 2.237868334097110612e+00 2.442451484016504026e-01
1.659717864311916369e+00 5.661893991932791970e+00 2.719456971054193151e+00 2.479423596617962855e-01
1.821561786914947634e+00 5.298023380660941584e+00 2.418736198623501643e+00 4.112585444501554166e-01
2.057388265869059651e+00 4.691082246029721681e+00 3.004654047356391633e+00 1.517139057149092807e-01
1.607811296834997350e+00 4.955854761039169887e+00 1.762150724121225309e+00 4.031628956572362865e-01
1.351108973951020253e+00 4.959232718387279526e+00 2.074947601797898500e+00 2.297929722428741495e-01
1.963722037671626008e+00 5.282781001358561213e+00 2.736359686927563040e+00 4.332894955036493967e-02
1.122220754863349157e+00 6.941199207434046059e+00 2.711095619602432727e+00 2.436248230906029877e-01
1.492287915772363638e+00 4.941497320161181150e+00 2.521436726876840950e+00 1.439650284268693126e-01
2.030557954325947545e+00 6.157069944524980798e+00 2.474549180749535449e+00 3.058330797552170077e-01
1.725559063495107459e+00 2.323009000070535457e+00 2.836443307152154425e+00 2.731228035030686674e-01
2.338667120854533099e+00 9.799809474407100041e+00 2.997254683592332825e+00 1.590995129337961778e-01
1.549665735723178006e+00 5.366346911490071925e+00 1.831101199265122492e+00 3.041825415047856862e-01
1.692621679698296688e+00 5.469767287765820107e+00 2.488613932193811884e+00 2.011604015817499980e-01
1.441720567726924251e+00 7.840758261166219434e+00 2.392634017605193897e+00 2.398448189138105979e-01
2.765552538575846153e+00 6.312474270313313873e+00 2.603361311052124982e+00 1.626303464682546940e-01
1.328312733145516678e+00 7.733464223817108518e+00 2.572662598462780004e+00 3.771760052211052261e-01
3.284018593170232592e+00 8.290286146066694783e+00 3.270714839636847504e+00 1.223847046897448138e-01
2.145323413544680591e+00 1.138008134432702612e+01 2.672111378537171067e+00 1.928808489752956434e-01
1.922170652452126927e+00 4.463938762201156152e+00 2.573146979885767571e+00 1.011076158039362627e-01
1.529969849186966657e+00 6.233752665245023472e+00 2.364962392418948678e+00 3.493378050941217117e-01
1.967264440326012886e+00 4.934361948141314791e+00 2.636499095506449564e+00 2.991274100779071632e-01
1.583799009048633133e+00 4.525839257217453060e+00 2.531911772606552535e+00 3.105386624695327669e-01
2.930624441112730683e+00 4.904910280312453352e+00 3.104047335744731573e+00 2.473949476347839238e-01
2.979745100900573984e+00 8.004431177898418071e+00 3.197195327864207570e+00 2.029728693052753052e-01
1.980541783740074724e+00 4.604935396968759420e+00 2.692273202077456240e+00 3.127213195115502997e-01
2.380724571004666057e+00 8.913164123728650523e+00 2.557243171380946034e+00 2.578686783252649439e-01
2.224595136774076831e+00 6.829404916874679543e+00 2.963355371547177874e+00 1.465657264181398078e-01
1.892702929649139554e+00 8.936359333465720312e+00 2.753896760831322066e+00 1.823990364186449942e-01
2.749019185183946945e+00 1.107050112085546800e+01 2.922450158104676454e+00 3.066292754250945496e-01
2.097451073465665061e+00 1.078494870485571155e+01 2.993873004426691242e+00 3.448335175344893200e-01
1.445351754693469992e+00 5.512784190179141675e+00 2.810553946879162712e+00 2.532765890298400158e-01
1.724989935706716215e+00 6.649586558492984523e+00 3.110974251902092202e+00 2.829383565536185419e-01
2.548323252262355787e+00 3.605033505670760974e+00 3.019687872247604155e+00 3.906329439736012654e-01
2.062916486338677302e+00 4.342492114445411389e+00 2.978002446439560913e+00 1.431172264383947512e-01
2.027957951484506971e+00 3.835191395593048558e+00 2.547454830206784315e+00 2.776975553789511886e-01
1.099573030859319456e+00 4.555256072111124155e+00 1.673873430800797646e+00 3.708586115435481001e-01
2.424413721060937110e+00 6.231799720978569823e+00 2.505304098021118975e+00 2.517415989640943152e-01
2.030033802111620211e+00 4.565185902348720681e+00 2.601070749016026973e+00 6.240620282019206100e-02
2.456096417291586231e+00 5.516044388789637765e+00 2.820866185595399145e+00 1.555893203133023317e-01
1.502095106278890313e+00 4.955242769695537675e+00 1.937418027019254252e+00 3.314316180226020148e-01
1.650448193206244474e+00 5.879558057454120856e+00 2.623344139678354114e+00 2.373358946822483606e-01
1.591760037183952203e+00 5.262851589851964995e+00 2.981969523506495801e+00 1.763331032189981995e-01
1.188302645026475979e+00 5.083723321123616579e+00 2.578045943478072033e+00 1.392023698668115039e-01
2.313832015530414843e+00 2.985824798145549686e+00 2.795787683847060556e+00 1.746983884239766416e-01
2.361104758045813323e+00 8.356555560836788743e+00 2.476283717699025555e+00 5.681180118651867339e-01
2.062066691336228885e+00 5.742933143439199917e+00 2.555493673559756651e+00 2.531236337045210671e-01
2.508053841182751764e+00 4.386099562317289369e+00 2.261696609612951381e+00 2.277081573295096917e-01
1.833468384421237829e+00 9.649497149859938006e+00 2.880753559732088132e+00 3.409484837505325494e-01
2.887677671065591589e+00 4.016521110497116354e+00 2.579451499945797810e+00 4.054399649787039928e-01
1.464160635382283138e+00 5.238573720381056731e+00 2.472768110885733339e+00 1.493205193934579178e-01
1.808368212986261936e+00 1.609334101278647822e+01 2.599383113437379489e+00 9.671271636726395948e-02
1.696577298275041112e+00 4.373174457697817985e+00 2.595735675474290183e+00 2.738297463914536323e-01
1.325917018306586037e+00 3.173558525316471979e+00 2.785050630114136894e+00 1.204363905494997694e-01
1.894807636019304464e+00 3.480150637391414392e+00 2.823569930813116802e+00 4.461508379143860892e-01
1.842751780727913458e+00 5.170008224107156103e+00 2.597751295043390751e+00 1.786603935156365897e-01
1.242269777677771803e+00 4.538454473755283658e+00 2.276173698692982139e+00 1.436563390660055006e-01
2.750025290626909147e+00 4.643157680428955381e+00 2.898634165375681526e+00 2.916094710742703211e-01
2.341643500241143538e+00 3.568714796989696403e+00 2.930659746632715112e+00 8.995315639844186917e-02
1.257500620235047384e+00 4.591885712800738872e+00 2.060226863634972094e+00 1.057105210010445967e-01
1.161666206222738751e+00 3.765725000493101327e+00 2.193904987020393271e+00 3.683333419742181869e-01
2.018833068185745372e+00 4.525161551059749598e+00 2.698117600830388430e+00 1.425535426473462375e-01
2.109640098708797762e+00 6.098839274609344940e+00 2.922403672305540656e+00 5.732754577763468640e-02
2.774657430898146426e+00 3.930165438549162449e+00 2.411088841211231237e+00 1.947205315291570815e-01
2.901527815092430629e+00 8.131396096973183774e+00 2.933364423920074682e+00 8.164604421093485387e-02
1.541502532858997743e+00 7.210387529416740549e+00 2.914521082368791927e+00 3.267596415100674778e-01
1.618471522765074555e+00 9.215906537837545542e+00 2.536416711805450586e+00 2.008221459018871835e-01
2.437193612702319268e+00 6.295881242512380460e+00 2.758721814597306921e+00 2.820758279826915960e-01
1.324561803212882527e+00 6.499731860298465058e+00 2.682339479974504837e+00 1.412809368965333712e-01
2.060521224781929117e+00 9.462751094433073717e+00 2.444807085232096888e+00 2.458981827893737537e-01
1.717620036206664258e+00 5.688058717276830656e+00 2.186856290323314411e+00 4.111323198882126384e-01
1.418856004693479944e+00 6.335584170362469791e+00 2.054299009777400986e+00 3.601050303346954307e-01
2.039541063660328390e+00 7.388158768589903502e+00 3.150734953984946518e+00 1.541746201650890102e-01
2.180279229828276044e+00 4.811580082152702609e+00 3.080948780271728360e+00 5.300168412288273900e-02
2.818711418593642382e+00 6.469361354762437344e+00 2.231990365648668373e+00 3.001977774218846373e-01
2.683640433853247576e+00 6.228389274828593614e+00 2.959621811131717184e+00 1.317440144430610804e-01
2.258730817478299180e+00 7.677397293393845246e+00 2.779713459370352968e+00 8.495022810543917391e-02
1.577986201469655070e+00 3.557331735557678787e+00 2.875520999641992148e+00 1.051311801271374302e-01
2.614860715252826484e+00 4.012795768727375645e+00 2.964962805980834393e+00 3.365758141074139814e-02
2.028330158343532919e+00 3.813358776933579275e+00 2.502121154233652778e+00 1.998533352126583562e-01
1.705374040723009132e+00 7.467135483185011857e+00 2.737722323389676582e+00 3.402415662665684293e-01
2.638864435036259337e+00 6.062607577573336570e+00 2.260228973888863013e+00 5.356865078570202110e-01
3.037853548697066586e+00 4.836427055055409596e+00 3.002076130585298319e+00 1.246083687987167843e-01
1.564311563974035924e+00 6.605982338706431811e+00 2.922225195166442635e+00 4.155345513832935378e-01
2.006433458134393888e+00 8.573319684938816465e+00 3.150925942998733742e+00 2.588473374643092129e-01
2.167361756382122362e+00 3.774301784134807214e+00 2.229583003549750142e+00 2.293190536535973656e-01
1.669623755150469790e+00 3.762680517502053235e+00 3.070322175306856138e+00 3.606275979121064124e-01
2.652381950215522810e+00 9.995194943355629746e+00 2.779334437334890939e+00 1.116123911098546584e-01
2.569511179739404128e+00 4.680394481111410876e+00 2.530065052128521952e+00 1.882873203573847687e-01
2.473571995485542185e+00 2.890226194853621866e+00 2.997726242437296573e+00 2.010948500031483344e-01
1.190661464223280008e+00 4.006673142263353249e+00 2.800784577782060580e+00 2.447609189682868336e-01
1.708263520851101669e+00 4.815288781202048618e+00 2.703339116917286233e+00 1.148410651741216260e-01
2.574918911212078942e+00 5.797297993942238215e+00 2.574461232886692486e+00 1.913800440480742937e-01
2.385129818696704262e+00 4.756272348234936054e+00 3.072345804523288759e+00 1.238278682766777994e-01
2.246338658456658699e+00 3.934327126247418427e+00 2.516787478739738404e+00 1.005849527809649091e-01
1.114057705762948602e+00 5.537618229587792484e+00 2.332144133749261883e+00 1.633860240802361419e-01
1.581005484197087085e+00 7.914036399267899036e+00 2.692372233720666586e+00 8.990298220171952237e-02
1.548261419121704785e+00 6.801674273289752826e+00 2.880471856195603308e+00 1.032473429838967893e-01
1.903734873364747671e+00 8.549239141467939618e+00 2.809828251305616309e+00 3.081135588960656757e-01
2.000360631628617103e+00 9.333284335905590368e+00 2.955400460132821649e+00 2.250008653212298704e-01
3.214956043255302376e+00 4.990315789807593383e+00 1.960760848318181093e+00 3.654205780512855273e-01
9.539319343722838518e-01 7.392574924592693719e+00 2.057802968888001516e+00 2.446991312759732584e-01
2.228139694753695554e+00 3.745923075150916937e+00 2.447146316192719606e+00 4.483950125497390138e-01
1.042616881663501749e+00 6.599438773080912313e+00 2.611740122254050167e+00 4.568743265191425595e-01
2.181631305380804076e+00 3.709368793296671907e+00 2.751396928828547139e+00 2.595243847342029730e-01
1.837718257444858505e+00 4.171746425977635120e+00 2.812804129721719448e+00 8.431770060417964618e-02
2.892614666807946655e+00 6.715928411231492312e+00 2.853899863221298183e+00 2.912559437755270486e-01
1.467033246792614376e+00 4.073598786289000628e+00 2.851292143379006827e+00 2.424454487988821350e-01
2.231612140346886264e+00 2.821509126585976190e+00 2.710461797109644966e+00 3.868075629405836047e-01
1.173920918310987993e+00 3.348021392777694061e+00 3.005453992633102533e+00 1.536446226633536305e-01
1.853750071970556856e+00 6.246770729258209087e+00 2.536528902119433937e+00 4.375872051308518085e-01
9.512760393830179684e-01 5.194684110956795386e+00 2.545214077805332487e+00 2.288017987753356297e-01
2.771363120310122330e+00 4.215223902290503588e+00 2.652340771593448387e+00 6.919825200958386324e-02
2.371001277541490371e+00 3.814409501153895210e+00 2.891178177010373052e+00 3.096794147544628117e-01
1.884771312588090497e+00 5.905367532907281891e+00 3.103317460839151387e+00 2.664181867894020450e-01
1.378362546748973738e+00 8.365575201832289309e+00 2.503953758384825701e+00 1.911018968199907631e-01
1.775264678882418456e+00 9.548644261546440859e+00 2.647945045238342843e+00 1.683421906999374440e-01
9.075592950923534463e-01 7.165181518829413676e+00 9.747836848507311913e-01 7.372468990686373846e-01
1.523583278000305352e+00 8.573276469856285331e+00 2.538329984212392088e+00 8.026113465750575604e-02
1.476155402679031781e+00 6.922751022477411809e+00 2.254216305414142862e+00 1.495276662268346657e-01
2.528264283609614083e+00 4.407487925691469854e+00 2.984678821969569462e+00 1.183161681064038850e-01
2.438350106201349288e+00 5.405533975046624029e+00 2.590885901041203532e+00 1.821930201044898723e-01
2.705465768708880336e+00 7.795181067020214627e+00 2.879854151819849495e+00 2.303493308388856742e-01
2.766443888714833488e+00 6.263355726915295740e+00 2.447630195336829129e+00 1.890038664742675067e-01
3.167107544872089786e+00 7.719509144288184466e+00 3.143335334476137444e+00 1.560411943452141292e-01
2.866440144473027640e+00 6.486258518239608861e+00 3.020318507881509351e+00 1.085583698683624948e-01
2.244182333565727383e+00 7.001366420793448064e+00 2.860395064367324824e+00 2.399643903609604556e-01
1.902935701606058183e+00 6.125893047755446297e+00 2.822868189057831323e+00 1.199203663938927938e-01
1.523421097737710506e+00 7.968814686607408326e+00 2.463322184194219666e+00 1.403116514457870279e-01
2.758470157719335347e+00 6.947839603646437823e+00 2.732540632282934645e+00 5.006321938700482033e-01
1.071920987829649174e+00 6.331334680583668550e+00 1.986285646864194732e+00 5.342237292095807222e-01
1.822777198710474833e+00 4.768015934329360661e+00 2.896793737051747364e+00 3.786419364679286526e-01
1.164355348280161628e+00 6.436771168707802637e+00 2.743944949709917758e+00 2.781601396822294681e-01
1.760969649295302863e+00 4.510082181149585701e+00 2.365167365055153681e+00 2.867538570790097996e-01
1.580190207068980390e+00 6.433851138053560348e+00 3.134172284944194864e+00 1.584580009531867395e-01
3.159832275777780364e+00 5.256420887476336290e+00 2.702261165440353441e+00 2.185169052901494435e-01
9.326329370367048011e-01 5.811673785876325660e+00 2.009810270485738570e+00 3.178678662531738142e-01
2.052037211701957187e+00 6.455661117026472162e+00 2.074114571890507186e+00 4.483122820298057198e-01
1.358910132126989856e+00 6.955425944436424146e+00 1.876571811637161913e+00 4.244307193858545268e-01
2.337700756296284599e+00 2.477918428077894308e+00 2.869432018562519726e+00 2.081985168043376522e-01
1.597274684808851264e+00 2.814197425067757052e+00 2.795285510484602831e+00 3.413875503344417361e-01
1.018784493778960298e+00 2.611203621908615435e+00 2.376338678056753473e+00 2.400015682959155960e-01
2.495206586677276128e+00 6.637849037623878345e+00 2.843823725587404816e+00 1.150078047665886727e-01
1.654740535250713407e+00 2.199448347813469873e+00 2.468377818280525826e+00 2.330274836300934294e-01
1.750569016227571773e+00 7.257405614438551922e+00 2.418695695274993618e+00 2.527644186379277569e-01
1.560086085991789773e+00 4.478045017680328144e+00 2.718529576296117245e+00 2.022403812846092497e-01
2.426726655795421905e+00 1.168831440975428926e+01 3.041752362912918617e+00 5.637560973314528767e-02
1.520758529810801729e+00 5.052996296073795968e+00 2.672122072340077814e+00 2.206134565150441595e-01
1.645088093319962974e+00 2.711714832072512404e+00 2.376708432393630943e+00 2.374709620526387066e-01
2.933889202006732422e+00 2.982790984389680933e+00 2.744828487347193313e+00 1.559027195414763034e-01
2.590389727063555636e+00 6.975202270026652052e+00 2.457400657649760234e+00 1.355295744216102882e-01
2.033714876008401173e+00 3.364047445685649063e+00 2.695713863946490818e+00 2.660829493671273971e-01
1.990760241602059777e+00 5.236240958866540396e+00 2.698943377586015213e+00 2.437363802480545238e-01
3.244370716097740637e+00 5.782679594173379733e+00 2.250941045321625200e+00 2.800989441837480887e-01
2.346314634706733404e+00 3.772049096809712232e+00 2.859673308146520654e+00 2.135149130274758555e-01
1.579278787713996657e+00 6.983555672318756180e+00 3.309429361517184365e+00 5.554073449596841350e-01
1.875878237842796503e+00 4.125303548986482660e+00 2.821152317702870782e+00 1.195301234591443357e-01
2.278900443998746361e+00 5.139941118738582837e+00 2.986427279524613621e+00 5.695875225646137574e-01
1.290659550829961200e+00 4.132009373286103404e+00 2.441313016370150191e+00 1.430923186018127069e-01
2.953856200692911660e+00 3.852834165516713316e+00 2.341165054942273116e+00 3.022177331661664024e-01
1.416980131215022309e+00 9.240647220687920438e+00 1.808600712755166873e+00 3.585537262706792738e-01
1.585560403642087390e+00 5.231494083939455031e+00 1.487729633133105134e+00 3.594617591186930472e-01
1.646955897662853108e+00 5.561555109509665584e+00 2.647951326850579434e+00 1.900288126277295542e-01
1.757682684876490598e+00 4.391711795618180147e+00 2.282196223761158826e+00 2.527665900422786938e-01
1.635621707451336837e+00 7.281176962074870751e+00 2.912140337997233264e+00 3.760659633857876272e-01
2.418805222755255890e+00 3.823436717248421157e+00 2.800428731122876602e+00 1.592885780262828788e-01
9.620566539249737481e-01 3.630120743252569948e+00 2.422382249968474621e+00 1.972981548565550525e-01
2.031274686268700336e+00 4.712115748318149500e+00 2.371207470065001655e+00 2.374207939884322993e-01
1.415217561892774700e+00 5.548772897045409103e+00 2.744334781087773401e+00 1.316714471832862166e-01
2.540850952970227894e+00 2.883580177387210952e+00 2.756647326169101575e+00 7.563026283936714889e-02
2.639327346411344699e+00 1.043913711153755486e+01 2.889322791110182642e+00 1.707745450542246801e-01
3.037685116039152255e+00 7.016820685686393055e+00 2.683138575996047326e+00 3.735838455586669160e-01
1.308400802478667746e+00 8.519978877652253146e+00 2.239620102567760895e+00 4.024648030097168760e-01
1.106291667684550450e+00 5.477270026161721539e+00 2.284267532926640420e+00 4.150671848675612230e-01
2.267783096841639257e+00 5.992237121781560205e+00 3.093925032882328896e+00 2.322685653876690182e-01
1.668175324627108935e+00 7.779223177787770283e+00 2.408585594744447889e+00 2.277912760687041960e-01
2.027072225246990822e+00 5.032360719416584693e+00 2.943129018691124532e+00 8.478144084248875889e-02
2.242517070825512882e+00 5.708996833121175563e+00 2.308985540562881411e+00 2.953096971943626192e-01
2.135520511241361330e+00 6.094106589113970074e+00 3.099189337212952200e+00 7.483687687835093028e-02
2.939005815555158385e+00 7.629375086259592820e+00 2.708580315057385945e+00 2.130299951080795728e-01
1.369178870920080726e+00 3.398240635962552325e+00 2.980412614188809872e+00 3.230588591636743834e-01
1.974036609557842104e+00 5.852890102118772475e+00 2.869852249366129371e+00 3.698765404301604942e-01
2.130957809278001935e+00 5.259144271983910102e+00 2.873240677047581126e+00 3.342253712776391272e-01
1.915322610406641646e+00 3.149160613637885575e+00 2.492231619332772929e+00 8.433188132827594552e-02
1.171794782536399904e+00 7.620091152160155090e+00 2.248422466782102003e+00 3.251374586800737654e-01
2.267770806853193655e+00 8.471176520389647635e+00 2.823635563588287489e+00 1.525396521334932698e-01
2.187673109189720577e+00 6.400171153659028889e+00 2.659845997696414610e+00 1.733055174475129911e-01
3.238252980241293599e+00 5.570879200252790042e+00 2.700427396950211278e+00 3.457153615464308993e-01
1.742850374218336551e+00 6.124061958416212370e+00 2.175392336537276261e+00 4.560236912680690202e-01
1.770296171175179900e+00 4.990531695375609367e+00 2.418456274158568675e+00 1.587944333660271656e-01
1.606570946884943618e+00 4.025892430928923460e+00 2.760003139983062681e+00 8.844100174333226205e-02
3.191813146117362443e+00 3.938966116616624547e+00 3.293835028017728650e+00 1.870533591565542442e-01
1.652466582426665775e+00 3.040989090546712070e+00 2.343581343109463866e+00 3.098886728680540492e-01
1.357327268329769465e+00 5.139161543298594204e+00 2.020802779135884464e+00 1.358840250470419175e-01
1.748100626386011491e+00 9.318097813777271199e+00 2.502502678490479138e+00 3.218029136320632033e-01
1.723967259253695428e+00 4.012149517793137221e+00 1.904767000700768431e+00 2.205184578940653228e-01
1.798215284125020741e+00 9.399464446592418199e+00 2.621572559159528026e+00 3.813481621652218823e-01
2.223336304544641262e+00 6.614065959468913292e+00 2.794911194147617017e+00 5.147722072954376005e-01
2.440984651916996206e+00 7.227533983429366593e+00 2.813320121891042191e+00 3.053343261074064063e-01
1.006882753312734469e+00 9.588971070199052704e+00 1.936701800965421993e+00 5.198963941783889542e-01
1.381343485846465935e+00 4.546304182808819760e+00 1.547266939361914284e+00 2.330836465722308792e-01
2.236721521254348310e+00 1.101465764387071999e+01 1.927422267074903939e+00 3.802816571899180209e-01
2.940393449855569941e+00 8.796388941129128725e+00 2.828814728336964901e+00 1.854252157064851247e-01
1.415046224673441655e+00 5.492432362739762652e+00 2.809373476700164574e+00 1.931512754719671987e-01
2.362458763941915230e+00 3.832211869211489930e+00 2.874193983110233663e+00 2.122561349669626896e-01
1.217049269040506587e+00 9.655497689177103382e+00 2.351056063813337982e+00 1.654048782944478879e-01
1.879945964955005211e+00 1.024231753042564108e+01 2.759947078579924717e+00 1.191444100426901354e-01
1.650607413890762709e+00 9.933956871558198287e+00 2.466215126204208019e+00 3.530663680344726663e-01
1.415859078657616177e+00 4.264360818141095244e+00 2.856613870050097592e+00 1.422951960005139904e-01
2.342450548802669008e+00 4.278831008914490752e+00 2.655369933525676185e+00 2.106244617852965351e-01
2.484547047459667812e+00 3.583181836707328927e+00 3.006891346395664133e+00 8.575525394742408714e-02
1.901464543054539602e+00 8.780680728780854594e+00 2.411213315278692537e+00 4.487135491970259404e-01
1.777354656613434392e+00 6.251520560705685625e+00 2.712074449177135360e+00 4.697012038134144030e-01
2.357263944437455017e+00 7.185113876319999093e+00 2.384900440146898948e+00 3.354049171688660014e-01
2.565349155796472491e+00 5.416955738620479188e+00 2.979954138308746892e+00 8.769159333072815143e-02
1.988464075488429295e+00 9.251030050199295474e+00 3.019120682562667302e+00 3.026992598062039908e-01
1.570066296595900468e+00 5.213411621541315988e+00 3.157586168261878434e+00 2.079698235509215842e-01
1.513703804029218558e+00 4.009781059942574721e+00 2.367995496921195375e+00 3.929755779551936667e-01
2.163521886377512082e+00 7.581784035514864684e+00 2.427571460989665919e+00 3.421661501350462542e-01
1.679792617571292057e+00 3.996103164496897175e+00 2.787735844702109667e+00 8.876752247477789903e-02
2.435968583192670511e+00 4.839910042754318908e+00 3.136863032050856592e+00 4.336987069194208066e-01
1.532175010458006748e+00 4.884835329494595868e+00 2.029505983145559966e+00 2.465096175671945555e-01
1.693684165784758333e+00 3.685801310667656594e+00 2.552678863879846105e+00 4.657131472740771994e-01
1.567358436373879060e+00 4.401772277966970570e+00 2.173801403190608994e+00 6.956667155766098343e-02
1.363445294470331470e+00 4.220864687060617904e+00 2.605802183600243627e+00 2.853714157828968201e-01
1.786370350074785840e+00 3.751450936335814834e+00 2.675367053664838846e+00 2.153415301370893709e-01
1.225839893245989298e+00 6.094065779470579258e+00 2.651425524472325268e+00 2.037283390579338049e-01
1.090827601463062457e+00 4.339078052597143298e+00 1.871638093099687872e+00 2.317892653404062531e-01
1.677057649967080843e+00 4.243355534694034148e+00 9.932880772143674042e-01 4.242206782088016603e-01
2.204442368464831770e+00 6.217993217615614299e+00 2.804792560440432680e+00 2.586757203747177547e-01
1.177728411405994713e+00 4.265282254144267426e+00 2.034866841495600820e+00 2.625715365304965299e-01
1.059389801801893682e+00 3.780834598363302934e+00 1.970771366713651496e+00 4.112167266481199235e-01
2.463744951665291616e+00 4.528380234644954427e+00 3.052946858808200936e+00 4.567544774442603983e-01
1.098298427042815772e+00 4.127137482643493449e+00 1.678693907790595352e+00 2.363245592311173371e-01
2.138297329082487597e+00 5.253876513209903010e+00 2.138590712026463780e+00 3.167092607080906896e-01
2.272408391173583730e+00 9.210057802515665415e+00 2.889799133886461924e+00 4.216561529522761531e-01
1.744005050453242278e+00 6.012731215988570632e+00 2.884856360199583580e+00 1.720957165003399458e-01
2.578074240424695684e+00 5.948491364159311345e+00 1.444231862525501953e+00 2.348847297967063819e-01
1.307020305317445175e+00 4.286621307593879493e+00 2.554638731568532162e+00 3.079457608505106192e-01
1.403475939267607497e+00 4.543479347630242415e+00 2.864594688088347496e+00 2.659391291517524958e-01
1.784616206361667956e+00 4.259844753396142991e+00 2.574543555097202230e+00 1.472414713093329608e-01
1.549153952766162190e+00 1.138948356279049889e+01 2.649238456116118190e+00 1.665545848689705399e-01
1.934982100167423891e+00 3.373279649594994822e+00 2.923336436859034659e+00 5.306775247206306501e-02
1.158979220825142598e+00 4.637236840450862374e+00 2.635977374161096343e+00 1.405644452572922254e-01
1.394662593117496963e+00 4.047326500007986994e+00 3.077694935110084629e+00 2.475605575861702379e-01
1.959527390596653706e+00 4.524752571090189690e+00 2.702555152798922222e+00 3.348794158897648865e-01
1.515935132490573212e+00 3.625678320354988937e+00 2.682499782923775555e+00 3.636758682569669054e-01
2.521486784003242221e+00 4.672117550716052392e+00 3.098380002475648265e+00 1.370754893943541552e-01
1.544210774067446224e+00 3.021174820091168556e+00 2.708798832728521955e+00 2.183609031883799179e-01
1.778705318887426667e+00 7.958749086064220712e+00 2.681759825475085179e+00 1.482036328652573676e-01
2.255004738696575917e+00 3.626758999677639039e+00 3.057232263022386931e+00 1.885508137148355079e-01
1.836651845673716421e+00 5.134991198608470420e+00 2.912954041694095331e+00 1.072689036679723984e-01
1.805922082860352385e+00 7.364467303016192012e+00 3.057463145603036558e+00 4.241656340066100594e-01
1.538413750723135687e+00 4.535178358087414985e+00 2.791296396899550558e+00 6.142070601678077668e-02
2.832126918922064807e+00 3.265923395634749760e+00 2.362886483132032645e+00 2.094315493806896966e-01
9.116158541026143647e-01 5.204963240444967276e+00 4.595879927695192269e-01 4.320756041406714765e-01
1.632895546981623980e+00 4.156112373421628092e+00 3.149027605708692334e+00 1.221501634611698445e-01
1.387922821951586005e+00 3.934177499813175771e+00 3.079850627948642394e+00 2.746999705589087126e-01
1.518920917129247927e+00 6.172288915696472422e+00 1.596342173327417013e+00 5.227472263154149257e-01
1.601179603188650491e+00 6.512643781741939364e+00 2.555814220217754507e+00 3.213646614779581134e-01
1.199397258892435758e+00 8.803462469866364160e+00 2.325540819604225984e+00 2.311832538964103123e-01
1.121582636686321521e+00 4.742593486463191788e+00 1.529517162992187540e+00 5.644332606221222903e-01
1.867101256729870817e+00 6.492430079817749444e+00 1.988337127728132758e+00 2.877308525900704739e-01
2.079275742030594731e+00 6.074214830667084009e+00 2.825914247758890774e+00 2.781686934312668225e-01
8.878218783569787886e-01 8.542820804903456633e+00 2.280271158307444423e+00 2.524746265303174919e-01
2.204969903095798767e+00 2.898609103894545846e+00 2.539199709620123535e+00 2.030310565178954918e-01
2.156761706642346343e+00 7.282711067265584148e+00 2.488337815703262290e+00 2.073714854171400668e-01
2.860948294213056187e+00 7.631260744944539987e+00 2.109406224602206947e+00 3.783170811007145473e-01
2.080237899920937661e+00 4.329493512713756154e+00 2.950160956776848753e+00 2.690888294426759253e-01
2.272850560095377226e+00 5.281104100349335972e+00 2.931493352184492363e+00 8.427725298667820830e-02
1.632210510070564391e+00 5.718740129545839324e+00 2.473630778418092646e+00 2.669404455286737976e-01
1.561986250708971014e+00 1.301839608495455991e+01 2.960056327748223470e+00 2.657678678750706180e-01
1.803527222839148347e+00 6.179550332012386349e+00 2.381574486533366120e+00 4.409947806982698199e-02
1.835515696199784275e+00 3.588051909051140687e+00 2.440846429438272569e+00 3.240796159420665790e-01
2.713206843919484079e+00 9.584243715410906361e+00 2.560519290662882863e+00 1.428900286345313186e-01
1.360346476059170584e+00 8.758143654047923832e+00 2.011712941657513465e+00 2.624150544660736051e-01
1.462552374307819258e+00 5.178184436343967079e+00 2.459056461255045178e+00 2.358985031419121581e-01
2.231587712302891990e+00 3.957327192561297391e+00 2.840507145333775796e+00 1.560759569135748426e-01
1.653841691930607594e+00 5.137276873351577677e+00 2.343146886448812527e+00 1.994063920322782235e-01
1.448430095788708627e+00 4.647601745776475113e+00 2.648536448219834583e+00 1.303140526036870861e-01
1.735984101318326145e+00 8.013486800643494945e+00 2.932381750471638071e+00 2.169622200673534951e-01
1.698495808807855001e+00 6.722379834970341861e+00 3.033798118496418006e+00 1.400941788428945456e-01
2.590028563209675116e+00 4.907401339954756914e+00 2.961874117143527219e+00 1.069269327553904747e-01
1.869048315679521455e+00 1.070441643542765853e+01 2.581213770329395807e+00 1.930385913809036791e-01
1.778649880206232714e+00 4.531678320526671300e+00 2.425364151788666156e+00 3.342430406290595180e-01
1.543669700026396141e+00 4.633794257747490875e+00 2.971641630326213424e+00 3.401235862766383011e-02
1.497290092580486176e+00 1.087928611978282945e+01 2.588768617254846749e+00 2.555102949280750324e-01
2.061097241512783285e+00 4.890947120225979106e+00 2.471528750643663841e+00 3.409164593913668329e-01
1.174372793292547845e+00 8.136348769363396016e+00 2.138568979205921927e+00 2.161124655946584927e-01
1.542837217352797774e+00 3.492720592624603881e+00 2.234967737907542329e+00 1.888457534958701556e-01
1.551600399300064881e+00 7.340756386984711668e+00 2.102154499261118747e+00 2.817200437340095509e-01
3.199377689880800180e+00 4.574044128259775910e+00 2.313750047060243453e+00 4.679083879804643575e-01
1.892361445644331619e+00 9.927650666241815358e+00 3.036223587267094182e+00 1.743319307754911951e-01
2.207962093159459904e+00 4.220220132717744654e+00 2.848198700125004645e+00 1.772271870680946770e-01
1.876870374261002006e+00 7.354058333106129552e+00 3.087712726270451569e+00 1.110176443736651669e-01
1.905266394708979627e+00 7.298736607712228874e+00 2.828029352479976666e+00 2.076364970795113729e-01
2.026159794268145742e+00 3.388159813455913216e+00 3.254327128501244726e+00 2.506464170152027382e-01
1.881260017325985689e+00 2.567646468606238130e+00 2.494749399105705923e+00 1.531918431676596581e-01
2.576590117419841786e+00 6.798059576424029693e+00 3.113318288823797353e+00 7.726362666008963764e-02
1.127388689539451816e+00 1.171311704130990883e+01 7.154811319218784549e-01 7.038015431345807649e-01
2.443161650805206975e+00 4.792455173565715931e+00 2.775982947958008484e+00 1.553005362566719783e-01
2.751642991618311829e+00 7.717767327223217677e+00 2.872900881450367372e+00 2.379810736473765842e-01
1.769026319015977622e+00 3.467302187511486000e+00 2.052040634885937909e+00 2.165470272068986124e-01
1.930034498613922178e+00 6.925036781903476601e+00 2.215658480484723025e+00 2.852619288199437775e-01
1.527023910430707732e+00 3.603747079417562560e+00 3.035784937891672808e+00 1.259311879033630788e-01
2.343097776499814433e+00 9.298967808358732157e+00 2.859249489939386546e+00 8.466925916222231563e-02
1.866117689370554888e+00 3.326729067135422824e+00 2.751403939601955617e+00 1.447544429651994036e-01
9.482032696111190040e-01 3.078516100096419628e+00 2.264007659358761693e+00 6.154794308923331597e-02
1.897436919784812659e+00 7.845072373548422462e+00 2.414215781457082155e+00 1.001903872225424069e-01
1.463339749038319981e+00 6.109356518239041911e+00 2.918113854671574359e+00 1.703744111570041908e-01
2.634458012723053688e+00 4.019593249029853155e+00 2.653706295657741965e+00 1.643945273532738394e-01
1.502951398365293567e+00 6.555554601415964022e+00 2.350060030350920037e+00 2.527916540489574815e-01
1.760060144227396206e+00 4.442354022769471555e+00 2.984164376100653993e+00 2.761503104178049672e-01
1.288873325902405220e+00 5.409570257541411742e+00 2.442532936260392695e+00 2.713420899661939667e-01
1.115704533601802328e+00 7.218082033803199238e+00 1.954804290405092626e+00 1.973045328522709807e-01
1.775937643880945105e+00 1.170573953090369024e+01 2.768437677673424524e+00 2.640193897583841265e-01
1.416527091911668812e+00 5.978438653849281970e+00 2.578803758911656363e+00 9.280409914845222374e-02
