# 500 (alpha,mu) samples from hierarchical MCMC for Nilotinib + KvLQT1_mink
1.779471597214940859e+00 4.166715743973770536e+00
1.658080257878535191e+00 4.705429554692333483e+00
1.098920203930150219e+00 3.816023663091925755e+00
1.587840392361024255e+00 4.721224018894048413e+00
1.090542729339266881e+00 4.025682177057270827e+00
1.391741343163679145e+00 4.441506883274612072e+00
1.155869429301373374e+00 4.473296691649195189e+00
2.336617463685077833e+00 4.695501526055883446e+00
9.876738598305312422e-01 3.738891429193670568e+00
2.259918177745013690e+00 4.694686247119208566e+00
1.627816511290794299e+00 4.181371472600983630e+00
2.286813788505942746e+00 4.342180470305109452e+00
1.354721259235590169e+00 4.199313397088523026e+00
1.562268693304375233e+00 3.810986942131283417e+00
1.677181221479896234e+00 4.551435754697747527e+00
2.390974072532299655e+00 4.550641680581628989e+00
1.544761736870593705e+00 4.314006537847923539e+00
1.747232088528664296e+00 4.399841846600875073e+00
1.121270714742811592e+00 4.605168642547600832e+00
1.650539960540987838e+00 4.638976815344550531e+00
1.539326705847945842e+00 3.944341415694614383e+00
1.613443461621537178e+00 4.057714912324133394e+00
2.227783732124083205e+00 4.849699759941449528e+00
1.072084088029169546e+00 4.264963496225989026e+00
1.108787561390865095e+00 4.005242408230548889e+00
1.588452185387536852e+00 4.731103731687936076e+00
1.247780624209725797e+00 4.490510059012311928e+00
1.716696462689479397e+00 4.617913021648923255e+00
1.908517647615006307e+00 4.559774614767404088e+00
1.427423753175141030e+00 4.287303793975083543e+00
1.630601336373317167e+00 4.415810219807282166e+00
1.679869576658162833e+00 4.796731208894341236e+00
2.273406749271972505e+00 4.530513483934409003e+00
1.458794261002902992e+00 4.505104195989133586e+00
2.043261218130568491e+00 4.753780115179574217e+00
2.106229854729227746e+00 4.519824162264330702e+00
2.023871827938949153e+00 4.556028482125322299e+00
1.779790575467558256e+00 4.307652570362849431e+00
1.359875487929173676e+00 4.157133194743676263e+00
1.833799577196790986e+00 4.384004190210960772e+00
1.184336720499220785e+00 4.127179241330123816e+00
1.415808579279645318e+00 4.438639915474636766e+00
1.140713004285877741e+00 4.073301740591863229e+00
1.436349435833911059e+00 4.285551818078857877e+00
2.074851753947628108e+00 4.611037328549792313e+00
1.844682447522004942e+00 4.150487156133014111e+00
1.947896875018045204e+00 4.413052875782682349e+00
2.148407534261135510e+00 4.689923860531205690e+00
1.711769316932265861e+00 4.509750559978627393e+00
1.569563530709572552e+00 4.286109229843143353e+00
1.255739335455008598e+00 4.419517385313053381e+00
1.630585632163247700e+00 4.606017411339133005e+00
1.329973103783152366e+00 4.285279173500276428e+00
1.559543874854582901e+00 4.435721342302614723e+00
1.795875314768469178e+00 4.677219450727100991e+00
1.865780543868297725e+00 4.272239790849072349e+00
9.817538663932108278e-01 4.474741393750575114e+00
1.717815163301482873e+00 4.479610948466327791e+00
2.030373940313417780e+00 4.406190901608250776e+00
2.153130246619118005e+00 4.121765208977875794e+00
1.114889075719486033e+00 4.278732647721950499e+00
2.007509418223138553e+00 4.453255338408605546e+00
1.579741073171077259e+00 4.452612006180309834e+00
1.360168639294886184e+00 4.632240295371224725e+00
1.512689420183814137e+00 4.668678883510717803e+00
2.382039044598531774e+00 4.700465520148331855e+00
1.399256457270852128e+00 4.422526920798318883e+00
1.331826144519369093e+00 4.756502826901408021e+00
9.371152424668205416e-01 4.149530133562430834e+00
1.780081909995388179e+00 4.390587182110685660e+00
2.782263955841123071e+00 5.296753763738407450e+00
1.118192771729271895e+00 3.906907205759269086e+00
1.128467487507505140e+00 4.002411795311474840e+00
1.326547159646156659e+00 4.471951526248724385e+00
2.019070690615140773e+00 4.628947055619184070e+00
2.074071833874769233e+00 4.361185271930678731e+00
1.962106777405435931e+00 4.765865539114949812e+00
1.467492733764742097e+00 4.520455552171423363e+00
1.876396584186842409e+00 4.558654705813520280e+00
1.272149209626842969e+00 4.580665616990708067e+00
7.621429953394636136e-01 3.376381248021430803e+00
1.232383811613248614e+00 4.423706109608767534e+00
2.459441386290673659e+00 4.570422194289410989e+00
1.983180404097204086e+00 4.924138454686850963e+00
1.384000636870153178e+00 4.135620245140495754e+00
7.723387826164447301e-01 3.413794352159785106e+00
1.690831505786060340e+00 4.799409194249816935e+00
1.280228515751556495e+00 4.047131542063043597e+00
1.429322731993301954e+00 4.406100404022033068e+00
1.369215941290858662e+00 4.357502982935379521e+00
1.837514909817913322e+00 4.310237416531407462e+00
1.373231887871166235e+00 4.517379156609302449e+00
2.002750699889816133e+00 4.724861618537938845e+00
1.789045221758815973e+00 4.729067671613368162e+00
2.602372021574895111e+00 4.770997734678169344e+00
2.160307486045956349e+00 4.530948566807352584e+00
1.468168744865081532e+00 4.159514608824339987e+00
1.482312168604114966e+00 4.431647788992663095e+00
1.722049752937046652e+00 4.419705432611968021e+00
1.281029553104974239e+00 4.392760896813649119e+00
9.220719513843685933e-01 4.245882068601625647e+00
2.232428834832153264e+00 4.510787819131543586e+00
1.196462795466362028e+00 4.439008990822252088e+00
1.732220474824307521e+00 4.675599035751570653e+00
1.957978908879022706e+00 4.498121079085613871e+00
1.159093766320725916e+00 4.186549378105748787e+00
1.106822077144788530e+00 4.282683962815744927e+00
1.108544286126370793e+00 4.526272597751648696e+00
1.734546383566074379e+00 4.651153075824676186e+00
8.493605862897896097e-01 4.275931280640629772e+00
1.446917563413504970e+00 4.637065299073574565e+00
1.665181555406717751e+00 4.878654178572279676e+00
1.540999603080862812e+00 4.794438818003258440e+00
1.188561070080667914e+00 3.626982665220006563e+00
1.645406746923782304e+00 4.485033894463508197e+00
1.180780118077070728e+00 3.820219753361938420e+00
1.568337948071504950e+00 4.555565597313667503e+00
1.761419802221541042e+00 4.507699600845230137e+00
2.015920767590589691e+00 4.620070915172153292e+00
1.969073569379802713e+00 4.634333288558297070e+00
2.010396076529313625e+00 4.875634735786016805e+00
1.891591930975456304e+00 4.576313042426808586e+00
1.357382501359868154e+00 4.102840445187055707e+00
1.719171061364244357e+00 4.771332340440380015e+00
1.663390611435052291e+00 4.850250278168252827e+00
1.681424435893691616e+00 4.085797661707649020e+00
2.259318992594569586e+00 4.829476015141064948e+00
2.798670786800332433e+00 4.510024292568612481e+00
1.933560002563775360e+00 4.548671695080654054e+00
1.375400718140445289e+00 4.679760739846354767e+00
1.793786580474764580e+00 4.509127270127184950e+00
1.651204471370352200e+00 4.924988267807025366e+00
2.420851186332340532e+00 4.670769646765004168e+00
1.918524550296346609e+00 4.745789502838912099e+00
1.217121170403970609e+00 4.403857521820662591e+00
2.568612192559770246e+00 4.291562802486379447e+00
1.195482168053152661e+00 4.399415049906305164e+00
1.944388975194801361e+00 4.734671234705587040e+00
2.880512696456278832e+00 4.717686197868708575e+00
2.259271548271586827e+00 4.455650503273050234e+00
1.199745098658686171e+00 4.312286548807723108e+00
1.981899484945096379e+00 4.628639062606564103e+00
1.358287297420160522e+00 4.048123910276870241e+00
1.382087782407524390e+00 4.437483833189621585e+00
1.366577348427486127e+00 4.449654148967083778e+00
2.242887234897612103e+00 5.020012468883636281e+00
1.761291792766978448e+00 4.833920243131705874e+00
2.566124269009401715e+00 4.568209337902889189e+00
1.338833201713302667e+00 3.966026663089816662e+00
1.399538751349647558e+00 4.301923104983722546e+00
2.549055055337148268e+00 4.589965940118647225e+00
1.840387600223129416e+00 3.963695202959527819e+00
1.894171232651152836e+00 4.001301077958718366e+00
1.389241858599954638e+00 3.949763251413870080e+00
2.003662257612075503e+00 4.723440579985001442e+00
2.227556237372689374e+00 4.863609647708331707e+00
2.310590069715789507e+00 4.709236358956660595e+00
1.189175380796112957e+00 4.254025261500176569e+00
1.834686056641835705e+00 4.576561808713675461e+00
2.338935976355729807e+00 4.049381056631891518e+00
7.631414211143630055e-01 3.610479131977467393e+00
1.094335036729435551e+00 4.454195107520588337e+00
1.918371439758742802e+00 4.753766395645705245e+00
1.280628515919199462e+00 4.130316994964069011e+00
1.747127581396268337e+00 3.819382140932183756e+00
1.594162238951966515e+00 4.196339907296543714e+00
1.499256835063672799e+00 4.450299474437420244e+00
2.472708688189654058e+00 5.202766747099701661e+00
1.023313347981404053e+00 3.925888356680452329e+00
1.165387413592961607e+00 4.275161529209801081e+00
1.888279418699949641e+00 4.567382484519593611e+00
1.644921193918193358e+00 4.623410258106297022e+00
3.415811339129825708e+00 4.860429046193628366e+00
2.369990580164198501e+00 4.760948834166000232e+00
1.714518152935698092e+00 4.460048580546938091e+00
2.241432660632437734e+00 4.406925128097059385e+00
2.466888114723702063e+00 4.582983276222116764e+00
1.333155975372790625e+00 4.364166799897388316e+00
2.291760706423685345e+00 4.682713905449463532e+00
1.793753422612907711e+00 4.376172344184092289e+00
1.870381590232593538e+00 4.618493502857804245e+00
1.249408132081769374e+00 4.503534237841562593e+00
8.783497500749704034e-01 4.489617029451351549e+00
1.743910335821874380e+00 4.872254150215423962e+00
1.903319802218641499e+00 4.824032319332641094e+00
1.770758217456960715e+00 4.660528633721414238e+00
2.305096605458936576e+00 4.417836252864848490e+00
2.425917235796365201e+00 4.427726339421414359e+00
2.000004035610167374e+00 4.685729156632613801e+00
1.568585803513428578e+00 4.226407107180903289e+00
2.052745993103640920e+00 4.623182367112096181e+00
1.273350358139016203e+00 4.008467615786555527e+00
1.417346138060474381e+00 5.170954967134849589e+00
1.397134517093501227e+00 4.765489321612762730e+00
1.251825639257754252e+00 4.216931940252087507e+00
1.623723304326741168e+00 4.057262997869014676e+00
1.109774772980136159e+00 4.181979081850594859e+00
1.443613756107090529e+00 4.595369160689825705e+00
2.107338000238268449e+00 4.540466323617884825e+00
2.217995774681473797e+00 4.253801112707329857e+00
2.170137224737537451e+00 4.698171924818814738e+00
1.813585825936717910e+00 4.465345037040755471e+00
2.276141878816451136e+00 4.509454529229598663e+00
8.937779589374557077e-01 4.506929760730430168e+00
2.288425798920416643e+00 4.534037528163246122e+00
1.323082171726385869e+00 3.779044617504453640e+00
2.049837994947031117e+00 4.781295483822461279e+00
2.827991302795772377e+00 4.339592562976925194e+00
1.388067631562691862e+00 3.891817126593160481e+00
1.646009605503082174e+00 4.533023420440355444e+00
2.808678469920936838e+00 4.804048127794276368e+00
1.562245446364188162e+00 4.285850193573645939e+00
2.239455517867212198e+00 4.596888543052008558e+00
8.682899044835177271e-01 4.358128992243556432e+00
2.161042893766966344e+00 4.795687190843638703e+00
1.490102298669370606e+00 4.321459862826086962e+00
2.060896279844734114e+00 4.835980632783844158e+00
1.054754701805468153e+00 3.929867468217720372e+00
1.837979901750102396e+00 2.818733497965321355e+00
1.547083322489319235e+00 4.497015460776077056e+00
1.870940595371280990e+00 4.822535675214245643e+00
1.231271927441417668e+00 4.472061859415037866e+00
9.934102543269355268e-01 4.442575217942384747e+00
1.395610144739202862e+00 4.451252687108961936e+00
2.210542581840289067e+00 4.848343128627164766e+00
8.420336267651385986e-01 3.890137216412164367e+00
2.391528903161690423e+00 4.713720929293884865e+00
2.538377665244520465e+00 5.005761610224769065e+00
1.628775057588202069e+00 4.443289627516779916e+00
2.263881976413974151e+00 4.654494272321653803e+00
2.370780655043713825e+00 4.537862755694843209e+00
1.757296661298709095e+00 4.347319843759352764e+00
2.646619576963918696e+00 4.820891049354526281e+00
1.041233737141244564e+00 3.632495978495821731e+00
1.389385719549865783e+00 4.446200318401425378e+00
1.177695673010840993e+00 4.097761530755755111e+00
1.312394747019379304e+00 4.309208317596278981e+00
2.014118197429783486e+00 5.100790077461887506e+00
1.902771584057604937e+00 4.502580726590237781e+00
1.238168413932103640e+00 4.333453321110328993e+00
1.570260718102475916e+00 4.405510926728855914e+00
1.805793755934241629e+00 4.808996769117436898e+00
2.364115257783412805e+00 5.000429797836070556e+00
1.551191104499466622e+00 4.418290734614586768e+00
2.080476520658759654e+00 4.722815701537355082e+00
1.940615236427820856e+00 4.785882812843137657e+00
8.255169075431165737e-01 4.393044965477622910e+00
2.388268288242338944e+00 4.754679294968087611e+00
1.616031133690632116e+00 4.583154878267110099e+00
1.492723038290489246e+00 4.492677218488187130e+00
1.247054784804963345e+00 3.999175916580586243e+00
1.118286712229622504e+00 4.028003776002016423e+00
2.115746777490243868e+00 4.674077216217606967e+00
8.533408460540801155e-01 3.851702363926722050e+00
3.108126381528216520e+00 4.320315031853449561e+00
2.850708625380244499e+00 4.768192610074837745e+00
2.243576435716300832e+00 4.789606908582902278e+00
9.918067805088551792e-01 4.513936678013321213e+00
1.640080686746832495e+00 4.748693934827076468e+00
1.262221251208166972e+00 3.793515823642675588e+00
2.600017571959734042e+00 4.326716423272947587e+00
1.352670917238986359e+00 4.385737060901315765e+00
2.499173919492401197e+00 4.656345626801701165e+00
1.713574599272833732e+00 4.787240050866561347e+00
1.565812530312276074e+00 4.988970898225032258e+00
1.740077943280352368e+00 4.368188263517967407e+00
1.228381418407203274e+00 4.444470403659671831e+00
1.927385203316147155e+00 4.628632342142441125e+00
2.156816172352570948e+00 4.510250755759352970e+00
2.118098686311524315e+00 4.734071530321675603e+00
2.242193347438747431e+00 4.732228579775347832e+00
2.323834636547398969e+00 4.766704881775847724e+00
2.197884296147502692e+00 4.442000430696157132e+00
2.515702202560930356e+00 4.437472414714451752e+00
1.444809938574586727e+00 4.489056774570578945e+00
1.053967489993665740e+00 4.413257301701876578e+00
1.801717922704404895e+00 4.763459100927907919e+00
1.267774115987503558e+00 4.673863932325202697e+00
1.021987381304465314e+00 3.855387699609674979e+00
1.195216286210385448e+00 4.444728631854162337e+00
2.025599873965145736e+00 4.555749363991759893e+00
1.451824223299266414e+00 4.144288786088646148e+00
2.260908354164743894e+00 4.620984346704120505e+00
2.321919795547739973e+00 4.838387280232776533e+00
1.747048607650194540e+00 4.639486326829818097e+00
2.295168183984815258e+00 4.649070952032817061e+00
2.099168773918873576e+00 4.239342993665834669e+00
1.102044593088217672e+00 4.552880330278283871e+00
1.458964073329614752e+00 3.844973097871574375e+00
1.422834267403195740e+00 4.805434013812034166e+00
2.913911024628416335e+00 4.776546254414739678e+00
2.800097972333036367e+00 4.800452544399959720e+00
2.145053831535252087e+00 4.790712158054846626e+00
1.814811519604046408e+00 4.791249262751283489e+00
1.939030128888505011e+00 4.019920589135900002e+00
2.631697002133909891e+00 4.651618957667899679e+00
2.497762828117895850e+00 4.517042726499073346e+00
1.259753196330755332e+00 4.474003221585856949e+00
9.608212974908403314e-01 4.576136124789466741e+00
2.007477515512035016e+00 4.582354979752691015e+00
1.492243219292145096e+00 4.606449989074515194e+00
1.877949225991178750e+00 4.519443264838505669e+00
2.212813207008681893e+00 4.676306067688728696e+00
1.796658729150259148e+00 4.608619763426991867e+00
1.416323904950685275e+00 4.976652213582523743e+00
1.679680433671676409e+00 4.358754413761401381e+00
1.273555344016068069e+00 4.527451905267970034e+00
1.622265309560266822e+00 4.324089714526436978e+00
2.080053994704653686e+00 4.646484128820110193e+00
8.700405607245090822e-01 4.383906219919491143e+00
1.768370455735223779e+00 4.547740256022200001e+00
1.461766681315515015e+00 4.705919334231855267e+00
1.285685382972973301e+00 3.747828052850642688e+00
6.308276265305013952e-01 3.283105250764245753e+00
1.987550551016577405e+00 4.747959230621060733e+00
1.621656198271901550e+00 4.552372280923200343e+00
1.647507059552747233e+00 4.563477735644387856e+00
2.143581371964255133e+00 4.801958385457601786e+00
8.704506330606655018e-01 4.243349796250024397e+00
1.650003175541163269e+00 4.464646789586085518e+00
3.324049256221429438e+00 5.416106942849586048e+00
1.873204225662298050e+00 4.292742768203828163e+00
1.823783160311897467e+00 4.705745676208785255e+00
2.701257197195524817e+00 4.789382056607354166e+00
1.534430915918054694e+00 4.452368972573305328e+00
1.748781724468701837e+00 4.012691010415272430e+00
2.384228665590107710e+00 4.217230654316110439e+00
1.205335277025459728e+00 4.159338830160494993e+00
2.224657644803050172e+00 4.615637515045789563e+00
1.446775879738993575e+00 4.460612470989768319e+00
1.903717826801636814e+00 4.413408118961887006e+00
1.280464188373132250e+00 4.390981356015316805e+00
1.331263756128702402e+00 4.483142489136633380e+00
1.484896261814077745e+00 4.426414571264671416e+00
1.134899417294724655e+00 4.384711239943181127e+00
1.507392998981105903e+00 4.499066574058266710e+00
1.248478667724212787e+00 4.492672803245860713e+00
1.381137795106877508e+00 4.046191807613017666e+00
1.472292848389753050e+00 4.654354622659718999e+00
1.747048607650194540e+00 4.639486326829818097e+00
2.168682682015936614e+00 4.599615556783650305e+00
1.380358660455798692e+00 4.446690546444368231e+00
1.094357237064343513e+00 4.109735829032608478e+00
1.843031433849897649e+00 4.482960664029335796e+00
2.073583011253884667e+00 4.834005738209333991e+00
1.598581846038248599e+00 4.366664553928752746e+00
1.062533783359017159e+00 3.864506204243236098e+00
2.187010454336908882e+00 4.625851520901743008e+00
9.269405481135419844e-01 4.234894891477827272e+00
1.369749408486336195e+00 3.865519912279977266e+00
5.432672577915828027e-01 3.434300068498235436e+00
1.072568802392679599e+00 4.376149331079339788e+00
1.788172403071274896e+00 4.533780304117794202e+00
1.610737065905412102e+00 4.508054297408200739e+00
1.997176964120563003e+00 4.364801589185653086e+00
2.019011509650854741e+00 4.527841546274427920e+00
1.927955517462733859e+00 4.573625297736732875e+00
1.117661573599709079e+00 4.030408627093168050e+00
2.016848818738325111e+00 4.540216021181223915e+00
1.196997543242432682e+00 4.399270676909551980e+00
2.658859743896023087e+00 4.876283662672159736e+00
3.123129488779007090e+00 4.775570485316658953e+00
1.958482762272979461e+00 4.929597441309897299e+00
2.420705019193690077e+00 4.769025502716285558e+00
1.220512250120960651e+00 4.552017510995622906e+00
2.588442513519980892e+00 4.118307343921651764e+00
1.283092060282178037e+00 4.495378956073178500e+00
2.025314835478463582e+00 4.570951906785567509e+00
1.533877768543166598e+00 4.194551414611082940e+00
1.294128769796096590e+00 4.567397923338172738e+00
1.410129643983715431e+00 4.470267358242579370e+00
1.426304405704935219e+00 4.239281892262015461e+00
1.170150037380397023e+00 4.366451628929141293e+00
1.967818503912313277e+00 4.583652070062952610e+00
1.071241712893127085e+00 4.213480881075293283e+00
1.732849985075370247e+00 5.044731055507531536e+00
1.470500163725449116e+00 4.689538970876624191e+00
1.960832189086522126e+00 4.265993207135492682e+00
2.146468213031241579e+00 4.787785322225229123e+00
1.113599154962237492e+00 3.346665707558777125e+00
1.267147077797641908e+00 4.320371159928771299e+00
1.770531041161548691e+00 4.840951636326098928e+00
2.541472448664503059e+00 4.745570284622173673e+00
2.204713271701311594e+00 4.601751244703933708e+00
1.057450058136117477e+00 4.174361153344715802e+00
1.269092268972713544e+00 4.319028241917289179e+00
1.536581040004061816e+00 4.424126698035797389e+00
1.656702569337160647e+00 4.658458612156546330e+00
8.514929627623617492e-01 4.028470762594072774e+00
7.151826913374016437e-01 3.209493826866182342e+00
3.001931517875274125e+00 4.678979086331511716e+00
2.697375362147589772e+00 4.497308733057617580e+00
1.442052637121738812e+00 4.478438613833715998e+00
1.141439632555813155e+00 4.864619437418811643e+00
2.374209969223540106e+00 4.953733222148574811e+00
1.514818732538551593e+00 3.944022810514188127e+00
2.358446071005046107e+00 4.804860023055931961e+00
1.145839655507526755e+00 4.551214085098716389e+00
3.534669188740117818e+00 4.910859705809238918e+00
1.845598759983870352e+00 4.663064233494806032e+00
2.141798742397627464e+00 4.735126295828450793e+00
1.592861157310043962e+00 4.338379209038883744e+00
1.694527960911612618e+00 3.914092750374089213e+00
1.454139285057263642e+00 3.522351019406761985e+00
1.562434687173546832e+00 4.256853990850126834e+00
2.135254598226944633e+00 4.713857718113644069e+00
1.576009036532414642e+00 4.733230785110896122e+00
1.206713823667459495e+00 4.404177781542745862e+00
2.733966154950136396e+00 4.660223894850407333e+00
2.577608969580263754e+00 4.532806069841753605e+00
2.399913341190500482e+00 4.565493197260312108e+00
1.982064976792577093e+00 3.844348786700077625e+00
1.243368125714955807e+00 4.383011065506851267e+00
1.937126562395100837e+00 4.454118399562884356e+00
2.353120244935373861e+00 4.751090437020443424e+00
1.837022559808620059e+00 4.216091393427133127e+00
2.167206892310039379e+00 4.311196899259757132e+00
1.850514837924696510e+00 4.525155778912434812e+00
6.096036967082459901e-01 3.223492160191778755e+00
2.707646203794512818e+00 4.731454378352787593e+00
2.352708063251130799e+00 4.813194528675830419e+00
1.887581316616914862e+00 4.378298108616942130e+00
1.692358299768318419e+00 4.558599903032336087e+00
1.818117673120469124e+00 4.229988679049183631e+00
3.118256611520708432e+00 4.855715705755874190e+00
1.468391035072428963e+00 4.315552791607341732e+00
2.398722032792791836e+00 4.759015467273916222e+00
1.947838392811660713e+00 4.836135398174198130e+00
2.708809314994544248e+00 4.730715915352494250e+00
2.044900979358876825e+00 4.864253968935340566e+00
1.786980954015053413e+00 4.268318577452926199e+00
8.984294681179285647e-01 3.891752230942762125e+00
1.573444813567176137e+00 4.184911131373610260e+00
1.154304590556038512e+00 4.485928712411266339e+00
2.782433649387760166e+00 4.844948863858666854e+00
1.027350599010010468e+00 4.558975993246382252e+00
1.886239619950741186e+00 4.405754114613767314e+00
1.323771295579672769e+00 4.472281972771844138e+00
2.419922036017191580e+00 5.105942532006030099e+00
2.915162325782333586e+00 4.671346055207391323e+00
2.500551001376841942e+00 4.920713090961778668e+00
2.816223021776334434e+00 4.907549513563139065e+00
7.748302368240971294e-01 2.705814835449076750e+00
1.792480927504706445e+00 4.309538325268571057e+00
2.243649913564262466e+00 4.307582254591402204e+00
1.560975399596040036e+00 4.796871420453226342e+00
1.914207622085622784e+00 5.276687386880108299e+00
2.664091383800169410e+00 4.749315895263652720e+00
2.379905125944103084e+00 4.652307217873580036e+00
1.910331678581106862e+00 4.278673412975915191e+00
1.450610494481012314e+00 4.449656337001003159e+00
1.165783335718288960e+00 4.459230252046475051e+00
2.401232234549740774e+00 4.632920297783731378e+00
1.811148525936914666e+00 4.683737444047890719e+00
1.134564693646936018e+00 4.392145069089832710e+00
1.158844869006074418e+00 3.631858221904312956e+00
1.296756828213100787e+00 3.997790727277336753e+00
1.433520288718871827e+00 4.429845086429653023e+00
2.789291819156353380e+00 4.501974063303418205e+00
1.096587100203932907e+00 4.580293081463501892e+00
1.094357237064343513e+00 4.109735829032608478e+00
1.483329248991797966e+00 4.265248896701478998e+00
1.734840908913135138e+00 5.174705174490045856e+00
8.082460702962507293e-01 4.200075355953340583e+00
1.916389599247379838e+00 4.751145291864568243e+00
1.613372970903670822e+00 4.448285826383092889e+00
1.783017153916172770e+00 4.064993832506232252e+00
2.014081608184163930e+00 4.604579994298731549e+00
2.096217863646962165e+00 4.597631915710802986e+00
1.700967296455748956e+00 4.480153050079262123e+00
1.392017601111098291e+00 4.153564834225619506e+00
1.905040470852227497e+00 4.234247946448492783e+00
1.664619468030201999e+00 4.680464439025842083e+00
9.627432929555557184e-01 3.684559656500041136e+00
1.553893638452875425e+00 4.446205863873036179e+00
1.966107375877965247e+00 4.189204189762252284e+00
1.985821111808831807e+00 4.311666122038003479e+00
1.772358732802063352e+00 4.630081184895471935e+00
1.784377768284668209e+00 4.243693933889203684e+00
2.093226312747883622e+00 4.472146974448005352e+00
1.363668648250255355e+00 4.538759161553063137e+00
1.540121065829441305e+00 4.329138226703547865e+00
1.564779606209160567e+00 4.381931603735578662e+00
1.647139832267023429e+00 4.567861881907662180e+00
1.875767971877199791e+00 4.922269626939855591e+00
1.384397912862228130e+00 4.589097680027033554e+00
1.210178240715703790e+00 4.475628696321869882e+00
9.958499475999983419e-01 4.159707251945303774e+00
1.405321055871497027e+00 4.409785385916218381e+00
1.457753051568247527e+00 4.185212574954282339e+00
2.225927221454434335e+00 4.329688699458469792e+00
1.353893499627190966e+00 4.544686324409186184e+00
1.687823991007638691e+00 4.744469551695132736e+00
1.526474123684347539e+00 4.560788783728180640e+00
1.533890604998774609e+00 4.465866072324039315e+00
1.532611201497364961e+00 4.394490232054024226e+00
1.772404842832351557e+00 4.962974693596949649e+00
2.305017306370878316e+00 4.382400173260402987e+00
3.194135701633233460e+00 4.756282422919912101e+00
2.089020157586200188e+00 4.314112306736880065e+00
