# Hierarchical MCMC downsampled to get 500 samples
# alpha, beta, mu, s
4.400028074574186654e+00 8.047578330779511901e+00 4.185461160938419134e+00 2.733795359113746493e-01
3.827029142978458864e+00 6.256705050775026145e+00 4.405263906725809697e+00 2.678861043655481611e-01
4.367366374242921623e+00 7.092218900870612686e+00 3.397059189404790569e+00 3.212760914964673531e-01
3.598722703101576936e+00 5.615299681031027390e+00 3.947226120974152153e+00 4.226844575592708653e-01
3.502600985250823751e+00 4.070804527003155648e+00 4.338282730137060561e+00 7.689420421930016625e-01
5.151390599638260959e+00 3.365087229569986071e+00 2.967261866857636043e+00 3.194537892331045237e-01
3.247361469662146227e+00 5.426040644223687259e+00 3.246846648422129888e+00 2.975556279804265070e-01
4.082629234338383206e+00 5.089897616616733345e+00 3.648976518113630441e+00 3.363618831780733065e-01
3.562472166023139764e+00 3.642677942392416046e+00 4.122454887703702830e+00 1.719487945515159599e-01
3.278690786902399346e+00 2.876800518427382602e+00 4.284609405468589927e+00 2.984448168954511593e-01
4.005684294365232212e+00 4.967458654556433650e+00 4.383117024837825504e+00 2.774523172689388750e-01
4.010208466377398473e+00 5.817260739379156220e+00 3.878484964163115833e+00 3.905376388210023419e-01
2.371357219134019978e+00 2.543938070315097111e+00 3.670933165209532945e+00 5.612540786043413998e-01
2.043753935548113354e+00 4.743170554313218545e+00 3.648131320628217988e+00 4.939274608717463821e-01
4.190243549340072704e+00 8.157649150123008397e+00 4.004281131872269306e+00 2.818426123749239731e-01
3.494226987454684963e+00 5.088939678132250677e+00 3.784231092220915471e+00 2.850774353880147771e-01
3.357769180778850782e+00 3.221302527217493328e+00 4.547135029691463437e+00 4.813174512779392344e-01
2.465234720810102864e+00 4.320902716368697938e+00 2.593256733148781468e+00 5.088299465295587076e-01
4.201739382917804910e+00 4.608289854193166057e+00 3.985896670751331250e+00 5.343721953168386607e-01
1.844743389004749767e+00 5.055903086015195669e+00 2.049154072045848540e+00 5.447423416744064939e-01
4.222457119456284325e+00 5.605523486490432639e+00 3.591543282415493810e+00 2.118817365009725562e-01
3.886315161905768534e+00 4.888251815791537780e+00 4.098271923998701993e+00 2.362214705470453424e-01
3.324181390064223862e+00 2.936534386599783719e+00 3.917135737871464851e+00 3.926906457518314908e-01
3.653487278571179608e+00 4.134689103586396186e+00 3.745034647895407520e+00 3.142897971695211567e-01
4.905869973693429031e+00 3.965553515211849067e+00 4.515119488844237416e+00 2.604881440345783727e-01
3.104869092341505432e+00 4.990864053266623301e+00 2.677667271761571488e+00 3.103639345042136233e-01
4.609045666247257422e+00 6.189594151716967474e+00 4.008598712924075436e+00 4.496375518464483800e-01
3.433373045856408012e+00 4.353122018623452938e+00 4.024747997453099302e+00 4.365547541051132963e-01
3.101358806206528484e+00 2.388516208530592433e+00 4.479858842679103503e+00 2.094963798707463742e-01
3.907611568321780915e+00 4.064195226524946136e+00 3.755589182879838006e+00 1.994653641331826655e-01
3.747224816737479536e+00 6.799673879679356325e+00 3.082833443844382071e+00 3.881560656641032669e-01
5.846592845869073685e+00 4.405166986663103579e+00 4.039851398925347503e+00 3.209016540515056137e-01
3.831331692240280251e+00 3.081002062605527669e+00 3.382082879803847586e+00 6.368146748080824038e-01
2.411586719115971000e+00 5.897513320168676465e+00 2.032593052286831625e+00 5.214701507036294537e-01
3.154333977057851790e+00 2.890794264784191103e+00 4.169943683951026436e+00 2.270034497511058680e-01
3.031560653081271983e+00 2.959789223700004968e+00 3.965357184613875319e+00 4.120770280221662252e-01
2.297287239428605687e+00 4.476070009397179028e+00 3.648491813675388773e+00 6.411645780915418147e-01
2.327043942171730606e+00 3.442853738703961497e+00 2.486522409097011721e+00 4.912799100716093714e-01
3.647321439052050529e+00 3.677486930875009108e+00 3.617293156701867129e+00 6.102529254487649713e-01
4.590993700974796532e+00 4.920628589741124159e+00 3.911835970604343959e+00 2.100851768424157051e-01
4.363475055402118663e+00 4.264741779197644966e+00 3.788421643281677298e+00 2.959457660063188889e-01
4.930262967996113410e+00 5.716336973405803157e+00 4.652149267479081196e+00 3.598834093974130899e-01
3.019434889239653419e+00 4.611583029794542377e+00 4.077205169092977144e+00 2.499283701089092813e-01
4.443106604533209492e+00 6.644469810711175484e+00 3.946363153380671118e+00 3.594750594544837696e-01
4.479956614364623668e+00 3.820833261739474018e+00 4.128095157210972310e+00 3.366195469131185170e-01
4.171398615790563369e+00 7.419926173131643488e+00 3.206153522673164780e+00 3.415689920408410685e-01
3.721880258947381392e+00 4.031282831140154954e+00 4.724922523878753111e+00 1.983166918581268923e-01
4.354716123422226914e+00 4.879716957304903069e+00 4.554850275153617289e+00 2.023079504492157898e-01
4.028475889788478703e+00 5.717195874013007995e+00 4.270529482894431794e+00 2.034613422448193210e-01
3.316884413163838197e+00 3.610074324131301360e+00 3.412225892433217389e+00 2.797224644610064037e-01
3.790863331636285416e+00 5.592387731469645296e+00 3.643133698301398216e+00 3.518022786256765899e-01
2.183520504892516811e+00 2.529739635547568977e+00 3.452197218764958997e+00 4.920363422062236092e-01
3.423198756965678324e+00 7.065092325598467227e+00 4.003879992177926006e+00 3.667691603011261625e-01
4.046950584743260748e+00 3.767864397028104051e+00 4.305405265804301607e+00 2.638403601561725154e-01
4.631216367042481075e+00 3.735113823508338982e+00 3.954752213589090903e+00 5.102152810238320679e-01
4.734403253764207342e+00 7.510980200653539995e+00 4.505089832443212927e+00 1.764867416109291154e-01
3.855661330781574581e+00 6.496881456322125992e+00 4.207453824857559255e+00 4.178267607012003948e-01
2.580414512842116981e+00 3.389599545532765212e+00 4.023281308013449298e+00 4.550192522282510144e-01
3.038233715295164838e+00 5.376068311827292057e+00 4.315351618802240274e+00 2.911189612446895003e-01
3.036760024187239004e+00 5.710804104685639260e+00 3.851087046985552043e+00 4.033676386867723340e-01
3.667505056583054479e+00 7.266193643440868932e+00 4.284378603944642094e+00 3.815626450810102321e-01
4.997733673890312645e+00 5.826521754996183411e+00 4.357573964136221001e+00 3.705390348558184610e-01
4.697481848942521410e+00 4.906501157808001778e+00 4.575285576546471056e+00 9.438847079562300013e-02
6.026866658092834506e+00 7.684820843353400655e+00 4.090261277125348371e+00 1.455401410062663603e-01
3.114304535821703190e+00 3.061872878499434680e+00 3.782755944539359483e+00 2.067365276313631595e-01
3.166769824210804440e+00 6.007689663062168783e+00 3.678660884129050235e+00 3.391173915306981423e-01
2.822490599783187282e+00 5.529134753653969447e+00 2.576970856881148020e+00 4.878787072436037708e-01
4.406782166867036388e+00 2.981799045022113681e+00 4.039019226431856069e+00 3.741935858082249267e-01
4.838121450042994098e+00 3.483083268139460120e+00 4.392040596577331257e+00 1.382575898266192038e-01
3.916439173296486054e+00 3.971952484606207978e+00 4.371687933391931402e+00 3.286025402957688524e-01
4.634075147004609541e+00 3.880626644876142617e+00 3.685246505589089949e+00 3.434212372282770542e-01
2.949858861380701747e+00 3.339825808069378787e+00 3.296273773745923563e+00 3.824333485777222097e-01
3.044874311773322351e+00 6.161352657699029400e+00 4.396923126475351218e+00 2.451642155925251310e-01
4.839946421507757890e+00 5.065971450493793604e+00 4.091304263357094406e+00 2.091566375654065335e-01
4.088681752475282316e+00 3.678005529433489240e+00 4.037985473183461238e+00 4.227227991964613851e-01
2.872596797183472717e+00 4.298965306154918231e+00 3.289048981185105802e+00 4.739452258276263819e-01
4.732931480907625499e+00 5.549316541925385593e+00 4.360966880227162612e+00 5.036622670134275337e-01
3.732083078147856003e+00 3.812972085828580937e+00 2.593948664998959153e+00 7.777618428463261013e-01
3.027458623777864677e+00 3.430858939074501013e+00 3.269724608083226958e+00 3.892202756640659733e-01
2.636970641529847725e+00 3.590094978586361396e+00 4.395026136554258223e+00 3.904352478826130790e-01
3.422519341170451312e+00 5.067044440087103752e+00 3.954639201437077034e+00 2.340224757656516053e-01
2.958682947568071153e+00 2.690297298753041133e+00 4.192411221905120833e+00 3.365131447316722646e-01
4.384353216941147657e+00 1.305027360652399260e+01 4.348152565850141649e+00 3.157586043818853550e-01
3.153457757235040848e+00 6.248044886272457354e+00 4.247174417961649517e+00 4.046355060938883197e-01
3.510695648816748893e+00 8.449313545161544425e+00 3.266036592286125639e+00 4.532234805222273288e-01
4.066148489360465135e+00 8.422787364595237136e+00 4.262906660266886583e+00 2.833949782645625026e-01
3.983715305143595842e+00 7.271362567681996403e+00 4.420323650435749485e+00 2.781807098229019393e-01
4.696262819926031007e+00 7.446719441606358458e+00 3.470227919983563059e+00 3.336558269125403098e-01
3.994957817549333434e+00 4.560789396867662049e+00 4.278800964259847461e+00 3.654868371309624164e-01
3.024803605750339575e+00 4.880203846747797947e+00 3.443168519658915905e+00 4.147916553043731747e-01
2.531735199744387099e+00 4.250121162708531131e+00 3.581698704659251664e+00 5.437944679220531041e-01
4.356049207281762037e+00 8.829156335762839092e+00 4.239065298191582620e+00 2.415325730529422621e-01
4.945481639143623376e+00 8.197400612806500675e+00 4.145563334596334748e+00 1.424367172232846590e-01
5.760613940466526195e+00 4.631695935412734499e+00 3.946274670976663845e+00 5.860057085096969098e-01
2.956628276833797475e+00 2.378566968372108903e+00 4.540020683911782484e+00 4.529431300637263846e-01
4.213007223571703541e+00 1.029891125203260671e+01 2.905175198689976757e+00 3.970140286301565014e-01
3.029853899076245138e+00 3.300922612461562267e+00 2.626484275523900624e+00 3.878141678208276710e-01
4.301063943017747526e+00 5.719963352701168624e+00 5.361325195876923466e+00 3.531272817866780711e-01
4.438757400916550466e+00 5.679252375206954362e+00 3.898449440584033976e+00 2.825020794371316812e-01
3.188026541497994693e+00 3.195690180000535729e+00 3.844539386513896151e+00 3.063847229380556314e-01
3.958059561963015227e+00 2.723070060989337016e+00 4.604256753744158104e+00 1.679748186829023715e-01
3.521323923911096720e+00 3.850644830751293934e+00 3.907001064879596974e+00 2.608469909330687342e-01
2.646729785281305869e+00 4.078747579505686005e+00 3.970931977960763248e+00 3.330366016388187078e-01
4.883792609788812022e+00 5.384799429635468648e+00 3.713208059836821562e+00 2.058666621608105096e-01
3.959473099302283305e+00 3.195604116991157539e+00 4.755303341608052570e+00 3.658347719717651159e-01
2.489465354643678463e+00 3.827456501076836659e+00 3.422574661722281419e+00 2.953091574500577576e-01
4.166780122989393931e+00 4.177456406790732046e+00 3.851221857882295208e+00 3.376863393622113740e-01
2.753759980701309118e+00 3.574539288394402270e+00 4.415870433498101377e+00 2.574848274730378028e-01
4.884323057313757488e+00 7.020623008787154617e+00 4.188556348754366887e+00 2.361546850166408307e-01
4.345773749949762177e+00 6.939358852271579892e+00 3.114346758043389229e+00 5.127211660258111925e-01
4.064920034369031043e+00 6.472914984223667290e+00 3.884938209517797336e+00 2.728131873037237809e-01
5.361267989272818113e+00 1.018921902887814390e+01 4.030097837265741667e+00 2.183334052772653300e-01
3.118845945453464275e+00 3.589575188759107416e+00 3.503007205910162902e+00 4.585596426128518144e-01
4.420621061937451302e+00 5.037854748692695672e+00 4.766596592857748504e+00 1.737664050428589790e-01
3.914708353580363287e+00 3.904259210423616455e+00 4.455527442681239236e+00 3.623321872510422148e-01
2.350057929187275629e+00 3.583953986601916331e+00 4.459701410705045888e+00 3.321672120899665792e-01
4.571446219097706098e+00 7.180893459229273468e+00 4.582587640986481858e+00 3.037982961230696333e-01
4.248088399702884210e+00 7.865615758962775317e+00 3.344894484563126991e+00 4.746161479445454301e-01
5.338197477741582375e+00 4.339296039607473787e+00 4.814952131710367844e+00 3.184899151092757119e-01
4.510104457479883422e+00 5.026225922246613464e+00 3.752472544033166102e+00 3.372987284505640226e-01
2.797490990906660091e+00 3.400115454712257179e+00 3.638733377553895476e+00 3.400403230396283893e-01
2.049812894719525769e+00 3.320312762393964334e+00 3.445779548457050367e+00 4.356308300162610725e-01
4.348096548361880309e+00 4.843026925104750191e+00 3.543467125787211902e+00 4.001067586523984199e-01
2.857265853387206178e+00 3.563297739405586029e+00 2.285062940646300778e+00 4.631318750311764210e-01
4.159348381802939976e+00 6.119992872747721968e+00 4.130329645503532099e+00 2.819671455564992102e-01
4.037724258229680174e+00 4.116274155754952702e+00 3.959850455973167538e+00 2.591469864501507736e-01
2.590168440419529539e+00 4.717592789893227057e+00 3.458220619473675317e+00 3.370055302162955901e-01
2.749038617776023763e+00 6.213552425525610268e+00 3.311659243701680744e+00 5.234268068214715797e-01
2.319493590266934469e+00 3.650868377384161256e+00 4.299378022381531217e+00 3.576724880029072406e-01
3.910246341645000179e+00 4.145620833171019370e+00 3.796942507962287383e+00 4.149339549029500418e-01
2.642596226790853819e+00 2.496462100654103011e+00 3.819761969388403955e+00 3.996898475208435220e-01
3.874678535128034174e+00 6.469395469780796937e+00 4.004644817708163274e+00 3.169955624192483112e-01
3.256365822236182872e+00 4.121157138036652512e+00 4.893097509263661493e+00 2.030049303785539383e-01
3.828401611473320365e+00 4.663222290856980479e+00 3.569299814169559770e+00 2.989512017223373008e-01
2.937860792034200141e+00 3.361612776316158069e+00 3.174809873145895356e+00 3.402262374364663500e-01
4.832107776387842613e+00 4.432941752609467656e+00 2.897869657568810098e+00 4.174147048909730984e-01
3.782832811757338654e+00 6.253993189988642953e+00 4.305051990886598290e+00 3.720278806571893915e-01
1.767260623675075859e+00 2.416547239326092722e+00 4.471057268672469220e+00 3.045257753418062485e-01
3.934743119001496758e+00 6.754964863255386476e+00 3.452147957800816513e+00 5.433089431425122129e-01
3.364522029888574295e+00 3.221891663406875939e+00 3.967639226232317906e+00 4.841961704597387839e-01
1.738393823085532031e+00 2.520278175436408752e+00 4.300488352219026034e+00 3.276242791731567849e-01
3.131740656420291202e+00 4.318946441114434265e+00 3.359790838186265116e+00 4.090265271024636773e-01
2.516369825736339827e+00 3.885837163822007501e+00 3.676551845425389597e+00 3.759861654720345614e-01
3.681984816553183659e+00 4.428995890289118442e+00 4.856373774802197119e+00 1.968140832724770417e-01
3.418789632886276131e+00 4.157051402887825375e+00 4.310433158855093261e+00 4.414129366125321696e-01
3.278531917812867569e+00 3.944743265283348066e+00 3.272065939775750998e+00 5.055020017412970024e-01
5.385234533180949690e+00 7.325812999427952832e+00 4.271545310673221962e+00 4.003151857079352283e-01
4.186087410563116507e+00 5.229706482754990837e+00 4.423047252552114728e+00 1.743233138068830956e-01
3.421492385525388702e+00 3.707630591951505572e+00 4.357754969779404242e+00 6.364071098241284030e-01
3.561920165342538969e+00 6.539972250927536201e+00 4.128484940001854397e+00 3.932067840527392333e-01
3.696319453463953852e+00 6.398783857293523170e+00 4.155789663830005587e+00 2.945530946899550528e-01
3.417623583648072394e+00 4.833175277581381657e+00 3.817662916238336202e+00 4.080461212699004192e-01
5.223463292901118216e+00 7.552021587458681573e+00 4.881517827472936943e+00 5.748101763068382830e-01
5.094796111867093025e+00 7.068948686644814572e+00 4.502810388493830196e+00 3.209770959085892494e-01
3.155961180712500536e+00 4.470320019556959679e+00 4.442141267441376939e+00 2.798900065482243793e-01
3.055356534447120076e+00 3.650672068373894685e+00 4.088147219941500765e+00 1.590351641494517354e-01
5.016094008553283246e+00 5.678945545210856594e+00 3.678918058060879570e+00 4.664531074737911509e-01
5.124956841793365747e+00 6.083712403027501381e+00 3.841550322882738122e+00 6.789718085511036172e-01
4.639065994892323630e+00 6.635462879183925189e+00 3.389621968921723294e+00 4.356411426003291010e-01
3.915674039445172117e+00 3.265880698681677075e+00 4.153169553091550448e+00 2.248430726107799593e-01
3.043152485359263082e+00 4.436410625601844515e+00 3.917864278904427344e+00 4.053514921409115956e-01
2.857592431248773934e+00 3.289552750472166220e+00 3.826541583165890881e+00 3.356782314191339989e-01
3.903242202495818436e+00 5.649357012143304324e+00 2.300823153134919252e+00 4.431448463562886464e-01
2.126682180000849964e+00 3.493064357225416749e+00 4.205626153084256025e+00 4.125039440617694897e-01
2.854672547602468136e+00 3.612289983626578049e+00 3.584830205756086574e+00 2.614195623896611864e-01
2.358064453924981763e+00 3.528438919240616034e+00 4.421284258339181150e+00 4.368404484690802669e-01
2.947848451879983234e+00 5.536905454080791600e+00 4.084758914258199702e+00 3.648241180039072940e-01
3.175669440057410142e+00 6.988093423395142167e+00 3.658481254808683136e+00 3.076550172822163920e-01
5.419238662719079613e+00 8.106047312722544973e+00 4.624687274351210853e+00 1.292719859882804911e-01
2.619585505590915631e+00 4.464407795244633270e+00 3.526579870204980427e+00 2.852641562423742783e-01
4.987006554712905881e+00 5.819832956958886250e+00 3.350669135091743911e+00 4.176128788888905929e-01
2.390110104077557196e+00 3.186563311739316617e+00 2.783708773854484342e+00 7.498515820542623889e-01
3.739249817311959934e+00 3.915469454981813868e+00 2.708656433227714544e+00 3.458426539852006432e-01
4.063721134372881849e+00 6.746026874581859012e+00 3.151493366422645437e+00 3.574838621918283166e-01
3.648278429759365338e+00 7.909313256064011810e+00 3.578052197876873119e+00 6.945351207831566009e-01
3.084005589103000045e+00 2.464607452727570536e+00 4.287248547219150829e+00 3.041803584308639397e-01
3.720351680288007667e+00 4.089192862415836238e+00 3.841829846504118517e+00 4.093111467705099482e-01
2.827912372951041142e+00 6.107063924244504172e+00 2.860313081020906090e+00 7.812263057420305579e-01
4.668689134270323393e+00 5.162785420162855132e+00 3.636756184777088841e+00 3.771474258137482716e-01
3.805031674743681425e+00 7.624663878981881027e+00 4.362725717995239449e+00 2.458850001332396340e-01
4.979085587639320742e+00 5.032754366614462960e+00 3.100898141453297452e+00 3.280222260650625943e-01
2.661054268781161358e+00 3.910570590108410460e+00 4.291959069120703241e+00 4.431541008295286632e-01
4.193051072333238594e+00 5.526469084797795972e+00 4.052097599622659807e+00 3.708115766938480662e-01
3.098457844820804663e+00 2.965540206869605733e+00 3.466792912639166335e+00 5.119255672864073681e-01
3.675846960315511058e+00 4.856928732738611920e+00 2.938335504757584093e+00 5.178445254961554500e-01
3.288288616475380177e+00 4.801193537729322891e+00 4.285219262600058698e+00 4.836036135554739324e-01
3.986926313975903913e+00 9.606831578737233812e+00 3.891027202857089140e+00 4.013273401328766865e-01
3.900931498832144406e+00 4.066863894890012432e+00 3.938407835093170828e+00 3.796249749931759343e-01
3.559906491821493102e+00 7.945682424263855737e+00 3.297193388777889922e+00 7.429719307532022254e-01
2.362200459020473708e+00 4.497957543643036793e+00 3.547973191321578845e+00 3.322114618013261023e-01
3.931645825648990566e+00 3.552452941977482404e+00 4.606275321175268722e+00 2.189821361601412553e-01
3.812265370933831221e+00 4.764650566757874017e+00 3.004575975786710096e+00 5.307542046448365802e-01
5.927870809946121256e+00 4.669718794009822815e+00 4.696374987181649807e+00 2.172737105295589610e-01
4.089648040345338131e+00 6.773369003897589558e+00 3.369598557780679293e+00 3.597908958312846517e-01
3.839128133128947074e+00 5.027343687879270995e+00 3.820731912800940933e+00 5.542260583715880040e-01
1.737553481975248060e+00 2.468507143517604252e+00 3.787825225411551422e+00 5.164458174917203603e-01
2.873187929584643641e+00 6.929234893421399200e+00 3.148188591332575115e+00 4.906907832236818146e-01
4.330186523102673490e+00 9.049280202275266305e+00 4.085010245169852006e+00 3.048989733953632042e-01
3.308509349352661388e+00 5.719592170499661954e+00 4.466239091459637045e+00 3.392427689389624357e-01
3.235346233977987929e+00 4.930638753220206283e+00 4.011797272379793000e+00 3.765732211167452381e-01
3.187292737491921102e+00 5.208810913938488163e+00 2.494898953644137052e+00 4.958820102129803953e-01
5.469774005997165567e+00 4.982341775562841413e+00 4.500855278630744749e+00 2.270318621175683449e-01
3.648327710415249836e+00 6.560327732212330787e+00 4.402239384012839096e+00 2.655048368738844311e-01
3.259518520367289174e+00 3.157120271632405384e+00 4.705429584890692851e+00 4.313728194048651599e-01
3.632686473648655046e+00 4.657386159523264624e+00 4.851802751589186613e+00 4.998484057218313681e-01
4.220845199627831335e+00 5.078097655807741084e+00 4.391817782164165962e+00 2.242122096973990508e-01
2.438381925195940880e+00 3.610376045778419751e+00 3.387081108403319440e+00 2.483711856210256697e-01
3.402677781230585285e+00 7.498635857476956268e+00 4.201274809062923055e+00 5.071789703597437970e-01
3.182407187502684476e+00 4.332854895251143645e+00 4.434437040681596720e+00 4.221103957365145432e-01
2.885617031732949922e+00 2.959141270932898582e+00 3.177118948822044153e+00 4.722505629787910331e-01
3.176938786080309995e+00 4.514130977990198801e+00 3.991514464096253434e+00 3.093628885260751860e-01
1.592162274151612156e+00 5.111826783359331827e+00 3.742025285616870089e+00 5.090679997382404620e-01
5.468560564938450774e+00 8.440723919190837421e+00 2.561706287974475416e+00 4.805115995571379028e-01
3.373021971527119689e+00 3.626794674063503976e+00 4.167367046824223209e+00 4.497290036825394854e-01
4.571446219097706098e+00 7.180893459229273468e+00 4.582587640986481858e+00 3.037982961230696333e-01
3.419857725713914665e+00 5.154464660152290101e+00 3.675664706028051398e+00 7.119543951639178969e-01
3.873377589993232561e+00 4.285662596620690934e+00 4.290785164525853901e+00 3.502696333999351652e-01
6.422554844701021004e+00 1.469298016102607107e+01 4.429019161634223600e+00 5.441154622309698485e-01
3.191125539334443761e+00 2.795483520133680067e+00 2.339224656721156759e+00 2.995015973679873156e-01
3.481412627415726657e+00 5.023322562800172086e+00 3.487344478307712325e+00 3.841056016737036116e-01
3.069518994181061888e+00 2.957102318419692732e+00 4.359144466891530456e+00 3.208757222697565248e-01
2.483489499738857020e+00 5.601018784282079110e+00 3.716715649919419384e+00 3.096904928751293418e-01
4.305723189428286801e+00 3.225314539762546673e+00 4.280628482286283898e+00 1.543254647640735777e-01
2.847975540015266649e+00 4.014383104729468243e+00 3.758723222676960685e+00 5.832948173547746196e-01
4.148420457883249313e+00 4.877607780789425362e+00 3.718774768780979567e+00 3.184997217704146344e-01
2.409621957380757795e+00 3.648746012731043376e+00 4.172682839632395613e+00 3.859929736625333785e-01
3.785239434513881562e+00 5.453561645916588319e+00 4.225821672546069330e+00 5.407446808313395303e-01
2.424446161639792763e+00 3.311450071547334950e+00 3.900238989810413504e+00 2.634274042009277506e-01
4.182683519995822330e+00 3.414186472616233647e+00 3.485202945510640582e+00 5.646093207544613524e-01
2.632320035813674242e+00 4.059115671920282331e+00 4.282288979452052224e+00 2.150928115487365233e-01
3.089385135011166295e+00 5.084614810765716975e+00 3.782791206854427379e+00 2.608702725490002483e-01
3.056403405592486688e+00 3.229022706593030811e+00 4.550371463373035219e+00 3.410592950471962315e-01
3.306387122363505515e+00 6.770357821368924611e+00 2.790738399651316648e+00 5.597224883182049249e-01
3.957085154474207833e+00 3.651415313240413685e+00 4.284242569674852952e+00 3.095104616927782937e-01
3.919487161326075331e+00 5.846565631280785880e+00 3.310563228011476511e+00 5.358331912511891115e-01
2.968883101318781748e+00 6.648655871174028675e+00 3.396687483083409287e+00 5.826744228278507576e-01
3.589415265959425394e+00 5.577855992203841318e+00 3.802070337747234241e+00 3.590396356708426828e-01
3.596931543084981531e+00 2.939536628072819013e+00 4.403712355670037049e+00 3.997554458657361920e-01
4.992386215714468278e+00 5.802918767715524062e+00 4.102860015100890934e+00 1.489859109886134125e-01
4.138572762168374553e+00 6.883746721900806165e+00 3.826409701142824638e+00 4.356847783090487258e-01
4.214073528462783713e+00 6.241322551108537731e+00 2.859831525634022320e+00 4.742348050882356780e-01
3.693859106252645574e+00 4.404894304219616252e+00 3.731509143118462379e+00 3.984167978945612476e-01
3.820365318463448290e+00 3.121150472898999162e+00 4.525755735760577103e+00 1.185927825704576055e-01
2.992023160608904053e+00 3.638117968234166000e+00 3.613374494092203015e+00 1.826078001407249185e-01
3.285533114733943272e+00 4.439557154852860066e+00 4.025893705392019406e+00 5.064680895672579730e-01
4.156362247536527832e+00 5.065958300686154381e+00 4.032824624956256265e+00 5.199900076683018346e-01
3.676001463944445824e+00 5.220296844637806188e+00 2.657772498370142067e+00 3.044031291993042343e-01
5.092529782248600867e+00 6.386975720853943272e+00 3.603948007884585358e+00 3.753012731309394723e-01
3.182888507177127124e+00 4.168089143708673561e+00 4.400049284794762983e+00 2.483774766126509159e-01
4.337107627708726376e+00 3.105833679327033803e+00 3.787901123166181883e+00 2.873598267798228023e-01
3.564332353520575314e+00 4.149684625741207888e+00 3.868493200374270025e+00 4.206576402619732757e-01
4.234339317135010994e+00 7.316586665714896576e+00 4.810454918698254367e+00 1.184950365826716728e-01
4.720627722159310480e+00 4.085148467754228463e+00 4.268703638583432713e+00 5.370577414029126251e-01
3.308726787556744320e+00 6.207295654349047176e+00 3.718912983562782770e+00 3.043482289936656482e-01
2.470394005359104916e+00 3.790583733598081206e+00 4.041696497635390628e+00 4.126018344189726350e-01
4.173405430098815039e+00 7.035124989918797311e+00 3.240017983247120092e+00 2.860711334353517876e-01
4.708329042084252514e+00 5.615349932760096863e+00 3.957558505253741643e+00 3.188301321596400117e-01
4.204907114173765947e+00 3.694959703284191210e+00 3.986733452251709942e+00 3.042498061287433053e-01
4.234243380484684849e+00 7.260758602366706782e+00 3.808535381996394964e+00 3.164910483617686676e-01
4.375699896386845644e+00 4.368272801091986679e+00 4.653140567630420499e+00 1.384147082300919984e-01
2.847703983157928942e+00 3.625395568225685761e+00 4.613908708025187266e+00 4.576124637655562544e-01
5.353762233293395845e+00 7.591288297334138235e+00 4.140390930057264995e+00 3.023574205162287698e-01
1.691244569821278132e+00 3.496366552513977766e+00 2.899409317361729244e+00 1.817332657376423410e-01
3.768152821849135137e+00 4.657322728323411987e+00 3.860929040289049929e+00 2.757537019373604847e-01
3.047536904735845820e+00 4.076520335888763391e+00 4.263630498585571083e+00 3.434712672445803250e-01
2.083604443149598140e+00 3.642304020667856967e+00 3.030772822916868225e+00 4.142562065350030021e-01
4.283545485202022718e+00 7.086919041506979156e+00 3.493097321072438088e+00 4.109424385667276303e-01
2.953486231880152246e+00 3.365199246357104546e+00 3.800822211549885310e+00 5.011581428416610473e-01
4.590130080283193692e+00 3.688183761407963335e+00 3.680159953528011396e+00 4.333044520500023422e-01
3.765040473905061802e+00 6.752010046190727088e+00 3.859551973001579483e+00 3.742516320724444401e-01
4.019312793195271460e+00 3.807450677354085933e+00 3.679528802650188002e+00 1.400236262030118972e-01
2.882457380606841646e+00 4.257056654662219941e+00 3.281811941835980129e+00 3.991867981173954361e-01
2.905020187446545332e+00 4.405514025213800089e+00 4.447817833713358482e+00 3.787621396306239951e-01
4.447195996527748107e+00 5.637750512825083327e+00 3.495321925869012247e+00 4.633919086584297742e-01
3.837439426008533605e+00 3.799387229538058186e+00 4.249011279112780315e+00 3.342437887838418664e-01
4.003131603790764714e+00 4.609320515799296025e+00 4.331586697532141095e+00 1.486382877920301160e-01
4.289248189247919285e+00 5.632462207574135959e+00 3.589910454215780256e+00 3.905052422579564086e-01
3.285651521284799426e+00 4.411358125198466595e+00 2.312714397725911031e+00 4.312616262549423540e-01
2.478437766860723812e+00 4.257798835893462197e+00 3.972636842969820226e+00 3.079462991567261665e-01
3.517576101906515706e+00 5.608942143090955845e+00 4.155277553772348753e+00 4.988429518274454799e-01
3.348442747460983249e+00 5.895994064993178796e+00 3.609486706711446224e+00 4.193540910572144398e-01
4.386030372553447521e+00 9.975530377686370187e+00 3.862949197424076608e+00 2.329417084270175853e-01
4.549586130360571801e+00 7.080659553041344090e+00 3.382473218371651935e+00 8.521704038395119252e-01
4.838665606846241474e+00 1.159262874686634959e+01 4.514148094259224031e+00 2.073258479130196674e-01
3.040914888365482849e+00 6.257544179764199299e+00 3.270519165444297549e+00 2.637500323403724201e-01
4.459014202077383082e+00 5.050123689291160289e+00 4.019580633604587838e+00 4.521656209106363344e-01
2.728393116327701762e+00 4.322794195090637004e+00 3.930033610520400345e+00 4.067186809119805457e-01
4.425973834064715007e+00 5.338214947134127364e+00 4.063255998856817541e+00 3.435418502881577019e-01
4.174434841392860029e+00 8.267634523618340836e+00 4.258701895127729564e+00 3.444748631980989462e-01
3.812629941243673937e+00 3.669822643650866301e+00 4.009092379707516862e+00 3.610522946006791689e-01
2.558288332305352686e+00 2.591523032366016555e+00 3.472152483187007199e+00 2.331106992871660455e-01
3.122022634378886607e+00 4.448725811120955775e+00 3.595056983779749693e+00 3.253155003740632045e-01
4.012000350828782480e+00 6.211510285987129620e+00 4.113365568419792950e+00 4.405516773216795468e-01
3.491599538594479579e+00 2.808362709729112172e+00 3.902070347500369962e+00 3.321598798428943566e-01
2.679519200787128241e+00 5.868883907801905941e+00 3.339149646658995607e+00 4.128445282741304845e-01
5.795829434947245673e+00 5.204949201115628199e+00 4.428061504825132388e+00 2.752443685750869395e-01
4.939268910967165915e+00 7.616415182633474501e+00 3.650363768691783584e+00 3.323045817157797566e-01
3.349090065028416774e+00 6.079188886354144117e+00 4.059720508191589694e+00 3.543251680931027159e-01
3.879695072140277201e+00 3.966816377414218664e+00 4.545243907803730110e+00 2.932889413552827729e-01
2.678081418137199687e+00 3.053601245077262938e+00 3.565460327238684890e+00 3.686680217470219567e-01
3.158471210366146309e+00 3.377814428514124501e+00 4.135664127382323585e+00 2.694776391412082028e-01
4.116368996318766627e+00 8.806170803122482127e+00 4.406701911820836592e+00 5.163936846296646177e-01
3.251744700669170651e+00 5.836163648705301910e+00 3.581533375580962630e+00 3.007827204983419822e-01
4.034293237696133794e+00 4.106432760883174993e+00 4.028412988308998521e+00 7.119265680574328181e-01
4.185053897073192530e+00 7.269938517345032380e+00 2.815209232919547500e+00 5.511804574469089113e-01
3.470445220776125606e+00 5.450270181680704873e+00 3.785496375204369546e+00 3.218998482915043646e-01
5.206551549652024491e+00 4.609803623066128786e+00 4.947449876651418776e+00 3.810533715898952734e-01
4.196989798769660496e+00 4.319211561547284361e+00 4.615159198350471392e+00 1.567823137031959524e-01
4.440211256283745911e+00 3.119617965525942616e+00 4.796932777704984829e+00 2.197023528992279040e-01
3.166864469595971343e+00 4.120813726321697068e+00 4.075430423544085023e+00 2.749844459738661206e-01
4.428210102099530587e+00 8.609744324710373320e+00 4.144127906936923011e+00 3.625968734215151423e-01
3.869542359008330212e+00 3.263888431434901705e+00 4.130291841350106630e+00 3.112810840114172417e-01
3.470748561911797925e+00 5.170156383245555709e+00 3.587424866022292047e+00 3.108840108807632840e-01
2.494906936645079121e+00 4.665735931351071564e+00 3.706006102080243725e+00 5.526727236171172786e-01
4.699107123948054188e+00 6.396373106914944984e+00 4.391430875962130997e+00 1.454450877549733345e-01
3.328452852535153994e+00 3.723348222719837342e+00 3.841129958197373462e+00 4.721885507763048384e-01
4.145847245382158874e+00 5.076521155078189018e+00 3.705141139810985695e+00 4.247568514110846571e-01
3.438304745892341696e+00 4.099978654920580112e+00 3.302787983022284823e+00 3.250487980800598753e-01
5.371889542419746810e+00 6.586562269963433636e+00 3.450123585959770089e+00 4.120273234452541677e-01
2.302378353604736638e+00 2.946612408051151988e+00 3.889712023165232235e+00 3.980402428016729388e-01
4.504046759607508221e+00 7.641972953241186417e+00 3.602767097982264133e+00 4.535497175660115898e-01
3.180857941701000335e+00 4.168778931606815341e+00 3.231937844222297240e+00 3.619184925172911904e-01
3.459659712116172958e+00 2.597496512712606620e+00 4.186041381552104923e+00 5.502752271501653025e-01
3.407582024862485959e+00 2.689562207253945125e+00 3.258218016782321147e+00 3.853840265159531597e-01
3.428311502747207751e+00 7.914914250946946339e+00 4.156518915692695160e+00 4.157085118919954803e-01
2.555748544063431105e+00 4.237146279351263090e+00 3.310938495867112863e+00 4.062098523298708908e-01
3.623746199697098991e+00 5.132864744504262333e+00 3.535511938400270004e+00 3.706578957718552059e-01
3.995230774917869265e+00 6.443201071913502886e+00 4.292177829211013318e+00 3.620507764916641169e-01
3.472779943429553207e+00 6.286004446777612387e+00 3.676982535545738173e+00 2.422908707546539975e-01
2.696232754168160550e+00 4.577563804580163875e+00 3.699907766913352436e+00 4.007607160439353167e-01
2.548099456745011704e+00 4.076925704983225707e+00 3.980909896090477851e+00 3.527028911989461557e-01
4.832864406063804630e+00 8.289535608932707689e+00 3.988108156239701163e+00 4.006980951081033915e-01
1.675432135136323719e+00 3.172273212247946006e+00 3.171454216791107061e+00 2.787944656127844811e-01
3.832137839056486417e+00 5.764205375772019302e+00 4.252799031983482969e+00 1.825466751748881233e-01
2.953822774987158617e+00 3.994220762345050968e+00 4.530235412983707022e+00 3.126240999438361645e-01
4.571787050812394781e+00 3.901882322452474572e+00 3.434330315675081735e+00 4.779508622927904904e-01
4.250925659796266132e+00 7.609802372403846604e+00 3.620935221829494122e+00 2.813058624169623156e-01
4.662489268648688068e+00 7.828038523936819537e+00 3.133273744560709506e+00 3.456407158201448837e-01
3.954677705907265306e+00 5.585682025781103732e+00 2.891414112078601661e+00 5.483019749714834745e-01
3.863723062929067531e+00 7.724564305971490796e+00 4.275047390920487800e+00 4.329011226352261210e-01
2.932879747639683732e+00 4.212021528656624270e+00 3.858922618648452652e+00 1.431131634370684524e-01
2.984273424385602613e+00 3.600570192664188873e+00 4.055775978998205744e+00 3.930964302641602459e-01
3.621377310301863606e+00 4.696436326349074264e+00 3.543304012703651473e+00 3.914396473274465715e-01
3.817982221460133996e+00 4.487959199001083199e+00 2.947884562255145724e+00 4.875730369587396029e-01
1.876658289500658938e+00 3.907208880702578213e+00 2.451254579787734755e+00 8.059238374855542952e-01
4.833452516931195930e+00 7.237876162641162736e+00 3.955030653581623756e+00 4.682411792684749718e-01
5.461382839754809204e+00 6.072607407003212998e+00 3.642857602195945788e+00 2.614365472767705700e-01
4.375680065575730637e+00 6.619137131606555258e+00 3.772283104560246514e+00 3.349434734233484590e-01
3.779238621039673340e+00 4.593027703292013264e+00 3.984028386070570082e+00 3.589346471891097790e-01
5.101469812171647078e+00 4.455808357984547996e+00 3.881935279037822983e+00 3.554738643308963386e-01
4.475606027134975129e+00 8.552515127503969694e+00 2.848544951599960129e+00 3.667315210595833985e-01
3.660706527977896307e+00 7.097709552542995404e+00 3.741778338273262339e+00 3.931543033526663233e-01
2.882115397862718087e+00 3.515997077249542802e+00 4.190686576851777367e+00 3.718704161183072343e-01
3.588554325148338719e+00 4.814839367541630111e+00 4.512132999160803237e+00 1.994237068356775611e-01
2.992736836053885074e+00 3.344899819447968881e+00 3.556473049730678682e+00 4.868189843724181065e-01
4.660839370633884648e+00 2.963132109067522446e+00 4.341208292254884249e+00 4.096981720127066962e-01
3.480088882129755756e+00 4.630083166493222713e+00 3.069600270601148040e+00 3.796692013260433152e-01
1.737553481975248060e+00 2.468507143517604252e+00 3.787825225411551422e+00 5.164458174917203603e-01
2.511755944832416265e+00 3.935408184632374518e+00 2.395890015044477739e+00 3.235956258464102175e-01
3.801244223757124452e+00 7.023078010279940386e+00 3.943778883633350496e+00 2.953204304358136301e-01
2.182823385907457059e+00 4.415353001591213022e+00 3.733990764486951885e+00 3.844338449173708705e-01
3.402359951471070509e+00 5.335122327505356310e+00 3.486201146535991668e+00 2.883698698478014411e-01
2.853848776208129046e+00 6.304654937539720727e+00 3.584133223092740739e+00 2.454380743741660931e-01
3.005502384528441873e+00 5.599415982582145901e+00 4.129098880293292417e+00 4.604823170632943996e-01
3.065212048195687711e+00 4.016887450207543786e+00 4.327239574478639383e+00 2.517984309692781753e-01
2.961928411993221211e+00 3.513855504295424481e+00 3.882163707665014396e+00 2.259387933927809455e-01
2.124314616261596900e+00 2.919997298832479160e+00 3.579869920031064190e+00 4.285973175227600351e-01
4.239566967952981713e+00 5.643115415786644995e+00 3.601345280227477907e+00 5.788124495474689102e-01
3.240382652724451695e+00 2.802789848837145659e+00 3.272180196926636420e+00 5.631052444676903912e-01
3.651034767414012450e+00 5.091311344484321211e+00 3.838365623628561263e+00 7.485207142924052981e-01
3.452884061340778743e+00 8.702359608437783223e+00 3.038146324353631744e+00 5.126456962043473009e-01
3.415716838326008808e+00 5.205147202135469442e+00 3.244725595659187167e+00 4.364891758432754565e-01
3.279120482377980483e+00 3.393527011473055577e+00 4.193971819460283079e+00 4.659180441408068418e-01
4.711829281846131146e+00 3.513383321216948296e+00 4.193017755739645303e+00 3.938486902117976363e-01
3.478350422777187312e+00 4.003375657740625648e+00 3.648739687035966295e+00 2.520406471866972753e-01
3.925106644371253228e+00 5.675903381439322715e+00 4.995112590968557420e+00 4.121014007045306071e-01
4.229965641803275389e+00 4.653946016760290405e+00 3.787096370036125315e+00 3.858545156095291029e-01
3.478017452639421858e+00 4.892850327116493148e+00 3.180277332310427862e+00 2.731640433590162287e-01
3.149736945647606312e+00 3.806250967380671479e+00 3.221550515411756521e+00 2.125718803116024569e-01
2.694902936599577803e+00 5.187404620622888096e+00 4.140757311971233534e+00 4.321080667861378344e-01
2.644998950844768881e+00 3.139496555774262898e+00 4.284130540053892489e+00 3.632607955121927579e-01
3.902588455260950440e+00 3.493445340540278554e+00 4.448285350463051735e+00 1.417770535063843373e-01
3.942897705605782122e+00 5.634088423087254327e+00 3.870872283196310715e+00 2.353268114328244398e-01
4.298450561986443041e+00 9.452754548413821567e+00 4.412194948527186078e+00 3.045471040145683039e-01
3.431092805520605360e+00 3.580187564590190163e+00 3.233624702314811472e+00 3.992379941411478006e-01
3.518671800595452481e+00 5.272993092646971469e+00 3.919066543186860763e+00 3.348341304749338221e-01
2.839810564678851179e+00 3.716582123044071206e+00 4.376776614207245508e+00 3.145713889416730247e-01
4.092911783531516079e+00 4.736019594096092078e+00 3.043582755629800740e+00 6.077395457378828025e-01
3.148811392158016531e+00 4.175829754943736205e+00 4.346346764778588501e+00 1.577034908562515991e-01
3.967459476207249036e+00 3.260589609337974704e+00 3.613878709571864523e+00 3.057064592755359134e-01
3.493117252180358179e+00 4.228738315643311374e+00 4.826557626185930872e+00 4.937130542347373252e-01
2.438355127266047084e+00 3.603084366326676946e+00 3.267181374403650196e+00 4.354084701529710166e-01
3.876639286465601408e+00 5.187869229083372780e+00 3.709340536060715010e+00 4.530362604414652772e-01
3.446206907560638300e+00 8.282074399367051143e+00 3.094979989446978053e+00 4.840483341867080624e-01
3.124576853722533798e+00 3.486740183509813296e+00 4.389884474382752977e+00 2.030081553522209703e-01
4.176151113011034255e+00 4.022025897532711447e+00 2.402768232862674935e+00 5.810152228550328202e-01
4.119416625369017204e+00 4.342466965159893277e+00 4.545733198069304315e+00 4.305535504232873012e-01
3.426906882798705478e+00 4.858416083581030165e+00 3.598942747584545909e+00 2.479290535884837443e-01
3.123642741916363708e+00 4.595656182663641509e+00 3.841490028483687258e+00 5.217227042644320134e-01
3.873665842334060194e+00 4.151132851902238130e+00 4.625153366575712077e+00 2.315320146576301807e-01
4.024362441486967867e+00 4.775275500467301981e+00 3.243731336981468427e+00 3.934901533591093070e-01
2.851033975810983723e+00 4.090124085680544752e+00 4.117056988066758016e+00 3.060856851589531802e-01
3.410361700607896118e+00 6.408598353285976046e+00 4.167383970013604610e+00 1.961564370091422871e-01
6.355332723841813802e+00 4.308836133652292233e+00 4.638151998910981177e+00 1.455694826527497154e-01
2.765693082559807170e+00 5.420473351225795433e+00 3.665796750128129222e+00 2.896491713343163910e-01
2.798101876156238621e+00 4.898387684845419976e+00 3.228165439954655103e+00 4.258704116316612276e-01
3.324091914365511435e+00 5.433553398210628771e+00 3.550535393549937080e+00 5.249498443986373442e-01
3.805880780887576087e+00 4.755287590823072286e+00 4.198309685863002017e+00 1.635282115817406345e-01
3.426146298986987304e+00 3.481390633523115952e+00 3.747403650264820474e+00 5.075540317762908815e-01
3.342912958124037548e+00 3.140407273918967679e+00 3.714148092060884032e+00 2.408730737649820708e-01
3.182703912891946540e+00 5.202161745862777131e+00 3.733285300375059013e+00 2.269550556400896091e-01
3.020052220589060976e+00 4.237326422217460475e+00 4.439508342684895581e+00 2.455306534984064704e-01
4.327917547990652203e+00 5.885515954820721873e+00 4.228378823680441378e+00 2.204352177427743864e-01
3.369349691280307368e+00 3.753460217206321836e+00 2.702402641272267036e+00 4.655516906773102259e-01
2.442867239174587812e+00 4.900398064930354458e+00 4.297288856292222903e+00 2.682140318132590906e-01
4.477094085626018405e+00 8.296648890881799687e+00 4.542459395803705391e+00 3.611457532213545596e-01
4.026015205892413462e+00 3.479966621709017716e+00 3.408338156613549774e+00 4.471367576090005680e-01
4.390797397063409768e+00 3.449932682064939637e+00 4.146900266471002183e+00 3.879686161154322077e-01
1.858600892447284103e+00 2.849048523146065381e+00 3.216293665114096534e+00 3.902798456744984157e-01
2.878273447017978270e+00 3.242479437253346752e+00 2.233413223477134224e+00 4.592632879218433994e-01
2.105231651657466507e+00 3.317210041777225449e+00 2.229399147844323803e+00 4.755497735409783822e-01
3.808755831043508788e+00 5.057351457354976709e+00 4.583497308433369888e+00 3.284365341321205944e-01
2.599085208791384716e+00 3.760612280505903016e+00 4.248672668392882379e+00 4.209869837771426648e-01
2.516720132978117253e+00 3.881588700153130400e+00 4.261917557063982009e+00 5.130648884109122454e-01
3.388588931402706894e+00 2.590545762191093004e+00 3.763792559541517146e+00 2.294355392672302874e-01
2.827552512595801204e+00 3.761408780168380428e+00 3.029432061204988536e+00 4.617444604495976046e-01
3.224400750607190780e+00 6.116363429896535919e+00 3.482867342260250965e+00 2.857425280566066594e-01
4.984672685251824831e+00 6.761018729600498212e+00 4.127270131813862264e+00 2.482957090652195831e-01
2.763492935235117187e+00 4.312486081076203348e+00 3.300064944927754595e+00 4.951225264155135197e-01
1.760741972174443282e+00 2.222427853652175322e+00 3.609797502145061898e+00 4.311062495052078725e-01
3.616758825719641912e+00 9.402114831088280056e+00 3.228137852368750060e+00 3.858185608527673338e-01
3.600961317048179122e+00 4.865069383480202347e+00 4.207773379733895425e+00 3.730966446984854690e-01
2.398796793668265259e+00 3.896483722460036603e+00 3.154553952223143831e+00 4.592495539508740787e-01
4.554019974619069266e+00 8.820135805403399587e+00 5.024919715542161214e+00 3.368210713575861548e-01
5.137686529855291617e+00 4.656233253675089223e+00 4.295513668460411161e+00 2.185766428896482039e-01
6.369177683749381202e+00 4.071037115551244590e+00 4.846874495120795601e+00 3.113742029691791147e-01
2.684913857691085592e+00 5.541344072472707438e+00 3.099718738893793013e+00 5.089981688526944437e-01
5.334624075268810550e+00 6.469765093087662677e+00 3.706792993675876335e+00 2.543189299627818811e-01
3.342370837174184928e+00 5.467844730170441814e+00 3.618484472196040080e+00 5.238831504035960096e-01
4.149842352697772796e+00 6.600968617925233595e+00 4.736333843500291074e+00 3.738317212542925927e-01
4.508541554701839260e+00 3.129996213266482918e+00 4.152398555179430240e+00 4.049197614607205065e-01
5.379895077572285800e+00 8.273117718468421700e+00 4.357041231214203059e+00 3.809088437332284194e-01
3.019983381216496454e+00 4.975061674018752100e+00 3.307647384453533679e+00 4.413939921528551302e-01
3.375892347323041331e+00 5.030940240914447692e+00 3.507382114500736225e+00 2.933386619178093846e-01
2.314167597739162474e+00 3.554385396046519041e+00 3.857103617191691036e+00 3.130811294046086934e-01
2.231993035837217754e+00 4.320714310478080300e+00 3.284091561354606004e+00 4.538458884290326734e-01
2.964549794965614105e+00 4.319027286115896480e+00 3.822039093858955017e+00 4.199188917454487191e-01
5.518295809414684783e+00 1.033342686392663445e+01 4.075531827972845633e+00 3.066320090651513119e-01
4.628257347273010858e+00 3.796916552445801951e+00 4.373433682523422128e+00 4.166080141545379645e-01
3.077341602783392638e+00 6.011211825284476618e+00 3.796893805740407579e+00 2.916633132647378224e-01
4.071114815625454852e+00 3.645387335810140073e+00 4.417288516846224589e+00 1.821662265470106457e-01
3.649170094832829392e+00 4.965050377626584854e+00 4.331676510147043579e+00 2.530684149171911757e-01
2.497887312839989438e+00 3.327576195042982299e+00 3.724474059655041636e+00 3.064108795677003561e-01
3.809631890405160259e+00 4.274889358136911177e+00 4.009294028339116522e+00 3.376223781339360852e-01
3.836866088189615276e+00 3.358547584571527800e+00 4.484396487076975468e+00 2.962977410097810682e-01
3.735033943682426472e+00 6.207239414951671641e+00 4.147806936271135392e+00 2.950313064035600119e-01
3.471179359179340285e+00 5.056978212229699565e+00 3.756913402372764388e+00 5.678368489458032187e-01
4.298817441688411733e+00 6.441261675030770739e+00 4.217443689166080034e+00 2.435094070072140182e-01
3.329495555808775542e+00 4.344092492711649989e+00 2.713715221277797518e+00 3.713658033162987593e-01
3.780201474482155266e+00 4.373025408727817087e+00 4.187918240291672589e+00 2.412078005097135769e-01
3.290736280672497127e+00 3.687338908048094943e+00 4.285080144226149912e+00 2.907909222679693761e-01
3.585195486051146130e+00 3.089860371128156924e+00 2.320196153378815129e+00 4.489236206387353101e-01
4.280061610835052655e+00 4.025589260515835655e+00 4.544087681119090227e+00 3.879722904946943940e-01
2.860184160286555421e+00 3.791948741932588351e+00 3.368262251159863219e+00 5.027727262539396502e-01
3.964963866722395203e+00 6.057682248640769096e+00 3.635868871269940961e+00 6.236766843978172048e-01
3.912818533224638351e+00 4.560586458447560609e+00 4.486548437711967985e+00 2.638969494748890643e-01
4.606641519171823518e+00 6.328818648521905565e+00 3.608514614963836298e+00 4.933874553840941202e-01
4.424589442921150528e+00 3.323520746246467983e+00 3.857445211888006042e+00 1.495307722132247497e-01
2.273555928137336313e+00 8.985661185739314050e+00 3.018766597983210342e+00 2.331365530447081780e-01
2.381123980849831234e+00 5.351141347085959232e+00 3.925307760563960802e+00 2.631287642032975604e-01
3.544286371463334362e+00 3.273498804419866737e+00 4.619749917669700778e+00 1.752308694955695967e-01
4.431801412078232971e+00 4.227934092245577702e+00 2.883644464418426256e+00 4.048248030833228595e-01
2.968427555171322396e+00 3.785942514771748701e+00 2.186751226338802923e+00 6.591621157765265027e-01
2.353966661623597023e+00 5.708366109986875436e+00 3.299962271451945650e+00 3.606930093180391594e-01
2.128369148501017882e+00 6.267186495290475001e+00 3.374908476993747186e+00 4.247630993150895429e-01
4.221610796691392054e+00 4.195210677218913276e+00 3.753526159521644701e+00 2.286525733934832161e-01
2.599727590695793733e+00 4.141996167997220368e+00 2.486097332714086505e+00 7.859988543151787965e-01
2.577642734144206305e+00 3.684499391779844313e+00 3.274391768683602599e+00 3.465907719117043984e-01
2.704617821980240144e+00 3.865363747082547263e+00 4.044252992586760520e+00 4.155719835290547781e-01
4.018385550585257704e+00 3.846240948329131104e+00 3.013515689277343590e+00 3.331130753923720600e-01
3.211261817799574203e+00 3.175526109898634708e+00 3.957155285307266013e+00 4.945259431221963320e-01
4.103471410024557287e+00 4.317174807926262403e+00 3.659049569275265590e+00 2.886173776611062891e-01
4.307592342484411141e+00 8.880655985011616238e+00 4.410186249854895379e+00 1.988389817067874321e-01
4.297125950544953277e+00 7.606900960840305537e+00 4.301127203129443188e+00 3.318583435380033642e-01
3.422566873282783639e+00 3.319756701040926572e+00 4.328838296312972567e+00 2.298141665147418744e-01
2.970051681640818231e+00 4.467286043210162205e+00 3.380462118548396067e+00 2.858123681771546631e-01
3.305037227647199316e+00 6.694174421341519299e+00 3.915371717998364254e+00 2.241000345061791299e-01
2.914292539868911902e+00 3.785874421928158373e+00 4.128201358075651584e+00 2.653473929357625383e-01
2.520293733123909696e+00 4.687390912163339252e+00 4.776689930422948649e+00 4.272818772534320853e-01
2.456095661117062789e+00 3.232141161044996380e+00 3.808435057710864768e+00 3.632012790652984213e-01
2.489014958044177828e+00 2.696012651406138438e+00 4.615323402761213778e+00 3.406353019258596682e-01
4.568075957861625014e+00 5.385501871838166643e+00 4.353944460919191073e+00 2.268484358422746539e-01
3.542611305510726005e+00 3.074269280721935171e+00 5.027184104816776689e+00 2.083230375606801854e-01
3.454234940786065522e+00 4.629221677497097787e+00 3.414217884313897500e+00 3.781258952379206728e-01
1.902336366144401936e+00 5.382819222957022198e+00 3.799114059007417499e+00 7.194323413240977239e-01
2.645407888728458445e+00 4.939475757059676120e+00 3.833651748481846422e+00 2.462758801530218755e-01
3.520134138226778564e+00 4.713589093047654721e+00 4.211432513383337906e+00 1.424258135027069438e-01
2.666360284287556226e+00 3.918031124426428757e+00 4.182292929645613278e+00 3.745810606106130813e-01
3.769318791133513535e+00 7.197071028224160116e+00 4.298419695477254443e+00 3.442048162462229000e-01
3.668980639276159916e+00 8.919028532376364282e+00 3.895452175359061631e+00 1.918333047869017205e-01
