# Hierarchical MCMC downsampled to get 500 samples
# alpha, beta, mu, s
2.821411123003232380e+00 7.603381339426801944e+00 3.894786615642411576e+00 8.337600123226186766e-02
1.765105339738092027e+00 6.258130599223639123e+00 4.602642231882097867e+00 2.448963354167341677e-01
1.300859083823574514e+00 5.784966305861984459e+00 3.857334910696683661e-01 1.080749043840657786e-01
1.234609425836513452e+00 6.277271171344137812e+00 4.202923180220558663e+00 3.003018832644854808e-01
2.191900807145700014e+00 5.940153301580811451e+00 4.554214780234076443e+00 8.323501648525793994e-02
1.760901139987463893e+00 6.703189812274218617e+00 4.371234393395456941e+00 1.771157842189685638e-01
1.565102258544670333e+00 4.533118131059739930e+00 4.529114797707118001e+00 4.554894001382839286e-02
2.996463006559993758e+00 4.704648093093345196e+00 4.304335011100749675e+00 3.173499068102392240e-01
1.204281632663246393e+00 4.137003551944625102e+00 3.093333434763842149e+00 1.611773647846175550e-01
1.147229872630495473e+00 3.305691233486322211e+00 3.724168702233669137e+00 1.462196263598657953e-01
1.766471486281684156e+00 1.206339514261113166e+01 4.531101865903368164e+00 1.438918598568646456e-01
1.607478108219787760e+00 7.961187491093161483e+00 4.628137717088438130e+00 1.045209040801023392e-01
2.623793977230450380e+00 3.445138271609679670e+00 4.694873332137278865e+00 4.104092904258437313e-01
1.365279015258461959e+00 6.434711634547562120e+00 4.012695264256854522e+00 1.924742939806031727e-01
1.180536942819377932e+00 5.729802359276076729e+00 2.812922679819149785e+00 2.015171601519797351e-01
1.669269736268992999e+00 7.169629244896556841e+00 4.542342357894735727e+00 1.651698608464390594e-01
2.369322835849983377e+00 9.323389094452162240e+00 4.390211723480190287e+00 1.573452208750285852e-01
1.471532372979955872e+00 6.773570949650995487e+00 4.417716758088215734e+00 8.565931125649123290e-02
6.665815672498980327e-01 5.861390041150847274e+00 2.375299952913489498e+00 1.653663998505338073e-01
1.832336162301357430e+00 5.097411484836044337e+00 4.880792787808792887e+00 1.523527182469560648e-01
1.389169821747059386e+00 3.510354504228655692e+00 4.291645802740998050e+00 1.699185516078794422e-01
1.119800758184914313e+00 7.855294704326418298e+00 3.480176894225456508e+00 3.134131478469663334e-01
4.386286295234236854e-01 4.290551663045281572e+00 1.872252053829384977e+00 6.987852787557204126e-02
2.946895500193297490e+00 7.921235482092909841e+00 4.758159081282645531e+00 2.250627312134360625e-01
1.222812557151455426e+00 4.713263604152687414e+00 4.089119388014137435e+00 2.389727283378091371e-01
1.243131852913051727e+00 5.001455029686284526e+00 3.672612143329252898e+00 2.868034232813737594e-01
1.559923360118420366e+00 4.932643208897537157e+00 3.279277404356002901e+00 1.607547034154874765e-01
1.783930206962147214e+00 4.355429838797268971e+00 4.818176196085078189e+00 2.040219869685968024e-01
2.244906361934872585e+00 7.086768940339299050e+00 -3.106697018905748009e-01 2.147264416982920254e-01
1.667939652693519292e+00 3.525880486739719100e+00 4.412334005040360552e+00 7.897339726162809492e-02
1.032572109416677764e+00 5.313059402763521177e+00 4.103262203228016602e+00 1.361809571632091043e-01
1.186744865246656122e+00 3.470573699685608915e+00 4.699160115477711841e+00 1.624000035616924298e-01
1.730148133653952591e+00 9.666472745654152376e+00 4.279116599864345005e+00 1.051986790646762121e-01
1.187296837049775622e+00 7.263617928543118829e+00 4.089684977751264938e+00 5.633716621240723171e-02
1.571448051189337614e+00 5.149656675991168164e+00 3.474088855341384452e+00 1.382806760494902365e-01
1.114409257223428318e+00 5.065837316410600977e+00 4.401699198160252458e+00 1.773812710930139924e-01
1.676344171584133846e+00 6.442095822918705750e+00 4.595913730556421939e+00 1.307011313035266742e-01
1.128459495933891166e+00 6.810784487413514832e+00 3.400633343802401232e+00 3.031472141606889048e-01
9.378710388427367040e-01 8.059010509969068536e+00 4.331768201281685826e+00 1.457599362013290434e-01
2.442643446461814083e+00 8.284756078487781394e+00 4.879736372073113060e+00 6.961649657654078727e-02
1.902880317700949675e+00 7.004216535192369975e+00 4.238071210505431452e+00 2.205881131556724217e-01
2.298697331826248469e+00 7.457374265999769491e+00 4.338523511222536655e+00 2.034474624628373751e-01
2.005199222591255825e+00 3.876529778694224770e+00 4.457256306352493702e+00 1.198325230171600198e-01
1.292365823927330126e+00 4.235978373762166349e+00 4.996512435339293567e+00 1.892874950820109536e-01
1.562985787160482198e+00 8.304906574973911049e+00 4.694118145468759273e+00 3.402826642542181035e-01
1.758576642259696676e+00 7.520458330653208456e+00 2.886080582375253112e+00 6.580591013745444584e-02
1.584796655557861200e+00 8.963974916152448458e+00 4.480489735047095579e+00 1.611905058614984398e-01
2.083930296535732030e+00 7.511559902745593931e+00 4.693795888763010460e+00 5.551060626690106775e-02
1.569857883286438716e+00 6.739411503819656701e+00 4.409315509107527120e+00 2.205480767347338111e-01
1.477658948456351817e+00 5.838736853372903823e+00 3.904767754391742951e+00 8.973512338859174209e-02
1.372049658212606271e+00 7.616656961139333326e+00 4.351712427786590176e+00 7.273989184025055066e-02
2.097198355508335332e+00 7.126898813892110773e+00 4.885799570249385937e+00 9.003991437700915867e-02
1.696421383862080745e+00 3.202230917915377173e+00 4.539874357649912540e+00 5.450466391519742659e-02
1.303868656230388723e+00 2.666355498639849220e+00 4.491667990512225650e+00 2.955950775148084020e-01
7.221701889563929555e-01 4.172710174584185694e+00 2.888609737483553985e+00 7.310052186692317377e-02
2.057738363905252221e+00 4.765877894307067209e+00 4.887633654917826753e+00 7.812429241333529450e-02
1.167333819028567365e+00 2.665028038025038626e+00 4.043243098465662655e+00 1.002727527973049926e-01
2.671123956579289693e+00 6.243209919459214774e+00 4.203473011030940398e+00 2.576916572663832117e-01
1.225198365256825017e+00 4.831562658969254187e+00 4.342411386128991246e+00 3.440809452043862571e-01
2.120385342375595172e+00 4.017187840515938468e+00 4.740601139742220305e+00 1.576360151592161585e-01
2.331100140116618924e+00 7.068010755591046745e+00 4.824251408593066337e+00 1.087862061297120292e-01
1.206882533909402477e+00 4.883007682134127947e+00 6.779380271655243151e-01 9.909380386198143875e-02
1.298297710774101610e+00 3.790845289089399550e+00 4.017028531890618481e+00 9.363014384601177353e-02
2.307131562354970633e+00 5.560376514445870555e+00 5.067866863105932040e+00 1.376640775272897077e-01
1.017360701425764624e+00 6.104564876704252185e+00 4.072867382230660915e+00 1.029919271279959581e-01
1.751609928146035999e+00 5.002674434803295433e+00 4.451611984936393540e+00 5.441341479182333629e-02
1.524780588718924301e+00 4.672792600492808646e+00 4.768057245540237687e+00 1.088830093648532060e-01
1.407941716677840516e+00 6.000481673716702602e+00 3.977868453057469278e+00 3.193090281749257908e-01
1.254389688778083878e+00 3.679918504210191621e+00 4.352477468067101007e+00 1.771307867252031876e-01
1.828936186615998327e+00 3.922987208439567386e+00 4.414040675078505060e+00 3.648028981077644506e-01
1.616652842585045935e+00 6.860199405225330338e+00 4.407288388760542297e+00 2.744497388061040710e-01
2.160475643179518457e+00 6.564782789441517608e+00 1.370101841995305270e+00 2.460404813097426258e-01
2.661503458695194002e+00 5.345082516154604058e+00 4.716817403142661291e+00 1.265047203149170518e-01
1.968272373042720069e+00 1.100202395106004616e+01 4.604122146280928973e+00 1.691274959370386854e-01
1.505837157840815843e+00 4.822093414294124969e+00 3.528543494311504602e+00 5.911733940402036369e-02
2.712575031676989656e+00 6.028834715600040361e+00 4.730991583363799435e+00 1.424586591304161098e-01
1.615817557443750552e+00 4.804574606473506648e+00 4.261186062096889771e+00 1.719752140094179260e-01
1.389744420831353189e+00 6.489203575379413280e+00 3.751195267613861350e+00 1.464258174632553644e-01
1.317551239516968398e+00 8.344129017207027488e+00 3.992064956410553478e+00 1.462036988217530753e-01
3.556620981857815611e+00 4.892374217092593014e+00 4.889884544609209627e+00 1.016601976158617027e-01
4.568320276837583571e-01 7.299451087500703927e+00 3.507218370058614032e-01 1.490547776656016565e-01
1.396640172203158503e+00 3.969134656384059490e+00 4.521421943662555343e+00 9.080269030763925275e-02
1.456944538532876310e+00 6.781270559888220362e+00 2.197805818886004126e+00 6.540134095876208586e-02
1.001547071785089615e+00 4.823497975219400935e+00 4.498470069663961013e+00 3.646048694751358177e-02
1.574094018690579633e+00 3.886652803473779283e+00 4.126724961790056767e+00 2.546995213795856250e-01
2.499609886081677335e+00 7.216470546688062981e+00 4.769972317864596079e+00 2.587754016881638197e-01
1.804733177653881748e+00 4.976509679178581891e+00 4.126501829506967312e+00 1.096529700707244009e-01
1.824400961213165306e+00 9.342309406799596871e+00 4.635837065546444258e+00 2.253803266925722415e-01
2.026750389844119038e+00 5.847302812489184376e+00 4.650922588676942304e+00 9.480745852472516333e-02
1.152622802731455121e+00 8.450099026879312802e+00 3.889343595866218362e+00 1.607520738212338540e-01
1.854164355229036998e+00 4.506059441956238310e+00 2.159832825122703248e+00 5.239114555934756834e-02
1.203169300362991967e+00 4.077123302000550176e+00 3.821400344891288992e+00 8.005020569641216333e-02
1.446587522225942779e+00 1.077213553224703269e+01 4.130376314789110381e+00 1.908689717275850739e-01
1.079767050694423913e+00 5.407631205457592571e+00 4.133154431848982568e+00 1.119134104690155118e-01
1.488935886914550366e+00 7.011803133059870241e+00 4.231405133801716900e+00 2.451530038714345161e-01
2.151934677390119344e+00 7.312217629010437037e+00 4.663609697481386540e+00 1.242274322024384120e-01
1.194353381976478001e+00 4.964878074672853359e+00 2.869151855720099231e+00 2.358975995640317236e-01
2.531882889509402546e+00 5.624621869316555944e+00 4.698248795428786373e+00 1.313396383594879202e-01
1.273076887035603288e+00 5.920725069252664952e+00 4.284102045190666175e+00 7.548840129330194881e-02
1.549908729522118334e+00 7.661937505685966876e+00 4.080904345313066450e+00 2.036599459879521457e-01
1.811620825625362752e+00 6.799109823500031347e+00 4.642070437319269161e+00 2.204359264164506282e-01
1.779405445522544982e+00 7.238804199868112299e+00 4.527595371018254156e+00 1.264348377824527359e-01
1.849426963401289870e+00 4.394782911608516862e+00 4.113985609839387436e+00 2.163352561556878273e-01
7.880061894414978063e-01 7.731179006344198967e+00 9.094399734642326649e-01 1.774071891967854697e-01
2.245258853162991119e+00 1.201029199294334404e+01 4.730614795579977994e+00 2.483630433211115873e-01
1.269703682129466271e+00 2.958611986401247229e+00 3.827117171950634056e+00 3.744929329918895156e-01
1.606390518040084814e+00 6.646079240360059259e+00 3.157144773732823317e+00 1.427146343076019230e-01
1.909621436289014484e+00 3.232067777605371894e+00 4.341951210869437361e+00 1.184351939378580909e-01
1.685875293305539202e+00 6.206745065184065879e+00 4.599236973412360818e+00 8.232841468584331523e-02
1.924045002441356678e+00 4.428264047797441982e+00 4.287622153986076157e+00 2.125792169886968064e-01
1.676613082761335694e+00 6.885119978070510349e+00 4.437090629974769662e+00 1.887289084949682338e-01
2.284765515859253693e+00 3.965762662662179139e+00 4.333132792114218645e+00 3.296163999217956442e-01
1.061390217313793904e+00 3.522970327617883424e+00 3.948775834432299625e+00 1.853459205779034447e-01
1.429348302797333936e+00 5.729109345887103188e+00 4.313076533290395531e+00 1.129848995151587626e-01
1.061698973472150254e+00 4.412951069129878334e+00 4.292862562670001658e+00 2.695793416709724166e-01
2.116205443914610296e+00 6.441536753767808321e+00 4.733027939757165292e+00 1.643812256915513914e-01
1.395678159823990461e+00 5.727386977762622955e+00 4.169112927743304553e+00 6.469384516392796824e-02
2.061997188640463552e+00 7.413982895725252931e+00 2.642302867390283971e+00 2.440321750289905223e-01
1.782820784903779376e+00 5.564686822727439086e+00 4.133089173729542765e+00 2.975351678481845674e-01
1.045602395183339306e+00 5.567340867158952378e+00 3.632524028555431883e+00 6.813461594421899026e-02
2.161224739872786849e+00 5.985914396077251176e+00 4.315288493185630792e+00 7.764887481786911239e-02
1.956361189388061028e+00 6.861320665167274235e+00 4.274930884094580108e+00 1.254359788590173330e-01
2.119264407035303055e+00 4.638876006427221199e+00 4.195189607396532239e+00 2.944364918413052146e-01
1.219058926515511621e+00 3.013253977197086542e+00 3.858404108150914613e+00 2.697079243255441350e-01
1.158912365526989730e+00 5.127759424352275275e+00 1.519272142403800707e+00 1.475003171169235738e-01
1.524316932985626760e+00 5.854403469128443227e+00 4.378989069850473648e+00 2.811888132480711011e-01
1.828453922552016220e+00 5.142505501549435643e+00 4.095602172708503907e+00 2.510404724979328761e-01
1.497588291805405314e+00 8.639467641915556939e+00 4.548503959492483872e+00 5.598135776221038751e-02
2.267261179048019937e+00 5.527063666814030718e+00 4.966203855239079701e+00 3.437306320677311899e-01
7.918830415070317041e-01 5.945066439051999829e+00 3.912905905091858205e+00 2.457162983283809610e-01
1.730160184700501924e+00 5.117308723181895225e+00 4.381226085257666547e+00 6.791615739267758967e-02
1.184355409228943223e+00 5.140714958862401929e+00 2.894730882466074462e+00 6.926247176511401982e-02
1.526662076954343306e+00 7.799218767677811748e+00 4.585639639373590981e+00 2.963252888067209878e-01
2.924826666886239046e+00 7.083485204934504509e+00 4.918658581307580491e+00 1.205818010834970311e-01
2.218782772647820423e+00 7.754871452790679243e+00 4.620456026091754431e+00 1.896777232499703425e-01
1.190014924094637383e+00 9.572684046768650035e+00 4.395648376180467665e+00 1.632349408650326517e-01
2.086974768969421135e+00 5.111724587722025426e+00 4.655689573582342256e+00 1.324337642281638305e-01
1.094004486817117927e+00 4.340775261729582724e+00 4.490741163457617979e+00 1.924710696909570085e-01
2.411450711847964001e+00 4.449586309197824718e+00 4.700078455788374576e+00 1.374791135269988196e-01
1.891092938604501006e+00 7.107828005792613091e+00 4.564409748504084874e+00 2.803387031985844491e-01
1.198325970475060176e+00 3.765207807567798159e+00 3.236666815490157223e+00 2.237164288473914575e-01
1.844653577082715934e+00 3.896311046992993798e+00 2.712775475650836210e+00 2.349996333526564729e-01
1.897640948324370802e+00 7.125947195548819835e+00 4.782524158127436031e+00 3.491333319431227933e-01
1.129266937000682702e+00 4.598920728510142553e+00 4.053239807571354270e+00 1.182522269455208858e-01
1.386870366234489227e+00 7.274008224989059634e+00 4.677513243982716062e+00 3.340073814016381593e-01
2.646651314677658018e+00 4.846861464419092158e+00 4.666371750237632732e+00 1.552114436118096075e-01
3.108110528344369961e+00 4.802609296297173813e+00 4.992519841884368148e+00 6.727380219423979846e-02
2.173543183946338164e+00 1.078082491232855133e+01 4.558448620686578856e+00 1.275908531232144150e-01
1.444765482607064611e+00 6.328134350512510053e+00 4.819219904744791450e+00 2.627471970835496551e-01
1.763302191266622909e+00 1.004276804355507657e+01 4.770056128437542675e+00 2.505906222414563400e-01
5.389232818993394680e-01 3.147887446015735335e+00 2.333230729092832245e+00 2.143519630304968893e-01
1.253971403558618247e+00 7.632616890057097869e+00 4.141428115769119067e+00 4.332989191599412315e-02
1.031571600491803409e+00 7.549294888337906961e+00 4.073812044698265744e+00 2.299513892259946735e-01
1.623737589033413364e+00 4.597102197048497096e+00 4.463704336090094316e+00 5.038966786965384109e-02
1.399336898649013339e+00 8.039512953401246165e+00 4.714842888113143005e+00 2.915012118092255022e-01
1.048679488434171692e+00 5.433334877699442345e+00 4.328837362560571833e+00 2.370729471354375839e-01
8.241184510304183641e-01 7.315068129513063511e+00 3.958763287555938870e+00 1.069233547645520310e-01
2.861805198283537077e+00 5.003954798289777628e+00 4.665400608364000057e+00 2.362031272562160611e-01
1.234495702259947203e+00 3.601738691610255838e+00 4.162401391615375701e+00 1.226785884613271760e-01
2.242094345642897224e+00 4.893708173349519797e+00 4.674937973659840651e+00 8.328517492120593446e-02
1.493876973075692227e+00 7.283647811997529864e+00 4.587626473968968277e+00 3.383487550122963872e-01
2.117219401617781660e+00 1.046366159577407018e+01 4.693048808116516923e+00 1.016846069652379558e-01
1.665517023032615507e+00 7.895444141396000148e+00 4.659869133628455451e+00 1.144441434212109809e-01
5.875928719064904548e-01 6.567443330484839414e+00 3.727407329546835069e+00 6.359440368338352412e-02
1.751591620387289883e+00 5.309850517157841843e+00 4.603990765623587222e+00 6.333841448474794578e-02
1.883842546805470253e+00 2.802476651767288551e+00 4.663156490201274096e+00 1.867383099182130801e-01
9.796234541575159493e-01 8.918559011837441375e+00 4.412407860098438661e+00 9.956724396575306057e-02
1.371984996415266833e+00 5.676522066952856882e+00 4.578187288343201544e+00 1.130736678216644059e-01
9.906618530059425609e-01 3.365512701062462142e+00 -1.909619560130435545e-01 1.833217729604478263e-01
2.050807637937305916e+00 6.468085082274604325e+00 4.426504078545250742e+00 1.300108469166112724e-01
1.665431969059420592e+00 8.024927963650947405e+00 4.376983718246125754e+00 1.172978772046992524e-01
9.843396588430013416e-01 5.168380984102106446e+00 4.023254806733924660e+00 7.095460321508102741e-02
7.078623578691329854e-01 4.388868497566885907e+00 -1.504767348436644392e+00 9.969830472367788299e-02
1.956333221249132226e+00 5.792460871556087909e+00 4.425050488392770376e+00 1.852049373168169200e-01
2.101543034585123149e+00 9.552599794844894632e+00 4.628524811882172685e+00 6.094299676903536245e-02
2.719970401146961869e+00 6.183185156484324985e+00 4.613201646580803228e+00 2.255417752823283273e-01
6.312616957086971681e-01 4.260531789022690141e+00 9.122917018481617735e-01 4.676648920268434706e-01
2.195712828440000930e+00 7.915537494507561611e+00 4.703277628677377642e+00 8.816892018771804729e-02
1.111395216430668853e+00 6.142038346554564043e+00 2.792400622653217646e+00 7.765447337604480804e-02
9.693472293050962030e-01 5.400442323962271196e+00 4.157046948252564711e+00 2.860288575821617330e-01
7.955006545820254571e-01 3.658305760227904546e+00 -1.212748617423797803e+00 1.698779793655105785e-01
2.095389703112547686e+00 5.099515338456234836e+00 4.304206370758264733e+00 1.539131297306615409e-01
5.050174271265048809e-01 1.085065233569852694e+01 2.546754138731998296e+00 2.832551499482268142e-01
1.338368056373001602e+00 6.980557430326104651e+00 4.567391595923478320e+00 6.776691439750127666e-01
1.513005145383266470e+00 7.218936724222932533e+00 4.477222160398442341e+00 1.274887835931689251e-01
1.670952158142509081e+00 5.178531329181357279e+00 4.268752429504599988e+00 1.699439979934166955e-01
1.621293358065161838e+00 2.638289084362301917e+00 3.198576889187391359e+00 1.817495919929802972e-01
2.289059244647730917e+00 3.565378432853207880e+00 4.589077733537391346e+00 3.635800252146757505e-01
1.487969421546873505e+00 1.023652547403032997e+01 3.620698176641344634e+00 1.976299298657166192e-01
1.476961659444006258e+00 3.455476601563229000e+00 3.917477714539586042e+00 1.052630927425572682e-01
1.057818014298083753e+00 6.619841519423633969e+00 4.410021200645283912e+00 4.220743685252886235e-01
8.982961741339737793e-01 8.778474784856856061e+00 4.399362796565539746e+00 5.094175020343949534e-01
1.191631556414233906e+00 4.115355744710884167e+00 4.171880286243882630e+00 4.401076410075188683e-01
1.626388382021854540e+00 6.935564151158935431e+00 4.555608496356213344e+00 2.144652201350384368e-01
2.432238969398351269e+00 8.205704618838826292e+00 4.766583914419713075e+00 6.783211071009534465e-02
9.122394527254855667e-01 4.896082759395683937e+00 3.708560962201309597e+00 1.657648871606002827e-01
2.151906028872246246e+00 5.683445438092926238e+00 4.738367027713127122e+00 1.277859078434087359e-01
2.348369540099668029e+00 5.434135351265153346e+00 4.477738187163536665e+00 1.422685096529731630e-01
2.773329497031043367e+00 2.621260399512191697e+00 4.816987546659901476e+00 2.024017941602724441e-02
2.405253646202893059e+00 6.099230777386325464e+00 4.971525663489718916e+00 3.937973427256328818e-01
2.512882434230122808e+00 5.319359389199226129e+00 4.678621345547586685e+00 9.134230163758605414e-02
1.231638061425483377e+00 6.844624688699878945e+00 -1.686802564346728595e+00 1.103901636819157456e-01
2.513807446139868063e+00 6.697249521519526461e+00 4.432337360315536046e+00 4.178617000452323760e-01
2.592135338594276917e+00 1.069725403011831588e+01 4.805489861228647186e+00 1.072911094705477492e-01
1.766919030416338687e+00 4.133866572811854212e+00 4.636167702539485624e+00 1.465895683350993683e-01
1.842674137855716321e+00 3.838212132198369098e+00 4.538835920858249828e+00 2.075961578785874284e-01
1.207636529581357587e+00 6.511525803847311167e+00 4.510936234795368094e+00 2.264176312338081476e-01
1.736978451082541897e+00 1.066578678383253198e+01 4.676300141868485305e+00 8.558401037369689490e-02
2.498167178249673714e+00 3.170868980130411519e+00 3.463745562140098322e+00 2.669551260920635105e-01
1.722890554302476840e+00 5.030442007726493969e+00 4.548436910890668372e+00 1.589838105858292494e-01
1.552616961730133749e+00 8.437877334081598235e+00 1.779784414968035300e+00 2.140847491469283215e-01
2.458400772904228315e+00 1.175318781266830470e+01 6.590882300908407210e-02 1.036243107215260723e-01
2.221029643856979874e+00 6.507924215354635500e+00 4.643275082915608643e+00 8.473521074602587133e-02
1.212574762887953295e+00 3.939925000762730445e+00 4.679467691941834318e+00 1.973705976577400933e-01
2.185646898357638701e+00 4.206190404482711642e+00 4.714502805019038512e+00 9.917089849286933601e-02
1.809530998461081452e+00 3.436118711588287855e+00 4.316935234607794492e+00 1.049177885825294532e-01
1.236986469710917858e+00 8.590589507583603179e+00 4.420510931514036734e+00 1.244934396336182525e-01
1.008912876285471993e+00 6.619582368506126357e+00 3.975674639442907665e+00 1.661808606680413858e-01
1.651532576191982793e+00 5.534780877076902250e+00 4.046802311848637146e+00 2.404836124665727104e-01
2.532054925717190486e+00 5.208015866461776611e+00 4.825804943294097704e+00 2.278723521734382917e-01
1.285051297868798459e+00 5.026823006346115008e+00 4.049465098977758970e+00 9.169244319567941559e-02
2.199209495804771652e+00 1.108737812264985934e+01 4.865328418356500428e+00 4.863479724866527631e-02
1.337634573423731377e+00 4.433976035130555715e+00 4.724599074848324420e+00 6.722117266406621439e-02
1.294982838459740382e+00 6.654882505514384761e+00 3.650209145648383835e+00 5.828440152443911115e-01
8.225244827444373463e-01 6.181254716119222614e+00 3.435824146900729570e+00 1.551873371467716589e-01
1.549968009006283065e+00 3.998743106807820524e+00 3.041947824410071277e+00 2.295552076869743219e-01
2.113100810221651749e+00 6.336234799442947541e+00 4.388796468757531599e+00 1.725127408011784547e-01
1.563723506429950616e+00 5.297461992251859542e+00 3.673510130353156988e+00 3.858205963260399329e-01
3.067296015605402992e+00 1.093525811100151834e+01 3.984064933675429909e+00 2.658250376369580836e-01
1.655386740125289302e+00 4.372176249897290923e+00 4.540397904070396784e+00 7.595569222627907013e-02
1.330240391373828102e+00 4.430276132353958118e+00 4.387080369922708556e+00 3.351394770145053048e-01
2.006014693863139353e+00 9.191171071935022141e+00 4.850911246670290389e+00 1.669984597452580655e-01
1.312027143172550980e+00 4.864500879919706477e+00 3.139452517582340008e+00 4.102730600343820755e-01
2.137153633646144080e+00 4.704572248930314338e+00 4.187488970694007051e+00 1.841807842706044973e-01
2.488949139326455118e+00 5.167222420533705396e+00 4.918929230875718872e+00 1.262182038042370669e-01
1.714544613133403672e+00 5.155659502824587292e+00 4.647359108075530543e+00 1.121313318029745210e-01
1.921798263148791763e+00 3.300310719121945180e+00 4.346517545545997230e+00 1.939648087615527539e-01
1.754966120597755364e+00 5.202879452097770141e+00 4.731078768958720815e+00 1.030895587562762339e-01
1.775173762739652883e+00 7.615518920600807817e+00 4.866921948932242614e+00 2.202377975161770307e-01
1.486320479708859832e+00 4.502309058728011237e+00 4.297136517252289956e+00 1.707636957549987511e-01
2.250263827429310304e+00 5.217281791113133949e+00 4.551862987192265564e+00 2.273372150192699281e-01
1.987552777474750565e+00 5.461107315516093408e+00 4.209210879150147910e+00 2.326710166061211060e-01
1.367339725165205300e+00 6.989836550842084328e+00 4.573604352134189810e+00 1.780252418317359031e-01
1.628700165358860641e+00 6.429001773243817830e+00 4.666808229164283617e+00 1.892292646537338807e-01
1.503174218043588084e+00 2.869514729646628126e+00 4.661735644336592266e+00 1.226089461924544655e-01
2.713458160586539325e+00 2.883939740262855711e+00 4.815528002005097008e+00 8.904175398325589463e-02
2.172304929213428437e+00 7.491645195979537597e+00 -7.026381392117583835e-02 6.026890376289889550e-02
2.278994784703333387e+00 6.123565544826555573e+00 4.648071844362772431e+00 2.467290789029691622e-01
1.608394156636075545e+00 1.140385869173186606e+01 4.430643395199622248e+00 8.112033555223868708e-02
1.191122600788138808e+00 3.725220001428848349e+00 4.310764599700892319e+00 2.144606165597002234e-01
1.615645843767313794e+00 5.960179091722060285e+00 4.450917209858268997e+00 1.476955584624780049e-01
1.287449862761344654e+00 8.423382318141714009e+00 -1.709319480431043647e+00 1.918867283405066848e-01
2.896063159307616264e+00 4.848968875059798123e+00 4.311246722789651820e+00 1.860483139028969446e-01
1.468341059973541363e+00 4.391665648482034001e+00 4.632332725011933050e+00 6.258876979183151945e-02
1.671171278641904179e+00 2.971943613290342068e+00 4.669077379734197564e+00 1.136193069936832084e-01
2.563467332081821759e+00 5.710846542551818672e+00 4.471599269481450811e+00 2.148373447905490563e-01
1.838781330527273772e+00 4.944229174692802431e+00 4.361086650736550219e+00 3.628752874825419972e-01
1.504950557711201675e+00 6.348479588300282472e+00 4.519779682926665210e+00 1.490563631093213826e-01
1.294197077872311974e+00 4.461761796609565955e+00 4.484379855158662664e+00 9.220285937066569071e-02
1.838546097908888344e+00 1.406860831561128400e+01 4.647023685371404866e+00 1.508893571652362153e-01
8.762793097247190133e-01 4.632911370050859290e+00 4.211288851619193530e+00 1.291514747964455645e-01
2.498399745151968165e+00 6.479075404105646641e+00 5.040849800079729270e+00 2.935719780549801428e-01
8.938514672504461744e-01 6.356554784809701708e+00 3.832633354395358349e+00 2.992657182872711374e-02
1.895434292310360647e+00 7.976491548510239227e+00 4.606934568943297670e+00 9.890287466609037903e-02
1.398901159855037379e+00 4.780768219840116018e+00 3.773579900605155135e+00 5.309118476773337647e-02
1.370491233709236312e+00 2.815735243614136962e+00 4.106464258911644016e+00 2.077545135242262198e-01
8.481333546881129060e-01 1.167420493247896474e+01 3.702475331995005003e+00 7.452994008901801803e-02
1.332287364504398663e+00 7.020009715614157209e+00 4.498010999121552445e+00 1.412010472498259062e-01
7.587442796039015613e-01 4.914152303029061031e+00 -4.039585808051004978e-01 2.725036759837805578e-01
1.616946439672456659e+00 3.189091650616608931e+00 3.918540762932646526e+00 1.642837184016385510e-01
1.289094686364685938e+00 4.774436024077886032e+00 4.434828969631125162e+00 4.271959518454369192e-02
1.719093710778410111e+00 4.585086085203377237e+00 4.568566981509924574e+00 3.164910302023544730e-01
1.686335548392091432e+00 6.242355608640683506e+00 4.222619091132147062e+00 4.144527668509087048e-01
6.578649693297824452e-01 4.960032715151645455e+00 3.474245026003300651e+00 2.918869946561327144e-01
1.608086402156666317e+00 3.989015369146846179e+00 1.892296338843949766e+00 2.243880213447064231e-01
1.420081891880109026e+00 1.343365986925127231e+01 4.390517100161161146e+00 2.581773715504110944e-01
1.522371530596368983e+00 5.612268986230972700e+00 4.469541049511217778e+00 2.388013911651037657e-01
8.921987056994952203e-01 6.914679341221967590e+00 3.031952863161322398e+00 1.288207868287816749e-01
8.115031875416467422e-01 1.058031332480248921e+01 3.895623546272982907e+00 1.375509325667138849e-01
1.178367204122839906e+00 5.330722721838860423e+00 4.167071871360640500e+00 1.063287510468395036e-01
1.719610960708274572e+00 1.069657544946232441e+01 4.346542997007074582e+00 2.337658224399264961e-01
1.109338402846190341e+00 9.088189878475539274e+00 4.009580375719845158e+00 1.443694064495842644e-01
2.402512433757771682e+00 4.673234085608704902e+00 4.398085936257526640e+00 2.167443110848712440e-01
1.724471917876914340e+00 7.727221143125198033e+00 4.215405640421291622e+00 2.414480479116977163e-01
2.900405978141203711e+00 3.748937980504596368e+00 4.940110115460819351e+00 3.427235973746299569e-02
1.998761832067228683e+00 8.592852672252959678e+00 4.858170119430510248e+00 1.914968604571730126e-01
2.009408534545173097e+00 4.520161977217679983e+00 4.398526100163869579e+00 7.158977973042390808e-02
2.933199582588897236e+00 9.081280695651189561e+00 4.850129624321148469e+00 1.449668453858948269e-01
1.564429464921382573e+00 6.731493898178388058e+00 4.495863531684142878e+00 1.606065094432019558e-01
2.220703238649210043e+00 5.965854512754932948e+00 4.491989047335390950e+00 2.380551412500485076e-01
2.509021973526665228e+00 5.179173369970598628e+00 4.509928431252786751e+00 2.123658536068470104e-01
2.350537005623321463e+00 8.246185156781823622e+00 4.642784502597756102e+00 2.002764303874422780e-01
2.684079858856027734e+00 7.060314651741713909e+00 -4.524967130467287824e-01 1.250721127318862869e-01
1.826505030826260034e+00 7.771000305556941434e+00 4.547502129726900932e+00 1.197947651866691499e-01
3.108110528344369961e+00 4.802609296297173813e+00 4.992519841884368148e+00 6.727380219423979846e-02
1.893561097866663490e+00 8.277663701372155458e+00 4.348487809297906459e+00 2.119856031910341831e-01
1.761422780303278035e+00 5.544861518002342393e+00 3.930217706351928353e+00 2.143082172448212419e-01
1.003785911676314813e+00 4.127236766934246681e+00 3.206857838827517515e+00 5.016900631563143698e-01
1.112664268771836440e+00 7.923349191609542430e+00 4.180437333554715806e+00 1.063414854978463053e-01
2.073730293276930148e+00 2.814058388211379658e+00 4.524964454827296478e+00 1.100248907790966901e-01
1.388899566454886880e+00 3.348804344839878766e+00 3.809384930441894301e+00 2.475867320732550447e-01
1.315701215930733081e+00 6.597566295084154042e+00 4.349189962212117067e+00 1.080819685965449528e-01
1.028452771243618447e+00 4.968330760250974976e+00 3.460904015508817988e+00 2.033945836472552671e-01
1.511548636362213482e+00 5.794785328564937998e+00 3.467105196223569941e+00 9.933991962761137828e-02
1.882965066717203539e+00 3.507695998640073753e+00 4.391040260430514763e+00 2.518948321921309352e-01
1.867622485663371634e+00 7.479481956400462650e+00 4.683738102685826021e+00 7.175567421035414228e-02
1.154885580921334975e+00 6.980704291429363550e+00 2.660289385938879203e+00 3.433266006150725858e-01
2.430069014467346911e+00 3.972819165577315736e+00 4.282658601907552764e+00 1.723419623439537973e-01
7.972724454807291750e-01 4.423448604083683122e+00 3.294406878263361538e+00 1.852991669125128027e-01
7.160417502971031523e-01 5.038802653319624625e+00 2.281411592977847125e+00 5.496466143501617385e-02
1.428725984134177507e+00 7.798904624672265307e+00 4.369441695108774226e+00 4.175767981442622401e-01
2.074873502250053736e+00 9.353175775442743145e+00 4.818411576188209366e+00 1.434831044436923331e-01
1.505437012708442657e+00 5.694688947333816031e+00 4.009869848541598003e+00 2.645060566718040462e-01
2.225625132101000769e+00 6.693441337891843368e+00 4.800199577495060765e+00 1.319292132426417297e-01
1.722322530563085152e+00 7.358178476497354126e+00 4.344657315147717469e+00 2.113216426810808068e-01
2.321624630198547923e+00 7.200257192580790111e+00 4.661873488680824629e+00 1.227391457554385112e-01
7.657413428464526772e-01 4.756810862993058109e+00 3.708264216662644053e+00 2.007278683774669226e-01
1.120918376191941457e+00 9.741434113175571952e+00 4.519091958225016192e+00 1.650548638713524308e-01
1.285120784060001187e+00 1.231128811299391046e+01 4.318277301689215086e+00 1.180898721102245919e-01
2.871689402773662358e+00 4.947213975040078537e+00 4.849769106454445478e+00 1.039100024311076093e-01
1.610935382086766898e+00 8.695926655786315962e+00 4.569237509901118877e+00 3.754962548114416099e-01
1.872679856309136692e+00 5.657584606201309541e+00 4.706273911506671404e+00 2.520308579520912917e-01
2.113305476037226516e+00 4.775620696052560454e+00 5.082694838078614552e+00 1.444330014213798807e-01
1.368628316901849828e+00 3.272865381846397526e+00 3.953085657992753799e+00 1.282581536945767708e-01
1.818194712329942897e+00 8.300146973739028766e+00 4.560905110625747660e+00 3.391017567912392727e-01
1.082755775414811161e+00 5.893301222196760669e+00 3.653260039037237838e+00 8.703187302678036530e-02
1.283668429102106323e+00 6.818916634475075789e+00 4.393098480795364580e+00 6.010147778483733438e-02
1.838665433035799213e+00 3.323252753037819751e+00 4.372048806445883784e+00 1.809349363068081806e-01
2.711230864190119938e+00 4.217267507588774222e+00 4.789988019332414027e+00 8.686209175397935356e-02
1.112711219673182539e+00 2.538054639076245511e+00 3.831601944276275873e+00 1.941031203954775852e-01
1.732631685435932045e+00 4.891241721849038271e+00 5.013042114356729861e+00 2.221083712134775956e-01
2.906929684640204847e+00 9.892488914522321153e+00 4.790873590234243196e+00 1.510699137106725487e-01
1.259826615445690079e+00 5.762896149061935702e+00 4.555872078894953603e+00 4.906466129999740439e-02
2.549618824912732062e+00 3.120227031821216634e+00 4.614051316305742390e+00 4.158443373315875990e-02
9.323323602028183998e-01 1.042879652593954631e+01 3.950224463990945178e+00 8.508386438746937119e-02
2.213171483459773548e+00 4.791523366815980900e+00 4.560095291647781046e+00 4.227273588487515110e-02
8.225116492169132210e-01 9.074702756100904821e+00 1.911782448313866789e-01 1.141054750045297494e-01
1.195300304038062311e+00 6.969631585312548339e+00 4.315689386087218082e+00 7.925043516850963088e-02
1.857974493673480776e+00 4.073287585409912204e+00 4.344501310634714564e+00 1.068537827627323022e-01
2.116383000239247192e+00 6.033245164590489651e+00 4.565865404368747882e+00 1.155585390899253190e-01
1.189669841512407622e+00 2.796719504118582389e+00 4.278699912150303319e+00 2.153922100578348209e-01
1.668934923404927995e+00 4.856567020319683792e+00 4.689232443602879385e+00 2.649634902535061287e-01
2.186174575710657653e+00 8.177214351553026006e+00 4.342332340702304450e+00 2.437022780058601956e-01
8.551212047937126748e-01 3.551157433948037845e+00 4.496258987488578995e+00 2.956604887932979819e-01
2.039823457082848623e+00 5.851889476801797940e+00 4.286585974721331738e+00 2.172456018564281610e-01
8.523739995658324853e-01 5.758326831110352373e+00 4.359029877038400613e+00 5.902360499170052760e-02
1.603378943980798610e+00 5.412781463916600089e+00 4.654319792189399507e+00 1.983751137545470555e-01
1.978271508858344463e+00 3.273205612649322749e+00 4.704531278307266362e+00 2.254173822180167430e-01
1.926031134585375337e+00 4.764251809146915484e+00 4.315460943336550947e+00 1.110452478937257181e-01
6.611456755500820792e-01 4.168913868179680016e+00 3.500464352351120745e+00 3.383599488655002485e-01
2.326592913990318756e+00 7.699853518919908879e+00 3.169058735865395882e+00 1.287893801231391744e-01
1.709158847773661449e+00 7.640646579407308181e+00 4.613718078699250214e+00 1.478247949506726333e-01
8.199100440015361091e-01 3.570664511451210554e+00 -4.894077178687690211e-01 2.409752716849757892e-01
2.690455169017919257e+00 7.672910772497568033e+00 4.598943648543827756e+00 7.622776315753522491e-02
2.175732389088057328e+00 3.563462795112362969e+00 4.767941754193746107e+00 1.701514916851103176e-01
1.011748452732011971e+00 3.398943879584815253e+00 4.399768814253373073e+00 3.585293502194250581e-01
1.321424145896006541e+00 9.201181081897473746e+00 3.912524072083991999e+00 2.254154346971646572e-01
2.194694484726154471e+00 4.418391515334585407e+00 1.898303418234112083e+00 1.215270110480940746e-01
9.855169924767964718e-01 3.134293703243854701e+00 7.815782018958642441e-01 2.100668299402974892e-01
1.504566098298053323e+00 4.697100257809660562e+00 4.611876256809251728e+00 8.163472665938707740e-02
1.099253272599203690e+00 4.608130404648467682e+00 3.611850781122877940e+00 1.377959350659939963e-01
1.210600368589852538e+00 6.903170783919344800e+00 4.424471011090602701e+00 2.771049355996222374e-01
1.816682782552751174e+00 6.894730828632501307e+00 4.433037060759286163e+00 2.168685093593291091e-01
9.648277740857854612e-01 7.715173813844016237e+00 3.836011390658613074e+00 1.820756582029530724e-01
1.361554660929630955e+00 5.428023277989393769e+00 3.697707280279402209e+00 4.802126799043389127e-01
2.338227498756241030e+00 5.142481860983976638e+00 4.931787819541124662e+00 2.479907655451316084e-01
1.469951881690777729e+00 4.992834602867088911e+00 4.614996007272909928e+00 5.770445924105783997e-02
2.020838592858530181e+00 4.786923623789878235e+00 4.690523734082304941e+00 6.064939483431916467e-02
1.635616191561641841e+00 4.552250201759751036e+00 4.170297451619058293e+00 1.872028616316126493e-01
2.332230124931334192e+00 5.516489171788899526e+00 5.009859680443223162e+00 1.913729547744874859e-01
2.141604323055767534e+00 4.895250788887134163e+00 4.455303058133052829e+00 1.318002065496007291e-01
2.208930761162531731e+00 6.045779895302914930e+00 4.683289508486994102e+00 2.558086000946532268e-01
2.099871885882628408e+00 6.932978381702855408e+00 4.718583106562322271e+00 1.355906843413850760e-01
1.962505857926523101e+00 7.048424725086126053e+00 4.830916897890477735e+00 2.765232141788034892e-01
1.809728730514535533e+00 4.245964328866543624e+00 4.657838694720355832e+00 1.478396502840459148e-01
2.105399662053827559e+00 5.872783868724942735e+00 4.812305419878208923e+00 8.857437983851826346e-02
1.519959486058423348e+00 4.475222440190094630e+00 4.378239591016107823e+00 3.026562149323205886e-01
2.389315726476101798e+00 5.403254027911895463e+00 4.867199770516621449e+00 7.559190364347018187e-02
1.130904735344125500e+00 5.137325775765154035e+00 4.514130204516630052e+00 2.803438151181315008e-01
1.778498631507742012e+00 4.955598827170830667e+00 4.289368347722391839e+00 1.676752668002127189e-01
2.935961274136121180e+00 6.172476093616050541e+00 4.914134519277410185e+00 8.061167415235914735e-02
1.883014117026123646e+00 6.646320021668906008e+00 4.087204829511043691e+00 1.234051097434572253e-01
1.910434439381172078e+00 9.855492978118524761e+00 2.284670808265792719e+00 1.561801487443355285e-01
1.864926049650641238e+00 7.547017982349730758e+00 4.790778517783170543e+00 1.109295989896513512e-01
1.792243152794656735e+00 6.912390416523575887e+00 4.490657275652067071e+00 2.376731222928062381e-01
2.265466209342806181e+00 8.486514101641375873e+00 4.997623429127826533e+00 1.239787833645133869e-01
2.782254493306045351e+00 6.502227089910121549e+00 4.802926246968369561e+00 1.760580288472493315e-01
2.117401738992880755e+00 3.932997990640931363e+00 4.844520061246088360e+00 2.982456158916654276e-01
2.474708806832635943e+00 1.243264546864602238e+01 4.543897029366341656e+00 1.761081238952851291e-01
1.206337813104052969e+00 4.861182687639692190e+00 4.290646571161818024e+00 3.414797018483573532e-01
9.682494606487972444e-01 7.659544931337583407e+00 3.709992015051986503e+00 7.135443287447279515e-02
1.865037221385394517e+00 4.974375617844785324e+00 4.556583329636833213e+00 1.848180246866449050e-01
2.095509423322435172e+00 5.980464871234415725e+00 9.308095620653259461e-01 3.805036305939969721e-02
1.112848839569418935e+00 4.549325559241942152e+00 4.301535014227953369e+00 2.177705567734015135e-01
8.346128279291401553e-01 5.127740744390939298e+00 2.399215416007187240e+00 1.846020613626171147e-01
1.634989533819525720e+00 4.881307843374722566e+00 4.587035431842483746e+00 3.521270509111504854e-01
1.224587897467785735e+00 6.111342595039106484e+00 4.392631279077575002e+00 6.150339046808952354e-02
1.574821331176809780e+00 3.845116417482249194e+00 4.673655202888545190e+00 1.737824493231533429e-01
7.903079625945946818e-01 7.720774316818264538e+00 2.935748940174344401e+00 1.770102539243963991e-01
1.337761432013315099e+00 7.344280197096846763e+00 4.629592303143202692e+00 9.005171237066818268e-02
1.278406017402788031e+00 6.055556134000261714e+00 2.718954131262604434e+00 1.219644257538667759e-01
1.882299446259085851e+00 2.836580594286898460e+00 4.723869112561960293e+00 2.221000841380489921e-01
1.805773390871293849e+00 1.003628276971825173e+01 4.289249782707025282e+00 4.609010050979202577e-01
2.441988928174171569e+00 3.173708550041829390e+00 4.621006767880385446e+00 1.629605185117908306e-01
8.726685985222677466e-01 4.767916096092665867e+00 3.594884658163310043e+00 1.192201456808791027e-01
7.723829588603874363e-01 6.164059594270337783e+00 2.686771520580166772e+00 7.262777105464329752e-02
1.633319570280412414e+00 6.574775003733803302e+00 4.341376963794782995e+00 1.485803888222155256e-01
1.498861811216727569e+00 1.240167261538056387e+01 4.637337848550536101e+00 1.235390254562852286e-01
2.924826666886239046e+00 7.083485204934504509e+00 4.918658581307580491e+00 1.205818010834970311e-01
1.319299566828182613e+00 3.903492317277860835e+00 4.729915310940122630e+00 1.153631534919384583e-01
5.855280748053959261e-01 5.572630416984516444e+00 3.344977672628868248e-01 1.347428381784940288e-01
3.563821965998575259e+00 6.933895453524778318e+00 4.721450562134359430e+00 7.391401341197603725e-02
1.523884433818954776e+00 9.543433971633842106e+00 4.249200721751634546e+00 3.142044949839706836e-01
2.056400140825942024e+00 8.024781101476639478e+00 4.705517612550835338e+00 1.269160162399773362e-01
3.009250063777002993e+00 3.230221924499108610e+00 4.747531200411212460e+00 1.076845774694984853e-01
1.250492275418012778e+00 3.319035904017067384e+00 3.205716784939003805e+00 3.209842053229654546e-01
2.494880114994204590e+00 5.825770936071141826e+00 4.663221018693689324e+00 1.084311640216551326e-01
1.205367657507786738e+00 6.340519326946879808e+00 4.343835422981335626e+00 4.569009594334461077e-02
9.115949167109490547e-01 8.316174262134200745e+00 4.012416222401637533e+00 8.337636083203606163e-02
2.801160854575098558e+00 1.018753975865654837e+01 4.152295996040980874e+00 3.000873090291669709e-01
8.757863709735027591e-01 5.963659324233704595e+00 4.017473488522143477e+00 1.348070522401058069e-01
1.376697706268938948e+00 6.524952653389637369e+00 3.746214074207083744e+00 6.797868756874761442e-02
2.365725773092778983e+00 4.570664585658354540e+00 4.592551176914763111e+00 7.194033978898986548e-02
1.301208304823107342e+00 3.435222610431644341e+00 4.535822459623229719e+00 4.792015798119527714e-01
1.227179229765387403e+00 6.099735336108185635e+00 3.635363044035362368e+00 3.546546744637920634e-01
2.249058027073833177e+00 4.683378830980729823e+00 3.868444834838180135e+00 1.082765987053004447e-01
1.994466495473972589e+00 6.251154057031621747e+00 2.545490204022606839e+00 3.126783564657411585e-01
1.282095524316004820e+00 8.787461838776222223e+00 4.346880982010247862e+00 1.557580982360200761e-01
1.544922659857222769e+00 5.411692534891765050e+00 4.450472316959706909e+00 1.872836060728959029e-01
1.501965119677687976e+00 1.027132095678811652e+01 3.876051149904824911e+00 1.838849831101281584e-01
2.046685198477047773e+00 6.826985704184748371e+00 4.858757478040857336e+00 2.476135112626603463e-01
1.785236914753396631e+00 6.778156707871746178e+00 -9.370869726449385650e-01 1.604506852567699760e-01
1.465632088606168448e+00 6.046433960725533296e+00 4.340242655274213490e+00 9.728150406570898467e-02
2.380376414993268686e+00 4.989322014363280822e+00 -1.628382721591714599e-01 3.125600519259484900e-01
1.883838989591190671e+00 3.357219465677310666e+00 4.732503745613653834e+00 9.140015923193753333e-02
1.655479917423440472e+00 6.390953307402413408e+00 4.022025011870510980e+00 2.624840382260152372e-01
2.157629744328343424e+00 4.078723662366723346e+00 4.543202509996466354e+00 1.067295343380548628e-01
2.356002229745794097e+00 4.690352155266289458e+00 4.885714728429825016e+00 1.498787413809133939e-01
9.891881981528917178e-01 5.172639060816859313e+00 4.554290377706609938e+00 1.804494297625271471e-01
1.483484898997716295e+00 6.731991101735631311e+00 4.567439803001787979e+00 2.928202544064679724e-01
2.200569471524246090e+00 7.706346077697255659e+00 4.496587420380388167e+00 2.123892883557611799e-01
2.541311670443589854e+00 3.460668390399105565e+00 1.203249657623234992e+00 2.194362445617241419e-01
2.221536531481504095e+00 4.327924903658391109e+00 4.672828220150232248e+00 1.387586930664882201e-01
1.915912978200247530e+00 6.754575684659057444e+00 4.763322048071164438e+00 5.430174236291595430e-02
6.509052646360444783e-01 6.432029871872927629e+00 3.566929671376754651e+00 2.571546303839956638e-01
2.619260367755798402e+00 4.509928665131738512e+00 5.357063406748693524e+00 2.521509482751206899e-01
1.324993779225872581e+00 5.018532787537582252e+00 3.884023534698338054e+00 1.243979051038201777e-01
1.489436219025827457e+00 4.110227823938021885e+00 4.583009469557089766e+00 1.451108527498357892e-01
1.896089878720807587e+00 7.694854817420084814e+00 4.622059681735632530e+00 1.372855333814874124e-01
1.209838729339666852e+00 6.508523168918776136e+00 2.497847108501614066e+00 4.025527703689998349e-01
2.178486030273490748e+00 6.350278549406929152e+00 4.885295516139731120e+00 1.942408411433518001e-01
2.260009106107505605e+00 6.120901122977915776e+00 4.456492109120073764e+00 4.945342658157311083e-02
2.458667393590461714e+00 5.881351344758266819e+00 4.351699690985379121e+00 3.562780290304649600e-01
1.304185002062028031e+00 6.065459188787006184e+00 4.529703833050939821e+00 7.667092359628291387e-02
1.662802603804597990e+00 6.543102917853381939e+00 4.642380734972574530e+00 1.042467060526692385e-01
1.438738153028406463e+00 7.414228229962258609e+00 -5.831197997685394485e-01 2.952317057201608863e-01
1.838527171244758618e+00 6.400243039850613158e+00 4.571354746399172164e+00 6.247353571569937147e-02
1.252313426834603893e+00 7.760784455214724709e+00 4.009419220042230059e+00 8.952220995298684758e-02
2.279522178100824803e+00 6.830841859086587142e+00 4.053820397339769954e+00 1.995053979858933402e-01
2.492301053466922767e+00 8.465857580131565641e+00 4.697411390404115927e+00 1.542454410742065962e-01
1.489427622146165753e+00 6.125260255663545372e+00 4.413932847903715206e+00 1.128035877552336641e-01
1.618507051941557640e+00 5.613338821290072111e+00 4.385375791649407162e+00 1.375777366589081563e-01
8.175832302549685959e-01 1.007061653522395517e+01 4.308716518654056138e+00 2.104441190855892430e-01
1.496496434107135620e+00 5.689955429989789870e+00 5.044540741678236628e+00 1.880108381201595069e-01
1.164025401510776270e+00 8.935444546712133729e+00 4.469265355794815875e+00 2.749616338372182778e-01
9.278343505517985257e-01 8.532427645557378426e+00 3.809732037179148989e+00 1.774006066119589720e-01
2.259926920525223260e+00 5.869164938412797738e+00 4.696347849584978640e+00 2.172787016372850211e-01
1.406975633133500159e+00 6.725978570636280907e+00 6.895179271406361998e-01 1.004591846987744896e-01
1.831702693403732596e+00 8.578469615559026096e+00 4.553308801564107888e+00 1.790427589984938672e-01
1.646536987288358622e+00 6.492993690931438522e+00 3.659554931969999370e+00 2.352408580773818203e-01
1.289458937859233822e+00 4.817548210817022003e+00 3.908385589596485854e+00 1.184358650895655785e-01
2.928679256981757906e+00 9.628854801955986531e+00 4.729268772559431788e+00 1.137863006776736186e-01
1.259079264683401256e+00 5.405587893518607245e+00 3.598923803721004511e+00 1.324978641201320084e-01
1.739061021978350885e+00 7.913876519205891746e+00 4.574994627775666345e+00 1.250554883385571747e-01
2.321064081905542587e+00 3.452867976428600549e+00 4.800862442811301811e+00 5.699947185140305517e-02
5.767575994109139792e-01 6.122822440989087234e+00 4.268155279601486551e-01 3.630724467435297309e-01
1.305482747410546152e+00 3.770215609683025271e+00 4.331031761687382797e+00 9.944579084410588854e-02
1.265097039116828359e+00 6.557733887029065123e+00 4.265571506640894128e+00 2.577379427356559782e-01
1.882790290301483260e+00 7.820392793979400459e+00 4.321690479585812206e+00 2.995369359586970703e-01
3.093272050097985115e+00 5.077055012079289220e+00 -3.614347483226680313e-01 2.049460104983673869e-01
2.049525229868224940e+00 6.062178332819051718e+00 4.408661940377257338e+00 1.758283151795126953e-01
5.881134743902635131e-01 8.484734204016586290e+00 3.398023769720448506e+00 1.339241151737804447e-01
2.527544517014239656e+00 4.361908510885617929e+00 4.839162224164738291e+00 2.930089269909265659e-01
2.409679341609313408e+00 4.316191063067099876e+00 4.825536669983327087e+00 8.445243502946754577e-02
1.269577714253257383e+00 5.535035752788135532e+00 4.292510092013661627e+00 1.688835891570258929e-01
2.364865909786700193e+00 7.713039508281740453e+00 4.587415655040960161e+00 8.324982828266695722e-02
2.135730500041308044e+00 4.490739964695385389e+00 4.687558363965956154e+00 1.037668599719936968e-01
1.007412455049881750e+00 6.171344663430760491e+00 3.157953313849657384e+00 5.791172384449108090e-01
1.848302247928291564e+00 4.120749169057408068e+00 4.652210570251042121e+00 2.004881895603347619e-01
1.752198251971045728e+00 3.180337259242620895e+00 4.695176637269617537e+00 1.931982185832684384e-01
1.080506535101740218e+00 4.510120118960980307e+00 4.321638974477695960e+00 4.932050902599680736e-02
1.214386879534534502e+00 6.867402971709669401e+00 3.822901942206378134e+00 4.417311444147268285e-01
1.762275104581530139e+00 3.846436396685476655e+00 4.103600194404962487e+00 4.763785022165488436e-02
2.070725301601326951e+00 4.269258161851942290e+00 4.283721991109505467e+00 4.259763312512228062e-01
1.610997361442540576e+00 4.844318415868133165e+00 4.311519021396315487e+00 1.630179510436298718e-01
1.427618031347328120e+00 8.413844040307758121e+00 4.179026645247646776e+00 1.450528189417092384e-01
1.343408636737485118e+00 8.691976760543603575e+00 3.943315087262170504e+00 2.363342543808569785e-01
1.042783607631451614e+00 1.075090927640092531e+01 2.572985807734646801e+00 1.265348853141722296e-01
1.430617187741931140e+00 5.005892324994930753e+00 4.363260696693038732e+00 3.624931173821529379e-02
1.625208791737676961e+00 3.568478487629146212e+00 4.830300262301132186e+00 1.532114032178840679e-01
