# 500 (alpha,mu) samples from hierarchical MCMC for Ondansetron + hERG
1.216034228689641061e+00 5.289414577152624197e+00
1.147373448492263748e+00 5.644781098282353859e+00
1.248330836576853509e+00 6.032316602802982430e+00
1.001056014325092614e+00 5.824098112532976934e+00
1.149437006123620764e+00 5.710500389654133535e+00
9.086884749829193808e-01 5.944973204727902250e+00
1.370492404358202521e+00 5.909155566487915401e+00
1.221153774365990818e+00 5.859661842704195323e+00
8.800947560982589346e-01 6.012445154389299162e+00
1.631088189502591046e+00 6.024338231355996776e+00
1.281580541708924992e+00 5.700683949183807719e+00
1.319044338039727426e+00 5.352613938795257376e+00
1.345756909760615017e+00 5.658965447218291978e+00
1.550979805951826052e+00 5.812864509254563217e+00
1.140993170744561080e+00 5.630084219013481217e+00
9.507823770151759835e-01 5.763567158033096050e+00
1.090470699982966307e+00 5.497357548153280149e+00
1.283518048180852134e+00 5.872872642692520628e+00
1.335038897447802242e+00 5.912729961691996827e+00
1.078102213437829748e+00 5.752587171546803546e+00
1.638394179718271948e+00 5.983857737726483883e+00
1.227953106954484230e+00 5.848689970865660115e+00
1.336199363008267582e+00 5.928785855294977480e+00
1.199024920581196030e+00 5.200821913382775996e+00
1.905098902708194153e+00 5.434067127817391096e+00
9.463773604545938634e-01 5.641117879595686446e+00
1.500117774382140556e+00 5.856173724590159502e+00
1.275954800781504472e+00 5.796504431203310936e+00
1.633361031718462808e+00 5.261806569969853520e+00
1.291143122321221748e+00 5.903291415037891454e+00
9.730524813043497367e-01 6.090739644063194014e+00
1.021555079491391682e+00 6.164868965644339838e+00
1.015371797160780298e+00 5.741103477048332238e+00
1.169571171836173651e+00 5.796955282792536579e+00
1.170131125524646487e+00 6.010551512942862828e+00
2.615054609581390466e+00 6.085572369101490686e+00
1.120116156103438954e+00 6.006513735647728502e+00
1.139322396025301609e+00 5.761605779749093159e+00
1.533154101463031660e+00 5.801909348528831778e+00
1.002208258392042639e+00 5.771540857879643660e+00
8.374596018659038466e-01 5.954534329250381397e+00
9.706950957548990955e-01 5.824895309410727862e+00
1.120289487803053152e+00 5.809357264004312960e+00
1.398952965534633108e+00 5.523278285223931050e+00
1.284176341991982495e+00 5.873946629793302954e+00
1.440679868655803775e+00 5.645172341761060864e+00
1.209564265708972908e+00 5.811065897868024521e+00
9.530219641510857542e-01 5.712112728373231363e+00
9.875014758857935115e-01 5.892414454243001032e+00
1.008900407379194730e+00 5.927860564357334994e+00
9.443189223068557681e-01 5.999160005032281973e+00
1.291143122321221748e+00 5.903291415037891454e+00
1.046996885557153867e+00 6.305107189278726487e+00
1.167270554975797126e+00 5.859700433392452723e+00
1.284992444052700744e+00 5.831559382476951825e+00
9.541285338941076777e-01 5.757132097959527073e+00
1.013530799608527433e+00 5.859777233881949599e+00
1.113381896377556357e+00 5.817963208829297628e+00
1.134501804677412240e+00 5.908376011396883065e+00
1.190214841200649021e+00 5.626550195713307723e+00
9.155615442776060542e-01 5.763891146204528582e+00
9.350729948995888385e-01 6.031569302668137844e+00
1.170730108840769113e+00 5.919276740185340557e+00
1.362176998487543811e+00 5.698626282363793649e+00
1.494576515445113829e+00 6.079625948167630689e+00
1.116693962315770783e+00 5.701520963676416365e+00
1.222287579697956206e+00 5.758592047326565044e+00
2.389019926397103255e+00 5.600304341485458970e+00
1.039209340043288243e+00 5.943329333840567941e+00
1.547505146843034751e+00 5.898299253303401990e+00
1.224601903819520388e+00 6.096641884432886016e+00
1.362893707691476219e+00 5.970209537461800053e+00
1.077906007346005612e+00 5.927552968297961300e+00
1.213580110338094098e+00 6.254832804201348573e+00
1.326724711946675406e+00 5.950283034042195496e+00
1.101110323405726676e+00 5.681054663451907238e+00
1.095079613651013029e+00 5.469761997300742529e+00
8.666470997676127830e-01 5.899379913108224294e+00
1.055742035681396684e+00 5.169440930535259326e+00
1.251993261668620461e+00 5.942843259524516419e+00
9.741977304533848692e-01 6.196371550575932474e+00
1.369083004244505686e+00 5.782120372429444544e+00
1.147234326397112980e+00 5.787645301124047847e+00
1.238681750559543548e+00 5.869271075258501114e+00
1.143112854601006312e+00 5.593941773133964901e+00
1.252884118160209725e+00 5.740643805058089910e+00
1.029348142603702554e+00 5.850534722067661342e+00
1.318812573751439787e+00 5.869718640315792157e+00
8.242003198593980118e-01 5.787413431740940695e+00
1.198266593388101597e+00 5.829160954384409621e+00
1.120289487803053152e+00 5.809357264004312960e+00
9.253007174734170226e-01 5.758115373859979513e+00
1.321898034366603136e+00 5.669593059447185723e+00
1.787223294463309964e+00 5.743517503306097893e+00
1.327330294649369247e+00 5.867652640094940253e+00
1.052025416930009394e+00 5.981697611770230516e+00
1.258336735208404278e+00 5.938468761168275378e+00
1.209560484861426310e+00 5.690017041334380465e+00
1.172128192149374692e+00 5.760400684811314065e+00
1.226464531861002349e+00 5.768197983413950958e+00
1.132971805556081790e+00 5.436731746966546375e+00
1.228135041110702153e+00 5.520906574000431277e+00
1.667360642120989223e+00 6.230816160155463024e+00
1.188701263505089756e+00 5.753792457317258524e+00
1.024267761725730086e+00 5.819938163764254213e+00
1.101284557939932629e+00 6.085583398518623177e+00
1.071634411696481770e+00 6.039249957210114594e+00
1.575023249304093431e+00 5.920431361011137206e+00
1.430840765121547342e+00 5.682889916331383517e+00
1.007946280864797428e+00 5.930519232177536182e+00
1.322381181139856920e+00 5.858190444082803872e+00
1.216730245668192545e+00 6.192045158237878155e+00
1.095540894032324797e+00 5.968269351864790906e+00
1.177344863208687586e+00 5.607497820217334450e+00
1.004400616023514825e+00 5.937079630935427232e+00
1.015000520582943544e+00 5.956108568050470176e+00
1.261288734505686682e+00 5.666591756438679184e+00
1.747452852609941321e+00 5.943855413342746807e+00
1.293168965149024796e+00 5.955648635296729054e+00
1.380791049709976459e+00 5.918093569914925745e+00
1.269371890515324841e+00 6.427986599537320878e+00
1.100373221115779510e+00 5.669797775339366908e+00
1.440331977583939382e+00 5.973678354584277983e+00
1.707254882634304582e+00 5.501778475811193836e+00
1.254710045084953984e+00 5.854384076927085623e+00
1.031992720130361807e+00 6.127115914966295485e+00
1.310858791492035991e+00 5.481987013399414188e+00
1.249281472965643847e+00 5.837330486763253390e+00
1.606113293860197189e+00 5.294390365435477364e+00
1.141965528683700937e+00 5.487076844480645477e+00
1.216351219223094304e+00 5.998965927388565156e+00
1.340065373996756071e+00 5.728741248383287576e+00
9.417878206746831404e-01 5.745269670063450462e+00
8.674917168029517844e-01 5.868085286583295535e+00
1.562775946881703071e+00 6.051363644651234885e+00
1.489966814638941095e+00 5.854020521068441063e+00
1.092483025986775713e+00 5.901750091796731823e+00
1.020334870046845310e+00 6.240024836663960350e+00
1.420598270421827181e+00 5.848162776672555019e+00
1.373553116587520995e+00 6.355096020982834659e+00
1.302511313526721670e+00 6.055756923650111645e+00
1.069315462201302358e+00 5.941726620171298379e+00
1.622454737285011550e+00 5.881023888762975105e+00
1.464266211600509182e+00 5.432673849173625946e+00
1.185943169514027229e+00 6.210717252387244258e+00
1.144018855855579941e+00 5.941001109091413213e+00
1.211708733347751199e+00 5.856670609542937278e+00
1.028412336252234827e+00 5.873191940457088478e+00
1.209475581285731405e+00 5.915475349919780079e+00
1.114208835264712594e+00 6.064706776920284703e+00
1.419596359301431132e+00 6.248570192007066204e+00
1.261709555854307441e+00 5.672597517105153031e+00
1.013311051981063082e+00 5.885683422737974624e+00
1.971325935521711870e+00 5.811625843132224745e+00
1.272507442239709130e+00 5.747070390133482753e+00
1.122631074947094909e+00 5.617166541216977116e+00
8.558774006010946289e-01 5.521671715432569627e+00
1.510329036934209057e+00 5.953006512810158135e+00
1.346132702075905518e+00 5.752758418699555953e+00
8.764227288218993106e-01 5.881297795596358569e+00
9.127031977103435834e-01 5.877170264835898550e+00
9.761443225880559460e-01 5.560228480997595035e+00
9.144444667828403039e-01 6.234356557229211226e+00
1.551544762013898460e+00 5.713553873939184236e+00
1.163724600080649374e+00 5.771396957028867014e+00
1.611331031499351418e+00 5.776552212583607293e+00
1.079183731829608917e+00 5.703065320305733543e+00
1.377072800904276750e+00 5.684146141656588824e+00
1.383776123888924792e+00 5.892948805655248812e+00
1.683911845394289397e+00 5.121281557228100745e+00
1.507071909856827707e+00 6.234244291294287699e+00
1.164987559572749687e+00 5.955034089491528349e+00
1.254567074157197926e+00 6.192420530638591991e+00
1.634976755395997516e+00 5.656565708505866930e+00
1.575380028727081605e+00 5.934980759261513583e+00
1.103492212502512171e+00 5.867766025941984154e+00
1.013996326578233242e+00 5.428740677030599926e+00
1.123198009226352267e+00 5.997474288930063402e+00
9.337807791830126103e-01 5.839960553931327958e+00
1.607062111358585010e+00 5.757745829087424383e+00
1.441907618957638082e+00 5.773962652426469333e+00
1.205520834645751327e+00 5.976816763414329436e+00
1.197407196407064722e+00 6.149030728248861877e+00
8.814604682534599167e-01 6.036172618276475887e+00
1.219697182029924720e+00 5.793107339187325344e+00
9.495023063963941024e-01 5.612865310140061403e+00
1.259109190996276384e+00 5.804799208461541404e+00
1.100061193443899521e+00 5.795594525884472326e+00
1.091927043027536293e+00 5.905151524078380731e+00
9.420398840561192699e-01 6.136133171515387730e+00
1.295322669941318061e+00 5.725919826429040072e+00
1.204978762438400297e+00 5.761635265425402608e+00
1.261927689338771197e+00 6.000251966304441353e+00
1.196657108609519682e+00 6.207804157209054097e+00
1.201598486225665452e+00 5.847648410785350137e+00
1.006516614895677453e+00 5.853141636109784329e+00
1.353350609881301958e+00 5.753526635973222447e+00
9.928533980210461074e-01 5.373477098569114041e+00
1.159203401858917681e+00 5.769220289682674085e+00
1.141760861174152764e+00 5.927857623650782060e+00
1.159645636035004257e+00 6.008351005955606894e+00
1.281494488043630531e+00 5.935992013853425675e+00
1.401870347171048303e+00 5.922201146622139589e+00
1.257455817779464136e+00 5.714992547389059929e+00
1.481542535959423201e+00 6.162297155974673757e+00
1.136531652313689689e+00 5.634184899683828185e+00
1.415685394849679479e+00 5.919899983304135027e+00
1.130326210109706464e+00 5.570193002127930448e+00
1.138188910623457506e+00 5.719235393569742421e+00
1.000903327686051281e+00 6.126565680566017136e+00
1.602384441844570961e+00 6.005404951487230747e+00
1.063756285853098005e+00 5.783925343534010999e+00
1.095838659540656179e+00 6.072670549654541894e+00
1.762041703093035760e+00 5.807415270056965007e+00
1.041060988939872978e+00 5.380991506640196320e+00
1.039209340043288243e+00 5.943329333840567941e+00
1.184595394126896517e+00 5.949350001924094578e+00
1.194408837741906204e+00 5.811889444143468531e+00
1.302693677149601381e+00 5.643101750777133496e+00
1.207621498365746504e+00 5.903785708506274155e+00
1.335857639408640107e+00 6.045468494030338036e+00
1.761548357919682894e+00 5.877699408193498343e+00
1.181411257837616358e+00 5.639618703750919337e+00
1.256710264272856481e+00 5.992015084006379055e+00
1.153558316062845090e+00 5.858719809841818282e+00
1.086102919007436940e+00 5.650064250293292289e+00
1.083682712892426236e+00 5.837371078256278878e+00
1.551155492948937731e+00 5.482898575481435444e+00
1.583350831917196277e+00 5.563904278475174436e+00
1.336433261058534994e+00 5.991168578783030441e+00
1.244327205321954066e+00 6.107081069870015533e+00
1.443213533452163633e+00 6.249264416126315780e+00
1.125408740490051462e+00 6.523255145250831610e+00
1.005979383675249972e+00 5.738640619491547135e+00
1.469970227337314306e+00 5.872397475298208214e+00
9.506338581221950301e-01 5.388231711400912616e+00
8.963397993965266375e-01 5.633920987370404809e+00
1.102768045036719435e+00 5.723369774579172287e+00
1.381662546197021335e+00 5.788646987944290778e+00
1.048623550038669805e+00 5.721903369294881081e+00
1.219700915374077654e+00 5.630748746762920476e+00
1.127915481933461361e+00 5.725623352000218880e+00
9.756242488749266029e-01 6.122375840892387622e+00
1.242347620260935148e+00 5.881294106129202781e+00
1.234987910306917680e+00 5.827670656998417797e+00
1.211490890214331317e+00 5.879797143628737288e+00
1.002916786832465545e+00 6.017283842442070707e+00
1.228974820512119814e+00 5.713101120053698523e+00
1.146076898494444496e+00 5.894326644924362313e+00
1.471081381114026199e+00 5.794981806027146298e+00
1.301292228731644629e+00 6.092844716974603614e+00
1.365061876225064807e+00 5.832248504486620355e+00
1.377872353419825391e+00 6.088221034120296693e+00
1.039509366376849764e+00 5.718863745056554926e+00
1.404790500270063136e+00 5.823424376905089517e+00
1.695452974290864390e+00 5.471618037517994360e+00
1.368406274713926729e+00 5.771356174932320116e+00
1.334506480921884730e+00 5.665937418024417305e+00
1.239870335632043519e+00 6.441836252046863720e+00
1.330342409871480891e+00 6.099784441329951790e+00
1.365583311387505994e+00 5.721215523132436864e+00
9.528273463029492962e-01 5.851245768754743892e+00
1.106761806581134211e+00 5.934112356747983874e+00
1.264721934104039880e+00 5.884718214495912925e+00
1.319517309407769234e+00 6.291404933957102763e+00
1.007709995001436321e+00 6.013887518375461205e+00
1.447318397662505252e+00 6.130437893211459155e+00
1.239365604903259088e+00 6.177563206461758050e+00
2.044430670100144010e+00 5.692835936288503262e+00
1.084561661429526813e+00 5.660601116680203937e+00
1.641711161702697375e+00 5.856359308533439112e+00
1.125499288805692721e+00 5.748671548641152818e+00
1.162167445940989197e+00 5.717831078134503642e+00
1.588662561163049824e+00 5.878589469951625013e+00
1.076216547887954400e+00 5.655901912948269938e+00
1.260147355685078185e+00 5.688538269359346700e+00
1.620028618140343379e+00 6.053353322437175166e+00
1.473009371518443578e+00 5.564174900599878626e+00
1.667636895596333879e+00 6.201525360924287078e+00
1.168642003539177132e+00 5.798473046041929813e+00
1.090672103248698344e+00 6.071474864524144976e+00
1.441793063210199399e+00 6.069711894961447030e+00
9.561417442802553346e-01 5.838205709531518295e+00
1.188536556058064519e+00 6.177938938081953602e+00
1.238321411218039625e+00 5.582444360706232622e+00
1.175932841779329552e+00 5.975048830157558832e+00
1.007780048971486098e+00 5.750127165071624802e+00
8.004116584602559703e-01 5.709700643259127517e+00
1.447180435152005895e+00 5.845574628948932983e+00
1.033136577228689346e+00 5.059660526580524120e+00
1.352198232729495464e+00 6.247844885245543267e+00
1.208129761921267420e+00 5.539735240351775225e+00
1.199132926615761319e+00 5.420923480024694818e+00
1.060655482651400305e+00 6.033742318781694536e+00
1.334021563106262631e+00 5.521937159246418148e+00
1.064298223536352284e+00 5.835342237332892701e+00
1.240119461465351014e+00 5.771701680707037596e+00
1.775749399439633169e+00 6.098886753204028288e+00
1.030886377416002198e+00 5.376500184321363562e+00
1.267702157006394437e+00 5.647165543876027094e+00
1.302678679203052914e+00 5.782500780573642807e+00
1.315294480675478050e+00 5.802902568879498624e+00
1.395635635815469566e+00 5.920328042525437873e+00
1.075487177272421713e+00 5.928804829690866640e+00
9.309721521832213798e-01 5.761752940935157774e+00
1.141467378672325061e+00 5.994266163044479789e+00
9.326959089006952031e-01 5.841169400336982065e+00
1.275319873557882788e+00 5.170561071343694692e+00
1.418209613780535339e+00 5.573385295292530905e+00
1.219203875895512823e+00 4.769736536662961157e+00
1.518851184594778969e+00 5.647944519425023735e+00
1.067373952099608392e+00 5.662560186560293474e+00
1.021555079491391682e+00 6.164868965644339838e+00
1.023441498170985842e+00 6.171986804150991546e+00
1.344565907242868397e+00 6.081383482753817127e+00
1.508485900746956432e+00 6.057354282972138293e+00
1.375100211396878214e+00 5.950427854719569254e+00
1.582954158677440271e+00 5.839203697781504054e+00
1.395238134613229430e+00 5.603337410166504107e+00
1.249602387237348289e+00 5.832538290405636872e+00
1.805596292530282421e+00 5.918088672364790526e+00
1.110086790840907778e+00 5.619810356877510849e+00
1.209475581285731405e+00 5.915475349919780079e+00
1.441040220581121689e+00 5.689637838246897061e+00
1.288588663735144246e+00 5.784325221834156316e+00
1.418651369817220065e+00 5.821670652986545846e+00
1.273633600877797090e+00 5.702896604904613476e+00
1.342179041831514041e+00 6.246261853113861839e+00
1.138000029022131931e+00 5.811969030938000991e+00
1.608708868754428867e+00 5.133095296587434575e+00
1.214073701541310779e+00 5.945188869706453438e+00
1.149394306963156032e+00 5.861299918880337856e+00
1.210131740740463924e+00 6.035240468711826622e+00
1.230683417781831324e+00 5.830972022311406988e+00
1.092844677378071783e+00 5.889951943331674933e+00
1.275796663046302903e+00 5.963710020031601111e+00
1.333414752178248008e+00 5.831309717210807264e+00
1.389915761848176556e+00 5.572728825388856500e+00
1.001011175067576087e+00 5.789863055110153311e+00
1.517721212065060055e+00 6.281293306251521713e+00
1.275743381698250190e+00 5.711081844684305686e+00
1.187568110872749605e+00 5.869587360964588107e+00
1.186582683193474708e+00 5.903852546023853343e+00
1.146768470282234276e+00 5.844584951628267966e+00
1.252889812888272836e+00 6.033830457557511906e+00
1.056893672405017082e+00 6.366584232375899433e+00
1.359303261586131129e+00 5.967349270490968749e+00
9.384675088245681973e-01 5.845443032721693299e+00
1.060103574006001415e+00 5.839692006448783168e+00
1.186418130198297449e+00 5.577390074561257904e+00
1.486118175864691082e+00 5.916882531889934960e+00
1.165597939981681819e+00 5.941877832465090492e+00
1.095914518045854491e+00 6.014253177168512821e+00
9.791129948063378441e-01 5.816690982215845018e+00
1.658174043069189807e+00 5.414513366449873466e+00
9.496747411604277156e-01 5.948173792713071784e+00
1.158359178267631906e+00 5.932094122322485674e+00
1.064298223536352284e+00 5.835342237332892701e+00
1.030041994145013629e+00 5.793777907525474724e+00
1.592220541831022462e+00 6.063179557047124746e+00
1.334232340793897187e+00 5.522432566965844281e+00
7.538307410445470591e-01 5.738358102773112535e+00
1.331085490245927483e+00 5.691298078982141462e+00
1.023355431675793348e+00 5.893629735211017184e+00
1.428598732687319073e+00 5.842965976738830669e+00
1.120159322992041684e+00 5.583449182620937812e+00
1.437795873673505476e+00 5.731893422987776709e+00
1.110966565392148553e+00 6.051167646196653038e+00
9.915086363012439730e-01 6.288746160752235248e+00
1.159195354035695402e+00 5.920425541732866392e+00
1.528413744625792381e+00 5.652757396108041732e+00
1.131394138376028646e+00 6.295577072229086468e+00
1.223460109666673068e+00 5.833647700236246791e+00
1.365879062637294084e+00 6.273397559711328952e+00
1.572801537792503535e+00 5.935305820294911605e+00
8.564643707107115755e-01 6.099235056787304821e+00
1.350821700462810249e+00 5.902927744057683057e+00
1.465403450716787459e+00 5.925877949547134094e+00
1.063357378571592404e+00 5.614516070035347362e+00
1.117843149350703946e+00 5.636393592833981003e+00
7.048802908605731332e-01 5.727516292492628835e+00
9.946538040994717944e-01 5.859407120288246063e+00
1.609239753144394491e+00 5.953962347121634302e+00
1.929093510423536717e+00 5.779194206218736696e+00
8.871994228981778807e-01 5.530976232824541761e+00
9.869576039744996088e-01 6.057222194503597557e+00
1.214306238341453792e+00 6.054770553938240596e+00
8.610247480401161946e-01 5.797577799680360577e+00
1.050161833753939566e+00 5.648955249713957016e+00
1.030157871887193322e+00 5.999118368248655742e+00
1.378862337518684367e+00 5.890932442349000375e+00
1.605969953695536301e+00 5.695577944354505817e+00
1.263214032285961963e+00 5.634149179869125668e+00
1.438646497264365332e+00 5.692327031914238056e+00
1.775115652702682567e+00 5.636783338229355067e+00
1.000049885668753413e+00 5.618410338739003862e+00
9.528502216999754637e-01 5.736785167610559455e+00
1.406061032255349508e+00 5.341326588268545450e+00
1.145298529837288859e+00 6.022803492658468372e+00
1.283219239302030301e+00 5.510138964301943609e+00
1.584063844253210451e+00 6.254645396369651777e+00
1.230266231692933365e+00 6.001193441286260644e+00
1.445113140918356853e+00 5.899916588000309048e+00
1.112772159637999803e+00 5.779091246079733679e+00
1.135533692904570291e+00 5.787996873517397667e+00
1.124190994379193009e+00 5.614061561459591232e+00
1.038518037081530343e+00 6.115281872296741916e+00
1.244918030005455201e+00 5.765024789032465513e+00
1.387366601015283862e+00 6.109388869386063625e+00
1.143742178304528734e+00 5.640879077057708635e+00
8.858081995832669531e-01 5.432480549948087045e+00
1.196772862686173999e+00 6.103920977994430785e+00
1.202214818633611015e+00 5.811163879033184543e+00
1.227741258160352178e+00 6.154069699969982210e+00
1.221784629808677192e+00 5.942820336683918292e+00
1.027766379045091050e+00 5.889417871436793739e+00
1.044396967544540367e+00 5.590655554998721577e+00
1.230451806571434714e+00 5.819751764015069107e+00
1.108171420215505298e+00 5.980443371610535408e+00
1.273311241135835825e+00 5.614678505181234236e+00
1.462771279383922263e+00 5.963141678192382500e+00
9.412814527529145270e-01 6.234979639492512327e+00
1.515889982405941305e+00 5.585396781911067698e+00
1.286576834236233813e+00 5.840458950002812344e+00
5.469589182939427197e-01 5.689808641975076853e+00
8.381289997754253207e-01 5.795622838785623898e+00
1.287818650986039204e+00 5.650003755460282662e+00
1.216229250692500985e+00 5.573286291450816776e+00
1.180443815666265550e+00 5.920301388716969981e+00
8.378769591892356594e-01 5.920548572072906524e+00
1.226623297956807912e+00 5.939497273129367372e+00
1.103047371481624683e+00 6.017781655956023101e+00
1.267989733476530434e+00 6.060188419840345730e+00
1.202533730274184531e+00 5.856551451266244435e+00
1.190640478902292632e+00 5.994228772681300832e+00
1.290104345943597908e+00 6.039740154355738078e+00
1.277756976932988398e+00 5.810844488525011009e+00
1.332178166508373174e+00 5.643799574816169340e+00
1.009896194062436692e+00 5.728615129204587930e+00
1.164985919497226075e+00 5.778368094364262575e+00
1.149723268055103942e+00 5.430354114094611440e+00
1.236372648257123341e+00 5.864840369326009828e+00
1.214871341209326383e+00 5.990214958427770853e+00
1.124921639380485505e+00 5.824479412151760904e+00
1.048704257916261762e+00 5.734685403465254794e+00
1.427416396214034044e+00 5.940030924353869146e+00
1.449401902983373125e+00 5.582224671760381618e+00
9.770436581595931536e-01 5.708472867102863724e+00
9.460485418981322558e-01 5.638074380993344903e+00
1.012657368354572984e+00 5.923730597505041828e+00
1.324952687987625222e+00 5.874397471117025482e+00
1.517989577660099343e+00 5.820162204708699605e+00
1.336929024334646776e+00 5.726172612587352440e+00
1.110614028304159673e+00 5.933435644735067349e+00
1.481389824766699226e+00 5.870858030995176335e+00
1.099841054012129060e+00 6.147197975517102897e+00
1.307026612631452700e+00 5.629877215140032476e+00
1.312377764786384571e+00 5.657316046097906614e+00
1.314728466801676321e+00 5.906769454668244990e+00
1.029260054177495665e+00 5.807905088484996092e+00
1.344699909241387381e+00 5.841382770046267048e+00
1.122638043255475671e+00 5.639387400832205799e+00
1.250819798620890655e+00 5.818113206922518543e+00
1.467164175648153046e+00 5.897532927940337011e+00
1.311700451038486870e+00 5.499897389668357839e+00
1.162283198844291210e+00 5.993361479997099117e+00
9.956944435972657770e-01 5.585831053755695663e+00
1.367495651955799696e+00 5.784442199683239139e+00
1.258815855934977579e+00 5.710601437393186153e+00
1.156431039148490436e+00 6.027045895839558298e+00
1.018033228418613323e+00 5.838831620777324538e+00
1.735952530885082057e+00 6.078196826282061593e+00
1.518523789245838751e+00 5.755786210771238309e+00
1.267025290449019126e+00 5.813433369949288831e+00
1.193035366494402449e+00 5.774413384853616549e+00
1.625075373916256227e+00 5.553919223592935772e+00
1.539933560261745882e+00 5.926097854157437617e+00
1.274871052256874915e+00 6.065440612675502052e+00
1.297701618257842249e+00 5.831129911883750516e+00
1.155077754681478996e+00 6.020073894394288416e+00
1.128662525252347004e+00 5.951079618293590556e+00
1.003260413820936892e+00 5.798090980164084307e+00
1.079598994918525623e+00 5.847398769796206430e+00
9.757318534483881978e-01 5.957647258085407849e+00
1.490079488827946941e+00 5.689408752571774031e+00
1.399936535330207565e+00 5.470889478063045708e+00
1.634117694426277634e+00 5.806978420360729309e+00
1.104760431729868042e+00 5.590030889343935883e+00
9.395832610869041535e-01 5.893933817004979758e+00
1.729937911766807002e+00 5.572454430379422341e+00
1.543598865398882580e+00 5.446960292913322732e+00
1.101054583023801658e+00 5.530885588689505639e+00
8.921682914287929478e-01 5.617711854531759919e+00
1.055990210561287279e+00 5.873789908709367680e+00
1.309183212904536431e+00 6.162998684452182019e+00
1.007290441598801989e+00 5.805374149226433467e+00
8.953398398151443116e-01 5.696140152520610123e+00
1.216990326387089594e+00 5.631188291039945781e+00
1.083682712892426236e+00 5.837371078256278878e+00
1.210131740740463924e+00 6.035240468711826622e+00
