# Hierarchical MCMC downsampled to get 500 samples
# alpha, beta, mu, s
1.193849998301919957e+00 5.378960872070605248e+00 3.271142105908104725e+00 2.577685672952592100e-01
1.924577388427843205e+00 6.657233429599740404e+00 4.058881800657985650e+00 4.097975617925032205e-02
8.635878090475118674e-01 4.381921955540367897e+00 -1.921038098250503534e+00 3.930038419596942889e-02
1.096450623526216583e+00 4.827842359225349433e+00 2.598806365047051870e+00 2.291223143386518779e-01
1.932192586464448469e+00 1.068474394702432662e+01 4.140854455446073779e+00 1.770503877132300063e-01
5.112192982570020749e-01 7.879572411567369095e+00 2.961947371922917682e+00 5.454557592451594189e-02
1.888792222763262751e+00 7.258984889125354556e+00 4.094994447225067447e+00 2.561219820821191151e-01
2.086349010902990297e+00 4.992747165287987343e+00 8.429437746299313083e-01 1.813028180029978009e-01
2.017285675159879332e+00 1.047621709883993368e+01 3.435849471416428713e+00 1.915346027553835040e-01
8.155024560883147311e-01 4.832193989600102491e+00 2.497396168278674722e+00 1.068478388342023189e-01
2.275367213966884794e+00 7.877389122344605532e+00 4.405946650185875946e+00 6.430722976627629983e-02
8.180091746228301819e-01 3.254096465503850677e+00 3.604361017155913061e+00 1.234281384826133726e-01
9.937863064086247533e-01 3.589654228874056940e+00 3.738320232700239831e+00 1.611483291709412957e-01
1.324014720113671162e+00 7.397210669395051674e+00 4.207977622937699280e+00 1.531898033769748535e-01
1.291318660751546110e+00 4.869245545790500174e+00 4.266100338777492063e+00 2.135668919043728908e-01
1.388779353877309886e+00 3.263798517621714801e+00 4.046624842987255555e+00 1.094085668608927031e-01
7.190865303241074091e-01 7.223194840309119513e+00 3.403695535483121315e+00 1.068609220289310213e-01
1.026399322385582069e+00 7.857978966650408736e+00 3.619980895085594064e+00 8.919815308601752868e-02
1.104963115221250458e+00 1.092601416355734223e+01 3.807737056351541138e+00 1.885577897156500982e-01
1.675023936411296654e+00 5.920116083507846128e+00 4.144491701879870149e+00 9.330647070826676714e-02
7.895004633000992644e-01 9.770567089092878632e+00 6.373208914081401888e-01 2.710894555905717374e-01
9.573134991127549842e-01 1.148998519100686977e+01 3.645034180030089388e+00 8.033663259614325092e-02
1.281008987931268051e+00 4.367824672740375114e+00 3.432715988946608121e+00 4.215212067229430759e-01
1.171355955668651916e+00 7.094543944161490145e+00 3.079896738348764984e+00 1.360901239913547001e-01
1.302858973894396977e+00 3.139681449774363919e+00 -1.040031847063626724e+00 1.076203692072070783e-01
1.342224228221429394e+00 4.208490184035917459e+00 3.741690891467381874e+00 1.076199665551820228e-01
2.391505316941852755e+00 5.602708488336872961e+00 -2.680817504751820124e-01 2.182026289293299282e-01
5.661520936713827501e-01 7.429704071147503086e+00 2.738570064596415499e+00 1.737197591868629432e-01
5.753701721274420144e-01 5.394897512736350542e+00 2.580421074077416055e+00 1.652953398941464369e-01
1.181603732190295242e+00 6.005612648984598678e+00 3.924687769956899608e+00 3.868642611785205743e-01
1.093745634574838199e+00 3.639443747148668251e+00 2.956894946997776774e+00 3.826755604124796872e-01
4.736549088384615636e-01 1.016097633675802214e+01 2.004251077217944044e+00 1.088026079353316272e-01
8.712473527798787476e-01 4.485931535095515343e+00 -6.522833184513772142e-01 2.668612916696851967e-01
9.183304934046305767e-01 7.580033784561591936e+00 3.232945071354559108e+00 7.872775745968038641e-02
1.319533897887035678e+00 7.258246320110574246e+00 3.545737876349641660e+00 1.962318778185134088e-02
1.669752709247434019e+00 4.474922397776678551e+00 3.712422619500837406e+00 1.223660260121550714e-01
1.105281287827677872e+00 5.832662867318984645e+00 3.488896713234082458e+00 1.721831504604424967e-01
1.611927491828157422e+00 8.987925791826405941e+00 3.639196865591220575e+00 1.290860518805606039e-01
1.385681750737080664e+00 5.482239662037245331e+00 3.645626241621946484e+00 2.711167535464860112e-01
1.288588945010205933e+00 5.835129012559377770e+00 4.070585298036294652e+00 8.025797583502242150e-02
1.116369653437059517e+00 9.066009895766109494e+00 3.954700618024795666e+00 6.123810294649551650e-02
1.129240995344046539e+00 7.989847950508565333e+00 2.316394039065186483e+00 7.790694259922094356e-02
2.073436679867051158e+00 4.387177576177300864e+00 2.718701113611119435e-01 1.823056578228143543e-01
1.380415910057619877e+00 7.327328666175795924e+00 4.013968132050949933e+00 1.328694183877509594e-01
4.828043451603592495e-01 4.617114235352989482e+00 1.289030943330307322e+00 7.196842909845872771e-02
6.002600356439780072e-01 7.993450269419855481e+00 2.692287566281106770e+00 2.377093223653924947e-01
1.377822169591444545e+00 6.309867501292726999e+00 3.902192941394911241e+00 2.062305842116281263e-01
7.642313272119591883e-01 8.579921709668278496e+00 3.491177908411334130e+00 2.444504178696059460e-01
9.764107472972334278e-01 3.640666937675772097e+00 3.316267234192593172e+00 2.173179673136108325e-01
1.705279613453397625e+00 5.762631229954569889e+00 4.066488941832207438e+00 7.682954817159361183e-02
8.040859745963191418e-01 4.260282682927717168e+00 3.427393117683904311e+00 1.016889980878426109e-01
1.005460718095653849e+00 7.166955754892767594e+00 3.297842754505825091e+00 1.137190619656689439e-01
1.008930778178416698e+00 6.606999312249985934e+00 4.350722055381615938e+00 3.118521799115788196e-01
1.845608928400345405e+00 4.354353039439819995e+00 3.991289285053867264e+00 2.143511016855702001e-01
9.657068101440026142e-01 4.420764880301966571e+00 3.194803255401633457e+00 1.421976416770696361e-01
5.748140429517950567e-01 6.075017308008485273e+00 -1.813298040298581215e+00 1.893548334428352131e-01
2.089577402559816832e+00 9.232779245205049889e+00 4.170770607983349976e+00 9.141816223513862805e-02
1.943137579295602491e+00 5.782775766192626676e+00 4.178532604086854008e+00 6.425821372856979630e-02
9.929033445215411646e-01 5.622356393709657674e+00 3.359670934063530900e+00 1.675614235288605536e-01
5.796623718486081378e-01 8.485017409404475686e+00 3.236006038075439406e+00 1.703761912909546872e-01
1.431545008197640856e+00 5.022667025549391262e+00 3.924929303875468900e+00 1.978009657092832108e-01
1.118207783439441938e+00 4.247961307127288144e+00 2.255691340725884508e+00 2.400924082734672560e-01
1.005503622366185068e+00 7.543543213965636873e+00 2.802506212125379648e+00 1.374270545432670076e-01
7.696843025281778772e-01 7.511241559366635734e+00 -7.100814368434113510e-02 1.390493600358275461e-01
8.442211245120352370e-01 3.200567553240211804e+00 3.806694501844762435e+00 8.800214566545255801e-02
1.285930044811359974e+00 2.455641975470575389e+00 3.968441583724977573e+00 1.944467170770173836e-01
1.873590340681432931e+00 3.725548974607835184e+00 6.920744338071260771e-01 1.095087480790031681e-01
9.195779261812268013e-01 5.481872553470317655e+00 3.081659293363782304e+00 1.072267694560891244e-01
1.372081350908487485e+00 4.195778832534052150e+00 3.805161853479280154e+00 1.337270416370333892e-01
1.030217658269562131e+00 1.074530255419251112e+01 3.859909371806925726e+00 2.076766551483804624e-01
1.163298457958042320e+00 8.628551520573273237e+00 1.743594780061470839e+00 1.419619342157026065e-01
9.435644923596120393e-01 6.957416277747380029e+00 3.867595752932295294e+00 1.486788161986722645e-01
1.235288021236654377e+00 3.353991434047709941e+00 4.453179362012623654e-01 2.471054637322921965e-01
1.027451274285140936e+00 4.193321110644050442e+00 3.935778968338077277e+00 2.402879417124997863e-01
1.147260281399064885e+00 5.655186625715673543e+00 3.994049315476465800e+00 1.995467436406313244e-01
1.863677047657422703e+00 7.192420125182965585e+00 -1.339068279039333786e+00 1.425318466283037044e-01
6.312620233012612436e-01 4.411179093325818812e+00 2.908282946249819201e+00 2.559894581325837526e-02
1.535107738107499120e+00 7.762096967572231776e+00 3.892476537081674959e+00 1.200207204447676645e-01
1.707706277418286733e+00 5.515404960383176736e+00 4.210770324851988100e+00 1.637213068280494732e-01
1.498816532303868021e+00 9.354972584894003518e+00 -3.640302764196172713e-01 1.565400912813177670e-01
1.792850698506300189e+00 3.709459498634688934e+00 2.996600350181188421e+00 1.330318251777359850e-02
1.098682257254009809e+00 5.504135733151779952e+00 -1.073108607375228063e+00 2.329094773894636317e-01
8.668814803605287000e-01 4.757149030909791243e+00 3.165067355478976552e+00 1.639621262933189105e-01
8.103592544184642366e-01 6.308026288554648531e+00 3.412437622572444873e+00 2.640474015341593983e-01
1.575710735799481954e+00 6.013156414532641492e+00 4.241676513509818669e+00 1.128351457702937571e-01
1.338258649483005325e+00 8.128674508539015520e+00 -1.116953752814113576e+00 6.884114330880475308e-02
9.346618075651113022e-01 8.661593844538680642e+00 2.400750388201268848e+00 1.239476369382939702e-01
8.722964948468672208e-01 3.983660747891433651e+00 3.357627907393243571e+00 2.292769574270003274e-01
3.080082093944876309e+00 3.008447110424461446e+00 2.843821980496265667e+00 1.030052614906699637e-01
1.056426918480011024e+00 7.863873265072654384e+00 2.651567079517687109e+00 1.205139421565536995e-01
1.252422409702395267e+00 4.295137610390787231e+00 4.054040915952602298e+00 1.402557328963300043e-01
1.082039184142335797e+00 4.080211007077295449e+00 3.613388291285689391e+00 1.811595935488627684e-01
1.945021858278302540e+00 5.968385396449548352e+00 3.961814712093344237e+00 8.003422886053682128e-02
1.056902767984055469e+00 3.819709225098221417e+00 3.472797964039261220e+00 1.027742287126861276e-01
1.176646535992568854e+00 4.162979063426289095e+00 2.523257290350425563e+00 4.126435854902664735e-01
7.967912086691388840e-01 3.548836204021386553e+00 3.347838204932374051e+00 6.167699979316860343e-02
1.445133273520016415e+00 6.259799853416579296e+00 4.349628467894073758e+00 1.966180551087408357e-01
1.073887187668681520e+00 5.676391763124272849e+00 3.626556728475426983e+00 9.725922304527923057e-02
1.219489459877844295e+00 5.159089570076012876e+00 3.455353031505856709e+00 4.500971345044740834e-01
6.019215040450600629e-01 8.500971571101981539e+00 3.113271199130286604e+00 1.239649729015411400e-01
1.562919315295570488e+00 8.019860745948420799e+00 1.847393239584435687e+00 1.773298898022014902e-01
9.535779384786355894e-01 8.465240926019276912e+00 3.460358001285216201e+00 2.184329759580595220e-01
1.729608886955157798e+00 3.228313826887532656e+00 4.251730299394783863e+00 3.290883147771845457e-02
2.033301877588136186e+00 7.154447242888579694e+00 4.175397095367118006e+00 3.125970110719719086e-01
6.107143414686982963e-01 7.599625933610045792e+00 1.812008144523607145e+00 1.127382647723881026e-01
6.324584256723986275e-01 9.122172388428353429e+00 2.816789241870499172e+00 1.895640417984722215e-01
2.709195098401320667e+00 6.673464685431121701e+00 4.344907818479386563e+00 8.660234365931995804e-02
1.353518601773200380e+00 5.814729869872786949e+00 3.784696001483537575e+00 1.219915250293221176e-01
1.955771728337846627e+00 3.581235402254840494e+00 2.984348929863166688e+00 2.682278874444858907e-01
9.988373979936143732e-01 1.045988835968196717e+01 3.342972228230951526e+00 3.074021393960824633e-01
9.369080132468917688e-01 4.255848343885596741e+00 3.823580043013309115e+00 9.249794639381450634e-02
1.381316226122967228e+00 7.525856473115339895e+00 3.973277859174825011e+00 1.865283978506057927e-01
7.927572958930333424e-01 6.508322816716710868e+00 2.217118965945816256e-01 2.094142907070694337e-01
8.111395157176122250e-01 1.200934475994807293e+01 4.367137743019235407e-01 1.439724887255999786e-01
9.702508383311638784e-01 5.954704775741734402e+00 3.849485842558441284e+00 1.032688572873035199e-01
9.295902795396119300e-01 3.977988688319963551e+00 2.919800771828174213e+00 4.294985383331680340e-01
7.724029900427140660e-01 3.227163862539310646e+00 3.076139196399643616e+00 9.996029816806883961e-02
1.155169180565621234e+00 1.007503708538440712e+01 3.508397568397596533e+00 1.113898854282827089e-01
1.483639652550173826e+00 6.397144014124702238e+00 3.946617986043870374e+00 1.694903889592611623e-01
7.860053605413841460e-01 6.698547279346402483e+00 2.730659203338521746e+00 2.505808936187377545e-01
9.406505399253036748e-01 9.175944596554005628e+00 3.063086455918786921e+00 1.895381089306502898e-01
9.507172839714652657e-01 4.361216714106987524e+00 3.335576510023996910e+00 1.570072032791909322e-01
1.263412500867296284e+00 7.052840429698135516e+00 3.897781538397241174e+00 1.630777182080623833e-01
6.519955669787697028e-01 4.288248782973823836e+00 1.111721177982952335e+00 1.687282635749355053e-01
9.505383157144705608e-01 5.855419615907084818e+00 2.533507455161124966e+00 3.140452814283113958e-01
9.661215004027340347e-01 3.984903033078582180e+00 4.046536070077253910e+00 2.252985970366738755e-01
4.762160981180681985e-01 7.744105540297423040e+00 -4.106172920277840754e-01 1.205551888903950153e-01
9.283856634026476096e-01 8.728667148335244264e+00 3.777120568809103851e+00 8.417110325219047395e-02
1.323202832684420072e+00 8.631093883426308011e+00 3.766578387299516884e+00 1.958422478974440328e-01
1.175591037701930963e+00 8.279358527194808914e+00 3.513997007516592497e+00 1.367328464546276601e-01
1.140236192170497320e+00 7.247841528915996534e+00 3.969845795719107784e+00 1.559166124577978096e-01
1.039931321055807656e+00 3.338435146616507421e+00 3.429794824771698281e+00 1.169499933708493949e-01
1.543037738985129081e+00 3.319053407238560460e+00 3.834716912889691187e+00 5.484495165412306417e-02
1.615461610428051920e+00 3.480017374777113481e+00 1.824477778020818342e+00 5.178500026763558500e-02
9.526784158003377412e-01 5.135133275993209345e+00 3.754309092284584537e+00 9.639634902925370286e-02
1.274756728295515451e+00 1.106454634776726920e+01 3.843305737701066871e+00 1.196945002258267832e-01
5.762716620206541629e-01 3.653286961008903599e+00 3.204222797919872967e+00 4.209315796850970903e-01
1.427697678844090934e+00 8.618040776456068031e+00 3.785457471567104104e+00 2.325680673680876609e-01
7.953392756549939602e-01 4.817755357486111834e+00 3.561344138560392114e+00 2.893695793474135303e-02
6.489633388630919875e-01 4.950252980608803810e+00 3.116120847054499432e+00 1.177152965531834683e-01
1.144029969468369101e+00 4.294586146469876908e+00 3.638311903174738848e+00 2.865968766446323479e-01
8.892709904648412600e-01 3.987940832330222118e+00 3.333410758438560606e+00 8.381268643270098351e-02
1.526628999588867552e+00 8.125578580089801051e+00 3.926130843366478551e+00 1.360130459411653392e-01
1.205759547534687393e+00 6.378207979649245019e+00 3.705472663037245873e+00 7.140626912035361040e-02
1.002589031558609456e+00 3.436890724257430918e+00 3.271176869270794985e+00 2.281072736897467312e-01
9.710280027670096237e-01 3.633356045071532758e+00 2.774389412891710371e+00 1.497750825713642653e-01
8.562440890447275965e-01 8.274519850701148371e+00 3.233139932538658279e+00 2.066282801070021269e-01
1.382434131905315056e+00 4.902338280978173479e+00 -9.955630307100463705e-01 1.949101033697869245e-01
1.008318112214492857e+00 7.376419121051910999e+00 3.636922954637355598e+00 1.582105513013296882e-01
1.047513564034677325e+00 3.698837501984588716e+00 -5.259758407613379649e-01 1.098205622731715375e-01
9.856341842575079282e-01 4.268568026480060063e+00 -1.624022947474260237e+00 4.696470744877154213e-02
5.503383387985293362e-01 6.390864021219697655e+00 3.362008304571088679e+00 2.223043361280611918e-01
7.068052725627185229e-01 1.227448116698494118e+01 3.335548833929439017e+00 8.577238803673177536e-02
7.694282478750423815e-01 7.848491363089503459e+00 2.703788940977012167e+00 3.634874636929777969e-01
6.811064075851089861e-01 4.936514040017358163e+00 6.127105055098320818e-01 2.325095227928102581e-01
7.048197268574853958e-01 4.979551025048426283e+00 2.383331259152590142e+00 2.005885903168714013e-01
1.987021909185027413e+00 8.094264526270240623e+00 -4.702208794365666522e-01 2.007264842336677346e-01
7.179024775651567936e-01 3.546745422550797056e+00 1.720440869874324097e+00 3.375886503314374787e-01
1.037029031848588856e+00 5.755458072279729720e+00 3.932265223322643610e+00 2.787349977957817027e-01
8.259790425137053527e-01 5.987634890992345582e+00 2.978127570659566903e+00 1.612699630406297380e-01
1.946444676476614788e+00 6.324978088464624726e+00 2.915600682697510937e+00 1.058297449921217492e-01
1.554168932149504467e+00 7.049186693441639839e+00 3.627419772228801076e+00 1.290021759436160431e-01
8.764259222084810341e-01 7.467579066099691687e+00 3.569662864543442282e+00 1.580139673822730240e-01
1.122724365009005076e+00 6.193797317368479938e+00 3.945947317387766162e+00 2.183556674730021407e-01
6.342870136088261113e-01 3.442654758657477387e+00 3.379199052874519715e+00 5.904498980578264111e-02
1.596904911778052050e+00 5.458495704302082530e+00 3.662465438926213679e+00 1.623077869338188650e-01
1.155302133033069500e+00 7.146960306435981458e+00 4.018646336042877465e+00 1.696545151983075150e-01
9.841818968748941021e-01 3.643946184512372177e+00 3.966758334332261882e+00 1.902078702505169139e-01
1.422195503361269209e+00 4.808590909718119200e+00 3.271459690548675692e+00 3.065628142332251782e-01
6.585972144469027789e-01 3.546228808019797007e+00 -1.009231636696391377e+00 1.712848228130169070e-01
9.540424265547677862e-01 3.533960735597377667e+00 2.915799386924215586e+00 2.034616431793560554e-01
1.086226615021679276e+00 5.844051487578769688e+00 3.344258708101222055e+00 3.885975620329319979e-01
8.324346652179676065e-01 4.620447419084927176e+00 -8.736012047988033213e-01 8.859052223559600592e-02
1.172356668548492298e+00 6.041685236760312883e+00 2.228543748751908637e+00 1.321424892306875265e-01
1.357230233922978035e+00 7.204810399011705613e+00 3.838138248150998244e+00 7.962711801654033528e-02
1.548887721398778172e+00 5.388194471151996900e+00 3.964688677398662264e+00 9.416280145290917281e-02
2.018859065465001379e+00 3.461635451117948126e+00 3.983140213100818006e+00 4.201156760721570793e-02
1.346945384580039651e+00 6.338147803576668515e+00 3.823816973759028848e+00 3.586324310256676362e-02
9.307404604749200949e-01 6.567598899244531552e+00 3.664529555057042032e+00 2.696428180439619515e-01
5.488460240283304925e-01 6.559351977579989779e+00 2.583322976542522298e+00 8.084275832890895630e-02
7.286018590244575099e-01 8.939157179118227603e+00 2.958562268621720115e+00 3.894412435717966026e-01
1.086969286503320697e+00 5.719820069166484444e+00 3.369932808588514295e+00 1.392246117978590547e-01
1.482605718585070953e+00 6.234510647774486714e+00 4.206980617350872365e+00 4.812409451011789852e-01
1.281596927108173523e+00 7.741255254924181983e+00 3.966878823170309598e+00 8.488718745655472742e-02
4.374363053816484603e-01 4.500733974676657922e+00 2.875987339077299421e+00 1.435586315356121578e-01
2.329302181973403219e+00 9.284522431986117041e+00 4.127841648766089833e+00 6.307011137091339537e-02
1.183981652454201061e+00 4.178014779462889905e+00 4.077892884628283809e+00 5.865149865523303085e-02
1.140588536315331858e+00 3.434348881153438171e+00 3.936349382806313635e+00 1.818412041436521243e-01
8.327514983562752660e-01 8.354746269190153285e+00 3.525236714086019685e+00 1.527534975286229113e-01
1.397533502461989485e+00 8.866775488688686480e+00 2.941679557431900793e+00 7.265920229124950280e-02
1.634247555119954010e+00 3.133558749027300472e+00 -1.143826122879926244e-01 4.855960586754572428e-01
1.765416829880633642e+00 7.871241752936553482e+00 4.032882148652737087e+00 1.134490864670450877e-01
1.718811665863886562e+00 4.223649246559488368e+00 3.741599909822018510e+00 3.750584604414184953e-01
1.943137579295602491e+00 5.782775766192626676e+00 4.178532604086854008e+00 6.425821372856979630e-02
1.118100456207345106e+00 3.276113486281034604e+00 1.479984897623408235e+00 1.651627818065691256e-01
2.095056916471152775e+00 1.175850051172701427e+01 -4.966215079494005202e-01 4.597054361604097084e-02
1.392934638802712621e+00 3.796901984903682692e+00 3.287294973366670536e+00 1.118086688831378545e-01
2.377139155599029330e+00 7.094751135239288686e+00 3.332829450531694437e+00 1.342163545135865721e-01
9.940352328815754701e-01 8.017037754781638270e+00 3.115630629595805168e+00 3.242898156303887225e-01
4.680230825130471395e-01 8.674480083212781523e+00 1.274140491220835170e+00 1.871674242706796998e-01
1.235414128297016356e+00 5.331674973526119743e+00 2.653756608779579640e+00 8.984928358243296498e-02
8.247878275160152040e-01 6.365326761743878237e+00 3.689778136801642017e+00 2.370162781024336418e-01
1.162567406962908168e+00 6.073583275833787987e+00 -1.314125426392291907e-01 2.227593420371817845e-01
1.381263946524930342e+00 5.530310860346149049e+00 3.444574500843275544e+00 5.101197851031670505e-02
1.287771080341199248e+00 4.391946214778791102e+00 5.161364593495398889e-01 1.318970707630936490e-01
1.582206020638601718e+00 3.731617963019222550e+00 4.241702691934580827e+00 1.161167264957956857e-01
1.105642649817568879e+00 6.914455649159592099e+00 3.439459921114025320e+00 1.381550322911334616e-01
6.797351983311671342e-01 7.019961502657585228e+00 3.441608326496253145e+00 1.631653987410406348e-01
1.713514337581982350e+00 5.207566471458750179e+00 3.783079064807050251e+00 2.003290073452232978e-01
2.534529103966531860e+00 5.828556939954498972e+00 3.921504028250399454e+00 1.007676887715478475e-01
9.978916028390901749e-01 7.313346222288367393e+00 3.861853853222143584e+00 1.845808416679884378e-01
1.048190518047436459e+00 6.863079897922697903e+00 3.983236714828561453e+00 1.280737364643901588e-01
1.294591242613208015e+00 6.339685262378636388e+00 3.983074930242035183e+00 1.235526429066772097e-01
1.353589721830173120e+00 5.455959505730284320e+00 3.860147067316669123e+00 1.018109812194738645e-01
2.038556916314189671e+00 1.145439559809216412e+01 7.273086044416932072e-01 2.101616987835153993e-01
8.006419557455359826e-01 3.197869141769801082e+00 3.087200379886733348e+00 1.220696021375561741e-01
1.141492340016115437e+00 6.391972063656400138e+00 3.813022802812565448e+00 3.455666405257185603e-01
8.660657047890685245e-01 8.229161916228280305e+00 3.705749308146640608e+00 1.439602793435903472e-01
1.131191834049067868e+00 6.329142316250626621e+00 4.038892759245278796e+00 1.150435463819174109e-01
1.442137607853053005e+00 4.973212764905880157e+00 4.054017302866990136e+00 2.882451117335735891e-01
1.777779012410521498e+00 1.027323470797922056e+01 3.905096724768136518e+00 1.620581801301480551e-01
1.321559913519366081e+00 5.426304734206972569e+00 3.810790820996592387e+00 7.806814696369596129e-02
1.551937947784501226e+00 4.967403711954538892e+00 4.136045261314621690e+00 1.101084954933604920e-01
1.510903579868776658e+00 4.822138042175605932e+00 3.810375865371823600e+00 2.205088630537353767e-01
7.459477368990828916e-01 5.668717904020054377e+00 2.963522004158630985e+00 1.083064777512738885e-01
2.317257118562696228e+00 6.198236297638791470e+00 3.259412202474497811e+00 1.344193686336479510e-01
1.387510913938950541e+00 6.892820281182498121e+00 3.644410449363202797e+00 6.586409691707992287e-02
1.127353227187357421e+00 6.913191881283932361e+00 3.848908898445803306e+00 2.136151609228199577e-01
8.284493106901389403e-01 1.043182843964065043e+01 3.373231783886406099e+00 1.209625607125460606e-01
9.395260583717682801e-01 3.669144449774632388e+00 3.572138159392828083e+00 4.124588804473765247e-02
1.699590103621718695e+00 4.333159051289380059e+00 4.196916831705038931e+00 4.651242994455770385e-02
1.308703780414360862e+00 7.877179758928818387e+00 -1.206251007256049057e+00 1.149431020550276406e-01
1.342574881309625434e+00 5.875739159920199128e+00 3.494021403564737227e+00 8.331778201675488216e-02
1.055337357649639207e+00 8.101795629870849780e+00 3.201854818157694460e+00 2.594677234871398119e-01
7.705141773595629573e-01 9.487117778607640162e+00 3.148944934305764054e+00 3.061555417938947032e-01
1.191441574138237591e+00 4.327990305867675858e+00 3.984663174149622122e+00 1.454140602154317119e-01
9.995559489183373225e-01 3.027445254712089806e+00 3.689784790990631613e+00 1.960371222624480991e-01
1.390415021597845024e+00 4.830904518431167638e+00 2.670247185535928658e+00 1.367824702785265523e-01
2.503541816481887672e+00 7.988753933991213252e+00 3.191871238075671968e+00 6.917527073594421927e-02
9.903516835933182660e-01 3.502203731832320255e+00 3.303363564796097052e+00 7.563661492995302216e-02
1.272448272807372271e+00 5.711858635866068568e+00 5.873541898101600767e-01 1.267803619809257931e-01
6.237583076381605363e-01 6.990522415360189257e+00 3.212547438352991946e+00 2.269152394161128294e-01
1.830905259832824816e+00 3.968335724389556063e+00 4.014268743318827326e+00 1.315946732555586252e-01
2.327463461304146719e+00 8.430517380902069036e+00 7.973059662693384730e-01 1.303210476640006554e-01
1.507141562593377726e+00 5.343524752431823899e+00 3.474834819690873378e+00 3.808670687330810711e-01
9.117805890428911653e-01 6.719413316186592766e+00 3.742642973438961462e+00 9.589677744482560939e-02
2.370003031422628581e+00 6.160280729697365842e+00 1.957758950695337674e+00 8.704568154348475695e-02
2.157971288428229606e+00 2.692364951156356767e+00 4.174936332888466772e+00 1.649130263463207957e-01
7.098251494113919646e-01 8.061770434814528485e+00 9.820305758666009188e-01 7.656092035803148399e-02
1.737803194979200327e+00 5.016603792181189903e+00 3.547462442455222575e+00 3.747032530129609101e-02
1.507427311464855535e+00 5.808357386564155789e+00 2.173709421870645642e+00 1.611209889528165129e-01
1.140283222714622902e+00 2.981630497565388449e+00 2.013372912794951564e+00 3.611917081495332610e-02
1.035494560283256593e+00 6.796628700631422326e+00 4.090956668936959417e+00 3.997329863221323332e-01
1.744934753210164669e+00 2.900360015790882429e+00 4.126389884688888010e+00 2.650264494204294247e-02
1.070357577908572999e+00 5.316246203107538371e+00 3.624778534503521055e+00 2.828674599327191674e-01
1.898346617178764628e+00 9.835699961311426875e+00 4.237220501871786560e+00 1.980786669833688729e-01
1.198416651871361704e+00 5.271948788563980415e+00 3.270797456828065997e+00 7.809433760908394972e-02
1.021495042435414113e+00 4.892162252930482680e+00 3.892934321350836058e+00 8.904895673330745498e-02
1.195816933028063023e+00 9.254513058406239168e+00 3.664179545463191356e+00 9.907194127629243008e-02
1.830935912581998615e+00 6.868762583932435106e+00 3.991777721142346191e+00 3.487383293553371344e-02
1.277413980650215386e+00 8.207299928333084083e+00 3.698097238029584677e+00 1.822118825626835859e-01
1.102937020649171540e+00 4.407343315008444229e+00 3.222796944228682126e+00 1.290894091711770053e-01
1.489036132395358925e+00 4.653682984604934347e+00 3.240307972735695596e+00 5.697769435238798919e-02
1.292053274883231184e+00 5.490339229589683789e+00 3.742344208032203579e+00 8.653556160751375848e-02
7.447121842913414502e-01 8.281202664917442391e+00 -6.390168202727600777e-01 1.535725688315613124e-01
8.985397531232158785e-01 5.595945974035475778e+00 2.983973976863300237e+00 1.460392895786131739e-01
7.161001430161662018e-01 6.038292187700243119e+00 2.825835566232532514e+00 8.138453577869984856e-02
1.147477790742421400e+00 5.773711818607830004e+00 3.894440476622154534e+00 1.832719668237821065e-01
1.505976387776870595e+00 4.513970076284165245e+00 3.470384944767509694e+00 2.441806365349155628e-01
5.742244321656498895e-01 3.438052625649163474e+00 7.411865297396575958e-01 2.629766952981890671e-01
1.073052865895948615e+00 6.370315535669466733e+00 3.502526994764576518e+00 1.878114042485423685e-01
1.355387094463649911e+00 9.841218087724827868e+00 2.075692180143549059e+00 9.761664713811897542e-02
1.717751379828382330e+00 3.559426355592421043e+00 3.896496212087420474e+00 2.207215462820658058e-01
1.230729470147504223e+00 5.094283465159882063e+00 3.607711425243439241e+00 1.747558420792262313e-01
1.148575665778798216e+00 7.358310418015934218e+00 3.782538385831600625e+00 1.167213073221921998e-01
1.180195201964824747e+00 6.559906914679686452e+00 4.049320320338539503e+00 2.141862637181010665e-01
1.187118961095227743e+00 5.598412667452248748e+00 2.973617175714613925e+00 1.620782488520892128e-01
9.632089611790155548e-01 1.187606536342448749e+01 -1.157182747319981830e+00 9.307969905445348524e-02
8.341460965242533110e-01 6.677429133661918037e+00 3.480838141287047272e+00 1.629668609778257005e-01
1.110984515219795910e+00 6.233242865914252029e+00 4.171130915236870074e+00 2.173328699836357403e-01
2.018170508968915033e+00 1.049812520853654618e+01 2.116072661400194010e-01 3.187669024287225206e-01
1.391726477083691238e+00 6.283647283991687260e+00 3.053812032734837256e-01 2.274642567707195195e-01
4.923774872747166409e-01 6.153495561825077509e+00 1.499063190917756527e+00 2.214549117265268152e-01
1.149408099529612315e+00 7.606042149853476708e+00 4.119306125254077244e+00 2.110020272926254881e-01
1.024306357704785286e+00 4.818182538575456419e+00 3.257630934777775877e+00 1.503026572901880742e-01
2.102382132035927054e+00 5.596571556207160292e+00 1.586230154660203340e+00 1.171048339705433455e-01
1.300404417987719441e+00 7.364982492427008864e+00 3.389374206518251942e+00 1.689288992245150389e-01
1.871199252978106742e+00 5.363986204334191044e+00 2.875047269496022295e+00 3.328690484199777755e-01
6.209328718601881958e-01 9.469743059092305515e+00 3.165664456653475511e+00 2.892180424231923647e-02
1.560053637775534741e+00 8.046032117937578221e+00 4.045764617352026526e+00 1.130341041513503314e-01
1.126558591162604372e+00 6.561464488478081059e+00 -1.819374215190161959e+00 5.796767159032158861e-02
1.348684106399049343e+00 9.901262627941310512e+00 3.272894492610773476e+00 1.847047408064292351e-01
6.932950072240673389e-01 8.069242322458768157e+00 3.087120954809617679e+00 1.932035316536857283e-01
5.965894142491163787e-01 7.448840340275048710e+00 3.096425898168225554e+00 1.293093129007946707e-01
1.470727611351417163e+00 3.502906400058725112e+00 3.877341275303841872e+00 6.443627170446045160e-02
1.471583949134882108e+00 5.515693639269970916e+00 3.977767665698833888e+00 9.152590025578127841e-02
1.674062872140671399e+00 4.878538041310791940e+00 3.693860343834565185e+00 7.183082533328458141e-02
1.062599100482149339e+00 4.462654770215942257e+00 3.783683734091010109e+00 5.732421415449812790e-02
5.791598774012084450e-01 6.350362431805281815e+00 2.584944582490157572e+00 1.771400801871260422e-01
8.900042228778433095e-01 8.094481590915222569e+00 3.949177894215773144e+00 3.800446489111471426e-01
9.370930117642843893e-01 5.244042241323736420e+00 3.460168378933274891e+00 7.867843470912526394e-02
1.000535152390772620e+00 6.584422860774497899e+00 3.488974381459668095e+00 6.716975659369733842e-02
7.632404136914588966e-01 5.146503678557408534e+00 3.519718767566074824e+00 1.545555490061028547e-01
5.414851758404046755e-01 5.838315494021003360e+00 2.798399398803955052e+00 1.420857631172042224e-01
1.821388220853700890e+00 8.222641736944096280e+00 4.156647433672166159e+00 1.239704760306069992e-01
1.195612663313479151e+00 7.100000454365616775e+00 3.863266434875970212e+00 4.395871718844522880e-01
1.096355930059227823e+00 7.451287869323298452e+00 3.272184326412070909e+00 2.541372339787829060e-01
1.059464431335182866e+00 4.439111977662596686e+00 3.784355979402137304e+00 1.924524196234005669e-01
1.333917863447886765e+00 8.020037889916515894e+00 4.046337334677421183e+00 1.262522576328760915e-01
1.099898067522848244e+00 4.685103937401697394e+00 3.640806850749194190e+00 1.726185039141777400e-01
1.453734329201507469e+00 4.800691242765909195e+00 -9.508935843390281528e-01 2.348590357228450554e-01
7.931432767154871222e-01 3.369820010459911419e+00 9.785486551143436351e-01 5.643473655075263995e-01
1.752576617683825999e+00 6.920951122005182476e+00 3.996754609222585408e+00 1.192897187700278361e-01
8.792145848405631403e-01 6.076704530226060719e+00 3.751403331857801060e+00 4.958529633974102790e-02
1.733446031982742053e+00 5.091826904843638424e+00 3.506777115357134544e+00 8.817095335866895200e-02
1.370163400346074312e+00 6.343911424286700296e+00 3.968423506178464066e+00 8.435727129612008435e-02
8.060905261533335420e-01 1.096602389251376586e+01 3.510220844311393584e+00 4.472357910269243730e-02
1.992534723055051638e+00 8.053437756633611500e+00 3.621647128966124285e+00 1.035966537726999426e-01
1.193046941626964674e+00 5.749537908654057006e+00 4.034635244364427109e+00 2.385693946770648388e-01
1.677054429271655600e+00 6.625029154377785723e+00 3.918165843726199693e+00 6.598905719554096216e-02
9.880816417332828339e-01 8.335971424305228084e+00 3.567689573670605796e+00 3.904204452979886941e-02
1.358817937139720433e+00 4.473452189796250700e+00 -3.092993556320409732e-01 9.614450003814353773e-02
1.841003299158318951e+00 8.867541612671226758e+00 3.637618706207968788e+00 3.456596983143082058e-01
8.952812703522834425e-01 3.713082670366027127e+00 8.762058617174461883e-01 1.443346422514299454e-01
1.652185691234608900e+00 5.206145452438715182e+00 4.014465998762951848e+00 3.085539746533510486e-01
9.777416199538606634e-01 8.648084526396134564e+00 3.759970656739900718e+00 4.883088719907727887e-02
1.169703481071354689e+00 4.262360219782774351e+00 1.399963543205159366e+00 1.525380226785968130e-01
1.678384895928909826e+00 6.667060070720522091e+00 3.918561279841951350e+00 1.434713427860937474e-01
1.317832176651006604e+00 4.142388218457105253e+00 3.153667674609183180e+00 2.201854858612164456e-01
9.926347694436228331e-01 6.822483424705943378e+00 3.708974128213529120e+00 1.953372485859706728e-02
8.114489338322682377e-01 6.578202210847389431e+00 3.323484880278110953e+00 7.348499693280566292e-02
1.456622367878646074e+00 3.915549523606570936e+00 -3.142493993196328050e-01 2.759287297869825739e-01
8.125357324919413315e-01 5.742243972096384041e+00 3.296862192248755097e+00 1.462665960087800587e-01
1.482964116937642629e+00 4.993350270694626225e+00 4.023823150926507886e+00 2.109755596205183381e-01
8.930061592388812697e-01 6.480979267115040798e+00 3.667810679628837889e+00 1.323189735795756439e-01
1.232633274828143666e+00 5.478655552598215017e+00 3.223764043429121706e+00 2.293750236969027134e-01
1.295517212588920275e+00 4.372652310169780066e+00 3.766596484394077571e+00 1.039900185756038320e-01
7.595723612373049827e-01 4.660629021130031191e+00 2.686016431586044639e+00 3.547546242425793084e-01
1.266610972529424117e+00 8.423567069392973394e+00 3.774969932489020241e+00 8.535681616597758092e-02
7.562534571020874674e-01 7.777821883059414354e+00 3.427513780353541595e+00 1.491773380875041355e-01
5.950252239091209372e-01 4.050457098401446743e+00 1.803781395904361373e+00 2.952071589661662276e-01
8.027089531751153695e-01 7.808906273839250289e+00 -8.959859113876125214e-01 3.226860450490526278e-01
1.498711347222564161e+00 3.507926001058490506e+00 1.969071277758679184e+00 1.807157550404124291e-01
1.762539085896750457e+00 4.488311432178537785e+00 3.328769588635192012e-01 9.315744760925537271e-02
1.111566830963931496e+00 5.981836346831798323e+00 3.872001088195339946e+00 4.429197464798750872e-02
6.924158485613824965e-01 6.699554319866699359e+00 2.839884863846416252e+00 5.349415188047047520e-01
8.689682225066280852e-01 7.377073515667808223e+00 3.604017486963714489e+00 8.965228069537639621e-02
8.459566198711129248e-01 9.002516760855778344e+00 3.771697126688807966e+00 1.785084796561831055e-01
1.957980457182119771e+00 3.246173684769537271e+00 3.826824587155897017e+00 1.122794296573728645e-01
1.339933588876184301e+00 5.816749721072232759e+00 3.639643304095598886e+00 1.628334685649621139e-01
1.244176642851400949e+00 4.191440618214607561e+00 3.482650496427665221e+00 1.645025839967543257e-01
2.877047083790404081e+00 5.975432980803354610e+00 4.313805171952544093e+00 1.808624154857340072e-01
1.705531226021711033e+00 4.279358267719826081e+00 3.070418841381384212e+00 1.013219952980205230e-01
1.756469740071640917e+00 3.313846943967333925e+00 4.326349724764606108e+00 1.295217385921572928e-01
6.897591419617621344e-01 6.374316954059583651e+00 3.337335821256198543e+00 7.988711085288205394e-02
1.318644986789294427e+00 5.638496450997409148e+00 3.791404814347915320e+00 9.161310451273450839e-02
1.196051518031097105e+00 9.162598169395870684e+00 3.509266490508839098e+00 1.220343288773060031e-01
8.652957058073302843e-01 8.483168405355677066e+00 2.551845509910106280e+00 3.523079355282310865e-01
7.358853265610370009e-01 7.049082102898907465e+00 3.118541569320773199e+00 1.637603464965977362e-01
8.845652624463306024e-01 8.600383456919459491e+00 2.756600173920340069e+00 1.447766096118972556e-01
6.054214480954231981e-01 7.175710738494842644e+00 3.024160700752697828e+00 1.240419631294923386e-01
9.536392540214921887e-01 7.174055810042069936e+00 4.207547149337115044e+00 1.979609871788660380e-01
1.132883900551341583e+00 4.555482561596066127e+00 3.491620300203018168e+00 1.343096681069308740e-01
2.724066169917939817e+00 6.344042700788580014e+00 4.294637466723981944e+00 3.729106608393518985e-02
6.524193844956909238e-01 5.081383007883326641e+00 -1.732991863632904750e-01 2.494283330138615251e-01
1.311897885583938717e+00 5.634430035052627517e+00 -1.259181776728365065e+00 1.850553795996538464e-01
1.427170721942639720e+00 2.980111379834549989e+00 4.083047461169872605e+00 7.596880321952330373e-02
1.330133210908681196e+00 6.986447822999311441e+00 3.432848388573021658e+00 3.249249313788077353e-01
7.667880070210156829e-01 7.309022885269914838e+00 -4.496304256386385867e-01 1.235214233248047855e-01
8.854385745866998336e-01 7.804251047297703359e+00 3.485874201530134719e+00 1.079442550415879998e-01
1.640346729448857843e+00 2.774835240378919821e+00 3.862926063581709091e+00 1.319363515666556463e-01
1.445900690975800096e+00 9.586168346600729251e+00 8.738636288894708892e-01 4.373301063323629112e-01
1.475429695460567681e+00 9.325621467319262337e+00 3.916720746463570713e+00 1.327634243897180266e-01
9.185527442187481073e-01 3.475424940824061615e+00 3.031727948592458866e+00 1.722689376162659103e-01
1.285496337196244898e+00 4.269639435178034681e+00 1.893272414779402890e+00 1.081931826888996306e-01
2.295912327524630925e+00 5.321882283726623086e+00 3.895019571924541513e+00 3.533198640663806622e-01
9.456536338933233532e-01 5.160574411369841741e+00 3.691218840145739311e+00 2.650722203174212255e-01
1.443271350348273474e+00 3.650192023412447195e+00 3.456056032628634256e+00 2.125744607570405897e-01
1.190868373314301065e+00 8.718535760365117682e+00 1.066432998064561932e+00 2.967468632816360752e-01
1.745212391090027015e+00 5.942569484169368366e+00 1.816143589427072769e-01 1.871488987811453786e-01
7.316638612885464354e-01 4.653937762004192180e+00 3.878926291243846247e+00 9.112543423856558911e-02
8.721190125177786800e-01 5.590265797923189339e+00 2.731767431126298273e+00 2.063345346562516780e-01
1.099755543579512329e+00 7.147915806450805043e+00 2.230747302527609777e-01 4.677898876285860319e-02
1.847099974576195569e+00 7.519151174691275585e+00 4.021643794047446541e+00 1.113767833426570208e-01
6.085613438412915688e-01 6.967273756241059601e+00 2.773973708919287517e+00 1.049831165621347984e-01
1.238467004774971070e+00 4.119683397520360835e+00 3.330004161841594090e+00 1.447923946347932089e-01
8.848930020192699031e-01 5.221398515817490704e+00 3.565797602472730699e+00 9.628802400716043874e-02
5.854443146981063162e-01 8.495907280109991078e+00 3.437850665419338370e+00 2.326516464672323536e-01
2.221853349082196782e+00 9.617325680442709412e+00 4.213909747422556862e+00 8.958709180935722771e-02
7.117655999860470484e-01 2.766826151327186789e+00 -1.153720739581556742e+00 2.047335860876355884e-01
1.421143150319867710e+00 6.857885991924252522e+00 4.259585909117713065e+00 2.893097097872765477e-01
6.342870136088261113e-01 3.442654758657477387e+00 3.379199052874519715e+00 5.904498980578264111e-02
1.677915053696726444e+00 4.518733243861269067e+00 3.125273306241894034e+00 1.408397254835242474e-01
1.539620343741112674e+00 5.912528642119651678e+00 4.094364134024340629e+00 3.532573694089592431e-01
1.466080258666277336e+00 4.987339033315985048e+00 3.024066780481380334e+00 3.031358717938162917e-01
1.729673739317736159e+00 5.179717058388146889e+00 3.861437217560503399e+00 6.950175295235555550e-02
8.549614607411579748e-01 8.664717178838165168e+00 3.574107311427558109e+00 8.296989227017928514e-02
1.476707034450654987e+00 4.611041620224080262e+00 2.381151877538452588e+00 1.647178797746593482e-01
1.565510027663016945e+00 6.290074231624964263e+00 3.975329575902569079e+00 1.609938813945880898e-01
1.519751168925129292e+00 3.915045967505067281e+00 3.871021240741340907e+00 7.094678600495442355e-02
9.285372087899455007e-01 4.004142013323146010e+00 3.528391355423893927e+00 2.304085166356282521e-01
1.016477643799711172e+00 5.075793953141005233e+00 3.782742304249884224e+00 1.221206165404534472e-01
1.527012801703214073e+00 8.854237844562039328e+00 3.928428143632419101e+00 5.020902420602917776e-02
5.810323879504307731e-01 6.594435344173485980e+00 3.111061620920777315e+00 1.274437829859087212e-01
1.300443220813443768e+00 2.938499366581003081e+00 2.403626063041792715e+00 2.428805674117285873e-01
2.322047581512392433e+00 6.561845792607745587e+00 -8.743580640185575348e-01 2.022226738617244335e-01
1.263267230973539323e+00 3.830354497262679736e+00 3.790226004929966752e+00 2.612783326479982057e-02
2.521325451418554575e+00 4.845811445555948005e+00 -6.161550383337558445e-01 7.118713969971814104e-02
1.108868084140940846e+00 4.829366505776247820e+00 3.325640838771231955e+00 1.135461125257232473e-01
1.024336966618685230e+00 6.742452499304434355e+00 2.984352887743701110e+00 8.761050080065985179e-02
9.160874792327060590e-01 3.247709138310238774e+00 3.802641452411616108e+00 2.161460190371548018e-01
7.411900937536944900e-01 5.281140801860634504e+00 3.687922084169284798e+00 1.457203260462449357e-01
1.022099430232905837e+00 6.177322655149159125e+00 3.356865812555910988e+00 2.339345574867152389e-01
1.337565801290454770e+00 6.275894475571369036e+00 3.393680333610310296e+00 2.431791849220558410e-01
9.134173630830570989e-01 8.521152427478623892e+00 3.391899514597325194e+00 1.165519420731403466e-01
1.202366775108469898e+00 7.983703821421181068e+00 3.729605442068387067e+00 1.306949384957650229e-01
9.365367873147392164e-01 6.292908897899441634e+00 2.501192768379664866e+00 2.473467370750988825e-01
8.137534599533684521e-01 6.101126091177544453e+00 2.941692407889148431e+00 1.766990557880300239e-01
1.305427665210260990e+00 4.999547093374006934e+00 3.546064800914719428e-01 1.005411593949137455e-01
1.016731522118759834e+00 4.015010084500751475e+00 3.247692655593169331e+00 5.623736959971506466e-02
1.285065924458559161e+00 5.696353748468013123e+00 3.948363686160206498e+00 1.134088647291949942e-01
1.210887454064568658e+00 2.793081694922505243e+00 2.901792143504783539e+00 3.771782230426332094e-01
1.413691399388778969e+00 4.622943023040263277e+00 4.313982944931238350e+00 1.172269037885513288e-01
1.460383143596352351e+00 3.993071313978337589e+00 1.229459702803389565e+00 1.290592912802819847e-01
6.228174542208866349e-01 9.350674706907655676e+00 3.113999107907335251e+00 6.244920341496854738e-02
9.544210002926282188e-01 4.516926709549053953e+00 3.212528434339684047e+00 1.075708798055881876e-01
2.338604213577868407e+00 9.665091158665173765e+00 4.091833437014002151e+00 1.204764839576535629e-01
7.692288910026111592e-01 6.342322545664725197e+00 3.589722499756291541e+00 1.181277784912500572e-01
1.206629371359752678e+00 9.687326450769338848e+00 3.536893324804462946e+00 1.643290166931899443e-01
2.079313546710582106e+00 9.854526286666157375e+00 4.273265604309414378e+00 7.254324619100285809e-02
1.734625209958177150e+00 9.265886776578099671e+00 2.808580137109087715e+00 3.199772207385739309e-01
2.213983962707828823e+00 5.866419169725996419e+00 -1.262293117337072612e+00 1.459683956176847930e-01
1.695890136359593292e+00 5.023449208349752837e+00 4.038787100405781594e+00 1.513815329703171453e-01
1.273892466669896084e+00 3.107418500186118759e+00 2.871937075765299330e+00 7.763060325910958737e-02
2.063110475923958909e+00 5.981704541639674133e+00 2.842909143952553563e+00 2.382501737583288259e-01
8.755263541359198376e-01 7.576642113065695128e+00 3.703411794646554789e+00 1.321419334616220354e-01
1.235392333421444944e+00 4.293523333706975365e+00 3.928436754262219832e+00 9.477559927198733747e-02
1.424557743019148726e+00 4.938655034494447094e+00 1.931605741283711319e+00 1.203682956025698414e-01
1.522662003831376287e+00 6.205814245457187184e+00 2.994345056984466513e+00 3.997698086800499651e-02
1.130348902642622777e+00 6.478836767568624033e+00 3.838278450155730770e+00 1.290305270920796277e-01
9.442970715921296110e-01 8.063590502374134772e+00 3.638552490504170400e+00 4.782993522815404824e-02
1.127848786282650506e+00 6.717918004541883370e+00 2.796241929742197652e+00 1.111218941841396191e-01
1.202555302902033496e+00 2.199301423823338375e+00 6.495210560040256542e-01 1.433400050905384027e-01
1.057892701307987071e+00 6.806934524251051499e+00 3.527544904388799640e+00 5.364886007030295750e-02
1.015194003888706620e+00 7.104842824415869451e+00 3.655077961259893371e+00 2.226662690487621610e-01
1.414706714065623094e+00 2.571873768152645567e+00 -6.921973333664747097e-01 1.919590881930699766e-01
1.524325596007679362e+00 3.920184252170688222e+00 -8.961515070231133029e-01 1.993108007272542670e-01
1.543282968776252151e+00 5.679718360128092058e+00 3.767850169603633947e+00 1.506548834873741027e-01
1.218186614847573734e+00 2.931007200021454651e+00 3.782861822659601803e+00 1.041573662579832193e-01
1.171927473157390542e+00 6.315876023463573574e+00 3.402647401886278011e+00 5.057626421622096746e-02
1.592752925095543226e+00 6.857357986583877185e+00 4.160003280129211056e+00 1.002433422145043163e-01
9.189049016200184772e-01 3.692774249616420867e+00 3.473730834929755318e+00 5.616722813214113097e-02
8.846060440565044480e-01 7.463655211898184483e+00 3.670665055814427813e+00 9.669113852882529891e-02
7.485522073705140889e-01 7.601471848092423045e+00 2.793975603364265314e+00 3.479246259553411269e-01
2.076066265872953842e+00 6.670795190399495311e+00 3.055362736853354466e+00 3.850497782690002202e-01
6.888594429025344246e-01 4.603160660812556593e+00 2.719864695473984462e+00 2.163231776493208247e-01
1.770545675378119244e+00 8.999034794351166155e+00 4.144390975959925782e+00 1.749141329901511832e-01
1.996143873962181514e+00 2.669368935105453033e+00 2.803725966961484239e+00 2.049060097820197823e-01
1.456040152974096280e+00 6.480816432327722865e+00 3.785398209646437806e+00 1.316373658487765830e-01
1.623720085413008718e+00 4.179708452443939848e+00 2.669342721300106192e+00 1.163068294731733621e-01
1.280887055374726247e+00 4.767110559693584548e+00 7.122517349753794136e-01 2.558170804886339411e-01
7.768586269316134496e-01 5.115582794473793271e+00 3.099760831266024752e+00 8.002593484517653288e-02
9.282596438660539739e-01 4.296577235062398081e+00 -6.817553217937580845e-01 8.189205499149679324e-02
8.819544576327686958e-01 6.452595032096058780e+00 3.467610759708813717e+00 8.953036455618361422e-02
7.055727724936814438e-01 4.683799402976768889e+00 3.584589505966579104e+00 2.647525202820619761e-01
1.312621233068453241e+00 4.666663695436801262e+00 2.989348378138826368e-01 1.683403833078815359e-01
1.517389803540337923e+00 3.352367205005911011e+00 8.328764232780441201e-01 5.179067345964358804e-01
1.306461960100706143e+00 2.915550992518551432e+00 3.643866025475333448e+00 5.226186609769464808e-02
8.782564870221984954e-01 2.990247169258068549e+00 3.615692457583878028e+00 2.016486384443152702e-01
9.101432602441237307e-01 8.446741179391999310e+00 3.386702109324091658e+00 5.996825495146396179e-02
8.447787804605486617e-01 5.233005980269909152e+00 3.355915444539465220e+00 1.219253024190664197e-01
7.492558519089767000e-01 5.185245941459154295e+00 3.288265816055988111e+00 3.892324065980545811e-01
2.330428129279944027e+00 3.441354639707367546e+00 1.909914129915340375e+00 2.182698737449473292e-02
1.282249506078663392e+00 5.526705343126192993e+00 3.431310924779038096e+00 2.737699323222725911e-01
9.090073842823203076e-01 4.045106449094103773e+00 -7.513763300142011214e-01 2.219613493241291424e-01
1.598938734135742168e+00 3.489388545609551695e+00 3.757384267705913050e+00 1.280987913073651507e-01
1.369213228157771134e+00 5.873110213344044261e+00 3.736090570095908170e+00 6.109310884472478331e-02
1.195830259709873999e+00 4.895038445859753118e+00 3.614525718140289445e+00 3.816001431123802745e-02
1.009890130784660389e+00 6.359961325781512187e+00 3.385247337220119057e+00 1.086978899434937612e-01
1.196083190762979864e+00 4.294236755726302590e+00 3.264845536072797927e+00 1.283221824550082324e-01
1.091227197631405188e+00 4.356649391251424142e+00 4.064000851725014130e+00 2.479462314962416203e-01
1.230756615729029724e+00 7.116594569631516265e+00 3.303818734187694783e+00 7.327180858406828756e-02
1.523726987318050341e+00 1.017484849830936255e+01 2.927968728664341214e+00 3.047832291434880436e-01
2.044566144657236073e+00 1.021851973983711659e+01 4.139242528293228141e+00 1.554182339624456399e-01
1.222134744547304974e+00 8.013183761028695784e+00 3.800145441497832177e+00 1.806698891261059592e-01
1.429443979981846580e+00 6.512335865053775485e+00 2.880707079523395109e+00 1.084056618315645121e-01
8.647953803801831096e-01 5.505920895237973234e+00 7.664595836962326825e-01 4.868952469366671920e-01
9.576097618887660090e-01 8.037290026595105275e+00 3.119316558530996097e+00 2.028098338749856344e-01
1.439413210816562483e+00 1.160893431739411952e+01 4.001539078942233374e+00 2.154159470313606883e-01
1.971830908400879379e+00 5.293874120465073219e+00 -6.674343102891520108e-01 2.018390949177696625e-02
1.237996456152128166e+00 1.103036507989695458e+01 3.742453852817936522e+00 1.852161098598961164e-01
1.787301279318858960e+00 4.563785741991195799e+00 3.960038867250691652e+00 7.277740424010237241e-02
1.140538859521662118e+00 5.679046582621739780e+00 3.657350809478074893e+00 8.336963945795206055e-02
1.254350793891432891e+00 6.528747817672463150e+00 3.796495556209027455e+00 7.123123219573213039e-02
1.156610050170830295e+00 3.330228006403617158e+00 1.182175854753782618e+00 1.314102377967706070e-01
1.822062134052607973e+00 5.280241188445242706e+00 2.836165608096778534e+00 3.013613552684826780e-01
1.402557558949868000e+00 3.681912229029344896e+00 3.732465460079428254e+00 1.907669684174938818e-01
9.236136314456254715e-01 5.020171271475575736e+00 2.337193716158072476e+00 1.450143354065807355e-01
2.192100966300061238e+00 7.012134144834797134e+00 4.033949142023138812e+00 1.343715699103758543e-01
8.262104848069846685e-01 1.247876732153012469e+01 3.611168898867545440e+00 4.503607353189836154e-02
