# 500 (alpha,mu) samples from hierarchical MCMC for Ondansetron + KvLQT1_mink
7.344838882807764868e-01 3.639654065329080090e+00
8.559286421772661635e-01 2.920101233090099502e+00
1.071973528801031250e+00 3.780825872871188320e+00
1.011994236680465731e+00 3.468273326138262558e+00
1.857439299033016411e+00 3.429280534967808158e+00
8.882615155569689724e-01 3.250113138290266601e+00
9.875884721108029174e-01 3.863339001163845321e+00
5.761982919291346317e-01 2.757637408099030019e+00
7.373482674409123083e-01 3.125733635701647639e+00
1.336270374704109365e+00 4.250855716239654747e+00
8.849990546726677065e-01 3.752804962933799615e+00
1.886069398910569017e+00 4.142658846606890322e+00
1.305204032444112094e+00 3.957366211881069518e+00
1.513780726330790749e+00 4.207153629144290363e+00
1.665682625642710857e+00 4.275885233473892377e+00
1.163002883965206902e+00 3.579103505270622154e+00
8.861795709656679065e-01 3.725608477385076167e+00
8.338218408653238489e-01 3.559343456157442631e+00
8.062005109819382342e-01 2.977924655423561884e+00
1.530825917420871374e+00 4.103208697081247358e+00
1.092970219625974071e+00 3.917332136350930138e+00
1.458908893608981350e+00 4.119852051597365339e+00
7.407741243843342094e-01 3.375601659437536206e+00
1.055549730789292262e+00 3.374223421215282404e+00
2.573494528087716837e+00 4.257413383193646261e+00
1.245316879657768494e+00 3.858742503870042473e+00
1.118137155486504053e+00 3.826114942339679637e+00
9.122980579700787906e-01 3.833879971061950442e+00
1.241003684975430232e+00 4.051837799120885819e+00
1.403109968121986295e+00 3.273538954300505566e+00
1.080683616978685535e+00 2.837789477393763082e+00
9.411945564550056043e-01 4.039147184034026949e+00
1.042878019583386218e+00 3.491139237741614831e+00
6.924109869143121321e-01 3.875120853966790957e+00
8.554421689963379594e-01 3.363534251110742890e+00
9.960332803770655108e-01 3.808855856391945238e+00
1.633995973794297729e+00 3.371570485041726073e+00
1.045518829855435206e+00 3.913490932152698942e+00
8.305914128949856146e-01 2.850176088720240308e+00
1.322357390423708035e+00 3.862364798504624996e+00
8.624846333226446893e-01 3.676194191929731403e+00
1.071751116970506956e+00 3.659219925297970466e+00
1.026141793673380764e+00 3.107435688289174713e+00
1.321810199375817563e+00 4.110305775547753449e+00
9.600457883229519540e-01 3.931782178528191452e+00
1.392554258683742496e+00 4.026317124597079911e+00
1.186625125933353342e+00 3.731866170063541599e+00
1.768756632715139832e+00 4.020097875546051469e+00
7.424616024682073601e-01 3.328074861802381434e+00
1.391577616163959252e+00 3.975171690509277322e+00
2.313116778176261157e+00 4.128129261633747049e+00
1.853503093449827333e+00 4.220391018204204592e+00
9.283576400999600242e-01 2.621504483387686157e+00
1.502803729917312925e+00 4.122873019605092004e+00
1.041945104938899025e+00 3.901060775676282510e+00
1.260905159823569655e+00 3.655442142588097632e+00
9.994768251435501849e-01 3.551222311780829255e+00
1.468995169353280339e+00 3.857313519811982339e+00
8.315066817077595429e-01 3.187103877760602888e+00
6.285977894445291536e-01 3.447555273517024510e+00
1.077697626441506129e+00 2.976399041679089308e+00
8.761348946865767928e-01 3.677529280803340850e+00
1.141896218247795636e+00 3.715845304023674078e+00
1.703257758983666825e+00 4.282094019077602454e+00
1.015774862336933593e+00 3.936638974630076504e+00
8.261271759727714104e-01 3.352800479548530888e+00
1.704151743594008339e+00 3.799287096880797687e+00
7.371110523147879068e-01 3.398213614977055652e+00
1.072181306970973136e+00 3.744466120294082323e+00
1.284283177095036477e+00 4.076723898738621621e+00
1.254854542537870765e+00 3.656859715735820249e+00
2.311815376460139682e+00 4.355387912672881612e+00
1.211478987070444546e+00 3.614262841960364625e+00
1.649579679496288476e+00 4.024053491887027434e+00
7.590794267681273411e-01 3.506258397924919556e+00
5.896199726450822576e-01 2.990391204904897737e+00
1.019384741542058270e+00 3.317284595318099605e+00
6.579513887765205959e-01 3.628314792606254890e+00
6.807907735446244724e-01 3.183549005511072671e+00
9.541537347349913212e-01 4.069750831860750040e+00
1.243930719499584558e+00 4.063777320487402811e+00
6.696153097667427723e-01 3.468261277691721212e+00
1.439007235409470731e+00 1.858084636322277827e+00
1.685007941915945606e+00 3.800261487118821613e+00
1.392554258683742496e+00 4.026317124597079911e+00
9.975900462910227695e-01 3.118064033888738429e+00
1.471724861320023336e+00 3.797659309739863431e+00
8.174423118771269037e-01 3.888149093953798374e+00
1.184038135507947676e+00 3.204167263796392273e+00
1.010042449944744458e+00 3.386072210176493069e+00
1.779790043304592118e+00 3.900090791029986903e+00
2.249596533488719352e+00 4.101633282562871408e+00
1.071216171994453958e+00 3.565431947526399359e+00
1.056854192463501096e+00 2.600339116580004717e+00
9.182502632102189644e-01 3.737650925088417342e+00
8.595596303040179409e-01 3.448941010625754977e+00
1.895183534586950769e+00 4.000405203465768444e+00
1.549238395901324727e+00 3.897503325089789694e+00
9.310868216101525485e-01 3.710750654580500907e+00
9.306703365444174425e-01 3.856244153422660581e+00
9.355115119483800035e-01 3.521446770006805949e+00
1.189007139620436249e+00 3.695668523023440066e+00
1.101566748568138854e+00 3.054743873423512834e+00
1.157144318759157020e+00 3.651384676907358795e+00
1.485569016277641374e+00 3.534607051740175532e+00
1.120202250679086298e+00 3.770933512080269168e+00
1.025113713604358212e+00 3.489069951397439695e+00
1.076431341109626683e+00 3.609448386210048376e+00
1.890837427261217840e+00 4.040516439446508734e+00
7.677475899640645585e-01 3.377714996905484934e+00
1.713884460409590194e+00 4.148077740214215936e+00
8.807558202742210574e-01 3.561233626709632283e+00
1.162012580005874485e+00 3.781860108663304576e+00
1.320071841336595275e+00 3.375897316868874842e+00
1.947881982727527106e+00 4.154709283512020512e+00
1.469284208069019604e+00 4.259239887490355869e+00
7.618935215935411787e-01 2.970279178959839950e+00
9.211584629666270674e-01 3.944755205937888309e+00
1.004199360173961386e+00 3.955885576951120530e+00
1.216460610203985659e+00 3.952698259129419966e+00
1.306419021878526321e+00 3.941090204769620353e+00
1.246088176378197243e+00 3.756358267401496143e+00
1.458240692640852432e+00 3.728756954180794114e+00
6.213349449674836489e-01 3.062389524674152597e+00
1.568581542418580277e+00 3.826548441599942674e+00
8.120675502460658057e-01 2.911695964944908344e+00
1.214029589550488231e+00 4.031120198124120257e+00
2.109417776982991821e+00 3.999114255624934611e+00
1.676813977776461684e+00 4.311298485522447876e+00
1.139139711444356440e+00 3.831218033272496104e+00
1.165085706912568631e+00 3.628559576481552362e+00
1.241665626796822464e+00 3.800681645656573071e+00
1.255594203100601991e+00 3.486452806335642585e+00
1.045161789908040095e+00 2.996334258261897254e+00
1.290987077412526274e+00 3.949663385669526239e+00
9.335453205760403383e-01 3.496628105114364171e+00
8.398188841015371553e-01 3.478138540991114969e+00
1.428334543297480996e+00 3.773844930676257370e+00
1.194471875783678749e+00 3.638652945362649049e+00
1.816089465347343168e+00 4.215192576939708502e+00
1.918157852471887859e+00 3.620715988676675323e+00
9.306703365444174425e-01 3.856244153422660581e+00
1.935172208458980858e+00 3.276841311199665707e+00
1.517896074993842825e+00 3.886569255504449760e+00
8.273182037960775670e-01 3.750277324348847419e+00
8.139878986932712612e-01 3.574086481766327150e+00
1.325608711974030962e+00 3.659122166247507746e+00
1.871783596529504656e+00 3.410452383557716072e+00
1.057078611153792647e+00 4.023769587934481251e+00
1.438930826079519054e+00 3.968878432121517363e+00
7.711885477657287602e-01 3.552470405882663052e+00
1.371749499344246503e+00 4.043528303104197086e+00
8.654247802055663463e-01 3.555313799954422205e+00
1.114177175661742236e+00 3.862539068848487300e+00
1.434130655773152796e+00 3.987705750143036187e+00
1.364485128109676371e+00 4.154150350517273438e+00
1.068076900458052148e+00 3.558506126259469937e+00
7.362491616434810870e-01 2.966525752731134169e+00
8.940634426556868242e-01 3.560278656860203839e+00
1.372169371142916150e+00 3.833779147523191266e+00
1.366693018833505802e+00 3.406948991224265200e+00
1.253421451286307331e+00 3.877029312517962012e+00
1.111654853109594665e+00 3.466703714400477754e+00
1.506619510629511716e+00 3.868728698802865296e+00
1.164766448437351665e+00 3.915002415725039153e+00
8.051249887144454886e-01 3.364128037200439181e+00
1.683482194942278687e+00 4.221329538315501395e+00
1.175082834221309769e+00 4.076300010097609672e+00
9.417498838655884441e-01 3.557158740486243254e+00
8.328686882225312393e-01 3.897072918058494650e+00
1.148734021363132518e+00 3.954514013964082864e+00
9.316264149246470394e-01 4.008155694242996780e+00
7.663948663869427635e-01 3.574184107933739085e+00
1.519045412396019756e+00 4.061492003965185837e+00
8.100921727423979757e-01 2.773010918113930412e+00
1.057498346766300834e+00 3.948924837153623191e+00
1.623556330826426253e+00 3.583811999443925700e+00
1.767499228540849954e+00 3.584112869697319681e+00
8.485573104773458386e-01 3.505978522934507513e+00
8.374814294794329372e-01 3.560768237052491347e+00
1.832293559641231973e+00 4.033994626144812301e+00
8.355187285639175121e-01 3.469982169924065829e+00
1.268401662373365157e+00 3.837800119558264722e+00
1.110363924539540914e+00 3.525981704892704460e+00
1.396838341684534690e+00 4.004954427948563378e+00
1.063721429049375500e+00 4.023793642445117946e+00
1.145473695388185442e+00 3.338920244329094178e+00
1.580970647251822125e+00 3.707662909369046744e+00
1.369117948719220879e+00 3.868171983996512520e+00
7.351981654624404339e-01 3.355356204513149976e+00
1.142834186293335552e+00 3.956482522914430700e+00
9.605453126538612274e-01 3.424474737162714444e+00
8.248954393239580352e-01 3.567778075901521628e+00
1.184763361001924808e+00 3.842384441028588338e+00
9.157989265508974519e-01 3.048206643863684118e+00
9.086533357653374665e-01 3.875672506519716176e+00
1.345958524438698900e+00 3.972008511730477309e+00
8.964740837477285229e-01 3.550942777611498791e+00
7.659413170473416965e-01 2.891676698515571520e+00
1.223112342700499733e+00 3.866470944586953173e+00
1.582601769509651701e+00 3.875673522077156541e+00
7.635853101419796118e-01 3.602925686357026702e+00
1.775561049565755889e+00 4.017928572362432504e+00
9.004946989933816370e-01 3.311754537772424012e+00
1.306561602828083313e+00 3.767597768984354278e+00
9.825134708609957190e-01 3.449266794879244369e+00
8.350867557075768444e-01 3.353216940058116879e+00
1.269366147826793911e+00 4.297637578413912252e+00
1.241232886689731307e+00 3.744296211795392626e+00
1.104936275198209916e+00 3.961618807569715184e+00
8.974665164665135419e-01 3.674853973714450994e+00
1.573101617487057569e+00 4.195403877272458004e+00
1.176008444065239411e+00 3.867958308204309859e+00
1.106791742013021107e+00 3.294908228739370948e+00
9.430282855892614391e-01 4.000953566121866700e+00
8.958939091057777082e-01 3.632971492888166232e+00
8.432677238500098094e-01 3.776491962379032064e+00
1.123066510129651974e+00 3.846386916780269338e+00
1.164255614246327175e+00 3.693865694606021766e+00
1.108572887806888785e+00 3.867467750623264866e+00
1.465500259942584815e+00 3.545021585990769442e+00
6.907217463595218820e-01 3.277609183182590868e+00
1.882564969265571042e+00 4.195333021939285700e+00
1.314893644640940495e+00 3.015269151330211894e+00
7.333482244055652410e-01 3.134976022662479433e+00
1.368604788095427072e+00 3.925616124477808722e+00
6.339609007238231619e-01 3.454881269434848079e+00
7.161502199664726565e-01 3.235224213088691236e+00
8.190904679406757483e-01 3.571520276078658629e+00
1.010314028240551831e+00 3.644658102519651166e+00
9.832942816777174855e-01 3.994376319990838198e+00
1.244368114108454826e+00 3.885288551693563353e+00
1.755725379691331245e+00 3.981439012468259264e+00
1.519682820743328389e+00 3.836086003439086234e+00
8.495337814133638865e-01 3.182038496427497254e+00
1.761469404182224086e+00 3.831298566423380958e+00
1.120822055931664396e+00 3.797517372302978700e+00
1.268401662373365157e+00 3.837800119558264722e+00
1.171973852302565566e+00 3.794915132679073544e+00
1.043463835776975657e+00 3.105342390311203182e+00
1.146373951344307418e+00 3.414430724546233087e+00
1.409388581685107500e+00 4.117304874779119217e+00
9.691436475737280620e-01 2.893795505111031563e+00
5.885891395509963431e-01 3.135107316130953503e+00
1.020724676383447882e+00 4.155299580412362026e+00
1.412374727830099097e+00 3.833105136813180103e+00
1.618575000262215902e+00 4.174108858658850174e+00
1.065863035048377760e+00 3.987187720148594128e+00
1.813418160249532063e+00 4.110534530524671659e+00
1.292901000713720938e+00 3.530330695711410449e+00
1.554250683938878774e+00 3.922907738500582386e+00
9.352654480922947267e-01 3.664274999273997580e+00
8.203694526574444312e-01 3.489347095126067888e+00
1.383106314008922144e+00 4.152925131129007852e+00
1.465575149168965474e+00 3.191020873295605131e+00
1.280812555789924145e+00 2.163973742812856038e+00
1.665595120609219659e+00 3.724864288619952557e+00
1.228100471667875393e+00 3.888205523070135339e+00
1.433676973696522694e+00 3.952905033510476063e+00
1.446178124031120671e+00 3.705877883716794496e+00
8.938763673250007535e-01 3.260010918405076730e+00
1.317757277755791989e+00 3.909525177782114724e+00
1.331983528748370782e+00 4.387587344132113820e+00
1.189063708614839454e+00 3.405885813758565916e+00
1.383820806621408384e+00 3.910576932929020977e+00
1.093663186808588428e+00 3.500902440320642572e+00
1.117003820639274059e+00 3.846960834650389849e+00
7.009257433512546820e-01 3.373590758282235313e+00
7.775310156822112795e-01 2.942354333055789972e+00
1.540203865933319038e+00 3.864822655200659707e+00
1.529752766759260529e+00 1.344623800500684307e+00
1.171094402634315079e+00 3.754182770523783574e+00
7.501029691993051918e-01 2.981666433826980711e+00
7.608248786328735136e-01 3.148819887755058833e+00
1.035855654835934558e+00 3.693575931658608535e+00
1.414743423405637079e+00 3.788987599309610044e+00
1.376990883142111155e+00 3.654077138836291372e+00
1.820698120604979708e+00 3.835844561164207800e+00
6.153543673236505640e-01 2.663394993441124292e+00
8.266715311237424757e-01 3.638078486189993299e+00
6.597820555818905142e-01 3.265770474817791591e+00
1.486064475774411031e+00 3.668212041182406402e+00
9.162296684743977959e-01 3.414227736079182840e+00
2.725557673723444818e+00 4.183383777393496317e+00
1.279716091694557356e+00 3.913489774489610440e+00
2.041228520238526745e+00 3.299915868765328941e+00
8.553863896446769477e-01 3.403276934224986672e+00
1.551395456426374331e+00 3.981725980899359474e+00
9.325013601171384670e-01 3.326075806922509148e+00
1.276134198897910688e+00 3.834188391383467120e+00
1.472942840794740693e+00 4.429480360567090713e+00
1.551018063290256599e+00 3.866773211460162507e+00
5.951413128483402648e-01 2.693888869639144978e+00
1.973504146100850232e+00 3.971917240962228757e+00
9.725593538069453592e-01 3.404923307531911636e+00
6.248002232472245066e-01 3.012567307861376609e+00
1.120064410749361361e+00 3.945637900566481893e+00
1.045326421860060861e+00 3.727312344351362494e+00
8.004107589513578258e-01 3.385820771065906509e+00
1.425943507215064354e+00 3.698460660024469160e+00
9.464530015068760571e-01 3.908571515744309277e+00
1.199591477349670532e+00 3.585357506300761887e+00
6.961755254529299330e-01 2.988415304731355526e+00
6.892206455008886845e-01 3.459295640520863913e+00
7.693474341468338196e-01 3.094977415914665020e+00
1.124712419389906515e+00 3.536562048635238042e+00
7.643111864781197973e-01 3.637200294622240815e+00
1.507522053080314839e+00 3.982446736882395033e+00
1.170360639144524928e+00 3.814874626930964574e+00
1.204446497527918325e+00 3.912887820280543050e+00
1.140332228968605977e+00 3.045304358978673243e+00
9.824081584080692764e-01 3.745048473508223008e+00
1.008726278996925352e+00 3.604052018224537690e+00
5.335277114472355420e-01 2.908711893338661092e+00
1.223774721201196458e+00 3.782513180589348600e+00
5.319153330928323431e-01 2.660223082605892131e+00
1.101492139614586918e+00 3.502523160072319452e+00
1.222220923976710116e+00 3.534367968343564481e+00
1.014935829064536943e+00 4.178086166116730560e+00
1.083943602396349126e+00 3.500328054893169227e+00
1.027035296788663343e+00 3.307546206785459297e+00
9.496887928622987918e-01 3.812168324958000287e+00
1.365514071315080846e+00 4.081388788226447240e+00
1.196711745447803565e+00 3.821185645447916279e+00
1.254419280725379782e+00 3.736446957195445506e+00
8.979977228083618757e-01 3.471170130549918742e+00
1.639160457673800142e+00 3.826614405629196192e+00
4.410504127915182981e-01 3.170907419271972838e+00
8.917306848550412557e-01 3.908075423089096834e+00
9.596488765188583292e-01 3.384356811152939848e+00
2.169080956899677393e+00 4.177425303767553721e+00
1.062704975959408715e+00 3.702342255265538284e+00
6.288278517993942662e-01 2.404791744299774159e+00
1.142616308167847983e+00 3.646351052832669470e+00
1.880296812771297121e+00 4.192290240172902749e+00
7.595588219513106365e-01 3.217792340255470229e+00
1.611798067750636498e+00 3.822125998988740392e+00
1.549464600354741428e+00 3.932617160480983642e+00
1.699948403498118488e+00 3.842472156568347952e+00
5.385629317518552117e-01 2.650273725949551906e+00
1.618520822155382621e+00 3.871654688848663373e+00
1.888002202147354369e+00 4.081665265262402364e+00
1.982994728071122648e+00 4.080246234915099635e+00
1.455675540830070114e+00 3.734632089459680948e+00
6.786999514794362920e-01 3.608870220805910911e+00
6.208373702175354891e-01 3.585768667512706731e+00
1.097113539926868331e+00 3.538825576131517270e+00
9.371561195041684389e-01 3.295280212056828972e+00
8.817431188298732181e-01 3.562812449433996775e+00
1.574529837834286905e+00 3.963389874390330636e+00
7.648609656116783784e-01 3.228727348432895550e+00
1.246372896542730535e+00 3.467880545421772709e+00
7.103928994970851729e-01 3.662967751353443102e+00
8.280946174146538441e-01 3.316720526751215647e+00
9.105537682804886179e-01 3.630186337321983370e+00
6.958226588019732484e-01 3.294154088088010912e+00
1.171199644293941633e+00 3.774419409216719590e+00
1.128869233494813829e+00 3.813080544703340014e+00
1.132224897110881034e+00 4.173539058181889416e+00
9.993382341118980383e-01 3.468955436402104908e+00
1.032258922337970786e+00 3.565820148629039732e+00
1.069160919524566378e+00 3.544241680816276219e+00
1.526036701906144488e+00 4.124520377716936359e+00
1.241954036080522572e+00 3.910857952412305494e+00
7.172285833924700871e-01 3.585446464164295133e+00
1.256298872062906469e+00 3.762644562714341223e+00
1.363640651915407842e+00 3.465630914257300521e+00
7.594623237997706333e-01 3.271293820317669798e+00
1.715350380685099818e+00 3.393286139428017378e+00
1.499044028498010217e+00 4.719916225247613006e+00
1.277111835271280471e+00 4.033440481054552329e+00
1.168240402525322574e+00 3.781526555197921358e+00
8.956715018904249925e-01 2.904151190086035950e+00
1.371024735429405617e+00 3.610639724949047391e+00
1.225536673248247999e+00 3.638679168738736092e+00
1.880763153498797857e+00 4.181326853467177251e+00
1.291545133709192550e+00 3.647468076950548976e+00
1.464704395888944743e+00 4.235130688478077943e+00
9.534551470321583899e-01 3.678234638742107876e+00
9.874977107300919599e-01 3.820707987766739588e+00
6.636302916323507661e-01 2.469947622220145522e+00
1.077765945202592057e+00 3.625095318716109016e+00
5.426137296603436022e-01 3.155829152233533552e+00
9.999778555225159460e-01 3.995658635327672403e+00
8.351537698137905252e-01 3.693879203923199128e+00
7.502961131142371620e-01 3.646172100695965757e+00
1.505549587710116599e+00 3.945633010908755178e+00
1.644003538611424231e+00 3.924162932311693108e+00
1.914698699797563020e+00 3.682079443899685334e+00
1.006638026735714453e+00 3.666985415090052047e+00
9.173282157612508980e-01 3.730643237128726142e+00
7.628839033182295282e-01 3.565702816798201003e+00
1.668091714334785980e+00 4.151331741421319776e+00
5.248359596182874398e-01 2.442564977502521550e+00
1.198221591660307395e+00 3.664765920954978995e+00
9.093032700875149921e-01 3.603823338897691908e+00
1.013143554959015091e+00 4.094000508133198935e+00
1.133311785250754378e+00 4.033575158462944898e+00
1.291545133709192550e+00 3.647468076950548976e+00
1.131190128083625401e+00 4.018792993078937670e+00
7.302366648011843209e-01 3.073958837360176055e+00
1.635283312955126522e+00 3.652186617187995310e+00
1.055756146962469000e+00 3.290231722458510699e+00
1.138535968045492508e+00 3.648277838168411780e+00
9.980742676851455109e-01 3.401042061452217879e+00
1.309170798380315803e+00 3.998449095260958597e+00
1.059480771790187292e+00 3.149160141041592809e+00
1.109808210210990298e+00 3.874363192794112454e+00
1.014931935321587320e+00 3.158504276555126111e+00
1.746003734918276873e+00 3.956859189040308422e+00
1.009254868764972946e+00 3.665064182217192101e+00
1.063573741110541926e+00 3.753226613645746834e+00
1.946034188694862888e+00 3.990549905231421945e+00
6.396192178649902083e-01 3.591152748225568736e+00
8.484666654340116132e-01 3.314821841659890467e+00
7.643451149298763347e-01 3.655478575042234723e+00
5.738735488891876235e-01 3.119592114944617744e+00
9.750261726877229584e-01 3.250162002541295614e+00
1.111280075704670800e+00 4.172065391851501381e+00
1.158709977245409251e+00 3.662464298628125725e+00
1.661500323809442348e+00 3.415900059865684124e+00
2.050521085765180551e+00 4.100734550599850259e+00
1.887575371891420994e+00 4.007315407438105659e+00
1.154557069069359621e+00 4.002710450910893947e+00
8.818623480054286201e-01 3.415003990104614751e+00
8.560065123421115585e-01 3.490551926217890344e+00
1.030126871955095780e+00 3.635835840304000754e+00
1.215792330855132164e+00 4.096093266367444308e+00
1.415406200111291923e+00 3.561235409681554831e+00
1.446434061601574506e+00 3.975579422642359528e+00
7.781850469327339370e-01 2.992094384518344530e+00
9.723784207345761432e-01 3.851603157893557228e+00
1.308953294701790337e+00 3.995237920669620024e+00
1.569955906066305085e+00 4.096408389938380523e+00
1.332054869154428944e+00 3.848357553991097468e+00
1.653286827605062959e+00 3.879595683191474187e+00
1.411590702602150360e+00 3.345366032143583190e+00
1.006638026735714453e+00 3.666985415090052047e+00
9.572119991669019168e-01 3.866939905082098061e+00
7.848310321030810277e-01 3.413362201800367757e+00
1.282756051343836745e+00 4.196856301697158287e+00
8.594060487616177468e-01 3.638933629750825460e+00
7.601758668169620314e-01 3.858792603117615627e+00
1.083312846267603824e+00 3.874598370165853733e+00
1.281815274459969567e+00 3.528229606903325433e+00
8.292910947864338134e-01 3.525240776490673689e+00
9.118641884933675890e-01 3.614227535213972331e+00
7.010433585792994471e-01 3.503528125538689419e+00
9.181242441770192109e-01 3.801413952934199703e+00
1.089985252757268430e+00 3.537945453568474896e+00
1.272209464117598721e+00 3.932490968816339638e+00
7.964098526487149998e-01 3.362567138776253906e+00
6.228713433914450093e-01 2.988714020929136517e+00
1.276683552890062634e+00 3.736753655368455274e+00
1.625554457748596526e+00 3.722317305041666913e+00
1.200643179538856575e+00 3.841629006229380749e+00
8.347898230463098868e-01 3.611792991278794052e+00
8.543957163435665914e-01 3.535163687393315879e+00
1.227043045830796375e+00 3.810423736016588681e+00
2.355269505063850133e+00 4.257712893896130169e+00
1.037207941173954540e+00 3.630554488758775733e+00
9.238018182637970366e-01 4.180413200899853798e+00
1.345163903524567495e+00 3.803035175493887809e+00
1.052686416353708410e+00 3.415137553986212549e+00
1.030741364037313312e+00 3.561349363600060602e+00
1.671776991080727637e+00 3.787333732752381721e+00
1.055817919073880340e+00 3.559825364835678130e+00
1.248025625544739281e+00 3.683543206934380976e+00
1.294513200386228968e+00 3.314083987099349482e+00
1.268422468255459679e+00 3.728318144137795720e+00
6.463308239570224600e-01 2.816681869263861326e+00
8.464442938616215661e-01 3.697181179708307397e+00
1.138100041172862342e+00 3.870712422447256884e+00
7.312805222278543349e-01 3.127023922585180138e+00
1.606284755530130504e+00 3.795227404857714593e+00
1.676344025318730058e+00 2.896386318534584614e+00
1.389625814383701918e+00 3.500504054048254154e+00
1.009132414246006748e+00 3.745642122859689671e+00
8.945047811160604656e-01 3.647539089262849199e+00
6.350891546096982809e-01 3.147911858207724567e+00
1.080616091287239788e+00 3.033752792891640571e+00
8.920070003528826064e-01 3.596054861532870017e+00
1.115296937325354731e+00 3.585263633502409508e+00
1.530541532101646229e+00 3.499593813490965655e+00
9.398248529013354391e-01 3.446565782368640196e+00
1.581286051570476525e+00 4.076379900210810092e+00
1.172009130764213758e+00 3.648281305345056680e+00
9.807341869622854258e-01 3.559279008700035440e+00
1.098881186973786894e+00 3.559992352867504817e+00
1.059638997661850990e+00 4.018706413608096994e+00
7.213474831300999979e-01 3.236095621382857335e+00
6.155432587422943191e-01 3.204461943586105477e+00
8.246970793504425634e-01 3.394611050737391444e+00
1.115892092252666279e+00 3.447588802992018753e+00
1.549234658334683434e+00 3.925139313174971001e+00
9.702741781759636197e-01 3.598321329415977488e+00
1.323437669572191666e+00 3.863460047547123910e+00
1.539084291155815576e+00 4.006986763490663073e+00
8.817455984841322536e-01 4.205800802913569392e+00
9.638397561573747163e-01 3.353131017618944387e+00
