# Hierarchical MCMC downsampled to get 500 samples
# alpha, beta, mu, s
1.007964118026368316e+00 5.045487163122942320e+00 3.829384184999435448e+00 3.044665784688227461e-01
1.240016875193231671e+00 8.078892694085256565e+00 4.712721991635646646e+00 1.014765519280840106e-01
1.030381862785786584e+00 6.598452606442964274e+00 4.467122252801191351e+00 3.213355648286746469e-01
9.474964501189593324e-01 8.375890564025748830e+00 4.509430900303426526e+00 6.088782778424764452e-02
1.171210994008027306e+00 7.702373242570543788e+00 4.934086267740775966e+00 2.461793468184307609e-01
9.682310577457424738e-01 6.219699345927168110e+00 4.364253730051886215e+00 5.333804369363837061e-02
1.249724220792997276e+00 3.196775621499548414e+00 4.832733395738497251e+00 2.236574102323080418e-02
1.085321742952003454e+00 4.763858729775487966e+00 4.459513960745341343e+00 3.495463253600757381e-01
9.961769636413794204e-01 7.515357081902544145e+00 4.624223311087682475e+00 3.168660453990685549e-02
1.145947330690900934e+00 4.205428830377142546e+00 5.147656659606900220e+00 2.725885867777270155e-01
1.250249830306504606e+00 4.938995903373651686e+00 4.910062589017050172e+00 1.836835479224369627e-01
9.629336707053385291e-01 5.605692334690165701e+00 4.951043214614776922e+00 2.931990796070617078e-01
1.010034641899482777e+00 7.797186052397553802e+00 4.385732343453563331e+00 1.133552112818917990e-01
8.175045774145337507e-01 1.024910510596026469e+01 4.529943944409485113e+00 1.653595956473380979e-01
7.761968845922578852e-01 7.485648294203433473e+00 4.583977267006262402e+00 1.088725183516562750e-01
1.191285306318250026e+00 3.856947438698249186e+00 4.671502956275469742e+00 2.204097900405651081e-02
1.928156563067814577e+00 4.077132605858543535e+00 4.930116053065874304e+00 8.876499564633641426e-02
1.167863584877888439e+00 4.783599144850586349e+00 4.642649009607645816e+00 5.839991751552700561e-02
9.484385982932187487e-01 5.011986558450103324e+00 4.504820160167624543e+00 3.484460500014116002e-01
8.602492476756610218e-01 4.294281377445511971e+00 4.480238255314713314e+00 6.459097379604623879e-02
1.263494034338072947e+00 4.433020343782731132e+00 4.708370336976560822e+00 1.727869225411388654e-01
1.091496589914517923e+00 3.717066793894067800e+00 4.686770660131807098e+00 1.099679140029930086e-01
1.677817824886028930e+00 6.138894855716717558e+00 5.112886950639973449e+00 3.151904214438645546e-01
1.161027329681399545e+00 4.988937731693780187e+00 4.522944999197800797e+00 2.408308786462606821e-01
1.014620554890970583e+00 5.539097294310519004e+00 4.339150721897162555e+00 9.398920658342380108e-02
1.125593726471666667e+00 4.966696337120999338e+00 4.701737123114350325e+00 2.235252488879963528e-01
1.188569608863370819e+00 3.975617749870696827e+00 3.960052601820960749e+00 3.794763015355304692e-01
9.422624331227746897e-01 6.018348371050160850e+00 4.706727492692741599e+00 1.740728493445894975e-01
8.002112050645029395e-01 9.498182737245576490e+00 4.589584440025959111e+00 3.816867378246903142e-01
2.210802903103911365e+00 5.328644410856254510e+00 5.024216602934792775e+00 2.083736679469207209e-01
9.810765366726967862e-01 3.322216544985678865e+00 4.636731386502555452e+00 4.272941121942194220e-01
1.121348156499951676e+00 5.197920768739363595e+00 4.457802352894654874e+00 1.479857879541880694e-01
7.675357623871745805e-01 8.717002657510747099e+00 4.182507282914158964e+00 1.915718030869218158e-01
8.609004945929882302e-01 6.144272683853085226e+00 4.592657095101660758e+00 7.044523026564958323e-02
8.445415048025355365e-01 2.424691181407226725e+00 4.513831113667695405e+00 2.071077870418281397e-01
9.570406006197766935e-01 5.592882694245089326e+00 4.708809158115751181e+00 9.285077640494587836e-02
8.531993307589970099e-01 5.844480327625255711e+00 4.731357404028942781e+00 7.831910703170216759e-02
9.788185816129832961e-01 1.201907062241077284e+01 4.637896780843328237e+00 7.816219862490852988e-02
8.644658031566301304e-01 9.937326490520282718e+00 4.461855761680023846e+00 6.577136444323325448e-02
1.504391156665911389e+00 5.265843601824181874e+00 4.734854816403872846e+00 1.308140195938100325e-01
1.281590016442320401e+00 5.080184482353555353e+00 4.397800915116230058e+00 1.480165339417260084e-01
1.041075840881722003e+00 5.593846070493524891e+00 4.738988834526108640e+00 2.280438457636266847e-01
1.100205105032040276e+00 5.219542733746177277e+00 4.666083633404492836e+00 5.653885463538869255e-02
1.044822956256588276e+00 8.223382739124835084e+00 4.895911294995311636e+00 2.517683899686683491e-01
1.443164702610164829e+00 1.407533170107986997e+01 4.918433069818221703e+00 1.497100838843756776e-01
1.117902307866474043e+00 6.217416504022839518e+00 4.775715321416768688e+00 1.712328418761664139e-01
7.110863015601170956e-01 7.949436688111909177e+00 4.374507778867488206e+00 1.144983003846253844e-01
1.722927452475467636e+00 3.361054590935168562e+00 4.855156569687130386e+00 1.878031138139019396e-01
1.228235567468055622e+00 6.422033392045637612e+00 4.805720178837134426e+00 2.164048396233480553e-01
1.189413347670124965e+00 9.798818564851123014e+00 4.597127846206748636e+00 2.436876961979748124e-01
8.962741840496966095e-01 8.022493992081521696e+00 4.441932645079590181e+00 9.612799063997719273e-02
1.299868955356521916e+00 9.462967027238168072e+00 4.600160153575624022e+00 4.015892594515297481e-02
1.039551690828838693e+00 3.969797556361090329e+00 4.632665578866555833e+00 1.059733852187815240e-01
1.044726902552794545e+00 9.387951470102953166e+00 4.611149147360586120e+00 4.285351576124593609e-02
1.799615986631110998e+00 3.974395917160777003e+00 4.871610312853023039e+00 6.477329432908210394e-02
1.214561280138239940e+00 4.794650268268812354e+00 4.870176069895800985e+00 1.987130958469463249e-01
1.498058995558480211e+00 6.037464062875787185e+00 4.588408452394058479e+00 1.237704067578802442e-01
1.590656492074693951e+00 8.195711915388134372e+00 4.687716608305724897e+00 1.707455923001311160e-01
2.200512443323204170e+00 8.118996702670983723e+00 4.987463081320690605e+00 1.940058625380851332e-01
9.181525834334377523e-01 6.127945009980083846e+00 4.701753571891264194e+00 1.829603448524289577e-01
9.118642208228875390e-01 5.208562248272814443e+00 4.541764221930719714e+00 2.111435727789451322e-01
9.707458939338062809e-01 3.931700231006457713e+00 4.875650046504868662e+00 3.023670715906057183e-02
1.225690221107605726e+00 1.046679901079827246e+01 4.610341936431644250e+00 1.242177872872403249e-01
1.243639184578366974e+00 5.067602394599768800e+00 4.714075462173222597e+00 4.895310780433045905e-02
1.153985095719200160e+00 7.200764553876116025e+00 4.478787177201627223e+00 1.952592023945271538e-01
1.193199572197219060e+00 4.493744396291229570e+00 4.685550211738849669e+00 6.405338528287098099e-02
9.170619389663274834e-01 5.994368709912577309e+00 4.256659341003753205e+00 2.700116918961856238e-01
8.766968796576513068e-01 4.935844304286084672e+00 4.445095290590954207e+00 1.925687409873574063e-01
7.827726742726059950e-01 8.206369934664635934e+00 4.324222803993382769e+00 9.741959096458231715e-02
9.809551450600298983e-01 7.049160142152459230e+00 4.606067012730935772e+00 9.241047987223842408e-02
1.257179985874386174e+00 5.656661526943262075e+00 4.665013324888485080e+00 1.271615513220038518e-01
1.114479516583620988e+00 6.868179952249757747e+00 4.616292673676045233e+00 1.757815292907625448e-01
1.145829474131543790e+00 4.542519110339693356e+00 4.587720526507061969e+00 6.721507104009002975e-02
1.841124070918270794e+00 5.387037202887285048e+00 4.612050052611524897e+00 2.766884645029111245e-01
1.095700706002578739e+00 3.698966017083672675e+00 4.687188536029783137e+00 2.293087420170429880e-01
6.581697545058854404e-01 7.115949050826384514e+00 4.255002533414509180e+00 1.534874257573237699e-01
1.646397053749748096e+00 4.325731651152910473e+00 4.474660095251812741e+00 2.490944182003329566e-01
1.342996902570408935e+00 5.258623518424169418e+00 4.579195445272145726e+00 2.524406490390145308e-01
1.481999944367728528e+00 5.528676116968538778e+00 4.898043608369486712e+00 1.545234575480649297e-01
1.173707399691177322e+00 8.344154108119839819e+00 4.705055814826175187e+00 2.027373236069445750e-01
9.998061004167575483e-01 4.683314260283362174e+00 4.495089884108622869e+00 1.146646366591242833e-01
1.239902213690683874e+00 5.894370894224186586e+00 4.687497173978816711e+00 1.149281424534363688e-01
9.933273298134499552e-01 7.313346667747992136e+00 4.471638389715927531e+00 7.365130747332382377e-02
1.062465212944076809e+00 8.239332345014950931e+00 4.360648590816689207e+00 5.542055074213469990e-02
1.372648050309843049e+00 3.323963992039479898e+00 4.725981334572036729e+00 2.201372038946888821e-01
9.205436438666123600e-01 7.371393897108606375e+00 4.539242842843999703e+00 1.028486266386855474e-01
8.227437345544230674e-01 4.237209636569374993e+00 4.269655838462338870e+00 8.439966928193191886e-02
1.392447358216213349e+00 4.588777704853926664e+00 4.735250504822364093e+00 1.183567919249723654e-01
2.048700753269415920e+00 3.444553293839735186e+00 4.697343102196655629e+00 1.047036721636349227e-01
7.828596777621701364e-01 9.789966611633008853e+00 4.438015837558663357e+00 1.674876557024540247e-01
1.155451587651251222e+00 4.919720833466302068e+00 4.568636022929874585e+00 2.245914104707437131e-01
7.839934262386145658e-01 5.472539060279873802e+00 4.247653533509959445e+00 9.844750192465434591e-02
8.143959029570387864e-01 6.129271160957923570e+00 4.454502724332242813e+00 1.302697895944097128e-01
1.130333968212604123e+00 5.926872365659631825e+00 4.470403960917582076e+00 2.414524633468473902e-01
8.742477573374707323e-01 1.039207209550806965e+01 4.627593785097131374e+00 3.314201411548991505e-01
1.026913192751151449e+00 7.984036788289489373e+00 4.572246548407541411e+00 9.830043206267033429e-02
6.150402515042643348e-01 5.952957848656068585e+00 4.841094638349653145e+00 5.804786730883003676e-01
1.076711664308655170e+00 3.629280372770496754e+00 4.667668204476249194e+00 1.828929099795664759e-01
1.979718114238529170e+00 5.756203727672213333e+00 4.877338894628875821e+00 5.921554974526076209e-02
1.436157193625141826e+00 5.893777293945162477e+00 4.830042212025659865e+00 7.209521826970206881e-02
1.084842514624220211e+00 3.038339702807574039e+00 4.654130389529312239e+00 8.686241046709847202e-02
6.081876696482326761e-01 7.014561807869885257e+00 3.983529127005133397e+00 1.314585958516407693e-01
9.408046722746818968e-01 5.033562766377871256e+00 4.403877864979198087e+00 1.501735761118809798e-01
1.120652552017044945e+00 5.460431850266338039e+00 4.856035670471415600e+00 2.274370836823024489e-01
1.332558568112213848e+00 6.327907541890093412e+00 4.811621554370419496e+00 7.107236594605306768e-02
1.772580453036231907e+00 7.675533244821115098e+00 4.654612250615966396e+00 3.183529720527640827e-01
1.096662164228595415e+00 5.547512860233839049e+00 4.798229612768955654e+00 1.490410043808116369e-01
1.034366799877452614e+00 3.937514744531981137e+00 4.379195429956872943e+00 1.975625220741744070e-01
9.133727202818745505e-01 3.861481487065234752e+00 4.494175360394697449e+00 9.052040578517059344e-02
9.944656388953684312e-01 3.850249611532393867e+00 4.579205660459622962e+00 1.267278411648737613e-01
9.611172953610490621e-01 5.235495960046045560e+00 4.678322613699503307e+00 1.507842795676235248e-01
1.176434210644311085e+00 4.529475972184446420e+00 4.495679545233256746e+00 1.590444338464535312e-01
1.163874718446247014e+00 6.386702295602321833e+00 4.620684263196811692e+00 1.805490424736290733e-01
2.843362194322234693e+00 4.778346967633859244e+00 4.825009423928563912e+00 9.446802207589991007e-02
1.050892313457351346e+00 9.983817985373422133e+00 4.472910252799684905e+00 1.446447004298521688e-01
1.028537278226512086e+00 4.746026906368721043e+00 4.586015112599251431e+00 9.083693060360757687e-02
2.211271155132293220e+00 3.084825874743381213e+00 4.640985705305320508e+00 9.466795826056047247e-02
1.198358819440988432e+00 1.107723408186064695e+01 4.836255541460955598e+00 1.560163577802510526e-01
9.463532572574656632e-01 2.942015791913981548e+00 4.649046279863959796e+00 7.352434897001880465e-02
1.624088124406471767e+00 3.454096884709492166e+00 4.906785837178188281e+00 2.124856840606009767e-01
1.168182000868962067e+00 4.968899930060079129e+00 4.508778860303571889e+00 1.239606836772884912e-01
1.239082678681638461e+00 3.665856473555146433e+00 4.734234026566143783e+00 1.978085296970013285e-01
7.768613181216051933e-01 7.003399514275725934e+00 4.554688633772690842e+00 2.509484015871854545e-01
1.176367371447692989e+00 9.931369173617106583e+00 4.684418245694106808e+00 4.084293899476190703e-02
1.030230464795073964e+00 6.657029262748737963e+00 4.769815028847664173e+00 2.512319585757949447e-01
9.958203686107138797e-01 9.309482628215000943e+00 4.579354704089105610e+00 6.759495111678454071e-02
1.462282108485098098e+00 4.652428973150280811e+00 4.492004784198188716e+00 1.583835049653327665e-01
1.287605186697339033e+00 6.447332572136902584e+00 4.568528537893641328e+00 1.255841077926638238e-01
1.140850383821371494e+00 8.222657257845970236e+00 4.519322959891963087e+00 6.152166725211510867e-02
1.020145621329757502e+00 4.289597155311110299e+00 4.648421422692893934e+00 7.844761330979750646e-02
1.325217054398602379e+00 5.284149559478501068e+00 4.741215618580731928e+00 6.021992505268736195e-02
1.333472053832950976e+00 7.217236312259447395e+00 5.308697683850946092e+00 4.216542750440445686e-01
1.041756612129618009e+00 7.347231270638579836e+00 4.568577553881905118e+00 2.822918770384740261e-01
1.022835963226930156e+00 3.992390155951096364e+00 4.206659573421267062e+00 2.705756216772637890e-01
7.160949762888575432e-01 3.605427494248795828e+00 4.352410959053928607e+00 2.370128945642403506e-01
1.232114033818819454e+00 7.790113018599959638e+00 4.520190085736055075e+00 4.434212245509965011e-02
1.953337154817776034e+00 5.527331091255944351e+00 4.888903370584323227e+00 1.645797679658389800e-01
6.570930446928509028e-01 6.268992459713864207e+00 4.245540897961660676e+00 2.875254134164632602e-01
1.606273466172708275e+00 2.665307314724411736e+00 4.975277754987467382e+00 8.502338022139216411e-02
1.306052528962569959e+00 5.942603405944943518e+00 4.777964137603541772e+00 1.826745607029619245e-01
7.257183785984423485e-01 5.043564572734728912e+00 4.267382333655452165e+00 1.054479592881827771e-01
6.744480606767984110e-01 4.650406927777264166e+00 4.782649735995422979e+00 3.273585366538883101e-01
1.009307547049952181e+00 3.861627495185627090e+00 4.566537131334033717e+00 2.817107207014411807e-02
1.368017738434022412e+00 4.804955252790761300e+00 4.754598654994643958e+00 4.492166896666240777e-02
7.005928441430444575e-01 4.677726171817059964e+00 4.718551062367455806e+00 7.475760520811111642e-02
9.494499236647923057e-01 5.409144917144015352e+00 4.710971526800240561e+00 9.951556282871253101e-02
7.692105307042143014e-01 1.284621706471594393e+01 4.428875954392802683e+00 4.388320313402097050e-02
1.677215117267397027e+00 3.595930737102660757e+00 4.593852239324776932e+00 1.703467921876680169e-01
1.262174368776021627e+00 4.700940245530485839e+00 4.656664186386910487e+00 1.866654749385282530e-01
8.390096611078255995e-01 9.014565552142300930e+00 4.457793054259916232e+00 2.124514857817265678e-01
1.363689111104640972e+00 8.121045036928437710e+00 4.746242403273303267e+00 2.644904670699657068e-01
1.645694690840302732e+00 6.045248843220535129e+00 4.619694184582377794e+00 1.221808279594408658e-01
1.144403594494383336e+00 7.159535493697320341e+00 4.873738041190221359e+00 1.696868663143612788e-01
1.216651126255711146e+00 8.465701940810934190e+00 4.767768685245042271e+00 1.039573422653198159e-01
1.070433738701866755e+00 6.929358248014230170e+00 4.673596981493242097e+00 6.262629711813424982e-02
1.184581808578984097e+00 5.761117403225261668e+00 4.658449554820416338e+00 1.828473489505765825e-01
9.275842744359213965e-01 9.300174935090222306e+00 4.553996571055419551e+00 6.876378892654812225e-02
1.209478583076249558e+00 7.935814555518820868e+00 4.654671582867374369e+00 1.461386158785296652e-01
1.261511503158784464e+00 5.940072535669819409e+00 4.347509110280035394e+00 1.841000352660657757e-01
8.978343869334822758e-01 4.630858292192719716e+00 4.524441561161054892e+00 2.131724871255245846e-01
9.106143712941904278e-01 6.576241792106619855e+00 4.879975980249068535e+00 2.220205433800551131e-01
8.428885885127945787e-01 5.755413260061736480e+00 4.552971236761275797e+00 9.374180952541849576e-02
1.102979105966463980e+00 7.977774153222068954e+00 4.651403454808007432e+00 4.854628952148880988e-02
7.563199019765481923e-01 4.740192462173394183e+00 4.863314256605402619e+00 1.762087529441071776e-01
9.522657076454488223e-01 4.351497767288434737e+00 4.365370468625303424e+00 1.210632618178380665e-01
1.458472880596842547e+00 3.093887510398869889e+00 4.425844450288212606e+00 2.062363434643471605e-01
1.292216188146847022e+00 7.935083417716147558e+00 4.709624125006588891e+00 3.529152776037812467e-02
1.146468868138863284e+00 4.658894439033208990e+00 4.761829887430947927e+00 1.640344624831249210e-01
1.121781441786503741e+00 7.438598114443401244e+00 4.687559491184932092e+00 1.305722890524669000e-01
1.240858612338568756e+00 3.381324245846999865e+00 4.599595441471453050e+00 4.876381470861870793e-02
1.395814303932737754e+00 3.955298124301130258e+00 4.555775953939926737e+00 8.901645357840151651e-02
5.910594715276706879e-01 7.418519874896364108e+00 4.019825647012376102e+00 2.599336022973522953e-01
1.026046505660522801e+00 1.260522533195322481e+01 4.665356330387127493e+00 8.535493128701970855e-02
1.349824872503668782e+00 5.513009063031431012e+00 4.851280814423748033e+00 1.247452929149920620e-01
6.597625250523353468e-01 5.091261317754430138e+00 4.197986104926114237e+00 5.992838640645587606e-02
1.206460902477739294e+00 5.939220894754383195e+00 4.636546795348999161e+00 1.461257244938313771e-01
1.940296033073720672e+00 6.320279720497680387e+00 4.649211502531337636e+00 1.349054964592637795e-01
1.289723869132633149e+00 1.097488812720438922e+01 4.545016574750385452e+00 1.323253602770401993e-01
9.497155842313425023e-01 4.209103190668700201e+00 4.627627963407833889e+00 1.356157482053951258e-01
1.229294430463573118e+00 7.220313290627785818e+00 4.701777827357625839e+00 1.767057955944856262e-01
8.669683573361489648e-01 9.144528578833856614e+00 4.173095637894045140e+00 8.825156580483393964e-02
8.648185045629057655e-01 8.982051286375485333e+00 4.700999387958096243e+00 1.304516141267864915e-01
9.258627953371598718e-01 9.013341069090625268e+00 4.533650297566663490e+00 1.468243300183985633e-01
6.595994969384862960e-01 8.263194812977285864e+00 4.589673578906422691e+00 5.112863896081038667e-02
9.087994494803572909e-01 7.266706751656185403e+00 4.609154192489394397e+00 5.285632367117890085e-02
1.027657443576309282e+00 7.907373304593455998e+00 4.652483010135837205e+00 8.457139199684395037e-02
1.425315539070216131e+00 3.012817539230576269e+00 4.761057521447775720e+00 1.893343972524504648e-01
1.477710199553379677e+00 5.340784502022626334e+00 5.044089276550434597e+00 2.230977066851868584e-01
1.024309153120018134e+00 4.469739523201530673e+00 4.433874262762569352e+00 1.309797688327867804e-01
6.484214448820977417e-01 8.582535920172809085e+00 4.369673236385276383e+00 3.061464223054208844e-01
1.514327743403335980e+00 6.695337139690454187e+00 4.932455545647726147e+00 1.231006977274532455e-01
8.845308313404682821e-01 9.352457029748403983e+00 4.658061399844842576e+00 4.795887424112584702e-02
1.225697592660033086e+00 7.911965934319293403e+00 4.557439021410415236e+00 1.171821394752893680e-01
1.139822050562902200e+00 3.547402146682699264e+00 4.801040916561015059e+00 2.435726963734735628e-01
7.460997765353321043e-01 8.337588218087738312e+00 4.549726419791877419e+00 1.657635570399770553e-01
1.314950011343161362e+00 4.923250382757013099e+00 4.998585815222237549e+00 3.089334045537481255e-01
1.575767721316144732e+00 8.403734438151078123e+00 4.453987918012162872e+00 1.697111082296175744e-01
1.520282643886543106e+00 5.802317366012118782e+00 4.242616424278256915e+00 1.934790782657719865e-01
9.561639762099158890e-01 5.730920929882983295e+00 4.441135209617252499e+00 2.600387722926385536e-01
7.670467819477408966e-01 6.214895957449068753e+00 4.641123029460539229e+00 4.608856184496185615e-01
9.803306829115063792e-01 5.616012772711783896e+00 4.005414893386555875e+00 2.686537796052487215e-01
1.162075940728457324e+00 1.158358522007927860e+01 4.530998724241745101e+00 9.326152528088454963e-02
1.069897317164088424e+00 6.005439319468774073e+00 4.215402043445607205e+00 9.024042323377695629e-02
9.600717330458532484e-01 8.952818219359055973e+00 4.346346537684127043e+00 1.138165879098835265e-01
1.052066828565266121e+00 5.555815574438998539e+00 4.412249924285886138e+00 2.830833169756228340e-01
9.209964445498449725e-01 5.905574032934209683e+00 4.530306426849646684e+00 1.449667245725897169e-01
1.638402300556152102e+00 3.886017350173200491e+00 4.918900146575362342e+00 2.989878821141201404e-01
1.362332355218075497e+00 7.493190194141162053e+00 4.884902802981409664e+00 1.401625066212708604e-01
1.857821543072445625e+00 5.072242399041061667e+00 4.752328881351436607e+00 2.102019509171417777e-01
9.621897072569369769e-01 6.299070515629271227e+00 4.688262636574835440e+00 1.074511808219086456e-01
1.557443999615441665e+00 4.977909957205669755e+00 4.735619745941735736e+00 7.531929176917610824e-02
1.270589823276638830e+00 7.168765889971179917e+00 4.485315224380276966e+00 1.480647133018811457e-01
1.435087931945925099e+00 7.782481941991564511e+00 4.686315935352498130e+00 1.082780427428535336e-01
6.987464506265311792e-01 6.211238324689205115e+00 4.506100204068409276e+00 1.893151865889426688e-01
1.396310735140649850e+00 3.895481029029919995e+00 4.882200496648457566e+00 1.432347865719534319e-01
9.484148278698567580e-01 7.012112097495639240e+00 4.235603638116200997e+00 1.461757541150844886e-01
1.627517931197949297e+00 6.301974020616703420e+00 4.637421460254337546e+00 4.071869530243866359e-02
1.270099268101889001e+00 5.899042672303661305e+00 4.732081956679516033e+00 2.608775068062267333e-01
6.919963175533869748e-01 4.493341040546384058e+00 4.464417162422146035e+00 2.864345928957851561e-01
1.157310722493456234e+00 6.836963633360521264e+00 4.582841740318507995e+00 2.315247104074175943e-01
1.905215214071325214e+00 5.811177363935486895e+00 4.498136161531824051e+00 9.987629842300385641e-02
1.348830617270705634e+00 9.231713261695039918e+00 4.818166250013825369e+00 7.156624563048734344e-02
7.923907303150876658e-01 9.910633555835618225e+00 4.486936878204118351e+00 3.773844734949039492e-01
1.252784169683303528e+00 6.694790636495896230e+00 4.843160792412056992e+00 2.133066536042843020e-01
8.103210241875016262e-01 1.430101780769922648e+01 4.210139047714195115e+00 1.334015814397992716e-01
7.630563943168107155e-01 5.730123585425134891e+00 4.254715401264141050e+00 2.110456281375294729e-01
1.533102977795937294e+00 1.120015944320461898e+01 4.751247376347299323e+00 1.030193328455614732e-01
1.261290795584407265e+00 3.646651661728336880e+00 4.727222912162521773e+00 2.736210071931580168e-01
8.633958616826103993e-01 1.017801904851220129e+01 4.587284740815714024e+00 1.075335507700349996e-01
1.121067362803306544e+00 7.035620071390896513e+00 4.684422422368907490e+00 1.380812664965242742e-01
8.870426774964376149e-01 3.623155823475414650e+00 4.495397119420029952e+00 6.467517110992043738e-02
7.075772759148728497e-01 7.324390724192244129e+00 4.201131048630505127e+00 1.015015976399021302e-01
1.207108122781267667e+00 7.519459482018792329e+00 4.471329755713817633e+00 4.180227876231409900e-01
1.263601748682570802e+00 7.345714782395753595e+00 4.661189104869547073e+00 5.932485087702973892e-02
8.532347105922548636e-01 3.698856651041995569e+00 4.186451390139584561e+00 2.320685683056768478e-01
4.727986375285319620e-01 4.971332097255524829e+00 3.963218826725780630e+00 3.250348923346312868e-01
6.581697545058854404e-01 7.115949050826384514e+00 4.255002533414509180e+00 1.534874257573237699e-01
7.541361508961946791e-01 4.693846426630909896e+00 4.302977267420997620e+00 8.465773111647842408e-02
1.294535283891400823e+00 4.401473495440158423e+00 4.209325211216826013e+00 2.339879951195641683e-01
1.109465660720049929e+00 5.596939218809982464e+00 4.543049734952590235e+00 7.101867485705649907e-02
1.596062923207009376e+00 3.773876369155387156e+00 4.578812943110135869e+00 3.466178065604078595e-01
1.112316681404245999e+00 3.417738879194629931e+00 4.741371537825172844e+00 1.025899454577539893e-01
1.754396833738247397e+00 9.571901815781011180e+00 4.765299510868081789e+00 9.341431958946434799e-02
8.988159975697675996e-01 6.194586870101976395e+00 4.754363015771057022e+00 2.640326581541052042e-01
1.215701742388500151e+00 6.885336764157529821e+00 4.424996158927748446e+00 1.261638142231009674e-01
2.026363623068093922e+00 5.154332735369489882e+00 4.659490176666951200e+00 6.369417242626188025e-02
8.082415919224413825e-01 3.886935748591575646e+00 4.414163838577136012e+00 6.347715204839456116e-02
1.285149556700150297e+00 1.255577344798820505e+01 4.702167818771520125e+00 1.432224237379365051e-01
1.886308666264517431e+00 6.445471261042721167e+00 4.770649335111217582e+00 7.045443854490675284e-02
1.193294518902865198e+00 7.775172272012601304e+00 4.803545730623479670e+00 7.461918937047497258e-02
7.308804335211323000e-01 6.261335187706523087e+00 3.907819118033234229e+00 1.962617179835293713e-01
1.398779571770673913e+00 6.070339874200874952e+00 4.726967655116681044e+00 2.423373314122062583e-02
1.764913953841613203e+00 4.620749864454635869e+00 4.880094048063318368e+00 8.015219791865473009e-02
1.074565476593874580e+00 4.882541248607570772e+00 4.667444093660279236e+00 8.256399681964592119e-02
1.020426496380023584e+00 5.506776294912316239e+00 4.829262669172001310e+00 1.202274235992837059e-01
1.177929179630664569e+00 6.869687863385848026e+00 4.888839177414969761e+00 3.252804086650297188e-01
1.463444192789945530e+00 5.998973019688625286e+00 4.645210281915717054e+00 5.340295701158935537e-02
1.072103110884928601e+00 5.019338431894989405e+00 4.691321944940710864e+00 3.052068705404649696e-01
1.525115090259062223e+00 6.270625244415079180e+00 4.843608985699095371e+00 1.343511888439215540e-01
1.289998540404118543e+00 4.541495528105966351e+00 5.059943652955899651e+00 1.958145427560958329e-01
1.040015095390865341e+00 4.994406516315137878e+00 4.844483626622813510e+00 1.131653428388081223e-01
1.024889862000065044e+00 1.060728127352365568e+01 4.623215622738636732e+00 4.502388146296258664e-02
6.359847880171345391e-01 2.894800104516939587e+00 4.836520001721061668e+00 2.766297879634488921e-01
1.151707622173971934e+00 4.882426770270416938e+00 4.666063704255039468e+00 1.124497652612425624e-01
1.118421888015348920e+00 5.142721839368788572e+00 4.651909360293451812e+00 8.472458378368280529e-02
1.522443343341639777e+00 4.742017488147530102e+00 4.684050671419236700e+00 2.264719302147835123e-01
1.071756160208192421e+00 8.060097769610440110e+00 4.615117298332019224e+00 1.840494356804426301e-01
7.445910226783786223e-01 8.459104159037192261e+00 4.479096250051388672e+00 2.432779675613847281e-01
1.394729730569776560e+00 4.119876675575902425e+00 4.657098047868517554e+00 5.773651154974278332e-02
1.213944329731704741e+00 2.577055658323725407e+00 4.316124619999007983e+00 1.550940915696890909e-01
1.268545396515453172e+00 3.995220294375707137e+00 4.674330124821590715e+00 9.744528636546420652e-02
8.972269210629885139e-01 7.140081120920704905e+00 4.638302458014865515e+00 2.398213249882673662e-02
1.502216374664851362e+00 3.874857634095911774e+00 4.805535606593966058e+00 2.195800524104402421e-02
1.115965437644328873e+00 7.088466536638557969e+00 4.760091401805771838e+00 2.106062989625864801e-01
1.240644784200632511e+00 4.670267495470176833e+00 4.657619084011756172e+00 1.185334255777014817e-01
1.172540296110887059e+00 5.851661996525658438e+00 4.597788836498531317e+00 6.298887393809442237e-02
1.445512781973755878e+00 2.281643740262784270e+00 4.748902259166273510e+00 1.199014762966848224e-01
1.145829474131543790e+00 4.542519110339693356e+00 4.587720526507061969e+00 6.721507104009002975e-02
1.053562285071650617e+00 6.841614042055947920e+00 4.562125077669798578e+00 9.675886564421547209e-02
1.459524294645908160e+00 3.252469017809403784e+00 4.497445579100257440e+00 1.446916495204695619e-01
1.464111155754788562e+00 2.562243590618716205e+00 4.435850241544090800e+00 1.616272471022656976e-01
1.299433795257867397e+00 6.122849867318038264e+00 4.740398458298306750e+00 3.941122735393139120e-02
1.697971789267989307e+00 4.258349583711475539e+00 4.821108185578763639e+00 7.058801777256218379e-02
1.458254719827248191e+00 4.051289787908980422e+00 4.460550867295966171e+00 9.985524398245676503e-02
9.546955477670149293e-01 5.427958825365617912e+00 4.590424447476288528e+00 7.283982390473905943e-02
9.227057271798215776e-01 5.449014294263063718e+00 4.649111212923957126e+00 8.037085171868632583e-02
1.513231576513789145e+00 7.801883904307732820e+00 4.731429120745990424e+00 6.169252238515367248e-02
1.041361875952611982e+00 3.817779545298451094e+00 4.529080603238838876e+00 1.652361833764935950e-01
9.422499831984458840e-01 5.557076543737994534e+00 4.552517965963239099e+00 1.666898351144224244e-01
7.396442037656715263e-01 6.173511601169933805e+00 4.588452327369918038e+00 2.875550577566566846e-01
1.184410532161318308e+00 8.475243020541643801e+00 4.369669259112115789e+00 1.808133828783283215e-01
1.637033793344011334e+00 3.665277270356453343e+00 4.327850801853307949e+00 2.345184708788355388e-01
8.494606048748967186e-01 3.760012015659283779e+00 4.460476283780686835e+00 1.592576813540564074e-01
1.294988750847502867e+00 5.268660994792293550e+00 4.517942175175555519e+00 2.859228440974394547e-01
1.179750539446119628e+00 3.589650366384455449e+00 4.637644458626469124e+00 1.189488972555888258e-01
1.353601483126877225e+00 4.817702450229910838e+00 4.615439405433377829e+00 5.112658866080250358e-02
1.077105745055955133e+00 5.263528647002660321e+00 5.120526009037643433e+00 1.574853573781105076e-01
9.383365440423612203e-01 7.400871448015909237e+00 4.587092494109283436e+00 9.494314144559611035e-02
1.251148497800515846e+00 4.563866450768442107e+00 4.383072666020191299e+00 2.570842960048263515e-01
6.846608316096057800e-01 4.944144716482009372e+00 4.354430866935384614e+00 2.639059918118395048e-02
1.218188213320299029e+00 4.618084979246186883e+00 4.692160450806688310e+00 1.009518857910334522e-01
8.370937069266293218e-01 5.734557733108434086e+00 4.566259881449615143e+00 1.060554795720621696e-01
9.976068522179666331e-01 7.897495003062193319e+00 4.699803412884937970e+00 2.412952732563301561e-01
1.248865403602124280e+00 6.102454194494734807e+00 4.512533283372889947e+00 2.357697397209293499e-01
1.339548249756010057e+00 4.171816252395696090e+00 4.827479028537255523e+00 2.486889708690473433e-01
1.258127388827228854e+00 4.958838681943397830e+00 4.899775405896787284e+00 1.011825594337001921e-01
1.002098756720166683e+00 6.056837779762400231e+00 4.627159368118904048e+00 2.858477327756878822e-02
8.169445672806513459e-01 7.043556718914154580e+00 4.431984727324970841e+00 1.134337300251168079e-01
1.422858220023162090e+00 4.045753251542634210e+00 4.776754144365074950e+00 9.343961520225452233e-02
8.066623907040213481e-01 5.251772518222797892e+00 4.363959093871364381e+00 1.209815292626249400e-01
1.211769130996381838e+00 4.747718357431549130e+00 4.693732428730998052e+00 1.616739816009315489e-01
8.824306288715940694e-01 3.780735056782746906e+00 4.506920951028088318e+00 2.080858706414463466e-01
1.364637114293738351e+00 5.597130290416198584e+00 4.737159502329095773e+00 6.812727052198319644e-02
1.341619788101883204e+00 6.168422722754625553e+00 4.672017597149743295e+00 1.288692939198073928e-01
1.681462866285343916e+00 4.035297002146985612e+00 4.912915398692912383e+00 2.011001459240855382e-01
1.710821857969416326e+00 5.304530343039210116e+00 4.745904039987454581e+00 6.440932088016834700e-02
9.412357039660355085e-01 8.206287696903572737e+00 4.644065047098351329e+00 1.787190641098844457e-01
8.529864075230465525e-01 5.715557153318709283e+00 4.384974903680062930e+00 1.812940055756954161e-01
1.181279032617406521e+00 6.420303002109399415e+00 4.380143194756574765e+00 1.792311507276134752e-01
1.005717576107050037e+00 9.657443265668572252e+00 4.774582033482297483e+00 5.477271750610424039e-02
7.670494675065560042e-01 5.424257599368830896e+00 3.974267955131673968e+00 3.348601224532066212e-01
2.253240334176432214e+00 4.686370944812946249e+00 4.416375837631734136e+00 1.267035439721465873e-01
1.667115706983911094e+00 6.885704369272025005e+00 4.544054354025610643e+00 2.969665836627448097e-01
1.202007030503019269e+00 3.670158561021370058e+00 4.531007324618911980e+00 2.634993021474087427e-01
9.900715096531940151e-01 1.288587978330097172e+01 4.538417902878811638e+00 1.547819259026472494e-01
1.198959519429946718e+00 9.174764295135492631e+00 4.818602081991942399e+00 2.643723270932744618e-01
8.242553161506834813e-01 6.459492296679173684e+00 4.592363396202407522e+00 1.163047769188787356e-01
8.061495974396033493e-01 4.089296538925004221e+00 4.443971426415900261e+00 1.417819260122884506e-01
1.120536650472608642e+00 4.532084634345191709e+00 4.560494110204916574e+00 2.011488893120511046e-01
1.248382455854037953e+00 5.874555066611295118e+00 4.748183775996785094e+00 2.926573606362288804e-01
9.520730689352264742e-01 6.804384794057291685e+00 4.122281956351190324e+00 1.773811788055612293e-01
8.776712412986129586e-01 4.611230900226411578e+00 4.436036290593853515e+00 2.551975193701417344e-01
9.008588453345166558e-01 7.278234555723540389e+00 4.605416741597901265e+00 1.634340390745186444e-01
9.495173903044545893e-01 7.396443584731773768e+00 4.684278294609317328e+00 1.215105942032948805e-01
1.011231033076966268e+00 7.764568582534817409e+00 4.695987055984202740e+00 1.606167290293173400e-01
6.081876696482326761e-01 7.014561807869885257e+00 3.983529127005133397e+00 1.314585958516407693e-01
1.007380946523032339e+00 5.607023934384449682e+00 4.683479493132649552e+00 5.438530756970692825e-02
1.096673988376968945e+00 4.788002788814161192e+00 4.551711295616451380e+00 2.319995365008502286e-02
1.158393975546975430e+00 5.924211841140291313e+00 4.575060723834678100e+00 1.381353886595693414e-01
9.373624350264880833e-01 3.933706416228265557e+00 4.659576248004428045e+00 1.368837738643138568e-01
9.974989373979996632e-01 9.749438513821139907e+00 4.547687293030696409e+00 9.336443756512313730e-02
1.468947471543041061e+00 5.518488936897337993e+00 4.759127766720052222e+00 1.625614183582820838e-01
1.224284346504863619e+00 7.211064737924020918e+00 4.919298304387769605e+00 1.559239597486848927e-01
1.362827792833194884e+00 6.777428977782149921e+00 4.416850832184588072e+00 2.583520229484748687e-01
1.192277428315995369e+00 3.564444345956470972e+00 4.585773451495723130e+00 1.874296241823613929e-01
1.120647579795810422e+00 4.068182743437580129e+00 4.545540526557513950e+00 9.451302062894798017e-02
1.199504264744187587e+00 7.662596621550395781e+00 4.878307734986061739e+00 1.327196022696903732e-01
1.027467319169139914e+00 7.723707779673854468e+00 4.750101489965353529e+00 1.162569875356536386e-01
1.204666690171800614e+00 7.060711061235557473e+00 4.665871647335830374e+00 2.877826401963587966e-01
1.066698316123504409e+00 5.198001393261962200e+00 4.648235115050346700e+00 4.624837426852531491e-02
1.189815268649875968e+00 8.546718664331498516e+00 4.623649011412696019e+00 4.654029297065832849e-02
2.228599451685573385e+00 5.301805943707052826e+00 4.918066578059787197e+00 9.994272408500402827e-02
2.022637167294578209e+00 6.724753946894137080e+00 4.750156206370456324e+00 8.371310670240744711e-02
1.266250566565751523e+00 4.166293205380502407e+00 4.311214113584488139e+00 1.421425273975546744e-01
8.228565416575553959e-01 8.657839904922525420e+00 4.407460512358921889e+00 4.116516908871101221e-01
1.131392505599646769e+00 4.080429019632742182e+00 4.209441222874806598e+00 3.442511419898812708e-01
8.590381690627664213e-01 2.655281404041335946e+00 4.305435914382198526e+00 2.950092925199629956e-01
1.087612932374465879e+00 4.685344162388260791e+00 4.580170076332690243e+00 5.545342624488082406e-02
7.256358364349456691e-01 5.002419909627216832e+00 4.717114414188483096e+00 6.138249513903693000e-02
1.293354941102072386e+00 8.014847931826770022e+00 4.802412493154382567e+00 7.686038070476763906e-02
9.915824687879696286e-01 6.004680318739912259e+00 4.305174210745914110e+00 1.418117989516475275e-01
9.624077864632567536e-01 6.897892501677844734e+00 4.636042018474967108e+00 1.784486150269320448e-01
1.011190372380720515e+00 3.412316414795405262e+00 4.555995324339419561e+00 1.418344007660129746e-01
1.433413958039551961e+00 7.092576441987135993e+00 4.592071153449839294e+00 8.397713101134052227e-02
1.269985742754032421e+00 4.119222818093101424e+00 4.460185973592990294e+00 1.118221647811255409e-01
8.278516893591459924e-01 7.113014085190560110e+00 4.487059690859299010e+00 1.048069831911243449e-01
1.118833683548044133e+00 5.091069527978622666e+00 4.641976594945503187e+00 1.155121634410675446e-01
1.195259541452548868e+00 2.587118184237578333e+00 4.433591132457484818e+00 6.686166872348511814e-02
9.233629248890544705e-01 2.220087255522197101e+00 4.606028210949245860e+00 7.110424716382598986e-02
1.643019552023342378e+00 2.994672287177513770e+00 4.628619832858833938e+00 7.785065877643874976e-02
8.454881200015429421e-01 1.025174287343447155e+01 4.344748647446771805e+00 1.750942208199371963e-01
8.092666886074826316e-01 8.920476544560427712e+00 4.449165861944393008e+00 1.815099326751299369e-01
7.917431990019605514e-01 8.054958817110108527e+00 4.303793270155891193e+00 1.912163232478568675e-01
6.624177106285261685e-01 6.979235202969108265e+00 3.927910603778054011e+00 2.063440063014906622e-01
1.762547081815440286e+00 2.889405968532523517e+00 4.461972262164012548e+00 1.582056659426741008e-01
1.140009183937042758e+00 4.174081091066864424e+00 4.632473463420585524e+00 1.854448451168329015e-01
1.205454278625025299e+00 6.118497278670157691e+00 4.700041262894549376e+00 7.101916478133854516e-02
1.502433675764596188e+00 3.086052928289293007e+00 4.724024803388048532e+00 1.004595049405734020e-01
1.264139801469751578e+00 8.020053076352096966e+00 5.147826627304321612e+00 1.220600814540551693e-01
1.023812708922389181e+00 5.851620176121489436e+00 4.660071074977770955e+00 1.185870086078525676e-01
1.084067745402565119e+00 8.857801878553091868e+00 4.692870137903395467e+00 2.179281234623921537e-01
1.855971267842699168e+00 3.554351473768643466e+00 4.894764167278998102e+00 8.792400253946806854e-02
7.914672693185667018e-01 4.207579688120169692e+00 4.504215877108602939e+00 8.222295627337372625e-02
1.013000978719845069e+00 6.968435682468590464e+00 4.874517171278237804e+00 1.637662282092531563e-01
1.046189168191824503e+00 8.968561116299127889e+00 4.761790981314870663e+00 1.663550382714266140e-01
1.200679993043640925e+00 8.640124444465143938e+00 4.641736862589636914e+00 5.404891568230534016e-02
1.514384307231021243e+00 4.560714539588381022e+00 4.696450122010927153e+00 2.540945816608670624e-02
1.076296220552071192e+00 6.006840113121202585e+00 4.554726083361777533e+00 3.577502557552761364e-02
7.458679153355590730e-01 6.866413489055131159e+00 4.495031379684066408e+00 1.033206097372574156e-01
9.975723052209650721e-01 9.377825492054633116e+00 4.665805958653194807e+00 1.385713941188021492e-02
6.129589091195637440e-01 1.118834186382716922e+01 4.317398179230806932e+00 2.416967479130789631e-01
7.852159498193184151e-01 5.441637088825840962e+00 4.541274563072108528e+00 2.677190084472579334e-01
1.056502761980982807e+00 5.429798435039427495e+00 4.544165605278911890e+00 2.667813071655324442e-01
1.220242691993848272e+00 9.784433439626850415e+00 4.437173821000453877e+00 4.605889038735289098e-01
1.122254348721067219e+00 3.729059891995377463e+00 4.192791702731167192e+00 2.106109109028659054e-01
1.008361396756710882e+00 1.119954399216097229e+01 4.297333969739411508e+00 1.848662852059569928e-01
1.391563489107836560e+00 3.284107798635013786e+00 4.507731845693869310e+00 1.582555967458371404e-01
9.552773307896701427e-01 5.876801730698058890e+00 4.670868769584514801e+00 1.303591842020018488e-01
1.014261008564524058e+00 8.259398485410297752e+00 4.565972553981189286e+00 8.257349392329654814e-02
1.338072808910870659e+00 5.122818983385958092e+00 4.750930006978066444e+00 6.991628712526661016e-02
6.446314238015542486e-01 6.949217513579171168e+00 4.544316464968301439e+00 8.574441155796674874e-02
1.186769249900999412e+00 6.828002572635512024e+00 4.811556166090167785e+00 1.962301548016565367e-01
9.961769636413794204e-01 7.515357081902544145e+00 4.624223311087682475e+00 3.168660453990685549e-02
6.030941161541886197e-01 9.718865554064901602e+00 4.046383484651443929e+00 1.196817070984227821e-01
1.761198402434019039e+00 1.351325786265011963e+01 4.802669034551693805e+00 2.334121623785960775e-01
9.977153543063068675e-01 4.141863307251891335e+00 4.581768310634309671e+00 1.366746967180648420e-01
8.856318565794256692e-01 6.898864661269082710e+00 4.876180329416793136e+00 2.235021939632748922e-01
1.538664292729306382e+00 6.009485130341528425e+00 4.610148534743168547e+00 9.316943665897520210e-02
1.455894994015645594e+00 7.020892950011792699e+00 4.541931643544232955e+00 1.535525691833429240e-01
9.668340693291666010e-01 7.230946295859001616e+00 3.681122782976868013e+00 3.989341025679585262e-01
1.534026246516722258e+00 3.816798738950560654e+00 4.593566928320907294e+00 5.685393340894746156e-02
1.048753602304792976e+00 9.793410833079539302e+00 4.700854632195623495e+00 1.349518013539920125e-01
1.081219078333243155e+00 3.242142772526175776e+00 4.539498937936314427e+00 1.285376628763407192e-01
1.965636314631645121e+00 5.151544028829230903e+00 4.760880150371461283e+00 1.447870108209498297e-01
1.118337096008528819e+00 4.395515162003862386e+00 4.584477910617239971e+00 1.052788393753278651e-01
6.992107187154378289e-01 3.935182833144039716e+00 4.181370618912797710e+00 2.982611852480887005e-01
1.193365986777370491e+00 4.279870478978556214e+00 4.235370478535254612e+00 2.107004635443359419e-01
1.128320354438770767e+00 4.826577977749748172e+00 4.820922157458362278e+00 1.158406501561962676e-01
1.028581268532681392e+00 3.708789189284793508e+00 4.420006326495415472e+00 1.704033478490491749e-01
8.331421761038655394e-01 3.887080922607471845e+00 4.724844487790312186e+00 1.055774590585125267e-01
1.666175481723081830e+00 3.089398303757707076e+00 5.211492965069856709e+00 2.122373908462061309e-01
1.067983990274358863e+00 6.513627751626497542e+00 4.911967487005196809e+00 2.331073102559982346e-01
8.875238001143510580e-01 8.156767656522973198e+00 4.762013006942329874e+00 2.181632108822402216e-01
9.030779340623833473e-01 8.108664263268270389e+00 4.738224783234157300e+00 1.880483885890331663e-01
2.300852992705467503e+00 5.843226551750191788e+00 4.982414736308973247e+00 1.124352979638892497e-01
7.863993987900745886e-01 4.118938203505480011e+00 4.607125535974369690e+00 1.099049630101228414e-01
1.405501958433046150e+00 4.676472230928877316e+00 4.569786365058806865e+00 1.203901925831240283e-01
1.389840705893770512e+00 4.385683315222865808e+00 4.307043377081223312e+00 3.231393198008671308e-01
1.010158992466571481e+00 8.424979527200903817e+00 4.628511716861166470e+00 8.341499415815538387e-02
1.228112577112515869e+00 7.485401193729479985e+00 4.808341843321668918e+00 1.449251062671463308e-01
1.330012507074462391e+00 2.861013856505034703e+00 4.416489225531781138e+00 2.556412734537953368e-01
9.201572123126101621e-01 1.389926864109660265e+01 4.658022716274288655e+00 4.098314253324687739e-02
1.734414615874880550e+00 6.317463192183633502e+00 4.725327503550889929e+00 5.575765966765480752e-02
1.055985044636541303e+00 8.151608163957236641e+00 4.743694865513799819e+00 1.887728734272321462e-01
1.711184414906701479e+00 5.638433191064500249e+00 4.709211941677669877e+00 1.103144550683790026e-01
9.848150775102769705e-01 7.520727407567173728e+00 4.622477618739993410e+00 3.580963339474069196e-01
1.448214225640034325e+00 4.151977885553543857e+00 4.512920563120550455e+00 5.817612157842736581e-02
1.045074989434184864e+00 4.799520977133423294e+00 5.021878364592041954e+00 2.265898439648861840e-01
1.341940369516842368e+00 6.800497610229814249e+00 4.680280656244258708e+00 7.366084036496842180e-02
1.122173174255686190e+00 5.146448544121758673e+00 4.273526956741469540e+00 2.051982137927978733e-01
8.157342882463101130e-01 5.728413237476816633e+00 4.244632252490707636e+00 6.902993752196459609e-02
1.670230397855847260e+00 7.806430421353420357e+00 4.802088900065855981e+00 1.419029626521287890e-01
7.504304870429864271e-01 7.860145908665157499e+00 4.354501811537847544e+00 1.090397267273662263e-01
1.188519837804179691e+00 3.710631496684031028e+00 4.553626227241475810e+00 8.442005813873736109e-02
8.817587077784780902e-01 8.272928129729899993e+00 4.872967873513672110e+00 2.173872983295508654e-01
1.218054820265182858e+00 2.831260859721796752e+00 4.585632076957722347e+00 1.720178374530017817e-01
7.744172792982748632e-01 8.201709788681393221e+00 4.479136197264925734e+00 9.937690193470812006e-02
1.292393684347239446e+00 6.790898686613306090e+00 4.587320623404000486e+00 2.178005582167663323e-01
6.595535047032576870e-01 4.922211876953870302e+00 4.274463679055769738e+00 1.639216907460770700e-01
7.926682475601332101e-01 1.241501751090266126e+01 4.192422061808083633e+00 6.799643396639040716e-02
1.061258969188685564e+00 8.581478661553834542e+00 4.958722049543102806e+00 1.383550420842306339e-01
7.519925137455791830e-01 6.937786873848381219e+00 4.320637151541364851e+00 7.628361384298777692e-02
1.581306100498204525e+00 5.806318537631094401e+00 4.758622058286775314e+00 7.008629814721489826e-02
1.053278706175551305e+00 5.395388799262187618e+00 4.529787024984445409e+00 1.485208952030272200e-01
8.146767698894159526e-01 7.135057364623084375e+00 4.294759657790018004e+00 1.812944039545366648e-01
2.284521589222588300e+00 3.901892567181175053e+00 5.038154464727657711e+00 1.877572390907598088e-01
1.005873189286552449e+00 3.192589749587749104e+00 4.804353277623225615e+00 1.465110620317357504e-01
8.827442036663974978e-01 4.243419992386533224e+00 4.358093002508193869e+00 8.938192490092652931e-02
1.516061799287531819e+00 3.032963303730547899e+00 4.770160794984505515e+00 5.222772245970482008e-02
1.513009807637387905e+00 4.005957277707453912e+00 4.739198520556386462e+00 3.680207703701757205e-02
7.528355723563378010e-01 4.567178889634391226e+00 4.692874913250088653e+00 4.432010032816241507e-01
9.954741176518385748e-01 8.900025968197423865e+00 4.493377468436230870e+00 3.165959222866733258e-01
1.570303437963470605e+00 1.197778239614728157e+01 4.582380920701521809e+00 2.806031532109112825e-01
9.622636489764100354e-01 3.918136922690256263e+00 4.489833499424708663e+00 1.140326107183605303e-01
7.943033669834043131e-01 5.459101902564840181e+00 3.504692556902612388e+00 2.386237459825720220e-01
9.686595353786064955e-01 4.289921470654935121e+00 4.818553966452307158e+00 1.208170385181848022e-01
1.026376557750149798e+00 6.533727470680592120e+00 4.616892556421369420e+00 3.877478046761460156e-02
8.174237526758201255e-01 2.985406253034621926e+00 4.491900121697763204e+00 2.535220127651039990e-01
1.020062247902527863e+00 2.542908311834868762e+00 4.339823093330356762e+00 2.470717159525825934e-01
1.086725838272476263e+00 9.980219472209176601e+00 4.385584860668629403e+00 5.532025046654758665e-02
1.060197203868903593e+00 3.997305429410364930e+00 4.790619571486765871e+00 1.365695384774217314e-01
8.920300525909460321e-01 9.695002842705722657e+00 4.682871661040930888e+00 6.625235126784780049e-02
1.280157046091306761e+00 9.881977682944032892e+00 4.685489478157172982e+00 1.474141529178106813e-01
9.004539116231911056e-01 9.396232719215630524e+00 4.770316992048626581e+00 2.321969580415809697e-01
1.465258357021063551e+00 4.080785352038474478e+00 4.717157493748690200e+00 1.325605906478893037e-01
7.963722125128598339e-01 6.341052660431044430e+00 4.491212113576277254e+00 7.586957069019596711e-02
1.073434072913916237e+00 3.096576176432701111e+00 4.327671015188921722e+00 1.719553373338756908e-01
9.987089878512594998e-01 5.361791796887939832e+00 4.636292727250735268e+00 1.090029143646744497e-01
1.504776914104410723e+00 4.388969801915266977e+00 4.980398818443951825e+00 1.052579181754117743e-01
1.310544669549931651e+00 4.582062186783632640e+00 4.715267252511018192e+00 3.292680779831230753e-01
1.433956304393944281e+00 7.116097679226590422e+00 4.702487084841879827e+00 2.153323283600710458e-01
1.035970236073147976e+00 6.112543725928095917e+00 4.379311338356987271e+00 3.797871937256148273e-02
1.066004663567635236e+00 6.831569356032050067e+00 4.617702848717818220e+00 1.379178655016106980e-01
1.337136088219769370e+00 8.244992522317550865e+00 4.579459720483789908e+00 1.022492715235206739e-01
1.550471297205493482e+00 4.123833221111175895e+00 4.574039823946171701e+00 1.493121247761878545e-01
1.090519441040816995e+00 3.661317454089660917e+00 4.514355823168969550e+00 1.543968176865715691e-01
9.630116841461746624e-01 6.395635327123679659e+00 4.394468987242054148e+00 2.098008668077327166e-01
8.576855789736494984e-01 4.747786839836487971e+00 4.194047233317879098e+00 1.685590442666634325e-01
1.279468076026402557e+00 6.886773490948861820e+00 4.819895153445598268e+00 1.451894079588163244e-02
1.109413178981840886e+00 4.432562751371107446e+00 5.135733571589894630e+00 3.875439912780822005e-01
1.129223768380023030e+00 5.026713381666399805e+00 4.297172339011742004e+00 2.582354437367672118e-01
9.755443470365896541e-01 5.818385470754877886e+00 4.651654206361334865e+00 1.244578194626116407e-01
1.830386607959110012e+00 5.708796627285183334e+00 4.729660142823234104e+00 2.118508424243431831e-01
1.089428455404797491e+00 6.936388439235257941e+00 4.810461677532962277e+00 5.641098782863840366e-02
1.438116338321102416e+00 4.584758281127276014e+00 4.468214554230280022e+00 1.591814546585123280e-01
1.063311777794903490e+00 3.804181534986735169e+00 4.478190081238468956e+00 2.806464683535045967e-01
1.412607524854066154e+00 3.431934593314720061e+00 4.707655886848758797e+00 1.192566410995288262e-01
1.036994071606252232e+00 3.419843309304755774e+00 4.587070683073559252e+00 2.867191111806799073e-02
1.073009213913830306e+00 6.715452510875163483e+00 4.887275146600427611e+00 1.432891739611679705e-01
1.411956907695101293e+00 6.637060974008113234e+00 4.686649338759063532e+00 1.063122337787307525e-01
