# 500 (alpha,mu) samples from hierarchical MCMC for Propafenone + Cav1.2
1.204603419728738301e+00 5.827268880027186349e+00
1.137375948781235158e+00 5.570175708513120938e+00
1.077028374491418861e+00 5.965990563842032302e+00
8.734081143314978979e-01 5.817106080117112832e+00
9.946236503144776364e-01 5.854714795622757428e+00
1.005591004330783189e+00 5.655565627825460240e+00
8.778915005965532981e-01 5.792444632399854854e+00
6.745415624024927448e-01 5.683363578024753338e+00
8.933691371595762210e-01 5.679735798243982892e+00
8.527149274008243296e-01 5.690172185597150545e+00
9.216930738518754884e-01 5.861665596526972166e+00
9.499353459288258916e-01 5.754621923968828767e+00
1.120656982760874110e+00 5.722993008355265587e+00
8.220083337523180766e-01 5.736390037899343319e+00
1.014009598657473532e+00 5.858989125649433305e+00
9.935687187090671557e-01 5.904238647046176958e+00
9.948012523233461524e-01 5.883431678659406749e+00
1.242066427463286216e+00 6.128729024045924234e+00
8.410963804562244794e-01 5.670814797362894844e+00
8.749029223836515268e-01 5.668506270221640442e+00
9.415857169660633019e-01 5.817553908353048975e+00
8.766155588141143484e-01 5.819582724001797658e+00
9.529515764115713550e-01 6.133581911640077600e+00
1.009648472009981868e+00 5.674741095138105429e+00
8.071440554723975369e-01 5.774026908735759633e+00
1.039956805817715768e+00 5.666451362907336531e+00
9.082247926265913929e-01 5.831537432875587790e+00
9.663320291359454028e-01 5.916715017058713499e+00
1.022942996011730665e+00 5.800684050096697852e+00
1.081295521913810509e+00 5.713107577223438760e+00
9.459675759556006591e-01 6.051691143929201822e+00
9.762013170162758824e-01 5.799887309471748686e+00
9.483828761533540375e-01 5.908280607029449349e+00
9.888715993613299560e-01 5.654069090766125072e+00
8.620174662476929317e-01 5.837103224969240500e+00
1.252137499925527253e+00 5.814317380555086068e+00
9.874951456430669516e-01 5.829313255620405698e+00
9.807252957821217532e-01 5.693132449149952201e+00
8.616176753495572438e-01 5.867308841668100960e+00
7.850919949449672863e-01 5.858820223177517938e+00
9.856708615310075805e-01 5.800658657902307169e+00
9.214104165182325223e-01 5.836099472033096980e+00
9.561957366154910654e-01 5.887668216163615575e+00
7.897458507329384592e-01 5.769649294929358518e+00
8.138342644272369419e-01 5.616704773587579247e+00
1.121009991593543642e+00 5.687773271413409937e+00
8.911270610414655513e-01 5.807711172597550764e+00
8.209229740547608900e-01 5.763002270249468317e+00
8.451708070683897622e-01 5.616550860575915571e+00
1.152165521583582652e+00 5.817654863188951531e+00
1.256439617309798029e+00 5.946566295099035671e+00
1.081295521913810509e+00 5.713107577223438760e+00
1.373127812215712895e+00 5.927262933251419064e+00
1.118743751897843364e+00 5.907143483387496730e+00
1.032029699947582424e+00 5.689157581454853840e+00
1.095909772320903475e+00 5.798214421114425754e+00
5.546166981176531285e-01 6.008353142165283600e+00
1.073651691552578669e+00 5.440862800445053438e+00
9.775940987544632366e-01 5.792710585577991900e+00
8.200277925397160272e-01 5.872977781794761931e+00
1.108787903829301591e+00 5.852898748805769102e+00
9.690144520388656035e-01 5.754154848879039719e+00
9.007976535481266867e-01 6.238743477073625421e+00
9.784426224597038146e-01 5.830464885376321682e+00
9.392082862494416373e-01 6.065654835732479100e+00
1.049565981539096970e+00 5.692713372990360732e+00
8.061409501893473939e-01 5.815345198047974229e+00
8.574598990633767182e-01 5.885312270261478851e+00
1.012232765357674147e+00 5.735303710454612514e+00
6.757925079535603841e-01 5.887699466890131461e+00
1.053456655768872263e+00 5.742762355138776975e+00
1.112982115495535940e+00 5.954420258912893615e+00
9.229361109719065315e-01 5.767216708754060228e+00
7.756632629044586391e-01 6.170373308868658313e+00
1.088609317446317171e+00 5.839931635499153728e+00
1.293756298299402863e+00 5.852688803326534739e+00
8.361575353005703537e-01 5.854121472132280068e+00
9.482719968592692172e-01 5.900168185243633623e+00
1.081997601648886809e+00 5.772391976400232494e+00
1.081976030487925122e+00 5.650591076108374189e+00
7.464932125978142041e-01 5.790627023176056376e+00
9.427466611260665319e-01 5.761483175696993086e+00
8.576243902392854945e-01 5.809065642251108663e+00
8.422971407396272481e-01 5.876926336401619544e+00
7.633301729889920839e-01 5.738607435125183898e+00
8.654946420273597063e-01 5.958092328153091088e+00
1.364117416442051089e+00 6.015010886727909956e+00
1.249168411527266320e+00 5.955195760477097977e+00
7.783144533029505707e-01 5.788224282130371101e+00
9.278151365957796326e-01 5.896403042287809093e+00
9.561957366154910654e-01 5.887668216163615575e+00
9.459891245799908477e-01 5.502115019604261192e+00
7.674664094969374517e-01 5.762016716813737283e+00
1.021690045004233882e+00 5.767248678476526003e+00
9.966501914698404629e-01 5.784042701212745108e+00
9.518083200128566457e-01 5.719229386731859321e+00
6.991962254903243412e-01 5.692687231804841375e+00
7.479783435608542419e-01 5.766143987511426872e+00
1.367927311628998721e+00 5.559236232248235154e+00
8.238226572008071624e-01 5.665797235150954236e+00
1.008101652195782627e+00 5.337893646220322807e+00
1.198931889482021118e+00 5.746171040693898391e+00
1.062466710275662196e+00 5.856500748674795531e+00
9.547476482345693682e-01 5.844355871811908187e+00
1.135310328371484712e+00 5.769158805781794186e+00
1.001501117373011729e+00 5.700633623143033013e+00
8.528031564537079667e-01 5.849472955268651297e+00
8.329554348025941524e-01 5.651354995241363532e+00
1.018102005252243369e+00 5.782080488193380496e+00
7.284415895378970607e-01 5.923253419527008568e+00
9.007799683013020253e-01 5.839292301651231476e+00
1.360612742538684028e+00 5.721359680633556266e+00
1.072700526739763127e+00 5.872173347041205638e+00
1.002900523760183793e+00 5.778573412303866341e+00
8.291171165347166472e-01 5.957980574255608452e+00
1.179401580937841088e+00 5.825566523383712614e+00
1.061584082078216973e+00 5.927215343510081169e+00
1.249842693542060346e+00 5.795413535835663765e+00
1.063015212148526567e+00 5.670620900827112010e+00
6.590799946569273482e-01 6.032272990613976482e+00
8.355690716715375999e-01 5.585449338608518666e+00
8.485860433700755934e-01 5.849861034822579242e+00
7.345275342680877007e-01 5.711141439488406135e+00
9.211981227059367061e-01 5.586267341453480029e+00
9.768156263314086152e-01 5.905112107697419788e+00
7.158405100353855133e-01 5.391094254695561361e+00
8.569142505235783913e-01 5.831582705841515946e+00
1.174637646613161168e+00 5.850407361583574328e+00
8.361806970683030027e-01 5.591097198798740564e+00
1.140893174277149758e+00 5.940327074338119573e+00
8.995371887903110819e-01 5.712227225948232956e+00
1.087014946635811663e+00 5.563841411530380476e+00
8.251303381803236636e-01 5.627483110670983280e+00
1.026022646245659420e+00 5.974706849672950959e+00
8.456526358373867014e-01 5.761720831067962401e+00
7.907134164482233496e-01 5.785852865397890454e+00
8.897653188929801615e-01 5.778525567787413664e+00
7.355700544549379494e-01 5.923312627943639441e+00
8.956169256314048255e-01 5.802770040807637919e+00
9.512569716567651490e-01 5.762485548027327376e+00
1.132789505871178104e+00 5.750310514561500774e+00
1.151205213627770396e+00 5.718985681981601843e+00
9.913607192056953510e-01 5.782423275804298157e+00
1.079680836581648151e+00 5.916394242855419705e+00
7.636619363376624392e-01 5.704400325368871094e+00
9.914335661899988938e-01 5.827791434283359884e+00
1.085073549494995460e+00 5.838582252897592362e+00
1.001500531734536237e+00 5.711787100130814920e+00
1.193549267148261483e+00 5.766437417175201752e+00
9.037890836879640677e-01 5.824055421217548378e+00
9.401112761776573290e-01 5.676043145184214822e+00
7.706261767239683813e-01 5.777107113054137599e+00
1.065382280017424410e+00 5.713522055027399738e+00
1.031461380585583010e+00 5.927193221553237024e+00
8.300693432465006127e-01 5.801179872882779698e+00
8.307331364794274808e-01 5.609955504696066519e+00
1.255961512494942589e+00 5.781302990966165289e+00
6.935678703955674429e-01 5.592409686707072503e+00
9.988850722495814516e-01 5.746404676680024082e+00
1.324439147090262558e+00 5.555524342492740963e+00
1.070466093100852278e+00 5.718782379362124857e+00
1.038060469019912002e+00 5.766929787465952195e+00
7.724752253187967543e-01 6.052670282654562861e+00
1.117343241116073971e+00 5.444404204040435680e+00
8.849751211847834975e-01 5.795314060901869624e+00
1.013686898954477389e+00 5.688838396738292502e+00
1.157653997965546910e+00 5.823079090568024974e+00
9.307235865863006108e-01 5.616878896447088820e+00
8.106090465767142872e-01 5.726674425464071128e+00
9.348469092423146165e-01 5.666536503029734106e+00
7.723477800875311328e-01 5.678325237096295552e+00
8.960275606776589852e-01 5.568983924736506275e+00
1.076025622025146733e+00 5.869273921787035775e+00
6.804128833259011078e-01 5.625937846592560909e+00
1.247244233208276265e+00 5.797191224132800969e+00
9.851641807036595200e-01 5.593266585873127639e+00
9.649858166275728788e-01 6.053926821315850582e+00
9.950614079390326383e-01 5.836965272579912600e+00
8.766534535203950318e-01 5.880442729195880069e+00
1.069366100591617963e+00 5.766840879046776891e+00
1.267049099237552046e+00 5.500864427195223172e+00
8.301136206614312396e-01 5.737015781103475653e+00
1.135465358379992518e+00 5.782395858724899362e+00
1.074871967355358171e+00 6.099617781485927814e+00
8.668044358947673000e-01 5.697595614472230174e+00
9.921838121081445472e-01 5.868642278757129738e+00
8.968721544789483024e-01 5.630030471761387822e+00
9.941697205233931411e-01 5.906275255961107362e+00
6.867322045283801302e-01 6.067104559883007120e+00
8.613926015716383278e-01 5.594113746904601392e+00
1.176262578201495490e+00 5.868020864941179582e+00
1.034846060039768645e+00 5.836413312045607427e+00
7.679334659167714738e-01 5.838263715048558566e+00
8.319518055001957624e-01 5.675088383340484377e+00
9.461584411535034489e-01 5.593753843660695502e+00
7.739425325962184798e-01 5.924084483187864514e+00
7.539211186756751282e-01 5.704891599410681913e+00
9.380168230340272251e-01 5.698186463963227588e+00
8.275339853647044608e-01 5.797189991450475866e+00
1.081744490302513295e+00 5.935705782994838309e+00
1.090082037014631133e+00 5.832447367645828606e+00
1.023728515133680350e+00 5.998644393498333116e+00
9.811937350303318039e-01 5.780045423836059904e+00
1.655511925873144552e+00 5.804426073854441981e+00
7.720365674448268489e-01 5.678022790013845800e+00
9.449559799705110619e-01 5.785929542648248436e+00
7.877250267911704018e-01 5.772924513655710577e+00
1.199290012073547906e+00 6.033773821470687970e+00
8.562797523371672437e-01 5.923518969780831256e+00
1.264680276013094851e+00 5.838005618399169983e+00
1.125671317761087531e+00 5.855098763080563096e+00
1.243374622727636325e+00 5.713005584685822313e+00
1.079652662667185625e+00 5.985744625334980640e+00
1.211048238615662243e+00 5.998940160868162508e+00
8.963781492942848317e-01 5.408740618105097653e+00
1.012232765357674147e+00 5.735303710454612514e+00
7.816486941353359974e-01 5.866919254352807478e+00
9.206143587228450276e-01 5.824125070984902841e+00
1.338841973633961624e+00 5.809554139631070591e+00
9.526224595268668605e-01 5.560671884692796496e+00
9.857224129033393956e-01 5.842768993774148711e+00
1.016516537911779094e+00 5.830817978922387290e+00
1.022146047690166704e+00 5.560242027242097151e+00
8.703859190114262567e-01 5.735507077689020683e+00
1.507876149061901261e+00 5.881213062699973015e+00
1.080443676538397346e+00 5.806876245021607374e+00
8.660942655488866881e-01 5.569025460668171945e+00
1.038699668594134984e+00 5.805324006528707059e+00
8.758362282598272097e-01 5.958486258353840270e+00
1.123409103244486840e+00 5.684796327036433006e+00
8.743700085509550357e-01 5.981065593447773665e+00
1.431142313379581976e+00 5.736344317609185950e+00
8.134449285160477716e-01 5.787182002772200740e+00
1.106370437799006679e+00 5.823278025304952976e+00
8.006780801167570072e-01 5.766042245160742929e+00
1.039106667831512176e+00 5.779105655054028290e+00
1.041229839316418548e+00 5.751473021927186124e+00
1.075144583962432732e+00 5.572524641896959174e+00
1.024208483895792110e+00 5.888275222219645499e+00
9.512632709403152642e-01 5.785548703003974502e+00
1.159063144421125680e+00 5.897371924683040056e+00
8.182651529035918081e-01 5.787514351547234703e+00
1.008891446991477814e+00 5.804385929287914969e+00
9.577741564731334645e-01 5.748773909351419853e+00
9.712465754695566167e-01 5.918693327348901967e+00
9.642567584446899431e-01 5.785510917915721585e+00
8.690899721210272322e-01 5.603791514881395486e+00
9.382251272372829076e-01 5.641889278671162522e+00
8.165914046692555051e-01 5.839038119062236909e+00
1.156423489628567225e+00 5.899150679545131837e+00
1.232537466371748769e+00 5.711543756048820697e+00
9.047557215375900963e-01 5.824525677634314391e+00
1.146688109016748225e+00 5.828751825686984134e+00
1.049390101887855309e+00 5.943198116589207380e+00
7.581174177560111582e-01 5.731565888524769115e+00
1.055293963229035237e+00 5.995490741240272037e+00
9.117142298720437577e-01 5.780094418584589278e+00
9.847555704693129464e-01 6.054861707036100604e+00
8.469073900568879765e-01 5.939917570838363581e+00
9.599552161771250924e-01 5.837019594595642680e+00
9.398869433997003586e-01 5.896149882374179363e+00
8.327812743379554572e-01 5.768304288329996865e+00
8.117577085220311073e-01 5.649990834661248407e+00
9.703169939348083028e-01 5.999569021957698034e+00
1.114994882218689476e+00 5.756335979755502485e+00
9.733012536936594961e-01 5.820615244049839099e+00
1.230221657830727011e+00 5.773475779320434320e+00
1.105212117740893341e+00 5.524844876218995005e+00
8.497758365456646867e-01 5.704520363486612844e+00
8.891538939338724523e-01 5.787373396928366276e+00
8.219718144509281510e-01 5.684779040853092269e+00
8.598806237694358590e-01 5.533956789156132317e+00
1.153076963552170264e+00 5.993330856717070887e+00
8.423454270512349407e-01 5.706331345845055303e+00
9.509296218113986177e-01 5.720572532191187776e+00
8.756615907760492146e-01 5.779762405381828394e+00
1.040974087393041536e+00 5.929553123087804245e+00
8.283655101328506465e-01 5.786430899259195293e+00
1.036728901483321419e+00 6.289345252269147757e+00
1.103308661556542836e+00 5.717318288178320884e+00
1.513531000531671111e+00 5.858262926603876153e+00
1.225639789295657867e+00 5.729752981317116856e+00
8.668026057797149075e-01 5.862900281520588841e+00
7.327880619304316667e-01 5.613085100782700287e+00
1.056193016042965560e+00 5.775404623485290934e+00
9.689433136029443894e-01 5.773969818313049451e+00
9.364152470042141907e-01 5.781053598921595871e+00
1.146963420629792507e+00 5.773647501206450983e+00
9.391387835006931306e-01 5.885063156185167621e+00
8.786275760648645239e-01 5.780339941149899907e+00
1.062030817542719330e+00 5.803554632629198906e+00
1.185733241321223375e+00 5.873271882421264856e+00
1.421996876720446279e+00 5.902916470944677307e+00
1.058129731600049972e+00 5.691937197372258339e+00
8.830074597034404116e-01 5.780754330795419449e+00
7.501288082042233407e-01 5.751551502397749260e+00
9.075529299488842572e-01 5.924284526367198822e+00
9.235555142287121821e-01 5.877839018332370991e+00
1.066610988658328596e+00 5.661913890663237581e+00
9.533544403246616561e-01 5.910829310146266558e+00
7.754711344790523597e-01 5.930682961745836757e+00
1.110448564295056340e+00 5.772962289195779029e+00
9.841531312869440384e-01 5.983948668107147206e+00
1.143770699389440315e+00 5.939974165035730280e+00
8.082506223082235319e-01 5.784950625377374145e+00
1.194451027103741181e+00 5.920882060462692387e+00
8.962596852800577274e-01 5.775028122653366403e+00
9.739913856400141956e-01 5.934256288868687612e+00
1.048407060236555610e+00 6.087658072531722198e+00
9.958064729566553641e-01 5.963561768958212994e+00
7.978158029869888423e-01 5.802786096679362515e+00
1.021305286805921364e+00 5.960458525827641019e+00
9.762013170162758824e-01 5.799887309471748686e+00
1.474844535749639807e+00 5.810578016044178007e+00
7.260368671009485020e-01 6.022279276245525281e+00
8.616138420073516935e-01 5.715350839675513939e+00
1.112812206877197063e+00 5.902442720776361007e+00
9.863682702893049603e-01 5.799318977045997414e+00
1.287174535692748645e+00 5.790452288514135404e+00
1.247312589305717978e+00 5.780588222248900898e+00
1.125671317761087531e+00 5.855098763080563096e+00
1.031574049265511661e+00 5.980640890797586096e+00
1.193549267148261483e+00 5.766437417175201752e+00
8.143462877738220085e-01 5.732892503202894119e+00
7.966915509570838827e-01 5.875573885588774914e+00
9.025912834773319737e-01 5.561007047773421696e+00
8.346113428256007882e-01 5.645699348091631542e+00
8.657100795176319030e-01 5.753989279385923084e+00
6.268004118758017107e-01 5.708718402753413024e+00
1.046510235731243244e+00 5.735945073967029018e+00
8.556994539261626453e-01 5.820495467909441167e+00
1.746757165131735290e+00 5.746419057024407806e+00
1.027710368188105461e+00 5.952630193723270402e+00
8.682428839609469540e-01 5.907665980037232423e+00
9.848199357482283478e-01 5.813163209541202470e+00
9.091264265127246835e-01 5.831601123983680246e+00
8.370159394588787549e-01 5.860388479577670395e+00
1.333209498266154203e+00 5.888405711586894853e+00
1.009926935239566115e+00 5.846450415141057455e+00
9.991679742066529313e-01 5.804148429400243003e+00
9.091726192395355177e-01 5.710374408897164855e+00
1.080581990658263214e+00 5.881743348443879249e+00
1.355389627110863415e+00 5.840703674809763157e+00
9.725782352625511606e-01 5.940071609921584894e+00
7.264444608970153094e-01 5.735050048110691634e+00
1.035469819230197874e+00 5.888500122448246721e+00
9.428741929133335198e-01 5.545465711745099391e+00
8.502184450810582605e-01 5.711684459145844883e+00
8.487283508832793588e-01 5.902585039898753827e+00
9.936832951294287675e-01 5.930841022173063415e+00
1.006858518174816641e+00 6.101967622466373697e+00
1.001415340900824180e+00 5.745925016741253444e+00
8.499778636575177071e-01 5.818196248899591083e+00
9.941697205233931411e-01 5.906275255961107362e+00
9.920215316862601718e-01 5.708608836417430332e+00
9.631566725016337260e-01 5.835732534613379485e+00
1.021439667440365184e+00 5.746296497372755496e+00
7.501288082042233407e-01 5.751551502397749260e+00
1.018805272981384569e+00 5.763959349047973468e+00
9.931138969148518569e-01 5.805066666727910274e+00
9.661779446778764324e-01 5.695989860964592921e+00
9.179307323740283353e-01 5.792546061206023111e+00
1.225430485894590804e+00 5.899356644074592815e+00
8.998077930051253670e-01 5.902334767321858244e+00
1.098425184769356688e+00 5.780261471184794608e+00
7.218985946629491446e-01 5.589712838483798407e+00
9.590434969178217584e-01 5.883234891750951157e+00
8.717902978384233226e-01 5.837870366121223675e+00
7.271030657569713673e-01 5.812369090934139670e+00
8.460863768761437420e-01 5.696075243472222382e+00
1.012500542588377739e+00 5.898448401900401983e+00
9.392802269804940707e-01 5.760484145338526041e+00
9.186929986960397088e-01 5.944534044301584608e+00
1.035963088347916283e+00 5.682179564942136274e+00
7.670002518867927721e-01 5.707969167071610173e+00
1.326820134688417419e+00 5.764448391503802505e+00
7.993020016744379896e-01 5.721144714106470630e+00
8.854280878297223767e-01 5.893954285592745812e+00
8.438318741914714316e-01 5.785307351024763456e+00
8.439916835829793795e-01 5.877877864754426973e+00
5.646235005432127529e-01 5.919758800652802577e+00
1.124648560068936209e+00 5.672336668949151672e+00
1.162859082548538314e+00 5.830227219336150846e+00
1.460569428884444854e+00 5.885671728027221938e+00
8.090729526514841563e-01 5.880773752656582865e+00
1.344153441478981748e+00 5.830619494629496025e+00
7.399921037780324840e-01 5.868661219705334275e+00
1.253279568392367871e+00 5.811905781736594889e+00
8.913935669918839899e-01 6.003035362010478160e+00
1.185934530055892999e+00 5.979171123979905467e+00
9.078203914465865498e-01 5.658848228862533247e+00
1.240918312252347278e+00 5.701571021364458147e+00
8.967709749181753676e-01 5.562824682476244398e+00
9.736674151970542423e-01 5.984116274644215139e+00
8.360768848320441204e-01 5.482290459302165075e+00
1.252005380461689965e+00 5.707849998362869215e+00
1.202788176224881989e+00 5.920430720130380742e+00
8.030580345284638044e-01 5.533025396268373974e+00
1.082608567776450759e+00 6.024440394898447515e+00
9.981858921141751884e-01 5.907260990135971390e+00
9.575703923941236706e-01 5.791815228219445721e+00
6.837555362455444152e-01 5.803351441897501850e+00
7.733501350813630770e-01 5.767252779933436102e+00
8.232231744835651899e-01 5.869447027283400509e+00
9.443156592414885253e-01 5.751046770587205259e+00
1.119328119829616552e+00 6.004257007899250986e+00
1.214445155836898271e+00 5.758570239220864195e+00
9.182500156303269323e-01 5.852000583946611378e+00
8.528559110036980639e-01 5.978007585523645417e+00
1.421198275959961066e+00 5.862842908682211807e+00
1.050142432053729813e+00 5.596007777811152550e+00
1.366408105489613112e+00 5.609281778692947640e+00
8.242367370316301400e-01 5.802959490631669048e+00
9.328464641734277585e-01 5.917252424651759490e+00
9.467453495346503933e-01 5.728033523308398323e+00
1.246702268552122961e+00 5.812020939957475818e+00
1.376816025327376014e+00 5.836836708538369223e+00
7.893764349310048445e-01 5.682077399288433917e+00
1.143132701089014880e+00 5.816807236876430309e+00
1.032978758674840902e+00 5.792084305866927352e+00
7.989108713839563336e-01 6.130877057927687446e+00
1.149515702875944401e+00 5.759004983132514077e+00
1.175799380537471128e+00 5.779799145113831749e+00
1.037145390650603849e+00 6.068281528220531129e+00
1.121000718854977762e+00 5.776893723335309261e+00
8.417350732663680946e-01 5.889069595002587754e+00
9.604097381144142132e-01 5.700895297015092567e+00
9.098494123337275141e-01 5.958671045514120301e+00
9.092767929278740002e-01 5.648915123046061026e+00
8.164398572979791879e-01 5.643832119792895341e+00
1.102978964993476696e+00 5.857968631596626174e+00
9.096286914213317365e-01 5.881433336116566046e+00
1.056518162771753033e+00 6.041445319633369060e+00
1.000944940524438831e+00 5.735187442655361956e+00
8.575330653574958495e-01 5.905067285827252377e+00
9.011442573865033889e-01 5.821835111121277606e+00
8.474045296190864107e-01 5.779544777025575897e+00
9.596645465349931126e-01 5.867032035610380447e+00
8.835434940713777774e-01 5.642514357122240476e+00
6.763376752900760458e-01 5.783974978288378921e+00
8.528923679706943428e-01 5.750792951118193663e+00
1.002878254639081756e+00 5.780182371089585658e+00
9.175805557257754597e-01 5.653602309376393187e+00
1.144875113074487860e+00 5.919188573611707582e+00
1.194106247394657094e+00 5.700642184216802910e+00
8.162876528708853385e-01 5.704601882594846352e+00
9.986710298385579332e-01 5.623622465343164123e+00
9.283737645452602161e-01 6.013868573226663905e+00
7.551178107513565330e-01 5.767623602156244367e+00
1.140200269017552337e+00 5.729180166628753845e+00
1.205881624273110742e+00 5.828354116930019480e+00
9.430925790270083819e-01 5.799606857661366632e+00
9.434945794159136367e-01 5.723216403866847379e+00
1.035144135188103220e+00 5.551353380440182228e+00
1.022082296625894449e+00 5.640508902531669477e+00
7.404356873227152525e-01 5.788707109478401058e+00
7.882973631174078344e-01 5.724750986169076405e+00
1.033427761891682284e+00 5.925108135387857189e+00
9.733348728253771176e-01 5.767276195098567371e+00
9.168438058569960969e-01 5.993236976505051494e+00
1.104458063864992790e+00 5.964456493999851006e+00
9.407712565819830175e-01 5.819923416934377869e+00
8.208514018110981691e-01 5.841709809993782976e+00
8.428847465972698627e-01 5.836638884851731213e+00
8.863316882941202346e-01 6.075805817463413305e+00
8.778361164952647178e-01 5.588627772935481630e+00
1.135704604864381739e+00 5.819968826549392737e+00
8.070507704010658756e-01 5.667538082544674616e+00
1.033149166409451869e+00 5.823577604312674794e+00
8.335268065419756400e-01 5.719812907642489286e+00
1.007552256824343573e+00 5.922427122320825355e+00
8.605600853190633615e-01 6.113732837897027927e+00
1.038222842776954646e+00 5.562563123739194815e+00
1.204085150148670236e+00 5.745213940640431893e+00
7.493080352276678680e-01 5.984730899423543526e+00
7.742296301085138666e-01 5.803006816247320288e+00
1.230876751073729958e+00 5.830228966170991178e+00
1.070028400046577843e+00 5.872840607687571435e+00
1.291350760407158571e+00 5.841550386863212374e+00
1.407737529425257428e+00 5.818232360544739024e+00
9.920465368495634539e-01 5.875300216325723746e+00
6.206033393931987829e-01 5.883018444440766714e+00
1.105939322322466722e+00 5.721066872564654737e+00
1.304759788549725741e+00 5.960955110422796466e+00
8.510178037749924762e-01 5.724907049291291905e+00
1.070181728000083821e+00 5.733362298661828227e+00
1.020945277804398588e+00 5.807275151510249422e+00
1.210354870028734320e+00 5.632197994239799499e+00
9.442218572942575605e-01 5.273156741771636291e+00
1.000014776734884148e+00 6.164003465084500810e+00
1.437707231702128663e+00 5.894366873552112196e+00
9.558027697986501980e-01 5.412981533716017424e+00
1.379659540097282644e+00 5.790560135770697059e+00
6.586001849473206438e-01 5.578905060762271440e+00
9.417260138015636217e-01 5.890097076824067024e+00
7.683454861561992422e-01 5.760179696809070826e+00
7.461804249759467211e-01 5.865559778798039581e+00
9.642499283688247269e-01 6.018407712507995555e+00
8.660942655488866881e-01 5.569025460668171945e+00
1.027710368188105461e+00 5.952630193723270402e+00
