# 500 (alpha,mu) samples from hierarchical MCMC for Propafenone + KvLQT1_mink
1.055355587261776362e+00 4.874428029413602204e+00
1.330731973054594564e+00 4.826514270979923360e+00
1.254083373748176244e+00 4.567232084063809872e+00
1.326205877245164366e+00 4.987661249424215626e+00
1.218545346300559995e+00 4.813202753842894310e+00
1.562364276989278267e+00 4.763949594742325822e+00
1.482247996215062980e+00 4.908866883599428910e+00
1.157979632295898398e+00 4.912179249551832605e+00
1.362453484137910120e+00 4.955630893425476913e+00
2.077949064049952721e+00 4.908326995842752893e+00
1.791002959495120894e+00 4.830523302571023692e+00
1.261624337869960977e+00 4.877020758229423159e+00
1.639900922030929298e+00 4.790913391562646062e+00
1.320186995700992183e+00 4.713162500838936175e+00
1.382766535439284183e+00 4.859281660694760419e+00
1.256465096751481658e+00 4.991155833437638911e+00
1.311562637774502882e+00 4.946531065207973477e+00
1.311903702344565437e+00 5.005539564701206423e+00
1.485784013048298213e+00 4.651037825775450330e+00
1.433563794801710367e+00 5.000726381801911202e+00
1.143763022139470120e+00 4.731019170483995673e+00
1.092225655905781467e+00 4.440235302541221785e+00
1.610994128868284525e+00 4.900899383436310153e+00
1.291314798212696680e+00 4.819705850826844440e+00
1.366460111591237814e+00 4.833552462846336439e+00
1.469800909758447016e+00 4.874210193694439752e+00
1.878685471530510354e+00 4.955105214471061004e+00
1.455096625899460649e+00 4.755985051934435326e+00
1.818315158997779291e+00 4.804164814039356024e+00
1.881299224695409222e+00 4.628666736856581032e+00
8.840225811525469490e-01 4.821771420192766833e+00
1.465864018480298459e+00 4.776843442079661273e+00
1.932537367476728996e+00 4.973746129005798267e+00
1.610814758971084393e+00 4.829459038649750013e+00
1.458252535604761535e+00 4.678902929419545664e+00
1.281104865689335792e+00 4.664447199661025500e+00
1.120853248990274054e+00 4.669974558007119469e+00
1.284869730355715722e+00 4.982059779529899757e+00
1.662342582825744985e+00 4.875294425354220529e+00
1.164818281879042017e+00 4.762226062655199321e+00
1.153843483828032035e+00 4.883645736334437437e+00
1.784717713875238365e+00 5.079679406786584472e+00
1.345472805909027958e+00 4.789394067985452530e+00
1.319099784715326296e+00 4.911069040167456379e+00
1.235883648106367971e+00 4.730050099774185668e+00
1.394118125970123634e+00 4.787105199972660152e+00
1.254859044653354738e+00 4.768270862204393445e+00
1.515430933846473760e+00 5.087724001244364302e+00
1.184554836400548483e+00 5.157277856684806316e+00
1.384074205262487256e+00 4.943078637663649744e+00
1.692820620534137621e+00 4.947133763797223693e+00
1.095808301394738837e+00 4.939521176510980993e+00
1.592262423655560255e+00 5.210158795636202989e+00
2.136085224024798723e+00 4.916793216424614421e+00
1.604121449531156651e+00 4.760873104645459541e+00
2.224450406853637929e+00 4.961430843050300687e+00
1.509455479641469200e+00 4.970619452362037727e+00
1.820395193546503698e+00 4.896587489934103310e+00
1.645375201854392566e+00 4.971318220016105904e+00
1.496115292375737704e+00 4.698229782514498076e+00
1.527605028647625929e+00 4.945014306392328862e+00
2.083598477299143159e+00 5.021393074148011060e+00
1.717042236702623903e+00 4.994962242043261114e+00
1.705315499192484374e+00 5.164704235934371113e+00
1.146728984739569190e+00 4.830086985872271477e+00
1.445993739641563636e+00 4.857330428211556139e+00
1.756825637636143078e+00 4.888560575921529150e+00
1.427706430409999117e+00 4.935582969214830307e+00
1.467426548421247867e+00 4.917842539560018267e+00
1.359578661461198434e+00 4.953696049594150885e+00
9.197234871109460919e-01 4.767153865371479782e+00
1.339439175032900664e+00 4.781940271268499743e+00
1.291452352669777426e+00 4.903256697912608431e+00
1.299606443926519139e+00 4.768359519095886512e+00
1.337519338025097371e+00 4.954422835512442447e+00
1.700241629502613039e+00 4.889798466056388904e+00
1.058313166498895841e+00 4.905703731507938592e+00
1.636798902243750131e+00 5.169774901491781094e+00
1.169108170005783043e+00 5.029984514289139064e+00
1.354422844644610491e+00 4.765531941766576907e+00
1.369345342219767669e+00 4.838301449250917763e+00
2.117759904257747294e+00 4.733921466693494118e+00
1.557088846955581030e+00 4.857498935897769599e+00
1.741270544500392647e+00 4.922372003723838318e+00
9.364703404151331068e-01 4.534210272700212485e+00
1.375096513136081722e+00 4.722843036623262769e+00
1.768776512288281921e+00 4.792906364156828580e+00
1.196618193664297891e+00 5.155592347260625097e+00
1.569243089887059961e+00 4.829563801920802923e+00
1.684210892610790378e+00 4.857685444919298767e+00
2.111690400351333707e+00 5.064154024436445134e+00
1.648942838736551009e+00 5.028523769216199923e+00
1.448641015133260268e+00 4.529563802005364792e+00
2.055160372495745680e+00 4.916661019002305899e+00
1.337036468294492186e+00 4.623605371802599784e+00
1.286256848713638101e+00 4.839176866872851868e+00
1.729412085177753911e+00 4.721970472563470800e+00
1.245793323685564058e+00 4.822433866887095633e+00
1.658594462402160463e+00 4.761897961850328542e+00
1.981181274954227911e+00 4.803659041834094090e+00
1.201369327911591123e+00 4.891228606354991904e+00
1.414491370951429516e+00 5.136213093179604172e+00
1.357492487622803168e+00 4.502747372691469074e+00
1.773656906598142236e+00 4.825326847427105825e+00
1.478211308323481799e+00 4.901985821304278623e+00
1.695694881590405378e+00 4.899653721052028565e+00
9.180729830016177706e-01 4.721021064128628097e+00
1.366361640234830421e+00 4.847435643788410964e+00
1.596428233435311261e+00 5.111435344863414443e+00
1.405051651865554696e+00 4.969474940992373746e+00
1.716767282593079758e+00 4.965190096252046992e+00
1.142756776860089918e+00 5.060719827873964682e+00
1.465646059713972660e+00 4.837411101122608414e+00
1.703402374433453437e+00 4.860510056601368589e+00
2.331033461716729871e+00 5.083838017522263719e+00
2.309178270989689530e+00 4.647810068285960661e+00
2.158497177342250772e+00 4.858409854985230147e+00
1.624342093987074076e+00 4.883351928578831824e+00
1.695117931493726360e+00 4.916151705444960385e+00
1.199385735618301085e+00 4.668204838461361028e+00
1.569757555242262015e+00 4.888300308362246049e+00
1.825167261969929733e+00 4.784735117850790864e+00
1.358939253899072996e+00 4.946867324066161586e+00
1.387268736592560892e+00 4.952607972953693150e+00
1.268032299751072678e+00 4.785448441970908462e+00
1.311524738606442586e+00 4.691621897333636326e+00
1.748565467328080603e+00 5.070869432637981511e+00
1.066792798658070085e+00 4.799342365781049224e+00
1.581395496860154015e+00 4.706805875355874136e+00
1.337519338025097371e+00 4.954422835512442447e+00
1.106370243186747038e+00 4.742917411042044229e+00
1.391318560741403365e+00 4.905974963155077084e+00
1.703282658256094262e+00 4.915828145972881202e+00
1.634628579504826540e+00 4.861645140014767108e+00
1.777725932046913204e+00 5.085895441288911911e+00
1.533589568161639605e+00 5.041827410283387323e+00
1.243121363732564877e+00 4.646147146569584052e+00
2.201379263698418853e+00 4.859888835808703789e+00
1.549278530625771033e+00 4.858537288828173928e+00
1.807890997509447706e+00 4.971594973161582942e+00
1.196953091043639894e+00 4.870316811627222187e+00
1.798671654644978801e+00 4.957541076721766693e+00
1.257196236611226814e+00 4.880845115737001194e+00
1.380701666639974956e+00 4.902697295409224054e+00
1.421211944424701334e+00 4.940509892734145758e+00
1.438677976615252874e+00 4.921898474459626804e+00
1.025854870390540796e+00 4.845377212528015676e+00
1.129326181608652835e+00 4.793058357830018323e+00
1.241150247397190709e+00 4.798168073742970385e+00
1.826524648897596137e+00 4.758993036214281602e+00
1.337124617311156838e+00 4.764024745878892020e+00
1.593562569636508552e+00 4.997554325894079774e+00
1.591818514989633337e+00 4.912153125773603968e+00
1.460717907529403004e+00 4.977741070806792401e+00
1.950053766958658175e+00 4.812339080223773990e+00
1.473117465045852059e+00 4.889686109280314774e+00
1.876080966012853235e+00 4.929268424072171584e+00
1.174675969051476976e+00 4.911636258569088476e+00
1.428645844260772568e+00 4.921827754251722808e+00
1.683752194253341550e+00 4.891582210951651355e+00
1.657220650307698051e+00 4.810773790502472558e+00
1.862144285560868529e+00 4.947113557073932633e+00
1.496869671648809907e+00 5.076449169214356516e+00
1.377332330125299764e+00 4.905930834883838187e+00
1.644356945629776190e+00 4.874783107233309210e+00
1.444289781635633263e+00 4.858713627771924948e+00
1.382847346716650661e+00 4.799378751144723232e+00
2.138069250661545961e+00 4.968472921082745408e+00
9.929195032465218951e-01 4.815361810244080054e+00
1.299805152036507261e+00 4.850052029759841510e+00
1.407370809875716056e+00 4.674135541660275450e+00
1.821879739652567443e+00 4.984986465740798067e+00
1.197328644683705701e+00 4.726017278052128567e+00
1.774173669918105656e+00 4.820270113658703615e+00
1.625652314298566381e+00 5.211477489927760054e+00
1.267949839379484800e+00 4.658799384745970329e+00
1.523621483366487839e+00 5.070020756638987436e+00
2.579783511366211535e+00 4.933496260637374675e+00
1.460699958478113292e+00 4.822094310600980371e+00
1.868027859276280456e+00 4.812898364150488995e+00
9.919353845629855781e-01 4.750841844067997144e+00
1.324147448973640673e+00 4.907790819226546475e+00
1.589529049698560348e+00 4.623714004915496112e+00
1.445434512348235501e+00 4.939642126102139486e+00
1.453840096274702898e+00 4.883482293191227619e+00
1.629145671443663179e+00 4.848022759704478268e+00
1.695885366407803296e+00 4.872859082683156373e+00
1.415345030909222590e+00 4.730323758766603603e+00
1.404694121973978360e+00 5.000583393181382341e+00
1.664885130307683481e+00 5.247826215680233553e+00
1.808729030349999656e+00 4.638129786324612702e+00
1.121383426034244346e+00 4.806251825836049818e+00
1.270997404686977639e+00 4.780786119582803195e+00
1.644173650050653634e+00 4.533180991314831765e+00
1.856092345681127576e+00 4.871701736067913124e+00
1.410056128871018499e+00 5.086789610664534500e+00
1.426365327934762561e+00 4.847460538720183898e+00
1.236417562530641501e+00 4.818656639874613568e+00
1.189694893777933471e+00 4.927067076326029138e+00
1.439809705287735886e+00 4.884321938765260995e+00
1.667324361763578011e+00 4.895032798147932240e+00
1.365085827726587819e+00 4.925160238709279881e+00
1.151478964761796675e+00 4.846701101462246974e+00
2.299423737963483649e+00 4.831304957182111615e+00
1.746720439042361184e+00 4.695235365268673355e+00
1.355028888309330215e+00 4.893512282031277749e+00
1.641532242176933165e+00 4.740029407689717367e+00
1.460514294000540225e+00 4.798590378610223084e+00
1.533676463420139635e+00 4.872067889109903405e+00
1.782898993638702967e+00 4.750453422267638892e+00
1.134409625626330520e+00 4.919623512529490483e+00
1.639292554536029733e+00 5.027850759139371739e+00
1.256714151253349288e+00 4.884895486795151953e+00
1.486935913431904899e+00 4.780414761269074830e+00
1.436526661857894904e+00 5.025533185445964612e+00
1.608963547233683400e+00 4.802103115089797036e+00
1.539385186004377903e+00 4.797935955471812619e+00
1.469436932961147413e+00 4.885351047619793441e+00
1.425562673041098405e+00 4.684499076510117099e+00
1.218839017811554015e+00 4.578915618223878603e+00
1.014412712327818378e+00 4.929557179106361708e+00
1.502757762503042827e+00 4.901437349271109412e+00
1.156427865633834484e+00 4.944555979662433209e+00
1.455263532607451005e+00 4.565498288090927836e+00
1.200909235278668330e+00 4.760929453162511038e+00
1.210354050784454794e+00 4.840729778353595414e+00
1.414785431105226365e+00 4.771236925819863472e+00
1.241331424954685403e+00 4.884607747651157794e+00
1.400760290248665996e+00 4.659042229748511232e+00
1.248253001095774195e+00 4.518747535437862339e+00
1.707931101161204168e+00 4.920514750915996771e+00
1.598115920959179981e+00 4.878351298242090017e+00
1.634536750683497575e+00 4.920408230171670283e+00
1.438764053640405827e+00 4.945729462723351233e+00
1.358466203770920977e+00 4.634458075398005583e+00
1.819727621735597323e+00 4.886511488168813422e+00
2.212874500240904929e+00 4.698532104418125854e+00
1.349763592200106332e+00 4.568353509681356783e+00
1.858008155306876574e+00 5.058687169589112465e+00
1.445766123884541399e+00 4.598330865411268675e+00
1.422804782859444561e+00 5.025818334948966459e+00
1.599293989756870982e+00 4.878397870256191204e+00
1.672767832074036232e+00 4.840558525548608770e+00
1.340653518082635332e+00 4.952374797494687009e+00
1.489217379892666004e+00 4.847279079067438268e+00
1.784560356865410924e+00 4.858122528412012642e+00
1.881171760106163049e+00 4.812113241909464101e+00
1.289588443292024378e+00 4.774593033400427622e+00
1.492276715532770970e+00 4.906131213459262064e+00
2.298410777658006943e+00 4.945175028357639668e+00
1.138409912447280181e+00 4.750320508073148318e+00
1.767455723226819542e+00 4.803936652819309039e+00
1.795259948485984802e+00 4.722754517503874538e+00
1.580192746358216382e+00 4.992680102373086015e+00
1.680211772777151724e+00 4.905788319849970769e+00
1.403416424761322556e+00 4.873326993906790250e+00
1.090366500417639717e+00 4.717003173434988206e+00
1.340420538025040686e+00 4.961480145668878627e+00
1.527585921285109505e+00 5.004439520209170489e+00
1.295167253544134311e+00 4.932823987235360086e+00
1.645393156108414523e+00 5.036669544448864499e+00
1.244648634772397955e+00 4.755228394578630891e+00
1.523621483366487839e+00 5.070020756638987436e+00
1.308711858241489834e+00 5.001619241108746117e+00
2.082316011875594342e+00 4.752378926930677316e+00
1.364611241467543534e+00 4.873081349591062761e+00
1.108286991568120605e+00 4.817958714378659302e+00
1.525521136578399384e+00 4.961997881410593614e+00
1.306550173883857191e+00 4.938693040367844844e+00
1.401381053637660967e+00 4.757898906295999986e+00
1.350477009430154585e+00 4.906346993720519301e+00
1.120740150246850364e+00 4.906503159740929654e+00
1.455977661504696874e+00 4.866124009803037609e+00
1.193682192225186123e+00 4.855723317796112326e+00
1.293618447088841217e+00 4.994563396359570362e+00
1.508733930934094136e+00 4.864123823561155469e+00
1.216497922586839309e+00 4.791623481444962529e+00
2.072945422516768943e+00 4.918696178400162822e+00
2.041630182184048348e+00 4.970755772720626631e+00
1.343405407329084422e+00 4.766155815242296256e+00
1.476071402313956948e+00 4.763428848207589716e+00
1.241170554943386017e+00 4.770599360613992701e+00
1.496735882716586863e+00 4.963366936657566342e+00
1.530784459007169973e+00 4.876781158182252440e+00
1.247070824423727853e+00 4.800331842499028667e+00
1.831656442327336043e+00 4.655452338999805484e+00
1.396313498215683957e+00 4.589211335200436004e+00
2.364711340220899682e+00 4.832627950050719434e+00
1.253084243182081670e+00 4.504719757548640402e+00
1.676692608373847149e+00 4.892198005655525428e+00
1.306550173883857191e+00 4.938693040367844844e+00
1.270920315592928063e+00 5.153767806776915705e+00
1.541030716596832217e+00 4.786498424920036854e+00
1.214053565626099784e+00 4.795646818545496792e+00
1.563118113406515519e+00 4.903856008017217327e+00
1.729008022725714522e+00 4.879464466641073805e+00
2.193741337994834506e+00 4.902968387806144968e+00
1.644838476774810321e+00 4.687242981288784804e+00
1.554972730677968151e+00 4.851609089545622311e+00
1.505721844561900058e+00 4.747608494892965325e+00
1.112129075818093060e+00 4.628547279254642710e+00
1.399860918057802994e+00 4.908116453626643505e+00
1.472709658456771598e+00 4.751564630598472228e+00
1.418838634063918525e+00 4.741476603383553368e+00
2.591944983106724720e+00 5.103798507700953557e+00
1.573085837918194674e+00 4.801531330377357243e+00
1.441262516836247620e+00 4.687887396148095576e+00
1.639741287206786469e+00 4.672952476638542407e+00
2.246547482046139965e+00 4.824661049349201036e+00
9.392789185371662741e-01 5.110890738440048153e+00
1.495453106760619377e+00 4.918168908399454864e+00
1.806437340189516627e+00 4.821653224650076730e+00
1.087883118113792458e+00 4.774982609874357742e+00
8.702662394906255372e-01 4.856440215924549442e+00
1.503275104046042143e+00 4.776322373642837960e+00
9.653007233031245526e-01 5.023685342486366778e+00
1.340334357676947308e+00 4.692664480200921417e+00
1.693252787304159623e+00 4.930971543593597239e+00
1.571240428321178051e+00 4.868676953849843336e+00
1.206480852395944492e+00 4.687087892915857701e+00
1.660197151928032078e+00 4.789232756947212621e+00
1.913834841215229954e+00 4.936372357188372639e+00
1.703220100442236484e+00 5.191395453466042476e+00
1.441492650412392607e+00 4.913239046150446043e+00
1.550851796186924370e+00 4.758316326543290842e+00
1.260029842447186743e+00 4.654381435427284330e+00
1.427826365065458791e+00 4.971285709674130970e+00
1.363694607092081901e+00 4.750335702338650989e+00
1.759807557372188302e+00 4.775088610286970514e+00
1.241170554943386017e+00 4.770599360613992701e+00
1.773158391755089269e+00 5.052445824374232508e+00
1.753960468201352541e+00 4.757006432082675929e+00
1.955466766840152193e+00 4.950893230893361086e+00
1.470053386388216587e+00 4.959938825961885733e+00
1.327914739120028553e+00 4.884992373202347693e+00
1.539563133332381373e+00 4.859082537343217822e+00
1.771726268135488613e+00 4.951299448654524760e+00
1.170982687167978487e+00 4.798986602231782861e+00
1.897727651053364273e+00 4.993990677139803935e+00
1.382173932090242863e+00 5.099447604472949536e+00
1.630714900173144022e+00 4.768252553619604761e+00
1.362216640705167903e+00 4.844575615226122345e+00
1.322146581928083986e+00 4.361455520498944693e+00
1.319587834633647372e+00 4.896928793185312045e+00
1.702041313154775803e+00 5.160158392264723837e+00
1.572562493213947032e+00 4.862962725410050702e+00
1.501561072989308743e+00 4.813608203591355661e+00
1.383277341879680877e+00 4.941399459913308867e+00
1.311113424605566680e+00 5.150491538481272613e+00
1.331809182263542279e+00 4.775361366064847957e+00
1.714474662845692166e+00 4.869078139821608531e+00
1.522327438145676615e+00 4.721854968245605910e+00
1.693542299583066235e+00 4.772202750446449038e+00
1.834702888047795577e+00 5.118979323516041902e+00
1.596046945175890519e+00 4.931763270949033107e+00
1.443756121243999546e+00 4.821381314196100831e+00
1.815202771890622069e+00 4.973196947586651540e+00
1.017458281164995704e+00 4.939860656227810232e+00
1.395290454952110792e+00 4.603661949821737487e+00
1.231561251962319359e+00 5.073328023925972374e+00
1.641936258478943200e+00 4.933029113995434756e+00
1.722580278940635479e+00 4.804008445318600273e+00
1.352576191391414051e+00 4.869563060592123627e+00
1.296430251178506854e+00 4.813842044315070012e+00
1.370687278764532779e+00 4.879393573494166247e+00
1.757158252778673768e+00 4.680504309177980993e+00
9.675157012706170345e-01 4.514356589098802885e+00
1.857365713663593487e+00 4.919095909212089168e+00
2.146968902574363014e+00 4.945479718411790238e+00
1.582046924785504682e+00 4.827716778129562236e+00
1.555205865731004167e+00 4.685860982829601618e+00
8.430716810479481627e-01 5.144098159279940852e+00
1.829207220115004473e+00 4.823547080857555791e+00
1.544542534690597213e+00 4.882793578431667392e+00
9.885358365188500196e-01 4.849713703239292073e+00
1.478504727840785460e+00 4.912747096182449980e+00
1.463307261209996879e+00 5.054521567205543242e+00
1.545599227663091213e+00 4.884927901900192992e+00
1.429190969317097881e+00 4.910599691146045664e+00
1.236124925590636359e+00 4.863450808599163011e+00
1.393333716963464752e+00 4.785619724353142423e+00
1.693505652475337575e+00 4.880621087908882494e+00
1.710903192464742428e+00 4.975883033867962268e+00
1.177820976583242363e+00 4.632834562807925494e+00
1.580677409785801402e+00 4.741746880466003233e+00
1.285767151462305469e+00 5.316212683976718090e+00
2.202964299351614308e+00 4.815998835828032121e+00
1.698017276308751544e+00 4.870578608378790086e+00
1.857275391820853772e+00 4.815781078940749360e+00
1.400327523646085925e+00 4.726232115904730691e+00
1.272120810562057613e+00 4.417415987587993698e+00
1.713473740158997893e+00 4.869271818006799535e+00
1.274127622361771461e+00 4.800225952330583468e+00
1.078184973681904024e+00 4.821344166592082203e+00
1.117845801660244387e+00 4.813547855582281265e+00
1.755628980005289108e+00 4.939591598998919864e+00
1.785109436234634916e+00 4.782672511762413592e+00
1.288440668505165698e+00 4.818136801198876995e+00
1.132006706151272191e+00 4.862644005406060010e+00
1.509817402799962460e+00 5.168426044573362077e+00
1.428725500565622308e+00 4.770634879014144403e+00
1.500848409265685746e+00 4.887200887799153293e+00
1.646442712399132535e+00 4.883663692685335178e+00
1.257677749094702646e+00 4.702962824883859305e+00
1.075416641615802860e+00 4.750058640801207765e+00
1.622821471502174706e+00 4.829162808538314700e+00
1.602415563140911603e+00 4.999414585713334525e+00
1.302435683946665756e+00 4.842843562164308224e+00
1.854438292402733390e+00 4.884397293531455908e+00
1.313756617332479504e+00 4.759094750038788568e+00
1.789602621882394384e+00 4.836631335695788181e+00
1.820004654927843912e+00 4.561040699410635391e+00
1.763359902846433069e+00 4.897280079729104507e+00
1.626677350048107096e+00 4.838797593425920418e+00
1.443692288764616194e+00 4.771834667086808146e+00
1.897769496499801312e+00 4.909613672384510963e+00
1.017950352299455963e+00 4.805270491045177117e+00
1.442303585425780410e+00 4.965867075377409456e+00
1.419856340401688399e+00 4.998845522574112188e+00
1.397761871957297064e+00 4.603569934968144928e+00
1.448164851903859240e+00 4.914562858737300033e+00
1.847904643023844162e+00 5.004594215196552121e+00
1.585330902889473315e+00 4.832034277477954554e+00
1.086737550390194373e+00 4.921538911208350520e+00
1.280808742046932291e+00 4.855713330457467336e+00
1.866643817079100431e+00 4.858838144168408313e+00
1.565746071123069960e+00 4.923304640215423689e+00
1.459405502260840537e+00 4.738389936075326325e+00
1.749183950041902857e+00 4.815197796721871981e+00
1.073416817015154123e+00 4.747818429704396159e+00
1.639611991006346026e+00 4.907179550056634199e+00
1.246005282034049477e+00 4.771421986313211683e+00
1.678103815038745061e+00 4.929076664422265885e+00
1.963304443854706038e+00 4.767041036754846139e+00
1.467310306030399136e+00 4.672810323518919340e+00
1.072351803089644839e+00 5.020841767955369406e+00
1.766015573988872545e+00 4.951038888372690572e+00
1.532217229345352205e+00 5.184962603946486226e+00
1.659402016617101294e+00 4.874617107699962482e+00
1.264969759623909118e+00 4.663731446114098844e+00
1.401824280451134497e+00 4.721054857928389303e+00
1.731459111259779693e+00 4.716699084888078097e+00
1.324905028116524885e+00 5.013432855985729297e+00
1.260834444954427092e+00 4.885153827071861521e+00
1.432174760151718740e+00 4.793181036893642499e+00
1.948160295122257857e+00 5.278512140016714760e+00
1.809129497524690988e+00 4.841282726530351077e+00
1.338131743315824629e+00 4.754794647759857718e+00
1.909054494997602269e+00 4.857537498208657212e+00
1.750263998137942423e+00 4.948039843662777493e+00
1.089518956268154204e+00 4.508959550125750226e+00
1.497936392097586777e+00 4.962032039138149386e+00
1.222849921230361847e+00 4.667403691552213907e+00
1.168414889646664845e+00 4.837914957722352582e+00
1.639741287206786469e+00 4.672952476638542407e+00
1.273556071509495791e+00 4.804968335031248650e+00
1.500471503422499353e+00 4.799229832063878654e+00
1.387999316375246872e+00 4.771201667247799705e+00
1.199194115823904117e+00 4.721089957844126772e+00
1.459101194967409088e+00 4.813992822484036260e+00
1.267410977101485425e+00 4.855535855877072926e+00
1.537063839605401272e+00 4.889632956086824578e+00
1.419963134653390968e+00 4.860397754853710062e+00
1.370109233474748223e+00 4.872718678068925335e+00
1.444006302645629791e+00 4.917970675239883072e+00
1.727025840901025955e+00 4.770954804980064523e+00
1.244523878187504318e+00 5.130660696342057570e+00
1.483904016147533866e+00 4.669117433189104993e+00
1.922600643889212924e+00 4.873377240913119302e+00
1.834050024084446173e+00 4.751485496432838573e+00
1.237183450812569419e+00 4.881933177124124335e+00
1.305387354599155003e+00 4.818005148727478648e+00
1.609318927726567372e+00 4.706096086518083865e+00
1.615788459350285811e+00 4.941500646817720721e+00
1.557792361129119119e+00 4.970852608667107653e+00
1.660179218414269631e+00 4.919335192234957965e+00
1.359006437165801051e+00 4.714301490586302990e+00
1.782796698982637151e+00 5.027921868510316195e+00
1.975218620232467970e+00 4.698294698271594960e+00
1.047184307270155879e+00 4.786479724547739067e+00
1.339254800651793254e+00 4.701406292563715006e+00
1.166347394257597037e+00 4.798613342025803696e+00
1.380025374833222074e+00 4.706681880455495737e+00
1.200101709387506155e+00 4.892086095635398202e+00
1.529476413645037391e+00 4.617279151307644547e+00
1.782019531279099622e+00 4.757355175909162348e+00
1.163188506721025917e+00 5.015412807378353044e+00
2.024244913179026550e+00 4.938474281467303939e+00
1.495270636895785099e+00 4.951425216841212951e+00
1.531523604420463647e+00 4.895254638578698803e+00
1.198250012635053707e+00 4.915802472125744949e+00
1.476482189778538512e+00 4.751098304030190178e+00
1.234851292607617390e+00 4.884105211803417390e+00
1.428411792432075611e+00 4.815446184851454703e+00
2.098189905607670713e+00 4.909157730814932563e+00
1.343875791265412012e+00 4.956996277858721989e+00
1.699601939535246409e+00 4.837443521055147855e+00
1.135189041198513271e+00 4.807958266725638197e+00
7.903851411825345563e-01 4.769062847945368944e+00
1.424798529858576135e+00 4.845420221986691089e+00
