# Hierarchical MCMC downsampled to get 500 samples
# alpha, beta, mu, s
1.183238304934794316e+00 8.334989768513430874e+00 5.290078214928884748e+00 1.922750974173154659e-01
1.246274336367790614e+00 9.086842308537367074e+00 5.386407551006223926e+00 1.620217932300305197e-01
8.678456052872951521e-01 5.218554743155388920e+00 5.395555594403997013e+00 1.209922259036119857e-01
9.676904149844467451e-01 6.566690186627052839e+00 5.376368502940867877e+00 1.255526800550654798e-01
9.913173684512563977e-01 3.963819236221627129e+00 5.256962389706485439e+00 3.659244078937336497e-01
1.299102867074059864e+00 6.778670369995014156e+00 5.212115251070268407e+00 1.905110798319357701e-01
9.591469530934080279e-01 4.006614590549280486e+00 5.448743484262800862e+00 3.139081344686287661e-02
6.033173600114574153e-01 6.278023524658834731e+00 5.241791996990563085e+00 1.251162946864657344e-01
1.377108921751725612e+00 7.986742293979290253e+00 5.438980943603391793e+00 4.730607023547291068e-02
1.034879055293086658e+00 4.516024302602496654e+00 5.365405806374828224e+00 5.870451892937107036e-02
1.121612186494735930e+00 3.843897889701555659e+00 5.483173597315499137e+00 2.052289565756446887e-01
1.069053552036811183e+00 9.097971303392725417e+00 5.420142686172055413e+00 7.860289937567843666e-02
9.095572526449793305e-01 5.251785052047695856e+00 5.231903965672997536e+00 1.632087092316643617e-01
1.101494722431643813e+00 4.231489452500092341e+00 5.522453170273047718e+00 1.026197266497451549e-01
1.183817022853748124e+00 5.574175382367711151e+00 5.485917953420734960e+00 1.773243511712110920e-01
1.056641562849960803e+00 5.536607150276924294e+00 5.301321014355600880e+00 2.501629986572065922e-01
1.173630919431549735e+00 8.427697924445272548e+00 5.180397050913843060e+00 2.639539201963767012e-01
1.081718538402932639e+00 5.733166343386162822e+00 5.297781189886798359e+00 7.882522705841020494e-02
6.901805628407180482e-01 7.084650058988547272e+00 5.426905100694257911e+00 1.585131743378808966e-01
8.614893910027656698e-01 6.606630283320293451e+00 5.352291411565088808e+00 1.012839283392698853e-01
7.460201648471487257e-01 1.199708631164029349e+01 5.462830981603051583e+00 7.742222061666090283e-02
8.915903085122139915e-01 1.429583225661364132e+01 5.507505079132291037e+00 9.938752952346384395e-02
1.011777980000839072e+00 5.769142263627439426e+00 5.822890767275675117e+00 1.802866340374837117e-01
9.335283315272515647e-01 6.035319054476998346e+00 5.481540113828597072e+00 9.377579464652843755e-02
8.223436672536801328e-01 5.408525308053894420e+00 5.345450954942609023e+00 7.674604770005732934e-02
8.725740440651983398e-01 6.210736514449436640e+00 5.318516445558111982e+00 2.913282219226544512e-01
1.179277600485048927e+00 8.641919048564028927e+00 5.182802835874018577e+00 2.561233624960020938e-01
9.200005337627202850e-01 6.842986333968909207e+00 5.439964015771858286e+00 1.463078786336408921e-01
1.328811660715248477e+00 8.819279789398287051e+00 5.463399709798744119e+00 1.034619573268313886e-01
8.397960396103368863e-01 6.218898727609099453e+00 5.370491943503133747e+00 1.511111105588158754e-01
8.653878331916559086e-01 6.483900673949998250e+00 5.359343980249240857e+00 8.233260298002105515e-02
9.011217133851695538e-01 5.846909317463638622e+00 5.353862045660850555e+00 1.164227963139439492e-01
9.455238123331219935e-01 7.021095171629723630e+00 5.359610863345546150e+00 2.285053962888597967e-01
8.338812483461696123e-01 6.590707017757598152e+00 5.306298116062788672e+00 8.861499231522781961e-02
1.153611740278432496e+00 5.891362032037871010e+00 5.278080825393985265e+00 1.224704172660182611e-01
7.893898713883783502e-01 9.734448985049551695e+00 5.313336548482292088e+00 1.128370019474934233e-01
1.122545186855338883e+00 5.056433110682752030e+00 5.378729157783606496e+00 1.655829469106875340e-01
9.881154855896168154e-01 5.084542241558786202e+00 5.580052745170858586e+00 6.597175869221805211e-01
1.063353652383671299e+00 4.020003102002682738e+00 5.304902945288987759e+00 2.057221386059691903e-02
1.242784915072289387e+00 4.108550254772808330e+00 5.391204488054451183e+00 1.177248516195790601e-01
1.242722128403532578e+00 5.152066563525793619e+00 4.861416094400755838e+00 2.403546897753546241e-01
8.164936703790446337e-01 5.498006204178082612e+00 5.194333977049117479e+00 1.775618595766506602e-01
9.774021143628299768e-01 4.877485518485666915e+00 5.054809352193863958e+00 1.770058572604051861e-01
9.851636407580648402e-01 6.937384060591093693e+00 5.242037527627224414e+00 3.048822750843506735e-01
1.112376109295761140e+00 3.156180448683873152e+00 5.374111885368854757e+00 2.454627100509393367e-01
1.061032204756506170e+00 4.826242574317129552e+00 5.379139085540182386e+00 9.721377351463614258e-02
9.318588808148554614e-01 5.885436764298370704e+00 5.386406114587979133e+00 9.964890248509197801e-02
9.958780868517300711e-01 6.311011989082395246e+00 5.633646137670977438e+00 1.302782726577585704e-01
7.828662180145106175e-01 3.797910895400710363e+00 5.338112030831620558e+00 1.421302119207938919e-01
1.157255757347098513e+00 4.961540230542762053e+00 5.589432462013895098e+00 8.693325821815046928e-02
1.237057487330019523e+00 4.492725625088064945e+00 5.393620377204962679e+00 3.994822510800137838e-01
1.048619659638038160e+00 5.074676203326922597e+00 5.449662052226216247e+00 1.613745911287025603e-01
1.128508144210953690e+00 5.038295868371016617e+00 5.385678596655559147e+00 1.970222698353808477e-01
1.375440176810270421e+00 4.344383291542272651e+00 5.317023866873916482e+00 2.349951271757101112e-01
1.619314648367323528e+00 7.380381471931906745e+00 5.830662962071514244e+00 3.412632245683369647e-01
9.335651494249368465e-01 1.373221735987606351e+01 5.439654832531011230e+00 4.519011600785461519e-02
9.947189138377188211e-01 5.391685842456256594e+00 5.329302754983353374e+00 1.174955523089870890e-01
1.006061593219979455e+00 6.367464034661148631e+00 5.228952421242994753e+00 1.771516255070798018e-01
9.170243222823766249e-01 5.557663494328327403e+00 5.227965635018408719e+00 1.429941174748672883e-01
1.403012116580051538e+00 6.959188028901121648e+00 5.546430524513371374e+00 1.250148037753423536e-01
1.254553087361548691e+00 3.409635180239708685e+00 5.512450604362751250e+00 1.433216877461553629e-01
9.846487888459196647e-01 1.580570462266464027e+01 5.157955838863720999e+00 2.940216522427541723e-01
1.065436640441843386e+00 3.261573128350403472e+00 5.366523846537599951e+00 9.143755972001296750e-02
9.752321175032262479e-01 8.021051461484519862e+00 5.224668850209523541e+00 1.878821265579091460e-01
1.039632195581525531e+00 4.924147475880161551e+00 5.306161978015768277e+00 3.689492213330541892e-01
9.712661888348733674e-01 8.824654302233032155e+00 5.146039966745628469e+00 2.145794331077510719e-01
1.377412303164289531e+00 7.012247842032730105e+00 5.539639389937479841e+00 1.755569517100740995e-01
1.244673018914636442e+00 7.228852372764446699e+00 5.480058537444747913e+00 9.830228778064697970e-02
1.219515165604592388e+00 5.205177625693266030e+00 5.562902755290133783e+00 7.891363418321289958e-02
1.247331953520517622e+00 6.452346770567394252e+00 5.108745040369645274e+00 2.370163934579668508e-01
1.100080574129291389e+00 5.737915536973339670e+00 5.342779055681016409e+00 2.870384578722149915e-01
9.120397502119343969e-01 7.331232134221258079e+00 5.009267335061746707e+00 1.136019381427706698e-01
1.049703243667355235e+00 3.537646846917795962e+00 5.670054379232592368e+00 2.604489215843350802e-01
1.107960878742140221e+00 5.294090415338889244e+00 5.388040445449821192e+00 1.675936372109305683e-01
7.512387071343556988e-01 5.513384157190449386e+00 5.412121706375761399e+00 1.351138521347836907e-01
9.298930869933396126e-01 5.322423702919677702e+00 5.352935074107113778e+00 1.667774887200042522e-01
1.031068937878031111e+00 4.881281678267747282e+00 5.298487962223138226e+00 9.248907486701389569e-02
1.136012816060615771e+00 5.268065660672810679e+00 5.326867246360998287e+00 1.661813807700220080e-01
1.044582675404161831e+00 6.756292928042396007e+00 5.272895444530433906e+00 1.971093973416640777e-01
7.026957857691908949e-01 6.907956900511465825e+00 5.332387764262375818e+00 3.884321640223822869e-02
8.313609717553355205e-01 7.764606529133289747e+00 5.517565156918306180e+00 1.321873982737730158e-01
1.289568200197144909e+00 8.449883256293713174e+00 5.388240183527511107e+00 5.228543995363268970e-02
1.165918385063301255e+00 5.361397558107678485e+00 5.092318837557240130e+00 2.636195693798316086e-01
9.306547122592957466e-01 8.268226641884588446e+00 5.355199112309357190e+00 8.309545045063994329e-02
1.342084793750637717e+00 8.542843843306780371e+00 5.361707713782936757e+00 1.209109403827521440e-01
1.084036587838532073e+00 3.705677776767832832e+00 5.206618928224301612e+00 7.519819783750003594e-02
8.898059232105804961e-01 6.520075643973825663e+00 5.513773426521627385e+00 1.818718799039907019e-01
1.303288086976034821e+00 7.770999581412539214e+00 5.235776010781029832e+00 1.173450551392881125e-01
1.306124151676505196e+00 6.575708059691452334e+00 5.466660820474392501e+00 1.182673708597552914e-01
1.031229941559827612e+00 4.543239561648679370e+00 5.397840956479088348e+00 8.054175401026841818e-02
1.025510528322213233e+00 9.022600952202441960e+00 5.460069381327323335e+00 7.592473274948213779e-02
1.088140897664577222e+00 5.746020174270156211e+00 5.327841975661250729e+00 6.697588172834596787e-02
9.083779323702598774e-01 7.641435922508460266e+00 5.405330730234694236e+00 1.133469978755726193e-01
1.062950273420360858e+00 5.584030717982197523e+00 5.285319713767080430e+00 1.935722597147928881e-01
1.032913087025572718e+00 5.126371419999138368e+00 5.524957522735302717e+00 1.824842235885429376e-01
9.590333300368234504e-01 1.336268156715151534e+01 5.368456256310976116e+00 1.149280459388701270e-01
8.873653809854891161e-01 1.127117713232359009e+01 5.111891133095012307e+00 2.588736729386235114e-01
8.997844274341451065e-01 8.442027643879907117e+00 5.341508834062411282e+00 1.135955209541996552e-01
1.007860652350742958e+00 9.330337002260010948e+00 5.363851907331243396e+00 1.602273448438147063e-01
9.974380687375400401e-01 7.106854466459838982e+00 5.247895515824377632e+00 3.356181319624790271e-01
1.017548326738898279e+00 7.095977321342357591e+00 5.206381318958412940e+00 1.044697998034666148e-01
1.013073744312658508e+00 6.341521244382800404e+00 5.511736033575968641e+00 6.667081169599405055e-02
1.366066500572356013e+00 5.865731127611653051e+00 5.589555748983690897e+00 1.432680236828939857e-01
1.275153510263494105e+00 4.574760504215714008e+00 5.577327230446123885e+00 1.346790672229280506e-01
1.140082682059408770e+00 7.372871635708934335e+00 5.567352961057403959e+00 9.716725348519437977e-02
1.106933827195510034e+00 9.585202560705500474e+00 5.565463221964490614e+00 1.279800762846236006e-01
5.702160950231611736e-01 3.379765625424948183e+00 5.214696380031210943e+00 7.768401088580786928e-02
1.549417867643071656e+00 6.695839020362868155e+00 5.774250504117480531e+00 2.925271623782160768e-01
1.094781676267781112e+00 6.944833473431594406e+00 5.721125165387848988e+00 1.462119354483003564e-01
1.165342647856702385e+00 1.001999674652686068e+01 5.493636309745321356e+00 2.161241259402995052e-01
8.816622492664392130e-01 5.933089217905674673e+00 5.405769148477178376e+00 1.722920992148703756e-01
8.143368062007799724e-01 4.953410645639482190e+00 5.487327744251334849e+00 8.370831228708555671e-02
8.779864026795001219e-01 4.090577074649428546e+00 5.494137169729236270e+00 5.589197888390455560e-02
9.716708869781270907e-01 6.287081565662071547e+00 5.332163641427756673e+00 5.046986688213606770e-02
8.962627935683686875e-01 7.417216620004607464e+00 5.438506055666600503e+00 8.451708496127836867e-02
1.192576213126431028e+00 8.306064515938730963e+00 5.545628339258232842e+00 1.909729587585371202e-01
9.566813014629198531e-01 5.163030397147784001e+00 5.549350529717214542e+00 2.836135663787097694e-01
1.055649793147055870e+00 4.529774915028273341e+00 5.396782324219469906e+00 2.001930268907538002e-01
1.096751668555592696e+00 1.008780793330017289e+01 5.503049696404793245e+00 6.935742722322275899e-02
1.033064878961385213e+00 9.677253945176895300e+00 5.369678798651006169e+00 8.356110299187249901e-02
1.245554264443532455e+00 3.444616627191365410e+00 5.208697360503392382e+00 1.708523090306762748e-01
1.001405126270563439e+00 4.060361577524420618e+00 5.206744829072582625e+00 1.534079891889088276e-01
1.495181605467077457e+00 7.517815679339298285e+00 5.436565076796570750e+00 3.023894538508734575e-01
8.854773778166395992e-01 3.931544741722296177e+00 5.386372467794672936e+00 4.249482436358670290e-02
1.022575385058958730e+00 6.161106087063784820e+00 5.294508502866364097e+00 8.413353903342894735e-02
1.136945620686755642e+00 6.859416353688451373e+00 5.532690697705300309e+00 1.399377025645616723e-01
1.181414346891623834e+00 4.640024425660164376e+00 5.504241813952138962e+00 1.549702109076571133e-01
1.120478517821065445e+00 5.355483040815924412e+00 5.514057695934869052e+00 1.290422789999985664e-01
1.003043084653651551e+00 7.380481481620879691e+00 5.357596120754851476e+00 2.334452759489526186e-02
1.303696389788941312e+00 7.383394962491652613e+00 5.659923913060112888e+00 2.693754401497104878e-01
9.776610992298055969e-01 3.905109601030062105e+00 5.465846746627664565e+00 2.381265013504878236e-01
1.314688153191210018e+00 8.683535077658477874e+00 5.297717997230157572e+00 2.567733351897685118e-02
9.289185402047146489e-01 7.238169960303004302e+00 5.516265651070965781e+00 1.493571468056637541e-01
1.220276002982380259e+00 5.797036334086501874e+00 5.327337663962102177e+00 2.638344828309767687e-01
1.346247756960935016e+00 7.063823837945641060e+00 5.363758675021425226e+00 6.712007890907166485e-02
1.073124740736271843e+00 7.394535881610056371e+00 5.688232957032550274e+00 1.893499601203847971e-01
1.268331340639065719e+00 4.819860098603492737e+00 5.459621526551887705e+00 1.456616545160058507e-01
9.277836953582089263e-01 1.087140189807047364e+01 5.364975786543006997e+00 1.816338418078088934e-01
1.142706687877409699e+00 5.435207830599564360e+00 5.072283799065314902e+00 2.109605567603962950e-01
1.332750738855986050e+00 8.156033324677133933e+00 5.459807054517164637e+00 1.382846053666918484e-01
9.364895150400145418e-01 6.529089509031999583e+00 5.467858410510283207e+00 7.015665670245044283e-02
7.279863223178185683e-01 7.741808633653590732e+00 5.337967760308957033e+00 9.340440649780804017e-02
1.139069404329744684e+00 5.448230632727981693e+00 5.457684964508671577e+00 9.413372538132896983e-02
1.242478222526793408e+00 6.870212708423539816e+00 5.020459508904813184e+00 1.993111622262345728e-01
1.081346704452365470e+00 9.048614185094505658e+00 5.768825631999433767e+00 1.742555110574799393e-01
1.206930362124169820e+00 8.004097925470759378e+00 5.482450052719238798e+00 5.949080638025130985e-02
9.912904478356548976e-01 4.307614654540352639e+00 5.563201325313750445e+00 2.573923159487011003e-01
1.217086164042581409e+00 4.254592655246539401e+00 5.416617401091689210e+00 2.845526347557977287e-01
1.229241428810279535e+00 4.988321236035331729e+00 5.491728895102400365e+00 1.709580066177911195e-01
1.220309012200456955e+00 7.056247553241824733e+00 5.429493632611121612e+00 3.030471191129299746e-01
1.307329920555556857e+00 4.325447301829201230e+00 5.381137838265092732e+00 2.458268558368914003e-01
1.027612581778057033e+00 6.199180815776040632e+00 5.361544918713605945e+00 7.226112549410357300e-02
1.024781327825037724e+00 8.126496311806107542e+00 5.376620835675334220e+00 1.904561875699231910e-01
1.160904783283526642e+00 5.867521414246552602e+00 5.395199258874566972e+00 1.678941255203451055e-01
1.155399307034466583e+00 3.064493747456592754e+00 5.429673893740362800e+00 1.700781500492480336e-01
1.095413757411641598e+00 7.645328138178042465e+00 5.729054637491048041e+00 3.032040141800245170e-01
9.979061305114251823e-01 6.026013387037034263e+00 5.293682166554197543e+00 7.296693295521416989e-02
8.563427137643099263e-01 7.422491022527048621e+00 5.331580518419622550e+00 1.399847007795606557e-01
9.183425260544373359e-01 5.651148812241540753e+00 5.439504759654755439e+00 5.162788267281244181e-01
9.230713066336272421e-01 4.538441238639413733e+00 5.416813034158422191e+00 9.279465238899094193e-02
1.013169082776237184e+00 7.321355666468277512e+00 5.466493410194991576e+00 1.397751766095098880e-01
1.048284209883557638e+00 4.786262084252139282e+00 5.374060819555396051e+00 5.262035402283223723e-02
1.160162037333203777e+00 1.255005678399001035e+01 5.545716688803385530e+00 1.288953590549524464e-01
9.813217019983990763e-01 6.913754322328425239e+00 5.289186904010484191e+00 1.581995001957915425e-01
9.076824102930497462e-01 9.365787333068150033e+00 5.157364906079703992e+00 1.658712935747196915e-01
1.064037438631868948e+00 6.036805121395327767e+00 5.530017335204965967e+00 9.692003757258141339e-02
1.092798101590248372e+00 8.156332432263694088e+00 5.409152736758105817e+00 5.970131187403427547e-02
1.104911043281707306e+00 6.156133875832958680e+00 5.522741863148051600e+00 9.794355954881830972e-02
8.880597637652100085e-01 4.267599585278434304e+00 5.369010232973601582e+00 1.108929692799403843e-01
8.831081718679423265e-01 9.924757543011093475e+00 5.390944800303347328e+00 9.034027753759871215e-02
7.093238323429938985e-01 7.818454276255970115e+00 5.653418891268529478e+00 2.153141404819058635e-01
1.528438497786166694e+00 3.875081150208913083e+00 5.440918606017692838e+00 1.346950115650037416e-01
1.333039857400196704e+00 4.431491886295657601e+00 5.455790176553790616e+00 1.191155518369638455e-01
9.177675099562039307e-01 9.054053680194664722e+00 5.421141072705755626e+00 1.239146759270610548e-01
7.791107698472385934e-01 7.441288430017864108e+00 5.212827355586203026e+00 7.631880470179830400e-02
1.112906825415157064e+00 6.445986486643739077e+00 5.653284484712699509e+00 2.089775541071844933e-01
1.617462632700312541e+00 3.053458818509311889e+00 5.340745949516821689e+00 8.473412290499003630e-02
8.863082127122047238e-01 9.820630375663212064e+00 5.435059478289487878e+00 1.706206084317123950e-01
1.289448517873859279e+00 5.201666712877635490e+00 5.494424938276304182e+00 1.847242504706100852e-01
1.122601782480093791e+00 4.233517225729717559e+00 5.302334955807023853e+00 1.958718047683631613e-01
1.063403992152506028e+00 7.581069440396341896e+00 5.190414343137137010e+00 1.608576355663089708e-01
1.071419613889684985e+00 3.938145744936386805e+00 5.306147034388388306e+00 1.804657677892497203e-01
8.997674264501522856e-01 9.285783823061475317e+00 5.387028675876631922e+00 5.837797735370136437e-02
1.095580914027323605e+00 4.112435645938957052e+00 5.296671580066698581e+00 8.657470111831380710e-02
8.996230938361690077e-01 8.462172467537595111e+00 5.369982665977488523e+00 1.431586116762847971e-01
8.691888152808695533e-01 5.866959378569013950e+00 5.280683057906745859e+00 1.829359531008462325e-01
7.926418257545653212e-01 9.907521724201600932e+00 5.457631029559913749e+00 6.079686980241118949e-02
9.663082723470854951e-01 5.794516676272135847e+00 5.319711954935582021e+00 1.025794164126677954e-01
1.095908286226805251e+00 1.128674927950510920e+01 5.536549020697493440e+00 1.096312974240884197e-01
8.956753831542429989e-01 5.129861272122774096e+00 5.441800356791129722e+00 1.480928010604593836e-01
1.111080328187051602e+00 4.641462277403173076e+00 5.301034433870644769e+00 8.164226316284507734e-02
9.867511947760796431e-01 7.129576707466403818e+00 5.510869817553289529e+00 1.548520201410910346e-01
1.459774005286519127e+00 4.308691597417838359e+00 5.486208729112719951e+00 2.990056882337043254e-01
8.659096367412324469e-01 6.837554390989240005e+00 5.321013851967330233e+00 1.127004664145270230e-01
1.231252431656538526e+00 7.155467631296076547e+00 5.058461604862420913e+00 2.085934285039438285e-01
9.262976670744751395e-01 1.293800037804897585e+01 5.460469078023276523e+00 1.191098545170514861e-01
1.185939271698427389e+00 4.870704647813591137e+00 5.464085012921249707e+00 1.180613252451264555e-01
9.650340307974116794e-01 5.971352603788099955e+00 5.635561349640956230e+00 1.605072762447189993e-01
9.048789828379329991e-01 7.324447816225672980e+00 5.417381899105555121e+00 1.112584715317880002e-01
1.043002130816994333e+00 6.319887564375827438e+00 5.141147250560554660e+00 2.250647161935701857e-01
8.840496350068109965e-01 5.531940467730400712e+00 5.508549776387115848e+00 1.481006668349066635e-01
9.804479980450286902e-01 1.125173527989995925e+01 5.685442259961455136e+00 1.228246597603949719e-01
8.121065799559891163e-01 4.504406831102985009e+00 5.421851793585904744e+00 6.798783054060592024e-02
1.722159633248872002e+00 5.222535602853561443e+00 5.548867271943630719e+00 8.747457987471982110e-02
8.266969535887087606e-01 5.872909854604517754e+00 5.369850178936498963e+00 1.359657963276935666e-01
1.190617337436687739e+00 7.847411383918528216e+00 5.335515405110471399e+00 1.177154018090967313e-01
1.247810911969152059e+00 8.312180358314021689e+00 5.293750224911279112e+00 1.509551210357420459e-01
8.479443902290623170e-01 6.973974416723403458e+00 5.476074199092650474e+00 1.341227382938581791e-01
1.045357921681339120e+00 1.090066579915892220e+01 5.449476026646305371e+00 2.609212980793551018e-01
9.784355496158250176e-01 3.516449851347444699e+00 5.536185201748588192e+00 1.859389082101688406e-01
9.797220123039428463e-01 7.493606918550631768e+00 5.487213774702455638e+00 6.267581834505520089e-02
1.373593555516423370e+00 5.093273032265015487e+00 5.464111827656281228e+00 6.047319880324762698e-02
1.034575058368241818e+00 6.500854313336811074e+00 5.160461702336015755e+00 1.879960875393499875e-01
1.162500851377125111e+00 7.156256664764517161e+00 5.577286933198951857e+00 1.156517282623018006e-01
8.988671576273359332e-01 1.058075926766249708e+01 5.436123393009954619e+00 7.641333652609133553e-02
1.014137420530501155e+00 2.800450147179051719e+00 5.362878326082389790e+00 9.597792911139049754e-02
8.219689942636949631e-01 6.443972110924042873e+00 5.599052013268666528e+00 1.001035040862351955e-01
1.333509531005644622e+00 6.903755116691515425e+00 5.497989813829216033e+00 2.824820647097239790e-01
1.755936818244894004e+00 3.451115900866966513e+00 5.264260214444018260e+00 8.380474152741397564e-02
9.884852246081128335e-01 1.010805568547544020e+01 5.462865327718391839e+00 1.203610207357825729e-01
9.750789251263751733e-01 6.001330801751129762e+00 5.619956434818558222e+00 1.705001893815396019e-01
9.562497363873529999e-01 4.211813208101195194e+00 5.523543438139975947e+00 1.258696399686555778e-01
8.314365334238205119e-01 8.728478348186822444e+00 5.350587869358480297e+00 8.798439409654884580e-02
1.140248707533719097e+00 6.522320212797200867e+00 5.423833394302819855e+00 9.114562966087727536e-02
1.261220642371510881e+00 3.835964345568066758e+00 5.215906355766398050e+00 2.505736679621438645e-01
9.384991773257785885e-01 7.704255178669939141e+00 5.333050556615796189e+00 1.161413533540013449e-01
1.248828568396990191e+00 5.970398258659530555e+00 5.559758564491082744e+00 3.097784150995397390e-02
1.402851570078309074e+00 3.430512604403872068e+00 5.450848993788254049e+00 5.926077207379022715e-02
1.012826056323887780e+00 9.109044427319677339e+00 5.428982644538830726e+00 7.129164397802018049e-02
1.000102994345206886e+00 7.396188873354395454e+00 5.428053084715546817e+00 1.622195057296738907e-01
8.647063691267787844e-01 7.940863981885637024e+00 5.429170146182303647e+00 4.615047405125878577e-02
1.179998438861374455e+00 4.041927793151828929e+00 5.174884946011458986e+00 1.534237882563886102e-01
8.970020975360235571e-01 4.286317157148962664e+00 5.281700075891693658e+00 1.336020814551094615e-01
9.629166129200739110e-01 4.412679995044880066e+00 5.452068099165822801e+00 1.297556101119032024e-01
1.384307312881887242e+00 8.219497882465370608e+00 5.323265091670300819e+00 1.032650668450913745e-01
9.136698201416011411e-01 8.996083926239375472e+00 5.615020875015185986e+00 2.317934841666256240e-01
9.897168566566123538e-01 6.287445313723539542e+00 5.734133911846962306e+00 1.874538754569106402e-01
1.252356173226462310e+00 6.464967767116178265e+00 5.336727434894572575e+00 8.882369260129044375e-02
9.595951199220538186e-01 7.449952428307456742e+00 5.520180783697392179e+00 1.709460678744244566e-01
7.854847506548972014e-01 8.411807308622579527e+00 5.215059992696120084e+00 1.428733778900128093e-01
1.106432674198118526e+00 7.799445893630636562e+00 5.347184385094093884e+00 5.097938183260868061e-02
1.100975185777338439e+00 5.157176296627027590e+00 5.416062225895133864e+00 1.229601787079354913e-01
8.031001785477701604e-01 5.876578219123326896e+00 5.197990141751978044e+00 1.985529722717794543e-01
1.037801605173720221e+00 4.180091133885042609e+00 5.467835246374944447e+00 8.529519101453260366e-02
1.207987150918011565e+00 4.843356746009826352e+00 5.592052941601981075e+00 1.467360409480115702e-01
7.555093322051151805e-01 6.678703599737133345e+00 5.413101903374333723e+00 1.819863152285407515e-01
9.182097020433052093e-01 7.656577065877767652e+00 5.726215111588128792e+00 2.584253964941684023e-01
1.025762562133226918e+00 8.403943265001180052e+00 5.395550045639138759e+00 1.380748841590521414e-01
9.781216522159659199e-01 8.431173245307228115e+00 5.457305003729437942e+00 4.368782526486195833e-02
8.893979703317801411e-01 7.625189427560038702e+00 5.443596629039623380e+00 1.326864161381261231e-01
1.356345932212091210e+00 5.071685447791530521e+00 5.452819119341817178e+00 1.563589577616079640e-01
1.083420773516893032e+00 5.697773883720889110e+00 5.342398170812336922e+00 9.951826851048289901e-02
8.863351477762920760e-01 6.103489503150412610e+00 5.454580008673679536e+00 1.064174790275595334e-01
8.046439460147538636e-01 6.668187219651561470e+00 5.683468533746358631e+00 1.404732133114270642e-01
9.632398177270062867e-01 6.443328606394206126e+00 5.399392927893250871e+00 3.048697861974510315e-01
8.805908151237359371e-01 5.956796510288666191e+00 5.407761124105403105e+00 2.958948047211495402e-01
1.672444949571301187e+00 4.220935236939845403e+00 5.517274963755405714e+00 1.344772878991493947e-01
9.468080347173095657e-01 6.924880706348250037e+00 5.213495301195619547e+00 1.530946220954205739e-01
9.418410541317203677e-01 4.493398019997496107e+00 5.798321713534408062e+00 1.601244469196194953e-01
8.602829419903175179e-01 5.782631827635309918e+00 5.478500184808235751e+00 1.049483653148874096e-01
1.109210901382475800e+00 9.684438448984218795e+00 5.200029756284919813e+00 1.435625702877455223e-01
1.218288134755372232e+00 7.378248209645303035e+00 5.389665321192280700e+00 6.344356326231491428e-02
1.092441690754573536e+00 5.676211566963798028e+00 5.270767046125507171e+00 5.970306085433026155e-02
1.034543168860188045e+00 6.622039084019515798e+00 5.287674043700420157e+00 1.639306163246428971e-01
1.099475542577305731e+00 6.976194193852577996e+00 5.696914144816243031e+00 2.111862755257830904e-01
1.019251701809726018e+00 5.362336536029930656e+00 5.628985213053650405e+00 3.088184255816531221e-01
8.790975183211142685e-01 7.750647829532620214e+00 5.560099695295321887e+00 1.251167991167156379e-01
1.278023718544492926e+00 6.702495741410945840e+00 5.395822005061065241e+00 9.610021286033235133e-02
1.294749263334942668e+00 9.266581451419067861e+00 5.344815556629856523e+00 1.517675317355381970e-01
8.364406007156771627e-01 7.131540019213218784e+00 5.300316624774350061e+00 8.368924137024316701e-02
8.560073145550379792e-01 5.737045343547489296e+00 5.263969567580771169e+00 1.375370083035986069e-01
1.124007395975992640e+00 4.787773885199175794e+00 5.321036283707311298e+00 1.507911753851223502e-01
1.137365571164026701e+00 9.754977746878772393e+00 5.900585557670070536e+00 3.524628405156952082e-01
1.306261658483574450e+00 4.701637003820711591e+00 5.321915609083906595e+00 1.109549391909585569e-01
1.175366791999749028e+00 7.825808571337081965e+00 5.598689808972363124e+00 2.423431901182952486e-01
1.087131703365799229e+00 9.652949292558277605e+00 5.616030343676029268e+00 9.847805625057914902e-02
9.790982979037601286e-01 8.379435655342080125e+00 5.432481321065075086e+00 2.603338602010502600e-01
7.999836197919897307e-01 6.203791652798932077e+00 5.615744529455215073e+00 1.086809995607566220e-01
1.178716625890797509e+00 8.380511351523212582e+00 5.765977645800769658e+00 2.110216041627893113e-01
1.020027054765805241e+00 1.058842755985223327e+01 5.282280843009086624e+00 1.331954290315669198e-01
9.396186239491030046e-01 8.607015216996524387e+00 5.473438565060130045e+00 8.855614322726809706e-02
1.033934167452663422e+00 3.956484058078465704e+00 5.301465252198833689e+00 1.946038552350392303e-01
1.004758314243447526e+00 5.819054042093978474e+00 5.307850545236601825e+00 9.162569762860181544e-02
7.664201139804249774e-01 9.233688035665743143e+00 5.432161105345596042e+00 6.724218086067396127e-02
9.242057826300656975e-01 6.860411834454170688e+00 5.269310488389543856e+00 1.287648635709081335e-01
8.671836619737888219e-01 4.054188312705267805e+00 5.279033821523372083e+00 9.594059430275916900e-02
1.134221623801958234e+00 6.125980327470324838e+00 5.380713674514685962e+00 1.527482534098241751e-01
9.192344298098803490e-01 5.425851390029872157e+00 5.639336143039487048e+00 1.210351834781334956e-01
1.173629095049826931e+00 5.245242988996013267e+00 5.505521157787746311e+00 2.499872341697536304e-01
9.503142041421653863e-01 8.341567310174138328e+00 5.585518879054355068e+00 2.313216464230858915e-01
9.263283245366165097e-01 6.569497097267346319e+00 5.169001502276925564e+00 3.205898059838728220e-01
7.636328463447491499e-01 3.236390125653346495e+00 5.287572749495789814e+00 1.085550154140543927e-01
1.357611510080743322e+00 6.822449300431499886e+00 5.223853111855329523e+00 2.074966216272725039e-01
1.198312653289098195e+00 5.220288894372871802e+00 5.274187904091380830e+00 1.442978434234343799e-01
1.053975862884380277e+00 4.699491883123838143e+00 5.373808472592895846e+00 1.867135563671618315e-01
1.139901662881650513e+00 8.726426599739975032e+00 5.430551313814113712e+00 6.960023908927226444e-02
1.083226966093535859e+00 1.074094835681863636e+01 5.268152522174979424e+00 1.553156325533101290e-01
7.906591475188394780e-01 4.767857842450803574e+00 5.211577479784911482e+00 9.929646950348967882e-02
1.140304975117322872e+00 3.656408404394368095e+00 5.496562882182308485e+00 1.518034581217257983e-01
9.105118839697126099e-01 9.303358702616586484e+00 5.785880059460033920e+00 1.363568560089046811e-01
9.743074280157789646e-01 9.901468400578378848e+00 5.382371370732498050e+00 8.443312790164432535e-02
1.159792174136995868e+00 9.948254865268328473e+00 5.435231410079060410e+00 1.626765343299408084e-01
1.093936642275725735e+00 6.562063250914311752e+00 5.750156761789217086e+00 3.773483906686125877e-01
1.224452514985712615e+00 7.387978906869889784e+00 5.428057717485299527e+00 2.850494168845091325e-01
1.018876210015591699e+00 7.816471061133514198e+00 5.205561591589871639e+00 1.084944969110371721e-01
1.160657094557093094e+00 5.729758721229580409e+00 5.555724819383631718e+00 1.554124113387416184e-01
1.019563517357016780e+00 7.712676750515660373e+00 5.527628037729729549e+00 7.625779638838671437e-02
9.249561641752205299e-01 3.083775392692657658e+00 5.169016146277229495e+00 1.220202511331269779e-01
1.091993960009379094e+00 5.707337011849514141e+00 5.207655502433040873e+00 1.060333842621843520e-01
1.172786137088563052e+00 3.461317254810268196e+00 5.337095490592761671e+00 1.465976330839043607e-01
8.269761363951108057e-01 4.105926433440058254e+00 5.353414813958674578e+00 1.143272623546277011e-01
1.207463486894506222e+00 8.820264072897270324e+00 5.372502503470124147e+00 7.689824204396518426e-02
7.814895683814178096e-01 6.402863917233934998e+00 5.358915532745462507e+00 1.300693223082888816e-01
6.668016540241268331e-01 6.001447845554709559e+00 5.557105310448505975e+00 2.877579998878597722e-01
9.318903431991697461e-01 4.832722415674937544e+00 5.519539774302199220e+00 8.311745152242816514e-02
1.016370413246868276e+00 3.508615498929400278e+00 5.443340988133886782e+00 1.069201261309432882e-01
8.074832473561184276e-01 4.967974618184945790e+00 5.531035441515758322e+00 4.039684796982341564e-02
1.196001122652805559e+00 5.685789418973879350e+00 5.634819506678616641e+00 1.275509559064709475e-01
1.004106997642781218e+00 5.006586421849831936e+00 5.469338156480728408e+00 1.642872701573912797e-01
1.114820031731165395e+00 9.085742833050911571e+00 5.599959864413209587e+00 3.206339853050865774e-01
1.117402340156654184e+00 4.198835600101083365e+00 5.690131775508469048e+00 1.615775476070751837e-01
1.051460778981237354e+00 6.894568312034952129e+00 5.435435372306976376e+00 1.467749766319122739e-01
1.039314069984919708e+00 6.779305451510243330e+00 5.410653029374560496e+00 2.091514876446393667e-01
1.049281008924718650e+00 6.004296911865278474e+00 5.445990108958312703e+00 1.413158472112428510e-01
1.568026029775060115e+00 3.565520793774831887e+00 5.290637402139688916e+00 7.092351087973851331e-02
1.180568488717425035e+00 8.899985814920963634e+00 5.391261443475671378e+00 5.559406381358097948e-02
7.158061821970200800e-01 4.650957174637929015e+00 5.504245620382352655e+00 1.499527033208761517e-01
1.039868494367684360e+00 5.666453250453926671e+00 5.496431449894324750e+00 1.186907999791053381e-01
1.074229137190843453e+00 4.819317816297090218e+00 5.354207389460815314e+00 2.087697648368954662e-01
1.071243979563725635e+00 8.366478750614284365e+00 5.429351183009887727e+00 2.909088317152459524e-01
9.181564821869778736e-01 1.185946115329362804e+01 5.358896681278883634e+00 1.947341725338154750e-01
9.552481240288133169e-01 5.216159692223238942e+00 5.412775996816134416e+00 1.381198653764275919e-01
1.306667402921602328e+00 5.551531834939532395e+00 5.358382689036197633e+00 7.112116718712896413e-02
1.369092491365320186e+00 5.589481646343453569e+00 5.420667632619609932e+00 6.926953573834424005e-02
1.531963614146437669e+00 9.377234844005730707e+00 5.334695241305928981e+00 1.550034184333075049e-01
1.285899329792792090e+00 4.113033605679969895e+00 5.249024972815755419e+00 1.727800110459408178e-01
7.791911708881174015e-01 2.923893694058674164e+00 5.288765182413238009e+00 8.664995618991400139e-02
1.268910327157996454e+00 3.552576191567957231e+00 5.382975652515688658e+00 9.790910250688089622e-02
1.302249207334458925e+00 4.005896427938841597e+00 5.504029013810345816e+00 1.122804229184413694e-01
8.227605592484155128e-01 6.182546882135859789e+00 5.410633395363718456e+00 6.259719617309891793e-02
1.374836002051740280e+00 5.168107654123025085e+00 5.420939538543406044e+00 5.615770421192892159e-02
1.007702891087364439e+00 5.304928396707895288e+00 5.249107771897935315e+00 1.179219862952627235e-01
1.292405507750615579e+00 4.420794359388466432e+00 5.342170789456957891e+00 1.022018332108965699e-01
9.831408282935716336e-01 6.934501661140997975e+00 5.489617890516286458e+00 9.287687361350761839e-02
1.412918006660758508e+00 8.895595143511487279e+00 5.734820837603672672e+00 2.061743177350534029e-01
8.522634482507522868e-01 4.676341897218537547e+00 5.375301947664108404e+00 1.066826349397711760e-01
9.492556968130667627e-01 8.679479122011166226e+00 5.847841130469165982e+00 1.615820230818960090e-01
1.043930517709712236e+00 4.689987358388671979e+00 5.289112995417966090e+00 1.203132233150405739e-01
1.509156421322248365e+00 4.695587541933328168e+00 5.347670056414877138e+00 9.285945632828565555e-02
9.822218821947171774e-01 6.247066383510303744e+00 5.613313737362181755e+00 1.603938234757718018e-01
1.249703197475928507e+00 6.094749380885711609e+00 5.403438357463172359e+00 1.262585466153833824e-01
1.095289977274937598e+00 7.754300339777763007e+00 5.403952758687494473e+00 1.518710393248430268e-01
1.033903788144619362e+00 3.224391984239398212e+00 5.426799520840230429e+00 1.492421175249227516e-01
9.919109023644483436e-01 4.356703043740093761e+00 5.373058326573865173e+00 2.433816637606895095e-01
1.013521042761688751e+00 1.156381287287328696e+01 5.535732129842886984e+00 4.751365212995877635e-02
8.631198190894342481e-01 9.553240089777332855e+00 5.437606741123227394e+00 8.036758955440514995e-02
9.782809554593876467e-01 4.901853352794772078e+00 5.331556636887242462e+00 3.155510593809308928e-02
9.927743991133786139e-01 7.983268173322223049e+00 5.358221697930183325e+00 9.586919254753833997e-02
9.369094473282851832e-01 1.161885486406601053e+01 5.746051084178631640e+00 3.386006264564707102e-01
1.067189802353245787e+00 6.431217675643104315e+00 5.513568829968456875e+00 1.889075976816735059e-01
9.835260397005978206e-01 3.942754578239908270e+00 5.552327491518151525e+00 9.660786385614571203e-02
1.351901518057723850e+00 3.867363848785234204e+00 5.387411853970803577e+00 1.092256731640964262e-01
1.085529090288520626e+00 1.107300440789875218e+01 5.573102538202513223e+00 1.606286198905495788e-01
1.032038948438299020e+00 7.550744556091137483e+00 5.478372600714537022e+00 1.784282698245137078e-01
9.941088803969357901e-01 8.592055259221545782e+00 5.522989919778268586e+00 2.629794478876076869e-01
1.250086360347245851e+00 8.837102693104331053e+00 5.401466066399791544e+00 7.478782678341917844e-02
1.024942575470138229e+00 5.632561252383654349e+00 5.218995400754025127e+00 9.997925113492578397e-02
1.219457687770288512e+00 7.830945999859443063e+00 5.364081205490742299e+00 1.542032397216307193e-02
1.070837227445166961e+00 1.021598479374044821e+01 5.435775205217792561e+00 1.402645265633792326e-01
1.167107738263879702e+00 1.396081985632588029e+01 5.728655469460304239e+00 2.753814473130712370e-01
1.271492439498451033e+00 7.554110972524920697e+00 5.356127549839044377e+00 6.544512013435534181e-02
1.222091200331480110e+00 4.864687111388120933e+00 5.592380580824837466e+00 1.841466991990402535e-01
1.583214863791958527e+00 3.432569508010857362e+00 5.436977191113848029e+00 8.700897986725138200e-02
1.292761542105812511e+00 7.300879742536307226e+00 5.043560562877678066e+00 3.360923964108109008e-01
1.097245929186438040e+00 5.665144941963730751e+00 5.421629959251401232e+00 1.422558084509462084e-01
1.272269086585859021e+00 3.920677883052851698e+00 5.451360378047802158e+00 1.671073492273730254e-01
7.483560961280072421e-01 6.379260657527527023e+00 5.568241069535942778e+00 1.807474777954565792e-01
1.024456447985939711e+00 5.598518261373148341e+00 5.381729577475175219e+00 8.353259439100149675e-02
9.089731502564268872e-01 5.491343489919601417e+00 5.325199721251131280e+00 1.457513185375313713e-01
9.878920109771108793e-01 6.981365704764160185e+00 5.577816673874006703e+00 8.333960939652544642e-02
8.689479885894646483e-01 9.574790867266219863e+00 5.313386378983506297e+00 1.065215646988273424e-01
7.767662538996117361e-01 1.086268325622323694e+01 5.466303842337242536e+00 1.824165648396838535e-01
1.137692766340780537e+00 3.361484592536771565e+00 5.444835801651355389e+00 2.317555660750124924e-01
9.702514606614828230e-01 5.920573995331637640e+00 5.393740301550419503e+00 1.359448791404783419e-01
1.276053721957394860e+00 9.355864577544760863e+00 5.543790168362428439e+00 2.366574207142997655e-01
1.018728067928969416e+00 8.911408582754846819e+00 5.442627625866500729e+00 1.569131075134404252e-01
1.125408963531017159e+00 5.482349594009177096e+00 5.571685507466142440e+00 9.621911503347010952e-02
1.291016914839669072e+00 4.412861770804029860e+00 5.620156332849388647e+00 1.954641450967652683e-01
7.392132143481251472e-01 8.199479188902204285e+00 5.194017695111329935e+00 4.797963804409025590e-01
8.803255166575241208e-01 3.465203817227557437e+00 5.597190686484255551e+00 1.805447687468502982e-01
7.557951183841806753e-01 7.229806001886766254e+00 5.302226666235957175e+00 1.866184628905456500e-01
1.323105515773221441e+00 6.910740560302333080e+00 5.474466058319483963e+00 6.435131477901145924e-02
8.461194665484265132e-01 3.698909532907924014e+00 4.928602891201209424e+00 2.001574029387348519e-01
1.172591198096251563e+00 5.727924340895137689e+00 5.382232341236719897e+00 1.656364202887900261e-01
1.073222788534538452e+00 5.987317028802126018e+00 5.541032255330291534e+00 2.223139514109792325e-01
8.988314885014220268e-01 6.019616597184844764e+00 5.346159399744290219e+00 1.546961003090256970e-01
1.462439581347755091e+00 3.584753055712360581e+00 5.344729063716462392e+00 1.366534312440811916e-01
8.101978118409413065e-01 7.067155347052327841e+00 5.575533908924923843e+00 1.826930118304531114e-01
9.475857262611784293e-01 8.128358791089683066e+00 5.296857129605312409e+00 1.019093075058342401e-01
1.160200461124119675e+00 5.221857181000994608e+00 5.430804997653694066e+00 1.069852290540860423e-01
1.239081787544779933e+00 5.509172061424590261e+00 5.520381897344408095e+00 6.023232196217662843e-02
8.957663446423247411e-01 6.447046413314374114e+00 5.358975839481277426e+00 2.377782848592089882e-01
1.049436653452410440e+00 9.684131942121771530e+00 5.308144077095492186e+00 6.794047519763798948e-02
1.100975185777338439e+00 5.157176296627027590e+00 5.416062225895133864e+00 1.229601787079354913e-01
8.583350425608785583e-01 8.231410899658408553e+00 5.052787100265848430e+00 1.286726118925294038e-01
1.042803869319576249e+00 3.729858234130714933e+00 5.292440824108062714e+00 7.450633028218818510e-02
1.059575986697641747e+00 5.977586618197510582e+00 5.498287742487566909e+00 4.019076020771270019e-02
1.379301533739886176e+00 5.308782923968649925e+00 5.431072978949351260e+00 3.156207731709435027e-01
8.563438092523536493e-01 3.183957202275654375e+00 5.427456016118711979e+00 1.804909934315981901e-01
1.040769453597895300e+00 8.260559663634756689e+00 5.482308046508063804e+00 1.044337893209663082e-01
9.896678655699155946e-01 6.079851839656009282e+00 5.616820388826025301e+00 2.450977318195913801e-01
8.678987166913960660e-01 4.642656390402121858e+00 5.382092893310139736e+00 9.533281660097234211e-02
1.227668674296274132e+00 7.412547228536819688e+00 5.565203088818805099e+00 1.528482611453755302e-01
1.060340777078004226e+00 8.587253607072815598e+00 5.562631582789049567e+00 1.629119708030810076e-01
1.114587323599459667e+00 7.703211863634123802e+00 5.366521365458233994e+00 2.300518740376309990e-01
1.133177132370853046e+00 2.947091266501907114e+00 5.434224598750414081e+00 1.228191096539568011e-01
1.876136335617908157e+00 3.893835694490348942e+00 5.514129516144192777e+00 2.208231412713093367e-01
1.112547163633514691e+00 7.043726465227369893e+00 5.444589013445242820e+00 6.184850767960084483e-02
1.160360620207503191e+00 4.314741857460408170e+00 5.446007529744323783e+00 8.347946931243553637e-02
1.074848018796086047e+00 6.189882649970148698e+00 5.306750687560898960e+00 1.871161966731540449e-01
1.416482933532970501e+00 3.854659400260889601e+00 5.572220899436698183e+00 1.711222728251081127e-01
1.350676343815396363e+00 9.172488392099362287e+00 5.493046273339053265e+00 8.770669675553746658e-02
1.095289977274937598e+00 7.754300339777763007e+00 5.403952758687494473e+00 1.518710393248430268e-01
1.101021790242162623e+00 6.036180479066199922e+00 5.539233279739944393e+00 2.585956099535102193e-01
1.355267357584686971e+00 9.826574519844312405e+00 5.454308390204728241e+00 1.635461247800204521e-01
1.151593516349660895e+00 2.931154188156545271e+00 5.691529148409752992e+00 2.818112133291940102e-01
9.219329085269815094e-01 1.123234025946877601e+01 5.462721581332598220e+00 7.176323876988463524e-02
1.091334618404962820e+00 3.003569289511831997e+00 5.417484769904826081e+00 7.376912158883310033e-02
9.872646359041569175e-01 6.432029996724994980e+00 5.416063294599894995e+00 2.116046097733854936e-02
1.180316967848925813e+00 6.756183569967110891e+00 5.416447994671989008e+00 6.917653405495877150e-02
1.071710958991639817e+00 6.437345549444470905e+00 5.476596504180951897e+00 1.668931296949077714e-01
8.715713547306190856e-01 9.382969315712987424e+00 5.491389941180400136e+00 1.029917223299720158e-01
9.298148356125666147e-01 4.344922322826941574e+00 5.483997144233718757e+00 1.099837618927358429e-01
1.207924395229707404e+00 6.406343285106729901e+00 5.509401758743273092e+00 1.589099169994202254e-01
1.331985439251042402e+00 7.689417331220778529e+00 5.411389364747692277e+00 1.941577433872137548e-01
1.175728842976204724e+00 6.251403465143829052e+00 5.171045732250742155e+00 9.289176799113763039e-02
1.041288387944502514e+00 2.784581284186332439e+00 5.284058059121794493e+00 1.378269668498083855e-01
1.037619137029717198e+00 6.032094309348067007e+00 5.396943754687535844e+00 1.285273557867326610e-01
1.053206285857360092e+00 1.040834566371638559e+01 5.454851932946619186e+00 5.294718166919830382e-02
1.063018838926964804e+00 5.441590503370314025e+00 5.480662907956407537e+00 7.849213493658577234e-02
9.137731392353930504e-01 6.366314337442378957e+00 5.271117657652223620e+00 2.492525824819601665e-01
9.469495469117145126e-01 5.969205678577750973e+00 5.415755024008837459e+00 1.097675259363755096e-01
9.626277853447051669e-01 4.958799292081241816e+00 5.288039102652238199e+00 1.667377675501516554e-01
1.127135909432095628e+00 6.527196001844327355e+00 5.251909291736938989e+00 3.069181293302166158e-01
1.012384650700503874e+00 6.936860476352180171e+00 5.554174992882259687e+00 2.085893206779967646e-01
1.049436653452410440e+00 9.684131942121771530e+00 5.308144077095492186e+00 6.794047519763798948e-02
1.198546165971122290e+00 5.817366665990174823e+00 5.413589837502129853e+00 2.099819083136258424e-01
9.613041882530607429e-01 5.775593696354828666e+00 5.408583553740169414e+00 1.522815104782920259e-01
9.886524648798858950e-01 7.239517535655819458e+00 5.595681290670331265e+00 1.463440844341251379e-01
1.046204739594387867e+00 8.891015549910001425e+00 5.309123366793285115e+00 5.762974143061401489e-02
8.884518892458952433e-01 6.923776643270642239e+00 5.439285970545750359e+00 1.616780987217842636e-01
1.111246389406802093e+00 5.939074951332333541e+00 5.608678824560158205e+00 1.411703508993950584e-01
1.027067386661167481e+00 3.555413633730116096e+00 5.868098426039852100e+00 2.714891329817444299e-01
1.059953365635832867e+00 3.451798680577152112e+00 5.022002334161756565e+00 3.256413361232520232e-01
8.242928776055931106e-01 5.368663010192391560e+00 5.325182050127951427e+00 9.019430439487884088e-02
1.440000947158690092e+00 7.383155870094591400e+00 5.539675388859225613e+00 9.123099106746664078e-02
9.255418844166903858e-01 4.850498332458507811e+00 5.355674852723696588e+00 1.108863421314537356e-01
9.216591958445227162e-01 8.528878235300251021e+00 5.220597076200027331e+00 1.453151777926885435e-01
1.368668718357904490e+00 4.684440271219609819e+00 5.604096243048762638e+00 3.873183997172670034e-01
1.009547804136748939e+00 7.585171210675007103e+00 5.310558704812252451e+00 8.681435803036569032e-02
1.206986836669851959e+00 4.984295634185094137e+00 5.445895069836685032e+00 2.786547361449613902e-01
1.100564638972635123e+00 4.411005054995792207e+00 5.188785590860094388e+00 9.113517618733259218e-02
1.367667742715708901e+00 4.972475383928681048e+00 5.225845676963822406e+00 2.029870791086342552e-01
8.446096770497538708e-01 7.453186934544761222e+00 5.357282294431676917e+00 1.406505020957476426e-01
8.795222473896942006e-01 6.862727813675585153e+00 5.098699685368734968e+00 2.049616451615006163e-01
1.167630229007064369e+00 1.106983972196417021e+01 5.249876749953449107e+00 1.485059197174782852e-01
1.075627586289065407e+00 3.218056549901094243e+00 5.378008006443304900e+00 5.599832557717587811e-02
9.548055828516632815e-01 8.965921600854738216e+00 5.222959607891723088e+00 1.402862173939010415e-01
1.105096914214574788e+00 6.060736138944426088e+00 5.058424249752291324e+00 2.393183762222209077e-01
7.377414292262695072e-01 8.063825627627643655e+00 5.328221244461242456e+00 1.025224021407739328e-01
1.023212573741379749e+00 5.622373609393134686e+00 5.427509295748525808e+00 7.571629361704160233e-02
1.198134718273795585e+00 7.903202753754255738e+00 5.451608002296659095e+00 1.232547638711277704e-01
8.403012066344687225e-01 8.659944567102559887e+00 5.219081767566768448e+00 7.403657348991782294e-02
1.119288905460124273e+00 6.648309893849392971e+00 5.382699518598244914e+00 5.772742239974391204e-02
8.218028910012791233e-01 5.335289300614840968e+00 5.343703291447940096e+00 5.412056831355067932e-02
1.094117719696874769e+00 7.276594861746249698e+00 5.368208471393748127e+00 9.407383053643944559e-02
1.564027506319105365e+00 2.297713852260464762e+00 5.441156072202693927e+00 9.317222399602928529e-02
1.465395063522766161e+00 7.133095242930522772e+00 5.491364977850937024e+00 2.674980547937685915e-01
1.443025037486309836e+00 8.028991814173659591e+00 5.570636254146323019e+00 1.563545020945660002e-01
6.843474066206759465e-01 4.365298732027294903e+00 5.432146583136899132e+00 4.806692331161226128e-02
9.621887127689533470e-01 4.421873741808477476e+00 5.526614507303698076e+00 1.318113913635147738e-01
9.715429417577055027e-01 1.146480818639405186e+01 5.462393788582281751e+00 5.647646668934206554e-02
9.308346945493175539e-01 8.255306894304725418e+00 5.336039928639324081e+00 1.201635767788622050e-01
7.495063916367623591e-01 7.917649738497532397e+00 5.583106815238386034e+00 1.478212058962720121e-01
1.349378739827569840e+00 7.904614440239202011e+00 5.366157996856480317e+00 7.758523519653054423e-02
1.059563553745081377e+00 7.424113987734295428e+00 5.415835432021992801e+00 2.204534041695400681e-01
9.254331719206216889e-01 1.161163704890477710e+01 5.322670535046731821e+00 1.667208172777448483e-01
8.102230073141719613e-01 5.997454219670284914e+00 5.415464072035111265e+00 1.349103421623027155e-01
1.189944668265717764e+00 8.555952557170130035e+00 5.634184939747059140e+00 2.254118928531002042e-01
1.033259352423514743e+00 5.584399130433083336e+00 5.318679560084347280e+00 1.414867269843083086e-01
8.796870698463199467e-01 5.294313062071508647e+00 5.465654129949812479e+00 1.522225454299576397e-01
1.166852510120127473e+00 5.475324206059454468e+00 5.743981167307127933e+00 1.854536952094606728e-01
1.626528659334190330e+00 5.199344205863768664e+00 5.369491849270290551e+00 8.181720496376454488e-02
1.419652676501692801e+00 6.084322963166247433e+00 5.526301006917741176e+00 1.398587598971011148e-01
7.975325539350824888e-01 6.271282186515533930e+00 5.259625234922697068e+00 7.301002645194097640e-02
1.004241769415783025e+00 2.581439305256203021e+00 5.626566512863249159e+00 1.478751087667586339e-01
2.011600796483868248e+00 4.675423820703170641e+00 5.470678330316542493e+00 1.045747390207742156e-01
1.060833334516839255e+00 5.683653293238531745e+00 5.354064523113840401e+00 2.292033276994719371e-01
1.345337333186344519e+00 5.130772676156319712e+00 5.419566434766682761e+00 2.380352646190342369e-01
7.645256061245584434e-01 4.609903515996663259e+00 5.500999816846547930e+00 2.799160920776326833e-01
