# Hierarchical MCMC downsampled to get 500 samples
# alpha, beta, mu, s
6.204435116354350965e-01 6.853570966864725555e+00 6.456377265089490614e+00 1.514611831506857131e-01
7.237312288276946948e-01 5.531953482955096035e+00 6.230810354007227936e+00 1.342351967322863993e-01
7.977791848367928873e-01 3.679947568662736312e+00 6.209721140305835441e+00 2.910750409199627242e-01
8.176083629264497832e-01 3.875213616126745642e+00 6.535263711328440195e+00 1.582674291275935896e-01
6.216392690240937213e-01 7.399168926655215195e+00 6.567360161162355325e+00 2.125975500636247129e-01
8.972999339110419026e-01 5.324064989153096228e+00 5.911728927814629664e+00 1.245464732235800204e-01
5.427243882643113526e-01 9.229440415300224743e+00 5.824475942722010302e+00 2.018140361631062529e-01
7.616427510105466814e-01 4.084131674529256628e+00 6.467976289448631455e+00 1.869521760995599136e-01
9.588455320778844770e-01 9.186028595156644272e+00 6.278740573863881735e+00 1.974449084181504055e-01
7.427795822705958173e-01 6.825367179427462183e+00 6.012225647289974440e+00 1.613326385519588124e-01
1.126228681129328058e+00 5.469357807701917373e+00 6.197604122903753066e+00 1.241302213881442379e-01
7.187290139572116709e-01 3.301053329858174124e+00 6.108094106057107453e+00 1.516691230752947595e-01
5.984628874039567004e-01 7.324045090208797681e+00 6.361914179415792958e+00 1.117345210789219140e-01
6.104203103444986178e-01 1.030512692099573790e+01 6.080702736952989795e+00 1.325189260167745631e-01
5.698175939687736280e-01 3.923669871742042403e+00 6.244924589891463818e+00 9.754089136256718917e-02
7.604851862502717275e-01 6.737882876525352671e+00 5.952075208076728963e+00 1.886953774639766601e-01
7.634790213789757196e-01 6.264516859199719789e+00 6.280178204957922006e+00 7.172875711823473166e-02
6.298801135308176313e-01 4.963915352854275653e+00 6.179954783891523640e+00 1.123653669415585477e-01
7.288409828785678002e-01 6.009472449616436229e+00 6.143214096892104514e+00 1.258097581786216390e-01
6.512342406624640478e-01 6.417679996040678070e+00 6.430477291494754333e+00 1.673012332483247155e-01
8.728818932068237446e-01 6.380624814607130268e+00 6.289947956750304492e+00 1.173207331768216788e-01
8.157705393684812067e-01 6.782445266631190073e+00 6.362427511722958506e+00 7.061493586903215547e-02
6.207626885710111342e-01 4.492235640210847869e+00 6.464247242630833057e+00 1.048452970519034300e-01
1.061570226469680023e+00 6.307105700326158804e+00 5.848976603888439207e+00 2.445571642026306280e-01
6.547379137680183758e-01 3.614766065094435099e+00 6.213941272983094954e+00 2.752441665235998425e-01
9.513443111459679580e-01 6.136325511700412960e+00 6.300904387912828142e+00 1.330139640104936460e-01
1.321257740606175624e+00 2.332804097649560315e+00 6.460139012420535565e+00 1.140902342821913107e-01
6.688603621233544239e-01 4.002554236101571128e+00 6.231657531636295211e+00 2.685653545573568612e-01
7.833060268955926997e-01 2.868506448277760690e+00 6.191333006074303036e+00 1.053480077166406431e-01
6.132406560540308860e-01 6.377571997717714325e+00 6.590625375816964393e+00 2.410391439499697530e-01
7.043807675808971824e-01 5.640958851480986525e+00 6.128299598701977047e+00 1.762341064618232755e-01
6.470462501277934875e-01 4.333353712966450999e+00 6.311756643543304790e+00 7.116782528396997654e-02
7.244784243931982060e-01 4.678502019398614209e+00 6.322419374458619679e+00 1.774065116763434702e-01
6.548009127811930119e-01 8.806058853635507333e+00 6.142481699528610228e+00 2.457303726905313290e-01
7.000371728429336526e-01 4.057054939884392475e+00 6.125774681033730573e+00 1.726290811781920898e-01
5.661604682959103796e-01 2.960754047530511190e+00 6.256669712477325618e+00 1.085569035721867942e-01
6.524987809922568882e-01 5.727573553610869617e+00 6.106777065742490684e+00 1.624949188701720337e-01
9.989521640818825876e-01 4.371028905973987300e+00 6.348121980876320514e+00 1.559865163153895673e-01
1.004434762066160669e+00 6.221444039821917293e+00 6.424547810028832018e+00 1.195553241064629957e-01
1.198066203985397538e+00 3.310760549019513554e+00 6.542845329962215573e+00 9.736438141508033106e-02
7.378209952618662859e-01 4.240873569162327605e+00 6.331629835282822860e+00 2.101143182118051511e-01
9.434678309414578079e-01 6.348031787641012613e+00 5.991191731549940336e+00 1.481592910586174427e-01
1.167745361016100825e+00 2.599984320712494856e+00 6.409281437920763658e+00 7.135086358062894818e-02
5.448301330960136912e-01 5.530912746405019398e+00 6.265086309417004173e+00 2.072175419847346878e-01
8.196775234613424832e-01 6.873263468363260742e+00 6.258218482829652096e+00 1.089166281557927829e-01
9.367882822222306505e-01 5.426749252746038366e+00 6.416092808848523177e+00 1.502631085322662929e-01
7.875003397949030814e-01 5.698980951147410323e+00 5.942292500906748209e+00 2.026804320859518227e-01
1.048310226042754145e+00 9.545910956758582699e+00 6.218270808002167804e+00 6.589537531305209028e-02
7.496779922765861581e-01 6.282922010886423436e+00 6.241572804403012320e+00 1.529210107515570627e-01
1.015784962408433412e+00 7.957885258290473551e+00 6.418732623673919058e+00 1.015462402508239825e-01
6.004125485729818745e-01 7.858962038448821019e+00 6.388542532938182639e+00 2.122404864242979916e-01
8.194892884947595491e-01 4.466402973566256485e+00 5.960993604044677596e+00 1.484942138539624423e-01
7.930395197091711923e-01 4.319690990696260613e+00 6.291522429464845523e+00 1.560943229374550933e-01
7.051900940130670925e-01 4.451317754750304445e+00 6.303345799061221832e+00 1.879904716741203907e-01
8.339051750289081522e-01 7.135073597314409710e+00 5.953152572831292844e+00 1.611765477910768463e-01
7.953050153085028384e-01 6.696677345010408011e+00 5.791674223980422198e+00 1.678770613207270501e-01
1.410906145063246520e+00 3.439721171052263493e+00 6.588337624025532691e+00 1.581347311010725121e-01
5.509563206039184147e-01 4.216487266344227436e+00 6.426828631803348735e+00 1.881995625491190705e-01
9.643317462242675386e-01 3.634343597393940861e+00 6.116708121315687308e+00 1.870311811294619875e-01
8.195938025000313321e-01 4.749544072802798667e+00 6.273623707805122685e+00 5.333461269471174993e-02
1.062819168060103125e+00 3.607381316686450123e+00 6.203428086672735375e+00 2.953908287094021423e-01
9.248718354330638380e-01 6.559391416449873446e+00 6.187348431220103251e+00 2.479547352113157244e-01
7.244933642147143305e-01 3.833556699783652100e+00 6.401726022139673233e+00 1.497900188896961193e-01
9.805005995265175800e-01 7.470556161477015067e+00 6.176645406191489052e+00 1.494387751322239777e-01
9.170247432977679525e-01 9.241731977820858646e+00 6.275109219937494487e+00 2.719906752662082372e-01
1.102359057019494770e+00 4.809875679664252779e+00 6.310882349555930304e+00 1.517471652907794455e-01
7.244229665717374367e-01 8.182274918677647335e+00 6.230502585950129735e+00 2.209557424885173482e-01
6.727046522968053166e-01 8.736328697126722886e+00 6.355823925394695983e+00 1.817398826344444052e-01
7.906338135445549753e-01 6.889138799542385172e+00 5.888905593102257363e+00 2.402629286292127797e-01
5.395504350897408763e-01 5.505717075015427397e+00 6.120784744960035439e+00 2.315394657216494345e-01
1.552147281980996052e+00 4.756422249148368309e+00 6.217355480432205539e+00 2.071494403847535526e-01
1.185438808046666903e+00 5.341987336343369641e+00 6.282407492700973428e+00 9.962570985038010640e-02
5.899848379089569494e-01 4.841004157387328810e+00 6.522116238548233191e+00 5.166166380819884330e-01
6.619441633441207617e-01 3.551114796350527847e+00 6.436125691240507152e+00 1.577122559047647865e-01
9.650533305696494812e-01 6.075873171271100937e+00 6.164993122701581285e+00 1.539873766729695781e-01
1.011897165140737131e+00 3.464335802700917455e+00 6.516049393483019259e+00 2.959530740438195973e-01
7.571186480166554045e-01 7.274446456575168973e+00 6.289246056031769783e+00 9.114275537412458439e-02
8.565130690299475047e-01 5.439946682102031694e+00 6.278146856859508240e+00 1.804687785832120861e-01
7.490742784065262949e-01 3.307707335529700643e+00 6.231071729920666158e+00 1.731577156316501109e-01
7.933898997928202634e-01 4.806666257531333919e+00 6.207807891507680864e+00 2.053244666259740614e-01
1.064728512808174488e+00 3.846643525603202551e+00 5.923106561028110839e+00 1.602895488873502527e-01
8.001921250472082692e-01 4.869820267369621369e+00 6.219255212614173800e+00 2.396891200848637882e-01
7.213887753271057690e-01 5.201836506553876305e+00 6.032814625342142634e+00 3.017682991873552045e-01
8.340332275037425358e-01 3.842246201658516824e+00 6.410488883016653539e+00 1.109780349649413522e-01
9.945572893283154414e-01 9.081531158654508218e+00 6.178220269199871773e+00 1.150003650450501652e-01
8.633278489288466195e-01 6.380109358718445201e+00 5.979025551487804790e+00 2.043631026432423670e-01
1.110649818138594425e+00 4.499389247657991753e+00 6.100426641547540996e+00 1.047080049348605435e-01
9.797757371252826530e-01 4.904918105236027337e+00 6.480306178098185654e+00 1.774370074370348049e-01
7.060155159816351444e-01 3.872876426426304253e+00 6.289155377788494761e+00 9.994837339066964255e-02
8.879239502261209172e-01 7.920045688356049496e+00 6.304187997824226564e+00 1.436453375083963646e-01
7.625492222919314500e-01 5.253962901754579917e+00 6.073691096773915277e+00 1.528742614862699800e-01
7.968000940083752592e-01 5.885741441857210710e+00 6.180780763280360190e+00 2.354407729158941587e-01
1.147950166946346329e+00 4.282220194318977491e+00 6.407186275351328675e+00 1.062182029498313363e-01
7.506770364652836092e-01 3.577598649064324565e+00 6.132207752495001607e+00 1.983510772282411350e-01
8.328049582891661196e-01 8.360244582514637202e+00 6.219665836246291768e+00 1.596949634552019548e-01
7.353183976749939621e-01 2.645109740437743717e+00 6.178659392617798396e+00 8.860915665294100130e-02
6.631530561359882947e-01 6.932647802769353440e+00 6.149915333322228506e+00 7.206227759429759128e-02
9.340353044134618310e-01 4.750948164688556297e+00 6.533187190611701389e+00 1.815384237159582970e-01
7.927136643471048849e-01 1.240395337934792686e+01 6.311794340862315167e+00 2.406119879796809469e-01
8.598869582880159790e-01 6.829543129432439130e+00 6.424918071608187731e+00 4.191570299214357198e-01
1.023823090554214499e+00 5.727331558661118649e+00 6.353895150062703223e+00 1.367914996141040285e-01
7.431206945752167892e-01 4.386794742323487206e+00 6.003928166567649605e+00 1.773637241383700935e-01
7.500795481110551499e-01 2.482052922277679929e+00 6.268751334390540997e+00 2.068288487726863412e-01
7.117289247094331639e-01 2.220070106730938075e+00 6.242780542838787916e+00 1.383177413074043183e-01
6.406597828301494602e-01 4.772462797465039763e+00 6.300051514675608644e+00 1.770838193555306639e-01
6.886990596785581564e-01 5.732378671253093749e+00 6.326641571979478407e+00 1.401993377957915787e-01
7.207242772362626448e-01 5.960135473964607300e+00 6.187713316091454807e+00 1.636431047617295798e-01
9.394665962336207210e-01 2.540480201912737712e+00 6.135826012723383016e+00 1.381310614890370880e-01
7.823157097170327923e-01 4.786282829132177952e+00 6.446970288903239421e+00 2.944978505772021804e-01
5.609898093803722396e-01 4.684623066953875536e+00 6.711874866601470480e+00 2.396013904522995008e-01
6.631150488626729178e-01 5.295669681467879641e+00 6.284568931936998837e+00 1.432151150798184336e-01
6.659932118281302049e-01 3.125728638062606812e+00 6.330139865703759305e+00 1.156181908023172500e-01
8.292482901385108685e-01 8.651396179518590301e+00 6.395775740067331405e+00 1.470114371133592335e-01
8.218144826178191975e-01 3.911392057632507413e+00 6.172015121169330598e+00 2.332074731571318338e-01
9.454128610548436784e-01 5.911341217747706267e+00 6.449639279799724179e+00 1.056876687011619187e-01
6.494887588141348145e-01 8.511881910413562125e+00 6.531936392986263940e+00 1.850823778303125056e-01
7.435763573344774668e-01 4.262880947056037151e+00 6.262112681207534948e+00 1.161716199654409670e-01
6.718463067584973247e-01 3.434955015404540735e+00 6.284123866705915162e+00 2.798274837487027544e-01
7.267951075981575748e-01 5.988472999996195867e+00 6.298061043345164478e+00 8.331595113026511734e-02
7.090047753274957287e-01 8.280353303345664884e+00 6.569475848039600940e+00 3.376825023007672955e-01
6.952413772542500592e-01 9.928153278114658420e+00 6.365677990284212662e+00 1.811492874704539457e-01
9.118383316214156986e-01 3.527875911877579540e+00 5.862774432736004293e+00 3.416671615748678725e-01
8.069655014622811873e-01 4.197073905217651557e+00 6.179295077198796449e+00 2.532710672828979437e-01
1.347570538399920581e+00 3.473288744053242727e+00 6.183891442701969332e+00 1.026187497713911545e-01
8.021748632012468683e-01 5.424778410101470882e+00 6.131981295891494987e+00 2.083323024854103478e-01
8.283593377837614735e-01 6.195049078350884919e+00 6.775748193525390484e+00 2.466945384679340159e-01
1.091867009549654988e+00 5.091755045850186789e+00 6.507560714857539175e+00 1.829062267060658220e-01
7.563253606731825673e-01 3.807623013512486665e+00 6.101090016358483581e+00 1.403141008831956527e-01
7.539932110206687410e-01 4.052996545725169319e+00 6.136786958729397945e+00 2.424523620712012162e-01
7.588984304775459044e-01 6.276759490581187428e+00 6.374053045912665638e+00 1.405192298825573838e-01
7.699700433526578403e-01 4.455424220048380235e+00 6.317832731946814384e+00 1.993732929104032325e-01
5.740379234546209020e-01 5.099307072747241598e+00 6.250842831688658841e+00 9.181155175536567792e-02
6.616217959165393570e-01 4.437207726086593418e+00 6.238557209569140838e+00 1.668386783314168842e-01
1.114600396263710769e+00 5.148119503683114218e+00 6.217665774077740792e+00 1.240499093816802290e-01
7.351216835404285055e-01 4.316648455090382974e+00 6.519946939651274143e+00 1.690862740424153854e-01
7.141269456579160124e-01 4.141427614611766117e+00 6.215387407957188692e+00 1.883950542045088605e-01
8.028128305132495868e-01 4.493916237696516269e+00 6.425557656529279349e+00 2.374745464335530909e-01
5.003032175237216439e-01 6.314716896045455385e+00 6.341721876759833343e+00 2.518324305187406575e-01
8.524358116732458912e-01 4.122277251952413124e+00 6.135662802050080522e+00 1.623482936447499525e-01
9.841232702261407672e-01 4.196949890463708144e+00 6.231023978000465036e+00 7.668974122995123044e-02
8.292918619243231371e-01 8.949564722411977868e+00 6.372383145327236598e+00 9.999031427144852713e-02
8.714150019057030905e-01 4.998547791423886721e+00 6.096619287027295719e+00 2.042998578115375885e-01
6.488133237970475919e-01 7.476372888989654797e+00 6.015051158025483069e+00 1.235335232488470047e-01
5.428186280668179098e-01 6.255685841038564732e+00 6.215067673255775027e+00 1.023938743253802464e-01
8.322829229842869658e-01 1.074968121590121228e+01 6.162858470062920091e+00 1.597894867013118780e-01
8.967945031665188749e-01 5.677992995751762528e+00 6.264041810584080494e+00 2.558267305399698488e-01
9.079089003960746362e-01 6.704824031914443871e+00 6.605910530591447838e+00 2.868231288263998757e-01
7.460731684579677836e-01 6.712165264665879150e+00 6.143506842706190518e+00 1.152947252537829537e-01
8.554677393473063551e-01 8.489726578882493158e+00 6.483186779751419770e+00 2.015281704602596979e-01
9.962010181544035392e-01 3.420512316995168334e+00 6.385758729890413932e+00 6.703864506838499993e-02
7.311158440302757411e-01 3.861667608535523488e+00 6.168101115173005411e+00 8.944108354101532044e-02
6.202678848624503249e-01 6.470787746536194263e+00 6.294970603152496125e+00 2.612485645667722567e-01
7.416928736971351022e-01 4.204610789992314857e+00 6.214172325410381781e+00 1.394961922677359634e-01
8.676412497483309005e-01 5.270437649507354827e+00 5.872294080047891995e+00 1.510532973868893847e-01
7.558188901879649979e-01 5.807578159293229625e+00 6.282630737140890709e+00 8.947148765350468325e-02
8.191705480006646889e-01 9.940884455485788251e+00 6.034166506071517055e+00 1.455794912610055836e-01
6.454264628596908526e-01 4.566928846123508912e+00 6.151015410665848115e+00 1.306505163220609000e-01
8.776059662857201848e-01 5.612119969180504597e+00 6.174603122341675743e+00 2.888120223604309089e-01
7.239041900615398317e-01 8.034626857721274718e+00 6.219635930344532326e+00 5.668107064739946743e-02
1.164428294804275232e+00 3.646782203968531366e+00 6.574949749456824755e+00 1.315399451006740161e-01
7.999469211252389078e-01 4.903731923403988446e+00 6.329457239161532023e+00 1.473345461580697346e-01
8.137479355783976409e-01 4.172194877649925360e+00 6.342191085470137324e+00 1.596786124169073950e-01
8.354175395448584229e-01 1.185886297439489034e+01 6.194343606814898706e+00 9.335574911043137414e-02
5.249874096107561838e-01 3.734608712692870647e+00 6.240622627726921223e+00 1.314306650224519313e-01
9.525046842823396975e-01 3.276911792399495482e+00 6.329597358401931828e+00 8.482553001011738925e-02
9.171719318636148977e-01 2.453389559316792479e+00 6.210181098600124017e+00 2.197101180938056397e-01
6.801896112148839713e-01 3.016847936988623413e+00 6.107074057255459820e+00 1.328695657130741781e-01
8.584959418806028530e-01 4.360687184101225355e+00 6.352741686442838542e+00 2.707947164621497538e-01
1.293334156338532992e+00 3.012153962803239882e+00 6.289675359284311540e+00 1.860153705964870396e-01
1.056019903471834720e+00 6.325788333448719492e+00 6.275402070905562013e+00 1.466453155653308915e-01
6.322781593482172946e-01 1.259182574306468716e+01 6.453674249748785563e+00 3.003636435291506257e-01
5.937259399002072779e-01 5.298460579045523922e+00 6.235160174550956391e+00 2.619421831366089415e-01
9.163193791375858765e-01 4.738402117106093492e+00 6.375269923687929996e+00 1.856138265958285349e-01
7.434577365195953469e-01 4.391716317541530579e+00 6.376323483283644400e+00 2.396634932717775501e-01
7.841094544600348826e-01 8.881668666312393157e+00 6.243579988842752115e+00 1.299036707234369481e-01
8.493528567876449387e-01 4.344117706790458833e+00 6.412989052506960164e+00 6.753870726666361124e-02
8.761216434987224577e-01 5.755146252912533456e+00 6.328836777003051139e+00 2.307622164815620602e-01
1.009094654484016251e+00 7.842830958806181307e+00 6.099669437589128052e+00 6.646534547599643183e-02
7.604550135665043564e-01 5.202818172278147912e+00 6.002250729972753440e+00 2.498479282976018567e-01
6.150010584941033587e-01 4.325170576287087343e+00 6.113154064101159690e+00 1.145291547182328701e-01
1.329819760573000664e+00 3.415189007319247239e+00 6.383669929783567731e+00 9.888267051804790209e-02
7.790257782221032823e-01 9.210338290149977070e+00 6.330037463971245337e+00 1.328105183555398361e-01
9.362545153829457956e-01 4.918100442922921367e+00 6.438226963997401242e+00 1.583839259666511012e-01
9.696866939248239836e-01 6.134202286256840608e+00 6.151160265035540142e+00 1.398248731735321215e-01
7.162056001610263012e-01 3.558392536907668546e+00 6.334378090409589213e+00 1.665109717534793143e-01
8.489381144193961504e-01 1.343778806412903393e+01 6.261074368943315704e+00 1.641754295606212277e-01
6.033574543117778965e-01 5.478792202559001900e+00 6.077245674205490111e+00 1.251911535503966721e-01
7.218343935356125174e-01 9.853060886636285431e+00 6.142797023492894581e+00 1.426477711868907039e-01
7.728101184525635325e-01 4.445011732210500277e+00 6.150501505704299099e+00 1.665547773733629111e-01
9.852670481878398334e-01 5.934296813575179463e+00 6.386839106225144391e+00 1.844070213562380156e-01
8.817388413310952577e-01 6.301720531887106347e+00 6.305684504229436271e+00 1.384986213186147341e-01
6.658908962076108828e-01 4.148778487204761944e+00 6.205558966053153824e+00 1.715232310634108859e-01
7.824494682234515164e-01 4.806267629010292808e+00 6.367406336400156519e+00 1.924853785684078888e-01
1.089087383692943334e+00 6.143931727755509442e+00 6.534353956524076246e+00 1.370134728364661991e-01
5.790425032860548882e-01 6.341927841549227729e+00 6.338259042400759213e+00 8.477209771335368627e-02
9.805297037268868587e-01 6.886850105008159417e+00 6.476836031140302374e+00 1.296698293206593189e-01
1.109181314820656405e+00 3.985944012283426208e+00 6.115309949825364022e+00 1.242194695308868890e-01
8.881947012263287089e-01 4.706194813562160739e+00 6.168746403003281920e+00 1.459125078399335917e-01
6.366317519474100628e-01 5.121113196035436133e+00 6.524045486228309265e+00 2.011306993224229456e-01
8.480883667845271479e-01 8.690683664126302332e+00 6.328976098392436356e+00 8.555597477733135892e-02
5.865391838363758215e-01 5.446843463683642028e+00 6.213230431551155064e+00 1.715256985073936591e-01
1.011169094622862641e+00 4.788426313734069240e+00 6.275302714374761948e+00 1.903968080294957121e-01
7.961136054831287057e-01 5.115098409887403719e+00 6.642741663110377281e+00 2.310742203581377940e-01
6.799045168490047697e-01 4.636333755846177240e+00 6.518442057875084572e+00 1.723822782267709075e-01
7.478245565742348555e-01 5.152468948625397616e+00 6.393274803635361714e+00 1.410013955243842876e-01
8.439475921006884818e-01 3.173110163253357818e+00 6.327758111134201613e+00 2.939631859116305090e-01
7.466175636403091787e-01 4.792072727853206260e+00 6.227630419883458224e+00 1.662839144050014817e-01
7.072508125268686108e-01 6.097621859151356460e+00 6.163957846082689152e+00 1.500354076158554317e-01
9.818307022841499254e-01 5.302598695464196155e+00 6.145619846819247556e+00 8.347447152941835091e-02
7.476884564528547550e-01 1.044603567862776572e+01 6.319261059939440983e+00 2.043126572580947764e-01
5.065927713423322709e-01 3.807673495151990828e+00 5.741154831152574189e+00 3.404451891615657977e-01
9.047911526356468004e-01 3.650700353500757611e+00 6.103346903122477407e+00 1.450903274960199107e-01
8.298990849122453994e-01 9.274801554353116373e+00 6.458287882478685127e+00 2.361628889200720616e-01
8.583982675357948455e-01 5.753693443165757593e+00 6.148964953208979622e+00 2.247819930513226816e-01
9.665411590152458432e-01 5.910718621277974094e+00 6.388452641249582342e+00 6.908559971917790921e-02
8.833921343507666890e-01 3.139567182526113331e+00 6.076980712704503240e+00 1.906643198328954181e-01
8.919448263050129277e-01 3.846584129703361832e+00 6.183571695124564727e+00 8.790279039367128455e-02
9.147748354214684241e-01 3.298743118568855159e+00 5.708833021909685002e+00 4.333572622068245783e-01
7.701541998476891804e-01 7.338584265677041252e+00 6.138072320534623039e+00 1.273209415251545518e-01
7.174098315412213989e-01 6.381406356942502356e+00 6.043676082005379868e+00 2.302567210612606885e-01
8.086400975912541034e-01 6.897329865815506444e+00 6.243367574365159989e+00 3.105438018815868673e-01
7.948926225223511555e-01 3.705620065434444221e+00 6.222786710482556494e+00 1.139277750107739462e-01
1.013981921699719901e+00 4.064446940126883234e+00 6.183812452641998192e+00 1.121683971613439829e-01
1.125666075390916676e+00 4.443459247488561914e+00 5.917746649413882842e+00 3.308203515668114436e-01
5.698638071843987740e-01 3.269431318636093042e+00 6.401202615521095041e+00 7.722345858961081333e-02
6.689908157116669640e-01 3.122786110031530171e+00 6.220975021615880785e+00 1.285365430673866272e-01
6.490328298426034648e-01 4.034434325968624613e+00 6.302496942551232273e+00 7.112974789176249035e-02
8.353390667410828252e-01 6.966432598197053849e+00 6.311751959122966937e+00 1.774854715146148565e-01
1.212261367206818319e+00 3.577732153727055664e+00 6.202318075875215442e+00 2.725199093849331455e-01
9.575336721014742203e-01 4.136024188929899204e+00 6.650618334137337939e+00 1.420720693053147132e-01
9.274646022292366565e-01 1.160511963533892121e+01 6.262745149179396620e+00 8.828611995801152745e-02
6.985791492030388738e-01 5.093018711166988233e+00 6.164223767882891281e+00 1.134885064002697785e-01
7.326844099822358292e-01 8.018595120293705136e+00 6.091080927660016187e+00 9.623159731730213107e-02
1.095428977621287769e+00 3.112982145855616611e+00 6.035186084377931692e+00 2.453518041652090753e-01
8.193896747349206366e-01 1.095632916312418104e+01 6.296445071158704998e+00 1.439067776661850928e-01
7.765001068739305623e-01 5.169003991169804024e+00 6.126075857295939286e+00 8.452339225753038865e-02
1.442690414833484258e+00 3.515890006319087657e+00 6.379602896141594925e+00 2.067292987940275717e-01
1.029470546143839149e+00 4.333462008149878031e+00 6.271193817585930752e+00 7.847654729495558146e-02
6.571438977922104963e-01 5.161758086355378694e+00 6.191607822415611473e+00 1.043560904915157850e-01
9.428077117542728036e-01 4.407717389189899748e+00 6.560729860206283348e+00 3.131648642080072098e-01
1.205349529779954354e+00 7.624206672976585608e+00 6.314219552870853569e+00 1.663375103347769501e-01
6.871064702815906644e-01 9.598704418653341008e+00 6.222008365348289161e+00 1.087254921496996346e-01
7.500454174105494198e-01 4.047573900510847977e+00 6.252934647466251050e+00 9.247078479430151376e-02
7.382128609157950772e-01 5.136383565993598133e+00 6.536008995595450344e+00 1.456036483708212925e-01
9.700339631592515000e-01 4.229904492541956884e+00 6.479720611165483923e+00 1.740894624210835573e-01
1.041604806694890417e+00 5.544459918756827754e+00 6.247441426427149835e+00 2.646373680811412443e-01
9.130215056783244076e-01 6.169590094172508365e+00 6.400284589936014790e+00 1.605361592130051251e-01
8.650486961757414273e-01 7.406043847345253894e+00 6.184004117311141080e+00 1.575337421879698385e-01
6.337963571132235741e-01 2.450476433389157993e+00 6.276636889670756503e+00 1.511360222415474297e-01
7.330402925520362878e-01 4.162989578202034302e+00 6.270277638514185625e+00 1.685849145389829717e-01
7.704665093805113107e-01 1.258267855852821882e+01 6.396071203722631715e+00 1.909659110566262752e-01
7.728637088883258954e-01 7.368019649945440896e+00 6.224122117135077126e+00 9.113334222707884791e-02
1.076033184840736290e+00 4.883517415794258909e+00 6.468643723098281839e+00 1.337032448232356452e-01
6.714491526506790597e-01 2.536263550620645457e+00 6.143908583867482953e+00 2.017741042805231699e-01
5.658757634241163847e-01 4.880253418509683527e+00 6.095790826651978911e+00 1.365464117735674110e-01
1.094622926771265936e+00 7.372481965450129238e+00 6.389771119882107442e+00 7.292118477096784512e-02
8.894605160028303814e-01 8.517739038178619992e+00 5.954767220023426511e+00 1.199250733454565176e-01
5.412850208011165121e-01 4.875620192916885642e+00 6.148791247291888418e+00 8.630928896662065641e-02
7.513333649626895427e-01 7.098212994235863604e+00 6.312544426289558253e+00 1.573320389418387533e-01
6.674702366854680102e-01 3.485399120470544343e+00 6.335600354449476335e+00 1.412500729513680164e-01
1.046211762762107478e+00 3.799091886137123453e+00 6.276152462394447795e+00 1.596751157938652577e-01
5.792258415975518604e-01 6.387356862234516264e+00 6.402402862314871435e+00 1.779090307641083557e-01
8.517582619107014752e-01 4.383209226880794951e+00 6.194078100929123032e+00 8.457465827091861788e-02
6.378791081712000821e-01 3.411657167133006929e+00 6.095549743715722002e+00 3.473982485054424862e-01
9.712383569805647099e-01 1.125542911499894316e+01 6.248068848532450481e+00 2.403289708124801416e-01
8.200099903171658156e-01 1.051490336600422637e+01 6.194677514205592317e+00 1.022718928404346278e-01
7.179887342806878792e-01 4.423390189540309159e+00 6.342831234394084916e+00 1.102862191429319905e-01
7.672623935510797244e-01 3.256046509246533383e+00 6.197745733906743659e+00 1.513942926474659001e-01
6.249043403655087925e-01 7.719605384712586726e+00 6.247526171602866718e+00 1.582660227976681599e-01
1.007301519155900937e+00 4.697034364579969257e+00 6.239783033026235159e+00 2.357911034907000103e-01
8.501223811836309263e-01 9.729968642504209342e+00 5.979962378541860524e+00 3.942641720779683778e-01
7.526448002461214593e-01 3.784299233564859311e+00 6.268892426991297562e+00 1.195365431943770373e-01
1.051233447218021588e+00 3.766472308988235262e+00 6.179817825932087061e+00 2.049649430584764009e-01
7.425672477612598188e-01 2.315684238529756911e+00 6.076832847319687758e+00 2.059884416965687692e-01
8.489619426175327721e-01 5.486920319752445430e+00 6.366264116126920669e+00 1.348510298762627124e-01
6.539685412611822013e-01 3.093259119997207485e+00 6.221188527918343425e+00 1.045060586924742574e-01
7.338188762853937730e-01 5.466051258584840866e+00 6.238794040439708866e+00 1.629467260121630068e-01
5.208331133603463226e-01 3.952210802323671501e+00 6.443112219635524163e+00 1.325248609218574736e-01
7.964164906815377476e-01 3.050190475516755040e+00 6.273033637213365488e+00 5.235626785901228986e-02
1.051894082389323914e+00 5.677664093224956687e+00 6.168899408569909149e+00 7.564129720062921780e-02
8.565130690299475047e-01 5.439946682102031694e+00 6.278146856859508240e+00 1.804687785832120861e-01
5.277500467603729595e-01 5.324252259948814903e+00 6.205797193069300555e+00 4.007239821852572326e-01
7.342761456036399625e-01 5.443788133893450620e+00 6.587563658823868629e+00 2.081788522882555836e-01
7.605896095972344284e-01 9.416307225573156359e+00 6.591799192358166692e+00 2.420623997047920695e-01
1.017484496898560353e+00 6.755303298217825159e+00 6.281241649882852940e+00 2.496976364815613469e-01
8.389000232103185350e-01 5.895280392528366775e+00 6.438040894442811357e+00 2.282444579235070603e-01
8.317829198673833968e-01 5.473376409480219529e+00 6.476128801398107981e+00 1.400702995678468343e-01
7.552603380134053079e-01 5.980177107072940146e+00 6.243006659340895936e+00 9.508074790610332450e-02
8.494414393364584370e-01 3.565488554723503789e+00 6.359298791019893926e+00 2.658240654446516471e-01
7.507054346098133157e-01 7.802295341394374972e+00 6.327642353483104998e+00 3.171709584808999893e-01
8.581713660554692868e-01 3.220962748390873820e+00 6.072503577331568536e+00 1.192127485385526819e-01
5.460061796623514319e-01 2.811590191713175813e+00 6.072096874415763956e+00 3.084879869230788274e-01
7.833410675249690147e-01 5.601050718375337745e+00 6.257523201187217943e+00 1.054336849794585418e-01
7.838638953173645563e-01 3.181880377939848792e+00 6.147642640512890111e+00 2.117804915158367773e-01
1.293907059622252387e+00 5.557148994987939794e+00 6.315177867811310186e+00 1.995312081255198322e-01
1.011824243961951364e+00 4.856032789533359484e+00 5.706908132392755739e+00 3.205174898444951848e-01
7.635534082586115101e-01 5.993091646338397638e+00 6.070528071468031861e+00 1.074225936213019927e-01
9.180085154510518874e-01 1.297040883784671195e+01 6.168052018845060935e+00 1.642718591081607782e-01
9.756434729403020700e-01 7.244434255212953033e+00 5.754921654834042499e+00 2.578124814674797038e-01
8.517327689208927799e-01 8.194188120890846250e+00 6.127622525621474914e+00 1.688370734329401046e-01
7.608646784205677083e-01 4.881761877425949692e+00 6.131273752791799758e+00 1.174707295154076847e-01
8.679957858023182871e-01 7.774563108889616991e+00 6.020383087154768553e+00 1.337383821504097015e-01
6.679176318225553688e-01 6.062482418812295215e+00 6.239374012619617105e+00 2.741741326660638300e-01
7.297906761069576920e-01 4.623920943844948894e+00 6.180901910281476397e+00 1.480302416261185527e-01
9.371373857761655657e-01 5.268730653404700703e+00 6.265476473145369596e+00 2.044078537769578874e-01
6.883509918175235720e-01 4.176667284365242594e+00 6.336492438592897791e+00 1.337225614562217724e-01
9.086456915283073199e-01 3.846844619705387380e+00 6.221022523170707252e+00 1.280310250315038201e-01
9.578105604907999338e-01 3.899792964081198132e+00 6.174441340689187818e+00 2.158608587739253015e-01
6.405285791379355942e-01 4.204004419976056894e+00 6.357246486970999477e+00 3.313751352216044443e-01
5.947987514291318556e-01 2.623580908841588677e+00 6.544223046584195735e+00 1.569160997558766424e-01
7.227494766386569625e-01 3.005746966779803131e+00 6.311960132566126092e+00 1.821691982981931412e-01
8.661279010126874400e-01 5.116324564250453122e+00 6.208818927426156264e+00 6.750096628575019686e-02
8.096893032232780341e-01 4.257983045321016569e+00 6.124293696638890339e+00 6.096546663128141197e-02
8.740286007588062844e-01 6.172017771641569617e+00 6.186954717549726368e+00 1.870912766095877700e-01
7.011763437188116566e-01 4.958528638984472714e+00 6.461120788712449325e+00 1.097983192720626694e-01
5.879059334940749393e-01 4.663892954222229825e+00 5.730592676076746272e+00 3.020591066016753423e-01
8.159662010140685817e-01 8.477828805862319683e+00 6.447302160506077406e+00 8.578133922869655981e-02
9.791960317175201212e-01 2.644151154539935433e+00 6.206808071178008923e+00 9.084322985824130892e-02
9.354349982046553658e-01 4.694697053785358065e+00 6.267416306095808132e+00 1.208019577983673737e-01
5.477299376719519941e-01 3.915854197699026873e+00 6.358384010330413894e+00 3.082493263532337102e-01
7.619622698848149689e-01 4.118584932880181348e+00 6.151461035286467371e+00 2.083889431084581245e-01
1.506253896017788918e+00 2.714336289208847841e+00 6.119011666060524490e+00 1.335718090565608529e-01
6.366305233850065859e-01 3.275222595335105069e+00 6.033101783535915530e+00 1.518935302404785526e-01
8.039176719262458581e-01 1.107017990167934585e+01 6.338770273068027983e+00 3.087452523895946044e-01
9.326068287439366333e-01 4.251625684225796675e+00 6.150604342788361656e+00 1.076347562198260582e-01
8.491216004108816939e-01 2.672794904628480239e+00 6.382709768825147734e+00 1.589764068665512620e-01
5.897439883616144574e-01 3.605932294252454096e+00 6.275446825278059748e+00 1.638509342848554207e-01
6.874792932206330587e-01 3.656804364773398319e+00 6.317910748841282675e+00 1.375269805777712129e-01
6.534922964564142678e-01 4.185535975132191666e+00 6.379933186346045559e+00 1.628567438420525371e-01
9.482859013594315822e-01 8.061563870389225173e+00 6.371901364998733719e+00 1.960035808825739412e-01
4.246433469494124147e-01 3.637218602775861509e+00 6.063260855499905233e+00 9.558657975881042212e-02
9.529326657273550216e-01 1.018829159315994382e+01 6.226349208910791688e+00 1.636915825144097392e-01
8.850458269023385727e-01 3.350060849412444863e+00 6.131643567343738610e+00 1.262383803646855707e-01
7.722054001740421558e-01 6.311333715018792923e+00 6.180717107477820882e+00 1.607786666004518972e-01
8.599298161528120543e-01 5.171883703739759142e+00 6.206739653537497681e+00 7.335932066906286630e-02
1.061691995186758497e+00 3.536130013771099367e+00 6.448075919968061953e+00 1.171054124503658200e-01
9.000021693257326261e-01 7.731641482349197680e+00 6.298018487696792178e+00 1.814073740172108540e-01
6.678062941448666967e-01 3.659263058698743354e+00 5.462376670105147269e+00 3.683638417141295585e-01
6.772167464317925267e-01 3.290549756588815544e+00 6.274719963088903008e+00 8.433147072882699047e-02
8.079032993813858310e-01 7.619891089821383190e+00 6.320568931598650408e+00 1.935556935465004846e-01
7.105262472724021006e-01 8.900916482160386778e+00 6.405127925083533569e+00 2.352926083649907740e-01
6.850659787109225629e-01 6.603986358991893013e+00 5.976439629782793084e+00 1.773562839972295246e-01
7.010086693748833753e-01 5.813181779760720147e+00 6.394015315335749072e+00 1.489617443519556106e-01
7.261333476893713224e-01 2.922268211932232962e+00 6.436339338573202618e+00 1.448131442863311025e-01
6.561139989978114206e-01 5.090697109014358013e+00 6.354364728038964572e+00 1.289024233185008805e-01
8.414940221017479516e-01 4.568574418335590970e+00 6.112923495538321816e+00 2.151566196985100488e-01
7.775554535940882861e-01 6.866563816638695528e+00 6.189524492575188219e+00 1.470714556811250628e-01
7.180581591043884160e-01 5.759710934826657081e+00 5.910953169994347611e+00 1.866761081514048126e-01
7.579742771192671258e-01 5.809144737100372602e+00 6.163826228453793021e+00 1.102761890408104906e-01
9.258008214187842810e-01 8.080765035050658796e+00 6.071797946931837942e+00 3.858236962864715625e-01
8.081532284958583556e-01 4.110346802095375729e+00 6.541617578258044574e+00 2.362380299308308729e-01
7.686729990292940906e-01 6.494684542074798728e+00 6.398389892400782486e+00 1.674836418750036415e-01
1.013443196982605432e+00 4.250289960350720264e+00 6.258449041139566127e+00 1.436581028504261837e-01
7.563432293167895448e-01 7.221351081395893878e+00 6.193559056894041071e+00 1.468647915615321764e-01
8.240609168257542194e-01 9.193089521717404011e+00 6.451015991217697199e+00 1.653689181581910472e-01
6.262585406023576384e-01 3.980769199298318739e+00 6.284810960338012897e+00 9.732370897253067588e-02
7.418685821730300889e-01 2.748538924853305421e+00 6.193047268383487847e+00 3.435703655277098090e-01
1.039798954629711725e+00 3.974865302612671236e+00 6.340764848479068405e+00 1.558567771277921954e-01
9.280501410944123064e-01 5.967559174839097480e+00 6.349167848616862564e+00 2.785581394986628712e-01
5.829555309246562400e-01 8.067894938589581955e+00 6.067311985024455012e+00 2.065866991435977296e-01
8.208439836087596531e-01 3.673803142271740985e+00 6.171126199709254578e+00 7.718368152259205694e-02
9.575340980967766980e-01 4.789627250096733846e+00 6.312429454276585972e+00 8.943640816690266726e-02
1.086129149017442730e+00 6.604998465713110889e+00 6.193189406896005167e+00 2.011339222986009423e-01
8.543968364432215079e-01 7.311831256307334215e+00 6.576950316193751256e+00 1.710233274063021891e-01
6.657928639643118096e-01 1.272620251024500959e+01 6.145086871707447607e+00 1.839871449703875395e-01
7.797815908419987174e-01 6.813046927217611959e+00 6.251224716499013567e+00 1.756821832727473720e-01
6.414458545163660430e-01 4.269596364132592470e+00 6.323044257936281554e+00 1.330979419336531799e-01
8.616403427633414491e-01 3.744925557028249585e+00 6.311224546791962098e+00 1.693009165853538722e-01
5.717036580162274673e-01 6.725106159945019257e+00 6.089101049992321713e+00 8.864525352691712823e-02
1.061481926074878679e+00 4.719201515719171347e+00 6.181040730658199145e+00 2.811636414718012844e-01
1.036688218023459562e+00 4.474643073723168385e+00 6.259695088625424120e+00 1.492166712788121075e-01
6.708148973139015370e-01 1.041737988677206062e+01 6.287034535005962432e+00 2.305376514563108603e-01
9.819803292392216276e-01 3.586509103680654231e+00 6.166830211454324306e+00 1.919828465168390563e-01
9.909020605913541058e-01 6.652952416774349231e+00 6.322905854274385007e+00 1.408513035040871442e-01
7.705376860196622157e-01 9.579247054398022598e+00 6.330408104109348955e+00 1.670623982813455310e-01
5.083059388994163319e-01 4.667659250318623165e+00 6.287554396147054803e+00 1.891004355391891489e-01
1.015160856165989500e+00 6.400323760069267287e+00 6.048415684443924079e+00 1.799588240768803526e-01
7.424743141589513762e-01 4.785929639441167893e+00 6.232574116025149102e+00 1.792074776384075252e-01
9.500894980859931893e-01 3.202755627117993775e+00 6.498787061309747592e+00 2.166053085837049419e-01
1.044558374848642668e+00 6.982394521171105595e+00 6.271144990876325487e+00 2.182002610154507860e-01
1.646978813993345447e+00 2.981794149427698049e+00 6.197649665251327100e+00 1.423545249394111978e-01
1.166111632735899795e+00 2.795874240824789414e+00 6.198937836845618499e+00 7.752158190709357299e-02
8.841105088632910114e-01 3.712330339466409335e+00 5.858566904168331035e+00 1.744933104528308965e-01
5.745324847477241148e-01 3.453560504865353931e+00 6.243609916518664704e+00 1.536205576984809862e-01
7.270695111412086575e-01 5.168339610402751028e+00 6.310709222996418788e+00 9.428192805958754419e-02
8.903630367017499880e-01 3.366351661463101941e+00 6.281949892045423312e+00 6.575867335948626380e-02
7.999884894036225491e-01 3.419238788143881713e+00 6.170446698515696937e+00 5.460415150875325141e-02
5.673906602107188224e-01 7.212421287946582993e+00 6.176967657220750141e+00 1.391898313225365946e-01
7.807502884556379863e-01 9.065130459756783665e+00 6.341975604819277912e+00 1.088217255882242551e-01
5.054252680231596795e-01 6.640433183035410636e+00 6.185678604743854336e+00 1.470274081395527566e-01
7.562064012029270366e-01 3.729935697889852353e+00 6.484495576627335112e+00 1.273200892522019512e-01
5.864313830746901157e-01 7.301141492884255513e+00 6.057380200425836136e+00 2.350678294987804673e-01
6.951849386632178440e-01 2.487028207308713768e+00 6.145219128014505650e+00 1.711437755176360431e-01
8.808027193477860894e-01 1.050324809810654259e+01 6.305278868699602413e+00 1.007145977036581208e-01
1.043764580091267380e+00 5.133833036288926621e+00 5.934787863875192748e+00 1.528738392336910779e-01
5.473581761461165929e-01 4.548793180763904154e+00 6.443313338459565109e+00 1.388958679242435490e-01
8.439987634400002436e-01 1.145607646886809405e+01 6.331953138121809488e+00 1.378262213939709935e-01
1.153257186146047220e+00 3.755282731642456628e+00 6.199314868923718080e+00 1.090540329881097142e-01
9.918866222566427027e-01 5.008080094845471564e+00 6.132601239354491085e+00 1.563315743048966366e-01
9.603415579808907143e-01 4.591326487425563485e+00 6.434007670107028787e+00 1.405157716505799625e-01
7.923923413225928414e-01 5.606752279232626535e+00 6.209193954678160488e+00 1.753790396773443616e-01
1.223351556626823600e+00 9.248260723617125478e+00 6.412559040569929536e+00 1.242391460248777058e-01
9.831348707842344492e-01 2.806404737689240037e+00 5.849299620617948392e+00 2.244228787011429138e-01
6.594123828838535095e-01 7.352220501909701333e+00 6.171592020450312965e+00 1.094045658188819298e-01
5.886298996989332011e-01 4.785780685557532443e+00 6.361149589193391130e+00 8.345953681456656781e-02
1.075051504270726488e+00 3.090144224401051964e+00 5.954445617460890183e+00 1.898198614660904227e-01
8.533799673890485327e-01 3.404429003685386146e+00 6.390103793718447278e+00 1.503629093531612670e-01
1.207165555382144539e+00 3.028999949016259574e+00 6.180176691153934421e+00 2.115343427106969598e-01
5.357672465969585129e-01 3.067216835150336607e+00 6.210709407712651675e+00 3.647018223883992660e-01
6.067949802307162077e-01 7.371043730365538060e+00 6.163250167188799367e+00 1.123135521416961657e-01
7.776774833909235740e-01 4.096336916151573249e+00 6.246926129713095577e+00 1.502183331177385783e-01
5.846405907768393861e-01 5.160353884611268427e+00 6.438704370829554158e+00 2.183698539838929142e-01
4.864786530635287209e-01 3.988734920410296425e+00 6.172107365251505051e+00 6.596588534728320408e-02
7.237312288276946948e-01 5.531953482955096035e+00 6.230810354007227936e+00 1.342351967322863993e-01
1.080242069378241965e+00 7.810435432414664980e+00 6.104436040119916029e+00 2.932422617020210009e-01
7.394344779990101868e-01 6.226715408454066569e+00 6.343199546801583821e+00 1.665801768369300218e-01
1.232635701348127499e+00 5.062481498285838377e+00 6.362943854158225498e+00 1.363888922410355642e-01
7.835986786623643230e-01 4.023082445739846413e+00 6.404048540814833324e+00 1.512711629766130828e-01
7.524675834443259603e-01 3.032398343623963655e+00 6.159718049609061552e+00 9.443248354429736868e-02
8.144217709196007737e-01 5.797279069318787670e+00 6.385110339173597716e+00 8.383547753171052830e-02
9.207454830730229522e-01 3.692984999909137755e+00 6.303434981597587417e+00 1.862598050350001422e-01
8.586494980724634907e-01 6.176787620891751374e+00 5.908798199557569575e+00 2.052760061657240842e-01
8.950605476151576312e-01 4.053870793746908952e+00 6.255998539436034456e+00 1.086103413489205305e-01
6.252490304285339695e-01 3.225477932983045193e+00 6.128789196402978590e+00 8.174064767057545589e-02
6.018455980893590018e-01 9.765649470581379887e+00 6.150177694408738738e+00 1.195345821797709485e-01
9.352392355827766623e-01 5.244048700387289763e+00 6.431793849146258069e+00 1.526628858233332331e-01
7.716629984765570605e-01 5.578134125214794459e+00 6.105222942940707220e+00 1.868018070099047578e-01
5.191968014932882847e-01 4.525518216505274971e+00 6.614932795280190625e+00 1.917616391951383059e-01
9.533228806007484346e-01 4.102296916556975148e+00 6.207137357730675653e+00 1.532996547418355449e-01
7.683881215049610525e-01 5.428352531702900663e+00 6.354232186252676051e+00 8.567624189438574622e-02
7.679872437105228489e-01 9.167940543244354146e+00 6.302167757549726801e+00 1.195205199580432476e-01
9.512984264862905937e-01 5.347598786609590427e+00 6.180038373568137899e+00 1.288805128475922490e-01
7.604851862502717275e-01 6.737882876525352671e+00 5.952075208076728963e+00 1.886953774639766601e-01
1.410208319740826166e+00 3.935017214454670675e+00 6.196866662609612497e+00 1.049709704456289472e-01
9.745265841430881260e-01 3.638827100706558682e+00 6.297410263121195229e+00 1.546351503725682808e-01
8.351487063862372828e-01 5.009162195210642210e+00 6.299377459089392950e+00 6.762064002130406537e-02
6.873493859677284323e-01 8.670055197627814181e+00 6.480380679805868738e+00 3.436724895111732403e-01
6.967510724104614139e-01 5.423851622398596639e+00 6.255153582412703805e+00 7.345788920228073227e-02
9.901048230610286494e-01 3.014287816726828773e+00 6.389147837244401273e+00 2.041365413803578055e-01
7.170275486371789908e-01 6.785638068203185824e+00 6.190238836453778148e+00 2.182223405971526198e-01
7.079346976908535982e-01 4.999520068669109918e+00 6.177211032326007434e+00 1.804668817343621223e-01
7.948659779370260692e-01 3.081132803738692250e+00 6.153954510168397007e+00 2.378548588370627825e-01
7.889995522527510907e-01 3.985943436011971208e+00 6.192767638956716780e+00 1.199605261675288082e-01
1.335999613339435843e+00 2.926607698476825448e+00 6.260812702460956558e+00 1.656990546642000683e-01
5.305469589142512987e-01 4.405856089856611923e+00 6.240843036203372662e+00 1.190313496111493480e-01
9.800627066737099824e-01 5.083180449635194442e+00 6.512382349314005836e+00 1.971771590848810374e-01
7.684942287245962733e-01 4.861991997974713264e+00 6.255176085496533034e+00 1.580620371164493110e-01
7.245544688809324452e-01 7.877846403797518882e+00 6.101967570556023901e+00 1.152830739514029285e-01
8.897777116236745831e-01 5.941091566387582290e+00 6.225247034733681240e+00 7.894760576194403967e-02
6.388488668186019792e-01 5.898378999685324864e+00 6.296796713183686833e+00 1.906390456434202685e-01
6.030174887743050549e-01 3.208521927015127950e+00 6.343018664409725282e+00 2.116006113145380563e-01
6.997246355220105851e-01 6.703300219970045326e+00 6.059501389526869453e+00 1.973787080505873814e-01
9.567790424599563748e-01 1.123592024391480848e+01 6.061001096418433320e+00 2.977345159495933813e-01
6.777527225867596705e-01 4.986569739720859040e+00 6.252645075051625589e+00 2.192087528282971876e-01
8.555092257287042479e-01 6.818315726846499558e+00 6.060507467552083583e+00 1.277395771609374786e-01
7.325368097022559866e-01 3.567218397934226459e+00 6.326143900567510414e+00 6.530114165336292631e-02
9.446549174134246663e-01 3.776611357896284549e+00 6.343436421035699269e+00 1.807798721008176956e-01
7.047247900117455943e-01 5.705803441080090188e+00 6.258279177431032458e+00 1.752835403335233910e-01
7.982668184595684835e-01 2.993634963132153715e+00 6.080842842993110509e+00 3.013576493547026613e-01
8.061567080583338374e-01 5.000974488981658084e+00 6.336302866841256431e+00 1.169873092761819777e-01
6.075841621490551958e-01 5.111495507003114724e+00 6.383244388316881235e+00 1.625625946287342083e-01
1.013677433253078686e+00 3.506224961687654407e+00 6.348976729798260443e+00 2.281642353870540485e-01
6.421026545776941097e-01 3.471941869887694043e+00 6.144059846043780304e+00 1.272855347248061930e-01
6.011045614346598454e-01 4.785968711808392229e+00 6.228795525993774618e+00 2.885860975180078447e-01
8.268240948354701469e-01 5.974039105315377185e+00 6.038141327209047837e+00 2.595478993830767078e-01
7.646710893422382638e-01 6.718053574148161289e+00 6.196804134077144255e+00 8.784970003623948642e-02
1.011535627777311763e+00 3.634414868776348673e+00 6.378325134660633999e+00 1.806042053041614082e-01
8.457749058037520307e-01 7.186758215689835083e+00 5.979246164556835552e+00 3.268503261705279495e-01
8.737890902436271645e-01 7.597091560452104986e+00 6.335966390690760619e+00 1.392518852782603511e-01
7.916112925030664993e-01 4.405092461844350993e+00 6.297221237197725863e+00 2.031605605664968395e-01
8.398982901109242061e-01 2.883191130625450960e+00 6.487336413031139948e+00 1.296782659561993845e-01
6.821611457502073650e-01 3.579933170661474762e+00 6.190917792871128533e+00 3.863795437023997970e-02
7.088201409639964812e-01 4.928876847908605363e+00 6.418712904462173796e+00 1.144285958990386154e-01
7.034510071807107412e-01 6.320414419421737762e+00 6.131283482028810461e+00 7.152733358366369920e-02
8.753386267435545598e-01 6.168628753894236816e+00 6.515111360453317069e+00 3.242041746850409245e-01
7.490858419751740271e-01 8.136033656056422814e+00 6.380557001127232120e+00 2.443023081295232490e-01
3.996025880982569389e-01 2.854636080941538534e+00 6.322935752907918427e+00 3.100301768638925037e-01
7.157239675141264801e-01 8.692618656260812315e+00 6.343234283515366556e+00 1.724193140840483696e-01
8.039258671422921942e-01 1.052834797910052700e+01 6.211811146971306208e+00 7.430479552325064407e-02
8.869558536241815005e-01 5.724256027297354166e+00 6.323912138636130997e+00 1.151659323620234793e-01
7.185325000505714543e-01 8.581660246664647218e+00 6.297984780683437478e+00 8.397831357516537254e-02
6.734562123719334270e-01 7.076918111028083658e+00 6.149616320690581617e+00 1.669571002282748684e-01
6.385307654564372770e-01 7.218667600757543212e+00 6.332664255399839348e+00 2.243643294666498034e-01
7.983606418688216078e-01 3.215549007752813715e+00 5.926737087771483559e+00 1.868727038010536690e-01
7.625548317609374127e-01 5.888716539177085707e+00 6.577534936053204717e+00 6.543571450120361233e-02
7.042306864778447029e-01 4.607987680069729031e+00 6.331165380783445151e+00 1.311162842953015051e-01
7.768135919648957444e-01 5.126288357870406820e+00 6.222137323484322913e+00 2.204127842426275019e-01
8.150536093761179268e-01 6.381371687107858293e+00 6.091730716677726143e+00 2.167017950690248995e-01
9.333062499876769724e-01 4.146492501900953087e+00 6.099838733105625188e+00 1.000531754344055335e-01
6.998835183410387906e-01 6.978441322442355599e+00 6.348194986260123684e+00 1.404225296025851666e-01
6.249249897795013942e-01 5.102943220095604637e+00 5.905332993992888468e+00 3.286203993863214823e-01
5.117217534516370625e-01 2.825747582154757964e+00 6.058266670270880283e+00 1.474589434711979785e-01
6.758982636063012306e-01 2.308508948012786277e+00 5.953150512666704586e+00 2.726834679529283045e-01
7.594214024543988195e-01 5.714433270213247873e+00 6.169911707501789522e+00 1.352428504699457745e-01
6.245187646066583387e-01 5.626097933034660770e+00 6.394761818385895857e+00 9.865409667737570776e-02
7.402038581039912524e-01 8.138354656735360848e+00 6.328159027508027279e+00 1.148744169413155602e-01
7.791532058867388644e-01 5.227158632112871572e+00 6.007868358655119145e+00 1.646316404005261913e-01
5.998522483569128649e-01 2.534917175519143306e+00 5.938614335934088828e+00 1.645234928353044024e-01
8.587851207071003357e-01 7.252143705910949478e+00 6.335147736343526681e+00 1.065796850871670726e-01
1.059396822607908240e+00 7.874569355320227615e+00 6.313104493188168576e+00 9.652276923265636077e-02
