# Hierarchical MCMC downsampled to get 500 samples
# alpha, beta, mu, s
5.596855785940876515e+00 7.172465920201407386e+00 4.892720490858314619e+00 5.762517713184424351e-02
4.251104935152710596e+00 8.966729547776333575e+00 4.892770536557439875e+00 8.933614950596971416e-02
4.317176202019390452e+00 4.918600918940644995e+00 4.840361830949635902e+00 6.514893011210261264e-02
4.232982025642557211e+00 6.362822307083908946e+00 4.748554118003651681e+00 1.975032647711535139e-01
4.825376352718605766e+00 1.063867125696263294e+01 4.832550411077402686e+00 6.385424977842137084e-02
5.429808130908936548e+00 4.443979640402634601e+00 4.861787272719388930e+00 3.453165459630899714e-02
5.058571814976474457e+00 1.123042778897806038e+01 5.055747993340006019e+00 9.403049774288907425e-02
4.683798027981336709e+00 1.021246836825937088e+01 5.028761656380527967e+00 9.146216487344240031e-02
5.086985164588456954e+00 1.052289977762509743e+01 4.814084047972345459e+00 7.899740788060805041e-02
3.518118235521689119e+00 4.464190682967433155e+00 4.763978438645463775e+00 8.337301176295729144e-02
4.196219430332212674e+00 6.969332154368022003e+00 4.896149116381937283e+00 5.028806183717886985e-02
4.539169299764592935e+00 7.048507346091497539e+00 4.893233754131677493e+00 6.154677765880230828e-02
4.029621718215095072e+00 6.675723661069950410e+00 4.986434151572562534e+00 1.585071795608050393e-01
3.754920664169100863e+00 6.760223839713824567e+00 4.854014294850660605e+00 8.838039984919990322e-02
3.260630454140870604e+00 4.551008478682382119e+00 4.837764081411318529e+00 8.430248271923264369e-02
4.962989348287274893e+00 9.990874285085878270e+00 4.964939843665688635e+00 8.081961101194203023e-02
4.993868022031772824e+00 1.381346993484538466e+01 4.986825168427673205e+00 2.039393514023313259e-01
3.880826109362263576e+00 5.173582755289253043e+00 4.797627042561527944e+00 1.446734232972438083e-01
4.105413670280148253e+00 5.847369335813611180e+00 4.905935596847826652e+00 5.612150144595576262e-02
2.847588725696825751e+00 2.635672743423533859e+00 4.889204801040140325e+00 5.695759684103429699e-02
2.146526497516120457e+00 3.339558773453144891e+00 5.095625064495551193e+00 3.459828701268187201e-01
4.193199270926267985e+00 7.171244105806401592e+00 4.898073684383383863e+00 1.056753208670511424e-01
5.098791365349233828e+00 7.135458021161900533e+00 4.888329085585937150e+00 5.694294590236537862e-02
3.585307505521872162e+00 3.872586444979135401e+00 4.885646893850656092e+00 3.061431376467806456e-02
3.728316915179636482e+00 4.979564634566813197e+00 4.860428829261472572e+00 8.890061507232402405e-02
5.307273780374909045e+00 9.067135915933816293e+00 4.962098125661846382e+00 1.133404524709135525e-01
4.428792446568277974e+00 6.273146458749078391e+00 4.892604457788938710e+00 2.648366935432400898e-02
2.397025741461761505e+00 2.434953863322053991e+00 5.074668391709245441e+00 1.249652318369343373e-01
4.776514799618051477e+00 5.349088499292183663e+00 4.929501232613311856e+00 9.211071068013276797e-02
4.694533571835557417e+00 7.376161612999644568e+00 4.903498384734158222e+00 1.104030134786811029e-01
4.521546723049707062e+00 4.394443774195000429e+00 4.956949363556733879e+00 5.600788958594112715e-02
4.294521313174263000e+00 4.983221044107159159e+00 4.884069728833559942e+00 1.111978501613348630e-01
2.829956878640662143e+00 4.631552079079903628e+00 4.781360814702745543e+00 1.069609243564400985e-01
4.026692583155162097e+00 5.941479959242140119e+00 4.763097696870315367e+00 1.076391967400198019e-01
3.011082268886368318e+00 4.693546557671680830e+00 4.881171591296919132e+00 8.916022122663436189e-02
4.218687515557753009e+00 4.490236348748102735e+00 4.919712774902605723e+00 2.155116091226570718e-02
4.654737538097336369e+00 4.853852340559833500e+00 4.905317204667531961e+00 2.358986344228566553e-02
4.054857493567188165e+00 4.187678010189777034e+00 4.933277018576696982e+00 5.659895351211614856e-02
4.136921185060511874e+00 5.062906555739160375e+00 4.816490897690480111e+00 8.260760284374867035e-02
5.171599847672156969e+00 1.365805094550833410e+01 4.854891246193936638e+00 5.313082355823447317e-02
4.122832996900035241e+00 7.819959687955329031e+00 4.935931998753834371e+00 1.123256858815013803e-01
4.497523846231282540e+00 7.469358436376541732e+00 5.050552083414545201e+00 1.178762216090527559e-01
3.660169897666408101e+00 5.339347035229683236e+00 5.007741019004194882e+00 1.109920275670184669e-01
3.920720443808112687e+00 6.300303394590017092e+00 4.778503067789891645e+00 1.342132388486092787e-01
4.447219935437565219e+00 1.023269523902128952e+01 4.977039778528565606e+00 1.407364569242872121e-01
3.873100888576053169e+00 3.886404869666564732e+00 4.877688149983947952e+00 9.495336882604832329e-02
3.761782288431636534e+00 5.500572364796598279e+00 4.977461319219784741e+00 8.039241078765038684e-02
3.584381512737608855e+00 4.182200102723901303e+00 4.882272503180056233e+00 6.065493642297732635e-02
3.254721258829305963e+00 6.001788582498146063e+00 4.872841230592475981e+00 1.528993058083802370e-01
5.044176632452796127e+00 8.301329192848315941e+00 4.872654698463496636e+00 9.145970120320223717e-02
2.725489791495836922e+00 3.955061362945312187e+00 5.018738268831286931e+00 2.208724231802155213e-01
4.826189735241136702e+00 1.032420551797291353e+01 4.785078011686817234e+00 1.870661910306030129e-01
4.330166666591010127e+00 4.493964405668678275e+00 4.909780714591322592e+00 9.192789478222412880e-02
4.829576619415149707e+00 5.834230650300914256e+00 4.915406008492690937e+00 9.880089028358679526e-02
4.313846867337202795e+00 5.724353097984870686e+00 4.837504871850522470e+00 1.253444249074666950e-01
4.081765958460978894e+00 5.534048274538796441e+00 4.861956904380019040e+00 1.025383311036262290e-01
3.799326510755932862e+00 5.213321765794507456e+00 4.939424007310123876e+00 1.398694696167858131e-01
4.765125516297490371e+00 5.128640930626747974e+00 5.046391309524326019e+00 1.985370141497338203e-01
3.306411944126269375e+00 6.489599544789731667e+00 4.815030025888480836e+00 2.091621652314313295e-01
2.904559443153266862e+00 3.155307393400061056e+00 4.913567335309776851e+00 7.830495719845612101e-02
2.784489352986066812e+00 2.824575584620432345e+00 5.005011990863240001e+00 6.671775363687208749e-02
2.989676764531249198e+00 4.463239339289984287e+00 4.891045917314360558e+00 5.418549328337497750e-02
4.655476003214707781e+00 4.658823921657280209e+00 4.843874843595664892e+00 8.386390430062784507e-02
3.253256920510679606e+00 4.964868521583709615e+00 4.883901111653973004e+00 3.181100809469992324e-02
3.746561551942662494e+00 5.503900068164480963e+00 4.903190376686642260e+00 6.039868711091431891e-02
4.699488816586973705e+00 9.940769689054496538e+00 4.924106565426891180e+00 8.128293488557557234e-02
4.666362821558414531e+00 1.056870207057743194e+01 4.984415996258316994e+00 1.804036633326621952e-01
5.044819373996461742e+00 7.418634150439658015e+00 4.817344789933430960e+00 5.553576859487836803e-02
3.913848682751285946e+00 4.362486595066003225e+00 4.854584379981458753e+00 9.220687770713263676e-02
4.381166806540676362e+00 7.270435964768392267e+00 4.868676818537891471e+00 6.850286625019588738e-02
4.200434897866144546e+00 7.149689675777942455e+00 5.076825764789727913e+00 1.242553773094951935e-01
4.642544551524484753e+00 5.996638117918950961e+00 5.020246919009218267e+00 6.418445160495740709e-02
3.384811071917334324e+00 4.440188608940358606e+00 4.872099041849022427e+00 1.163055821408991858e-01
4.093596243482720887e+00 7.891684936616049306e+00 4.893192293181898300e+00 7.734643148952716207e-02
4.165883238110568598e+00 6.904402486810249151e+00 4.983550445296574871e+00 1.087398825604740660e-01
3.550321071565977427e+00 4.739354212430956004e+00 4.637367050416056458e+00 1.188309734600065393e-01
4.141958461882824238e+00 6.137876236938939911e+00 4.900482224633230466e+00 6.927575385291057097e-02
3.665807257602980762e+00 4.613497511026466213e+00 4.865316200202913777e+00 7.993282220945899241e-02
4.406353647287295949e+00 7.893501892489693361e+00 4.937196060578890489e+00 1.142327166499272489e-01
3.767022703604397726e+00 6.991467259540804058e+00 4.905182444598843894e+00 1.135015805372846937e-01
3.215110156931018981e+00 3.016659257633756752e+00 4.917570265928701723e+00 7.530283010438967861e-02
4.196547240172558091e+00 4.871727009354328786e+00 4.918775271403265315e+00 7.677157703602223437e-02
3.557791494980822922e+00 6.098265115294404737e+00 5.035418667735948262e+00 2.707280565918123161e-01
4.041782319876934260e+00 7.836415394553765346e+00 4.824328920531003817e+00 1.247102383319400321e-01
3.975350496187437521e+00 4.288141436251486027e+00 4.895511333735873549e+00 1.349280425942767925e-01
4.701769022501581574e+00 8.101442009864394223e+00 4.979381386727422587e+00 5.243738146179046516e-02
3.813992144177339672e+00 6.937962743204344918e+00 4.894131615104313049e+00 7.682867779997293312e-02
4.517574940541700279e+00 4.926910409811096514e+00 4.881435734426091244e+00 1.121875860668686969e-01
3.533510558017671777e+00 4.995538867552393292e+00 4.928632660311221159e+00 1.251363937538176874e-01
5.159503041012053259e+00 6.998754456589936446e+00 5.076539255480495783e+00 1.403056186092599689e-01
4.273676095815833520e+00 9.442570776294440194e+00 4.953439007298618968e+00 3.048025150785033666e-01
4.691529967533995205e+00 4.031216174327546753e+00 4.772559144343108350e+00 1.663766277630147339e-01
3.704342147200361257e+00 6.559989488842587591e+00 4.830404567099731317e+00 6.981899159951276967e-02
2.934478128834403954e+00 2.840843381965509451e+00 4.910171135772639417e+00 5.541382844626453058e-02
4.837170607000275346e+00 8.873061576194764655e+00 4.794264496022207389e+00 1.367495503692223446e-01
3.223515904794242992e+00 3.168892682602369781e+00 4.677386225762296235e+00 2.547384239520402716e-01
5.359551631518733927e+00 1.174106366578887517e+01 5.033962315179828728e+00 2.008770657516944502e-01
3.917931243424286780e+00 9.925153284953118771e+00 4.832290775712548836e+00 8.367036272279780584e-02
3.673123480817642506e+00 5.095195895080930626e+00 4.902002318248965373e+00 1.251824813790153590e-01
4.433605372988635551e+00 9.594337454789812369e+00 4.808583250676690568e+00 8.698279785972938549e-02
3.866638114371075297e+00 3.872832323571389956e+00 5.125342625706125865e+00 1.861740209022787751e-01
4.301695692247895053e+00 4.178527335335139981e+00 4.787329837855129888e+00 6.809356124416526823e-02
4.563155817830945260e+00 6.513396360220419012e+00 4.850244145536484197e+00 1.151046150086499215e-01
3.558373469482834839e+00 5.005111683376175513e+00 4.913451048750443917e+00 9.227779277743641817e-02
3.175135226982837899e+00 4.088138402122690529e+00 5.041762466711622537e+00 1.563864813782482321e-01
4.466396689554639643e+00 6.676734065827203857e+00 4.822722969873580290e+00 8.917163703910309380e-02
3.977338950653867222e+00 9.018304350137675840e+00 4.957457099900092423e+00 9.627797189648981679e-02
3.707151882426175771e+00 4.440556681811243855e+00 4.826546981491822486e+00 5.234124281946064133e-02
1.839658582889534877e+00 3.258849694951282405e+00 4.850638488402120529e+00 7.668284853617779451e-02
3.651091547925712000e+00 6.156299311901168636e+00 4.847015233101243936e+00 1.449285416971486107e-01
4.505034026658905510e+00 1.185792348723263245e+01 4.933793793698422192e+00 8.554159953169743202e-02
4.939551221508504675e+00 6.068118683138876257e+00 4.910380329679616906e+00 1.276447457649918515e-01
3.852694668635079367e+00 6.796641894190672772e+00 4.896676055997822630e+00 8.784830217320357959e-02
3.775716894505864119e+00 5.989074346637495161e+00 4.858686350183341496e+00 9.215905496313707423e-02
3.384382192479139739e+00 3.452533184502111219e+00 4.835921419648345321e+00 5.222955078824927794e-02
4.281341660696457829e+00 5.372484467610502357e+00 4.929830000436731474e+00 9.406902482458953663e-02
3.531056764652418245e+00 3.459982334343782107e+00 4.956508569379588280e+00 1.385172212409104542e-01
2.820677350400404571e+00 5.287911960791652710e+00 4.956359139929077173e+00 6.444024235390591326e-02
2.953997987597277941e+00 3.825479464147463649e+00 4.864824397499138975e+00 5.560307257133357411e-02
4.003209348220488906e+00 5.367466295051867675e+00 4.817549563168030957e+00 9.318451390251941691e-02
4.193064359303638966e+00 9.090090151624560022e+00 4.820962522134214723e+00 1.073768143166951572e-01
4.573625895370821759e+00 6.236693342428782039e+00 4.638002261529611481e+00 2.533172959935076074e-01
3.560347637493903150e+00 4.401345785809174238e+00 4.762044370764010992e+00 8.062337525934630544e-02
4.618097031768927607e+00 7.655716718949627797e+00 4.721059676450548359e+00 1.258536013185340419e-01
3.545213539486656629e+00 5.014239082645739032e+00 4.701152526188479008e+00 1.117320498076957574e-01
4.211681497168128452e+00 6.133757638676344826e+00 4.959911724115097620e+00 1.210823350222986483e-01
4.144447676827114790e+00 7.549004415320816008e+00 4.809378558409640902e+00 7.428791842736981454e-02
3.858049267062896526e+00 5.679869632470088803e+00 4.927592000340209388e+00 5.486453770820721998e-02
4.576312122034276619e+00 5.621843755910171048e+00 4.983962994966501192e+00 1.602241211524591813e-01
4.973957221518925387e+00 6.866796751597846082e+00 4.836614312966727169e+00 8.451250753546751815e-02
5.397850295065101278e+00 9.723015756224784312e+00 4.899076165357120871e+00 7.405546774607066340e-02
4.542525393728438665e+00 9.675169588558652833e+00 5.012714604978178556e+00 7.255169020903701194e-02
4.123314320651348730e+00 5.797342216697276562e+00 4.807150506379285204e+00 6.669571219390818539e-02
4.382059738295262186e+00 5.467022738264960324e+00 4.752256678508069321e+00 8.477699117645139115e-02
3.631110182007017073e+00 3.652130152228063587e+00 4.968489535482587094e+00 1.001001070232757223e-01
3.978169720190358305e+00 5.567519208636016792e+00 4.924422158080848710e+00 8.031337893518496196e-02
4.437924796460660737e+00 5.135655991179038260e+00 4.851997120802896468e+00 1.500856677604671119e-01
3.413335438394722754e+00 2.812357435850630694e+00 4.814773801990784641e+00 7.332661180756044894e-02
2.639637202129611282e+00 2.782858983670988717e+00 4.900570716933488669e+00 1.107506337566761395e-01
4.438817092504690365e+00 8.151805723429076167e+00 4.665691681309086292e+00 1.137878863478535285e-01
3.981005373544743708e+00 8.004422123094050434e+00 4.912199236323065321e+00 6.301190018040467300e-02
4.351087209635389641e+00 7.598042636891094048e+00 4.895311255379164450e+00 6.617331814702094583e-02
2.602577890199495148e+00 2.879658016895739525e+00 5.079127627942702894e+00 2.181394461220838576e-01
4.034055534149652011e+00 9.151546645958983817e+00 4.867422523404407286e+00 1.073595257836321148e-01
4.092270262565379291e+00 5.994544603462879984e+00 4.927299444482707180e+00 8.158062800840454321e-02
4.944182965303233424e+00 4.478435986881311948e+00 4.886849924227722575e+00 1.150453929143073206e-01
4.484436205026728572e+00 5.105726773437638144e+00 4.837941263850182416e+00 7.906040806579767155e-02
4.831900211805981726e+00 6.932376878938020681e+00 4.921035107519825758e+00 1.133303309999953018e-01
4.458821616220854267e+00 3.679686545306610768e+00 5.039775501131802393e+00 1.339158546786462234e-01
4.506073458256424580e+00 5.098029593534827875e+00 4.923207133800768354e+00 1.447553659301877849e-01
4.376872945532959136e+00 6.503493958041960177e+00 4.830196037782254592e+00 1.023727029732122429e-01
1.958044400522452211e+00 3.334226015945566779e+00 4.622665402464809503e+00 2.681031854575199325e-01
4.425682534823460301e+00 7.078169116681081618e+00 4.824873391756227647e+00 1.365073554786993271e-01
4.268412616014549243e+00 6.398144985777396876e+00 4.921040448785372057e+00 1.471335725352376778e-01
3.916773069159376952e+00 6.218718976703652146e+00 4.820876835078633960e+00 2.486614872652055108e-01
4.431335804250763566e+00 8.900291961369648064e+00 4.876764177066689854e+00 1.072329652676457246e-01
4.599689289874766551e+00 4.499958871651426051e+00 5.009954130720032595e+00 7.096008799280972834e-02
4.332227213607394489e+00 5.148651025835532913e+00 4.899857750512966348e+00 9.032092098994906615e-02
3.185457998628755227e+00 6.801136709473166064e+00 4.909360676393476730e+00 6.531087752653004508e-02
2.944624786559006502e+00 2.580264749713537142e+00 4.969107612158676801e+00 4.424841577147612531e-02
4.679517469077918435e+00 7.644900328750669161e+00 5.122667658327745954e+00 1.066853649466881909e-01
2.938202240207735016e+00 3.223760844021485994e+00 4.864317789535712144e+00 8.328481400521432765e-02
5.081915947344008977e+00 5.001550334318277002e+00 4.969160775305540234e+00 7.300596872136988491e-02
3.663184951756142116e+00 5.330570002270495600e+00 4.864237324320896505e+00 1.480118814108475067e-01
2.905982211667077486e+00 4.391659401279790487e+00 4.901487986646376527e+00 8.602776802485759267e-02
3.616493809204033738e+00 5.450252054667153345e+00 5.025253281460741128e+00 1.479091681156826932e-01
5.018794509896473244e+00 6.186716772491407390e+00 4.886968100858791075e+00 8.823867242752481133e-02
4.007321532910727235e+00 5.545959407420474108e+00 4.830670689746050961e+00 8.215466628428164109e-02
4.023752925576365769e+00 3.641933748819345062e+00 4.890077526521463547e+00 1.736305150068050140e-01
4.031211582214570655e+00 5.200945518388776279e+00 4.885281251032270511e+00 7.685896659545020382e-02
3.517062836563152661e+00 5.428512462226354529e+00 4.946445060741962330e+00 6.651134469303567054e-02
4.337164481394588655e+00 4.711363789653581158e+00 4.870706865278219944e+00 3.275168755240820406e-02
4.500825096910265444e+00 8.970445787257348869e+00 4.855323258795482211e+00 3.258844575108673508e-02
3.787453951486360548e+00 4.321822951353317954e+00 4.901177227028246541e+00 8.802558576850069705e-02
4.180886396672057970e+00 6.414253547985826920e+00 4.940951848245885181e+00 4.208903527153121799e-02
4.439315073455746941e+00 4.420297047145525404e+00 4.639221674053722211e+00 2.069795708216666530e-01
4.984690271415987972e+00 6.870959006605343866e+00 4.837320736647894748e+00 8.361208425277785738e-02
4.581836098603565333e+00 6.836979873412837527e+00 5.039779582168006478e+00 1.137926278696634735e-01
3.671470171443112385e+00 5.018601284751572855e+00 4.799952483460090846e+00 5.478055976304120611e-02
4.775058917994711827e+00 8.530253216450203624e+00 4.939010254123148869e+00 1.075516125299362663e-01
3.840121275623517683e+00 6.767422116615621874e+00 5.016869895971572291e+00 7.257409597524684675e-02
3.600311086784448555e+00 3.290539473414612726e+00 5.132888128172880648e+00 2.103102263607146971e-01
4.164318915151205225e+00 5.111344915027791203e+00 4.760487606891929069e+00 1.125901473220344007e-01
3.199533744866636997e+00 4.743256749460083022e+00 4.978308009081215069e+00 7.049730978949630966e-02
4.544516641220142539e+00 5.107279884113553159e+00 4.854442961731062489e+00 5.089558300362395649e-02
3.873560314611308453e+00 6.330595750628416951e+00 4.938387131549624165e+00 5.799325453275815806e-02
3.968719958640538170e+00 6.017262526440530834e+00 4.566964180447303789e+00 2.077542614908955976e-01
3.715912709394218805e+00 2.790868722391531609e+00 4.696874344815452851e+00 1.495722939440913557e-01
2.568555384493469873e+00 3.337077656664896530e+00 4.956570962904306654e+00 6.063108085023023730e-02
4.612064800433484102e+00 7.590701791887351391e+00 4.680792700815997520e+00 1.036837013997711776e-01
4.131095252976890286e+00 5.507205948618992153e+00 4.888288568944983759e+00 2.211337470573086078e-02
4.931769894005626043e+00 6.525273681287746541e+00 4.813241970036845174e+00 1.906540520385397453e-01
3.354039801653192931e+00 2.446175938901483882e+00 4.906814162727853201e+00 7.371889388174510116e-02
3.128808856029827279e+00 3.273841169765749903e+00 4.872146594048047952e+00 1.251142019570637420e-01
3.793034323963038634e+00 9.046077060807725445e+00 4.908372386049209446e+00 2.695497467694167940e-02
4.086384282666204903e+00 4.624414583107192556e+00 4.867191313873357572e+00 7.111658652936919678e-02
4.808445647670887446e+00 8.488906774108627928e+00 4.881942356118297077e+00 1.726632882243958056e-01
2.951186245819216847e+00 3.119204088056404256e+00 4.803042310597724018e+00 1.114975659146729692e-01
3.513569035238798932e+00 3.703441219089723901e+00 4.906817254173998499e+00 1.601521940367617025e-01
5.073736971981619881e+00 1.134912199190808479e+01 4.841173431932475069e+00 7.867469748097118132e-02
2.222664940454976978e+00 2.830275318826072528e+00 4.955660659725574568e+00 5.406285878544914159e-02
4.647331164027165507e+00 5.772821955824784190e+00 4.982271163908007949e+00 8.820973064459446122e-02
3.794498351078059439e+00 5.052482106213483704e+00 5.159382839500271878e+00 2.142337107413248010e-01
2.759527463560894400e+00 2.146061040457232671e+00 4.938466771446393899e+00 8.997687952274845136e-02
4.943292200807682057e+00 6.550872079753541577e+00 4.857827125722010919e+00 4.970049794979658486e-02
2.611270763301637210e+00 3.067862931568390295e+00 4.680959305196798148e+00 1.396853925549590425e-01
4.511803960556100002e+00 1.047738404019334801e+01 4.850368155048005114e+00 1.577023000302009426e-01
3.568471463098235930e+00 5.354897753421796303e+00 4.961422085078782018e+00 2.376134133425977513e-01
4.635580267462930948e+00 6.777848366146565162e+00 4.881249649524684209e+00 6.119767999967411221e-02
3.733491837179883088e+00 4.247871886808703756e+00 4.935525855928160510e+00 1.275516559573168229e-01
3.701202099836930159e+00 4.147902575562008920e+00 4.771131589522142669e+00 1.053623099187001172e-01
4.807980656882962833e+00 5.862025568379788609e+00 4.623357253649741594e+00 8.758266182167534497e-02
4.017269657876267885e+00 3.968452322656439879e+00 4.893061843825621260e+00 4.671349646050431542e-02
4.577713906048193060e+00 1.110415130130937733e+01 4.934755204359925429e+00 5.454921389603996362e-02
3.242155476252607915e+00 4.718566622501743524e+00 4.766385853592616684e+00 1.208048340913745328e-01
4.406892839961003894e+00 7.394369413405732949e+00 5.123056852361806079e+00 1.992484839611420311e-01
2.728242089758990296e+00 4.089233415146891204e+00 4.878281274289117064e+00 8.786688914264366435e-02
2.677785887169249701e+00 4.110734618591110667e+00 4.815048929307328862e+00 9.256638947449850885e-02
4.329078060540242134e+00 5.345590016764528940e+00 4.886602198777208805e+00 1.571000860339858141e-01
4.156817739513699372e+00 6.153729425798476704e+00 4.918666558365825558e+00 1.128592851689150522e-01
3.211852579761510729e+00 3.830441092414649251e+00 4.873997865118036898e+00 4.383228328322856526e-02
3.858159763367034589e+00 4.707312730908544296e+00 4.950046963321895532e+00 1.105528115773306008e-01
4.315139699873205892e+00 6.134108461477723928e+00 4.777146759482558735e+00 4.049595627573672474e-02
3.036709582862191059e+00 3.506628890634808648e+00 4.877173359166624422e+00 1.936973554660527674e-01
4.592037312417927453e+00 6.070822378744400005e+00 4.864005160915795933e+00 5.343395617529800301e-02
4.753453733816539462e+00 1.205190281149063836e+01 4.895930386722119998e+00 1.017667133214188446e-01
4.478537633776104698e+00 8.511651564032447936e+00 4.950983177211125685e+00 7.460870445836984000e-02
4.638727459860369606e+00 6.596669641916084181e+00 4.852504552024540452e+00 5.443765664830130940e-02
3.690809423599347827e+00 6.656015212913493961e+00 4.792803309280637691e+00 1.833928791765730704e-01
4.304937239551371420e+00 5.892464257090528790e+00 4.931352840184729303e+00 3.444578992917498445e-02
3.933520849629061011e+00 5.996599395158535017e+00 5.024194191968925693e+00 1.984128233842653299e-01
5.079443583522458283e+00 1.686050190323046749e+01 4.881651075373962811e+00 5.701858511129866830e-02
3.716834992350627864e+00 9.382685049037045033e+00 4.879240230949204893e+00 5.523076804935942580e-02
4.759313665531378135e+00 6.477447300760018400e+00 4.832088403343950844e+00 6.634489880877890433e-02
3.451920208314523286e+00 7.078143604380258580e+00 4.868499375596076817e+00 1.521455406997614390e-01
3.971880860475101915e+00 5.069459552793509793e+00 4.900522302780146333e+00 8.610934105366244151e-02
3.912566254199339788e+00 4.106745289819341060e+00 4.593706560307222908e+00 2.441163516029843661e-01
4.546345077343802998e+00 4.529128109101272948e+00 4.885542945738702514e+00 7.303925175868951347e-02
3.893540223855923355e+00 3.777617977078094214e+00 4.897774078531710096e+00 1.075384235311181297e-01
4.753118527648616976e+00 1.185385182130441351e+01 4.771041356113303600e+00 7.258565355375365402e-02
3.744442969432387081e+00 4.203004973958517354e+00 5.015729719373815065e+00 8.395037892763738963e-02
3.598892975510044057e+00 5.241749759264775044e+00 4.961708830007507842e+00 1.204043413230872495e-01
4.750878052942152152e+00 9.759929933137701852e+00 4.808373102094481766e+00 1.043595602824354679e-01
4.582961979434712063e+00 7.721002326390371095e+00 5.008172732938509064e+00 1.296483321593251414e-01
3.063621953877636361e+00 2.596758891444136630e+00 5.062678056036258312e+00 1.301228779936560997e-01
3.663374427883584694e+00 5.353637966384536817e+00 4.873040920390043773e+00 7.100832804907435125e-02
4.643584477473767791e+00 6.998068926480732088e+00 4.836753409841204387e+00 8.637248020303842089e-02
4.872126226859011311e+00 1.049928739209420492e+01 4.987280455652831179e+00 1.177222189880839653e-01
4.142569830381473750e+00 3.734603133038404632e+00 4.869466466872986565e+00 1.178159931676181216e-01
3.775013565549111938e+00 4.879817839366689114e+00 4.900497842574090157e+00 7.153618898029040496e-02
4.724594105129778399e+00 6.668252502724049791e+00 4.828977828380462078e+00 5.643698503499788854e-02
2.853427521071789652e+00 4.295461409558482657e+00 4.817754567788679054e+00 1.481678953265311571e-01
5.094408806026129000e+00 8.844401696139355451e+00 4.966845493818945023e+00 2.168686550655963552e-01
4.973131292172152662e+00 1.051761306139207974e+01 4.799407335809537933e+00 1.618647957524266545e-01
4.384322836409806357e+00 5.302594253397859170e+00 5.055291331259847531e+00 1.743717171526907306e-01
3.577505225449324477e+00 5.349046228361874711e+00 4.848667729058823817e+00 9.924052058779231356e-02
5.141605874254262076e+00 1.144460309916802920e+01 4.889088813363825281e+00 6.108679615916669248e-02
3.773877282996548566e+00 5.129860477293989973e+00 4.928076749480070795e+00 2.323175125234704652e-01
4.047495374113075250e+00 9.876801926236595364e+00 4.974567310481760707e+00 7.286996666764269937e-02
3.011481440052203418e+00 4.548621839951873191e+00 4.804412466955536587e+00 8.806661031895832159e-02
4.363887426339658759e+00 6.314776248506704270e+00 4.929863194043210939e+00 9.108556691092896396e-02
2.727213581633745498e+00 2.827585234226931199e+00 4.905848599806168053e+00 4.416442910317286419e-02
1.775379552554614992e+00 2.819956381270286805e+00 4.901590920631538673e+00 4.088068971000095170e-02
4.091937722154690427e+00 7.694715834736108206e+00 4.889767225976199505e+00 4.059486858624598848e-02
4.606406635477289235e+00 1.111840996947108273e+01 4.880440669674251275e+00 7.310997114705380939e-02
3.869560307308261393e+00 5.536513887892631658e+00 4.824032073682740673e+00 8.399120262212481092e-02
4.903219956389259337e+00 8.914833437463112631e+00 5.090959594868500027e+00 1.368702412900266729e-01
4.316451247183822559e+00 7.334563219369062637e+00 4.840728319730452256e+00 5.058569144399756995e-02
3.947399314989825214e+00 5.360751259733163465e+00 4.865967032532319436e+00 6.439689143777872771e-02
5.234697202469065225e+00 6.637753069569449771e+00 5.065393001914396010e+00 2.073446455059446691e-01
2.818608204692178987e+00 3.985736731630028729e+00 4.842924551351430296e+00 6.142316077274033448e-02
3.991496183877627058e+00 4.628382407276991017e+00 4.826479799813022886e+00 5.829501337177071807e-02
4.520730485266883036e+00 7.850670825373393669e+00 5.025976665144969324e+00 7.995850579266478020e-02
5.232950348455136513e+00 5.890031273132416700e+00 4.883543194188468384e+00 9.759575413337864824e-02
4.694344920464998516e+00 5.426988532790738340e+00 4.892244388667005950e+00 5.933425600058378491e-02
4.365416525503743372e+00 5.123235032869077443e+00 5.017716325425197077e+00 1.041106888487882132e-01
4.346165508216481399e+00 6.728308309080603067e+00 4.901476301170098360e+00 7.401362300216472734e-02
3.736680487897368508e+00 4.716776087713734356e+00 4.786836944631243540e+00 2.176876903023995669e-01
4.565581896954286734e+00 9.786161514856683397e+00 4.821581709266414606e+00 8.212166552320714075e-02
2.234626473748141606e+00 3.097783450137815198e+00 5.049221039510253917e+00 1.551214325339409505e-01
3.665807257602980762e+00 4.613497511026466213e+00 4.865316200202913777e+00 7.993282220945899241e-02
5.610109608752817500e+00 1.044389645121741950e+01 4.986856101561614629e+00 2.605861087223619865e-01
3.882913966888585922e+00 8.808908675054107462e+00 4.798662074772304109e+00 8.066159326543798080e-02
4.311836262850121670e+00 6.014902904289459507e+00 4.754093417035407221e+00 1.276307635152306996e-01
3.656449445711733581e+00 4.946666304685910731e+00 5.018994113352708730e+00 1.481949933393975072e-01
4.347960972040128880e+00 8.469270044272626308e+00 5.001193366473606794e+00 1.844401168445505002e-01
4.317094919939911790e+00 7.383427561210729628e+00 4.827331731079179455e+00 1.544384706933568385e-01
4.133545522663130356e+00 5.392855062035367020e+00 4.903627776809524441e+00 7.018454583567182437e-02
4.442481297590164857e+00 5.449741776513421065e+00 4.957267891954326267e+00 1.146334692564631441e-01
3.974995454187748578e+00 3.435651552804973363e+00 4.856521791833796620e+00 1.002411949233103367e-01
4.173290371243836283e+00 4.311679515323766587e+00 4.764478163023792234e+00 1.357185885933698821e-01
4.501099253494235342e+00 7.324742426270865359e+00 4.906891345174944519e+00 1.274561051182064308e-01
4.252778113113843794e+00 7.131078798320022116e+00 4.988115602754707112e+00 9.034456433652773844e-02
4.100059426154938791e+00 8.117150160410693260e+00 4.848023110403933522e+00 2.723763359116732063e-02
4.931503024275677660e+00 1.363467555977981682e+01 4.852685877342194587e+00 1.836642921485245328e-01
4.070263196217950075e+00 5.739048165200708596e+00 4.857530595348190872e+00 7.123613830019995263e-02
3.276046388868928627e+00 5.979012715977152226e+00 4.885701999129737239e+00 3.506600055146570638e-02
5.177691832196550159e+00 5.735262137473458921e+00 4.882547470636035669e+00 3.434772828053295202e-02
3.800792606669405327e+00 4.252412152486899188e+00 4.910085645092075346e+00 4.594384934842930118e-02
5.667102309286619288e+00 5.905718420945111902e+00 4.874439689727438463e+00 7.794851670800909127e-02
4.275530492322797471e+00 4.932673611620927545e+00 4.850400048811227549e+00 6.018615110335440860e-02
3.948496135081844827e+00 4.556803346452549697e+00 4.894791375597285388e+00 7.467419768073529918e-02
3.894890177369132900e+00 5.989171279435629103e+00 4.891842979736050978e+00 4.576870133119727291e-02
4.362127367165897773e+00 4.460501943065310115e+00 4.965683684312613089e+00 1.819624875918908202e-01
3.765539745477854083e+00 3.322561053146199761e+00 4.796947890669412295e+00 1.733212309103160653e-01
4.037377116244374342e+00 7.387202738038384453e+00 4.798880773069861050e+00 1.396220102462804591e-01
3.840583430570091217e+00 4.605461283682528162e+00 4.766870773788369320e+00 1.944137244995833291e-01
5.025288051608886697e+00 7.015196371402267594e+00 4.948023127804589194e+00 1.315024859971392623e-01
5.469709855703820622e+00 7.379542109980945952e+00 4.714954988873330421e+00 9.346667420657310543e-02
3.651350112407584003e+00 7.869218052181484957e+00 4.949096293154712889e+00 1.152639418166219870e-01
5.640968456099256123e+00 8.899578998382645878e+00 4.796748110481354743e+00 9.682633615692386175e-02
3.881680393787379835e+00 4.598596939867343636e+00 4.810574466803647198e+00 5.749087799154575795e-02
4.666116455039278854e+00 9.679032880122340643e+00 4.814910010308156352e+00 6.520285501208053502e-02
6.064770250725319833e+00 8.862637739184814123e+00 4.887759023011374104e+00 4.558081107963977974e-02
3.447100477974981203e+00 3.306928330964794327e+00 4.836098964532620670e+00 4.416009503976128098e-02
4.961667412710454528e+00 6.828913377894086700e+00 4.769741400879834003e+00 1.038786290805712026e-01
5.883064807629945214e+00 8.765033045668767286e+00 4.890186449686729553e+00 1.036523346559810876e-01
3.771539758414609977e+00 4.641641852478878505e+00 4.658131645617925365e+00 1.672436052011767871e-01
4.526046730117497141e+00 9.430579320915303043e+00 4.904963561600612643e+00 7.147177615270457196e-02
3.939127742637381857e+00 4.838172995474840477e+00 4.784224593433105355e+00 1.053075524950101982e-01
3.595529921625980840e+00 7.173302353654111840e+00 5.069033743573802653e+00 1.346334822181700919e-01
5.266844221317612096e+00 1.127249631063130764e+01 4.872185308331978604e+00 6.078911412145861226e-02
5.409561958062571563e+00 5.571117103640477630e+00 4.948371461237591973e+00 6.014398713973978516e-02
4.388646031933291169e+00 9.699239423569771645e+00 4.886177914666092192e+00 5.539376692199091817e-02
4.682029765505780539e+00 6.858766624942569834e+00 4.806810676910880709e+00 1.590732359762881409e-01
4.124969983464989554e+00 8.498223709227801237e+00 4.841755836832424720e+00 4.635528253339404187e-02
4.226106478736901373e+00 8.222769525694102910e+00 4.900282215237409034e+00 1.013578886352016067e-01
2.868634801148527647e+00 2.722878877503741357e+00 4.982056789086811932e+00 9.714569600976767638e-02
4.684268746847227050e+00 9.683973122250046472e+00 4.900052013882105761e+00 6.938002189294339983e-02
2.397444861089444768e+00 2.887935935026178846e+00 5.031043106974823154e+00 1.048838747074716110e-01
4.705116735439769826e+00 6.223049218326459631e+00 4.893212219351892323e+00 4.671451301212352358e-02
4.063693560001370386e+00 6.740187237833844769e+00 4.866639652523176984e+00 6.660585592244379349e-02
4.444485246000045464e+00 7.614149586572719564e+00 4.914640151570001336e+00 8.272210156656001345e-02
4.359906687808058123e+00 1.266012519558042904e+01 4.922229546278020784e+00 8.671369651711968718e-02
4.291706006853442723e+00 1.017852559771852405e+01 4.784716976183452708e+00 1.132996330413538200e-01
4.695256346123679592e+00 7.989057867335041863e+00 5.061811734317588574e+00 1.283554446296702733e-01
4.329776273443977530e+00 5.450436035952470171e+00 4.610655065185516044e+00 1.153663564906491218e-01
4.167453608544835042e+00 9.172754622385838275e+00 4.828318426268915609e+00 6.652710491626533107e-02
3.274523455388430815e+00 6.314367304855274199e+00 5.072033147976185319e+00 1.125924804441757604e-01
4.125325265169683675e+00 4.616137772118206861e+00 4.916183089026218589e+00 5.688745721765699898e-02
4.716921668398533996e+00 9.632960958298669496e+00 4.809273666574907402e+00 1.072266571142225650e-01
4.585758345223247545e+00 9.362954260270841544e+00 4.905240657368293178e+00 1.045531187147007851e-01
4.441968399092517394e+00 1.060459231376764144e+01 4.867204052194037622e+00 8.713127464532889610e-02
3.262479125485717280e+00 4.319956042329146761e+00 4.906801055183905191e+00 1.667284484982853310e-01
4.069708905238935692e+00 6.037199234651313695e+00 4.871342241066523471e+00 1.495464150819613425e-01
4.320960787819194238e+00 6.577850361867553453e+00 5.086053598029808498e+00 2.093757845994844158e-01
4.801870026032614369e+00 1.015710001710780475e+01 4.836741585550939249e+00 1.112398813588161006e-01
3.609288899454323740e+00 5.277548714038006850e+00 4.793495596646670798e+00 1.896091968108460368e-01
4.203639830350065942e+00 4.787259862368892449e+00 5.025617533555436722e+00 1.164389597669337473e-01
3.491276396432654749e+00 3.598361118759431765e+00 4.914065993522544140e+00 6.792071514848319058e-02
3.227382865812990609e+00 3.526090668117831228e+00 4.896275956655845363e+00 2.122128746752736106e-01
3.055341118236318376e+00 3.665612964722593681e+00 4.952737742796000653e+00 3.125830900822471059e-02
4.608330084385575454e+00 5.624987258488821418e+00 4.921274989080335338e+00 5.982141003408286001e-02
5.111320967885261801e+00 7.723082222082668480e+00 4.900700385460909914e+00 4.169192454042730533e-02
3.888090450583588709e+00 5.638528137050029088e+00 4.941476712892227674e+00 1.463678482511638901e-01
3.713981646232067391e+00 4.470383994468678068e+00 4.784377103644157359e+00 1.004112962532218711e-01
4.766405788136656163e+00 9.327851982699325362e+00 4.881418469989184494e+00 7.540771404801625832e-02
3.774923109994497761e+00 3.384137838949778931e+00 4.962779367192873714e+00 9.925007518016895625e-02
5.007380880870062612e+00 6.807209823086076028e+00 4.948723593531791920e+00 5.001367010900367727e-02
3.520326086160865398e+00 5.141604104660939534e+00 4.849525987427610652e+00 1.109231156719201333e-01
3.279312377630609454e+00 4.249783437307415035e+00 4.837203989401261950e+00 8.945579978345172267e-02
3.389831194660071212e+00 3.545188732761681116e+00 4.872999901288970648e+00 7.552099040630790017e-02
4.971182670281358185e+00 7.280643728713985574e+00 4.952560334259906050e+00 1.162142317236349170e-01
4.458821616220854267e+00 3.679686545306610768e+00 5.039775501131802393e+00 1.339158546786462234e-01
4.459987881265724319e+00 3.608139342547140416e+00 4.909796279572917754e+00 5.525150358695495034e-02
4.230510574920143263e+00 9.472704409349919530e+00 4.939913877655512486e+00 4.450604565560296183e-02
4.380305625671629954e+00 4.634492731232163543e+00 5.041548401589074579e+00 1.031175222076082532e-01
4.819818813056922835e+00 1.363807809039230712e+01 5.023295401750006661e+00 1.879355726244850422e-01
5.448151501022968191e+00 1.357557111340691947e+01 4.868292908550166942e+00 8.850146973758553359e-02
3.901329250413688055e+00 6.697783000999386616e+00 4.798923241457974775e+00 8.939551803659769036e-02
5.267494837962757082e+00 1.054010488789301014e+01 4.902818481587408961e+00 5.985862530807144199e-02
4.975606271712885942e+00 8.066684680248211947e+00 4.920557687565689342e+00 7.238745753964923035e-02
4.167314261104889006e+00 8.495351629346695077e+00 4.935563059900881733e+00 4.958572593368339165e-02
5.138089334862474544e+00 6.597251402651211905e+00 5.004138109523828426e+00 1.523083035106733152e-01
4.896580056549772131e+00 6.511255722880234131e+00 4.835905244472096243e+00 5.887107687874181677e-02
4.352630413999893477e+00 4.668543220011859063e+00 4.900769179171883927e+00 3.246274461409950907e-02
3.946987160383638837e+00 5.017733801755668743e+00 4.864479447807045887e+00 8.126154717092226587e-02
4.361427555703321524e+00 7.339764763072899711e+00 4.869162284868457924e+00 9.766310304526991393e-02
4.926240406996331700e+00 6.081766345114495209e+00 4.910897361533899996e+00 1.640456411170570783e-01
3.055385839275066573e+00 3.360865867004586782e+00 4.799237210836237999e+00 1.127477244952748980e-01
3.714854758685728342e+00 4.621395940350831566e+00 4.807973461734938780e+00 2.339343483622580711e-01
4.338866471327820662e+00 7.015263501055437168e+00 4.876441888883491060e+00 7.432890630368649276e-02
4.389649632717557814e+00 3.965510139787613131e+00 4.919338361882371835e+00 5.849832892666989581e-02
4.194810015168380701e+00 4.741253577857911239e+00 4.817520532772351594e+00 7.769229232602212210e-02
4.697642510961501650e+00 1.002262418031282465e+01 4.771558102049018757e+00 1.385553211512376703e-01
3.733457558648122454e+00 4.335112062651394815e+00 4.781253050617948475e+00 2.224704099855984163e-01
4.999548654736708286e+00 4.810749915040894109e+00 4.834310798050448277e+00 3.041619626783253483e-01
4.062638108322076391e+00 7.179645968842824466e+00 4.893169286650838501e+00 1.194569376460370563e-01
4.868722033316932318e+00 6.946282422276173207e+00 4.947150099283108560e+00 6.460052108836368545e-02
4.648793657313926353e+00 6.729210479078576945e+00 4.907574626384794136e+00 8.312183028523158212e-02
4.336894183284785598e+00 6.924091611346147701e+00 4.969597219149649803e+00 1.026407004062189487e-01
4.145190700121091254e+00 7.190851725657734228e+00 4.914376443733845967e+00 1.083942819261665413e-01
3.994648991895239032e+00 7.122138252385713741e+00 4.971615766902382383e+00 8.670962801627703220e-02
4.599220048524149895e+00 7.568967166990515416e+00 4.777268185638962272e+00 9.882255126982349147e-02
5.265249491350587618e+00 8.170789002743301666e+00 4.745057585990180904e+00 9.478394289982816634e-02
4.546031931456987252e+00 3.020929001909369305e+00 4.833534712929539623e+00 5.225616792103945224e-02
4.403428248286607172e+00 3.632665926460440176e+00 4.831622833180857057e+00 1.179242532219167416e-01
4.910153013638331565e+00 9.402406792104887501e+00 4.714528194274594242e+00 2.251903888502670426e-01
5.355031713691301043e+00 7.598273397832074671e+00 4.902302975371630289e+00 3.405190903799600044e-02
3.081835127215434511e+00 2.931394058818619364e+00 4.845914100265225954e+00 1.272234198416712647e-01
3.503966054699238164e+00 2.991683418102220049e+00 4.936047304173151851e+00 5.260193584371600228e-02
2.800193246732611385e+00 5.019023147578599797e+00 4.879672175845914062e+00 5.740495485736913511e-02
4.894454566376606586e+00 1.059523162953629871e+01 5.149935371880891566e+00 2.073760634226738953e-01
3.645423065703066179e+00 4.372786760043065435e+00 4.920261321463200943e+00 1.042224444181413245e-01
3.804594206097070774e+00 7.304745362536228193e+00 4.809377056268758110e+00 6.116590453466797667e-02
4.077421069352509697e+00 5.639690061241134700e+00 4.900087749984697538e+00 7.492959842552711358e-02
4.333937412901968322e+00 6.978469823162481767e+00 4.783971516976130545e+00 8.738460738720016385e-02
3.437640349107669913e+00 6.434078687981339861e+00 5.028267317071442477e+00 1.287390903927314312e-01
3.118761119152661188e+00 3.963196925832852990e+00 4.910710669401069595e+00 1.779665418516349351e-01
4.041691593833801832e+00 5.297049771664028128e+00 4.731012907709226667e+00 1.170473990908990208e-01
4.437787212267145343e+00 6.745115605459756303e+00 4.859058666648229163e+00 4.347452935774236138e-02
3.618737156690979173e+00 6.871979326803659305e+00 4.965741711340689868e+00 2.386375272173319184e-01
4.363318136469152009e+00 4.151574253886680665e+00 4.952401526563723344e+00 9.532026638710543176e-02
4.251104935152710596e+00 8.966729547776333575e+00 4.892770536557439875e+00 8.933614950596971416e-02
4.619459466295531946e+00 7.930258861620570698e+00 4.991232466412297342e+00 2.621213481593459571e-01
3.248274718691194884e+00 2.604795199318596044e+00 4.771919611759027902e+00 7.229225323590882102e-02
4.323785718637222608e+00 7.010895914454357225e+00 4.823384863359473584e+00 4.973349358033450629e-02
3.125723060276417442e+00 2.959260788232044082e+00 4.913743229309182503e+00 8.549342161933475015e-02
4.621574834747018912e+00 1.178362805118862155e+01 4.987552870709070163e+00 9.682206739860323153e-02
4.659748092261937202e+00 4.870265781997552779e+00 4.822697963093165008e+00 1.389905999972805839e-01
4.241447325189616535e+00 3.400824446451862215e+00 4.938112362118771692e+00 7.838032803557659633e-02
2.469449612911690295e+00 3.543728407226111710e+00 4.755033041773703673e+00 1.342924998691350513e-01
4.549244911099846078e+00 5.242057719587911002e+00 4.909774636410054960e+00 1.008472495078550357e-01
4.871688050936437975e+00 1.022257047423948784e+01 4.897986929579388971e+00 1.378368352652974416e-01
3.874218840676111775e+00 6.356898841257208055e+00 4.940894697189736284e+00 1.078459281295308797e-01
4.716108023324242282e+00 8.851437934779692540e+00 4.895832651401677005e+00 1.201264709519132001e-01
4.100147526539620557e+00 6.164686642238998537e+00 4.824907133970779860e+00 7.425992668561598453e-02
4.244437177238460812e+00 5.897554457347002455e+00 4.783701418941853412e+00 8.295434464565125399e-02
3.918292349183665646e+00 6.216652547558362052e+00 4.861568205150017086e+00 6.497440675509166819e-02
4.519850715584823320e+00 5.986916867136127252e+00 4.933139007145961763e+00 8.045023587048028002e-02
3.825819725836478113e+00 9.538751830728694259e+00 4.897783417669874240e+00 1.251694455871195655e-01
3.599502002107259901e+00 3.847705018311935454e+00 4.759754714334664349e+00 6.131425102867447963e-02
4.962989348287274893e+00 9.990874285085878270e+00 4.964939843665688635e+00 8.081961101194203023e-02
3.003641076261464704e+00 3.986189913666848827e+00 5.067635988046253814e+00 2.529429952287639560e-01
3.656317045529125842e+00 5.811020868171667075e+00 4.771383028955209049e+00 1.379845092983446875e-01
4.713619321700441844e+00 5.953834442722213183e+00 4.852920791548580581e+00 9.842194590019914813e-02
2.643570075111096873e+00 3.055275555630740048e+00 4.748680428237194384e+00 1.822562052391476506e-01
3.794601850626318829e+00 4.135504008964571376e+00 4.923340237984272783e+00 4.884166339845762150e-02
4.111604400416099203e+00 5.393460384059358681e+00 4.947762845452063907e+00 8.880221732048730610e-02
3.307903369832008167e+00 3.481207121074826549e+00 4.952147991408422989e+00 8.398044317334107944e-02
4.131612446971240082e+00 8.873712129904133050e+00 4.998676877742138203e+00 1.803729777777592080e-01
4.230103560112241645e+00 4.842821306271878790e+00 4.906351993387322530e+00 5.854885001339816403e-02
4.754864035550039780e+00 6.235923403419575628e+00 4.912647816176076709e+00 3.282556278782011172e-01
3.084899916338658787e+00 3.629466430904060292e+00 4.874080039047719026e+00 2.029632064808850611e-01
2.909759961029837694e+00 3.160807925579075750e+00 4.830674845601730993e+00 3.608091024623544946e-02
3.472457314364047143e+00 4.966294530620176673e+00 4.880101919079022466e+00 8.225810292684927749e-02
4.521329817217690561e+00 1.060683138250174729e+01 4.849823454817630441e+00 6.599636599277382276e-02
4.584685373547852549e+00 9.111284480813818476e+00 5.378504069394076659e+00 3.853762033289604982e-01
4.664386497347707383e+00 5.464333458224984064e+00 4.841347918009671680e+00 1.577531404883639743e-01
3.930007811602505452e+00 6.469300359600566708e+00 4.891252037849548095e+00 1.015990465118114527e-01
4.425668694968813099e+00 6.974357012789070609e+00 4.870689035381844612e+00 1.141057416419156145e-01
4.834493064683448971e+00 1.289867333437440600e+01 4.806650773889377781e+00 1.571279657788147155e-01
2.894927170090799695e+00 4.036434679382893798e+00 4.862650599126514095e+00 8.398886384115218651e-02
4.075790108517806765e+00 9.031588310375292750e+00 4.934682734423027739e+00 1.607062774917336068e-01
3.130516780492611950e+00 3.583236919987422997e+00 4.801068653613139503e+00 6.258839215201389417e-02
4.760767662589103111e+00 5.734653021801143780e+00 4.924661127944491845e+00 1.228670318719407434e-01
3.673943902363016267e+00 8.078066643112514100e+00 4.889629873041312358e+00 5.458757644409767407e-02
3.471796654166977802e+00 4.829546262416690716e+00 4.842586487136002482e+00 2.660945720113185378e-02
3.866616435610773284e+00 4.986934157481472951e+00 4.859147172556492755e+00 2.650739329205460404e-01
2.922114268896214728e+00 3.397434814459749486e+00 4.891336182076192252e+00 6.539590135113637626e-02
4.268417418165163291e+00 6.236699614572448702e+00 4.823590295961873942e+00 1.082297670309957799e-01
4.382106366719302315e+00 8.749967043163675129e+00 4.871838553114025139e+00 7.911573651881528835e-02
5.073762085546182021e+00 1.299967862857604395e+01 4.977557798716527593e+00 5.530903017563081753e-02
4.618447605537473244e+00 8.425531987453123151e+00 4.875227087341689192e+00 5.857958036538300078e-02
4.883038891026885153e+00 1.060289248719228361e+01 4.881950234603586125e+00 5.000164067027869363e-02
4.920832790578959504e+00 9.813114651766884577e+00 4.875944180287625329e+00 4.542702617219743916e-02
3.933113329302702521e+00 3.905481493365488888e+00 4.830867027348431542e+00 1.424364867451099470e-01
4.140672698871156854e+00 5.178845580492509093e+00 4.716267793819016063e+00 1.753956860112301508e-01
4.494306913666604508e+00 6.939352932878677827e+00 4.871345414325380929e+00 5.419908436510652988e-02
3.253880078806492548e+00 4.223380720098420582e+00 4.990453779918497368e+00 1.036336827939553784e-01
3.796904204727797882e+00 7.860449527605221753e+00 4.921460257353230006e+00 8.368578748082533547e-02
4.805664043878950409e+00 1.075029041277723785e+01 4.831749076467070303e+00 1.860308401050153604e-01
3.016529827535074038e+00 4.358411172024896807e+00 4.951067303161276634e+00 2.471208974870711117e-01
4.715425814491929657e+00 5.372963521397076114e+00 4.958051794591235684e+00 4.872981758882342224e-02
3.856991352223570590e+00 4.769223797347728500e+00 4.810700666152604832e+00 1.941893771921230361e-01
4.186727818933664302e+00 4.841099756644071661e+00 4.932306791860150419e+00 8.745029235575017823e-02
4.841661499689386083e+00 8.004243194212675050e+00 4.829828041897894941e+00 5.650660380085924944e-02
3.923207298025491063e+00 8.679796612880290141e+00 5.071780286683926775e+00 1.160231271909511197e-01
4.312543202596793357e+00 7.531644649895364196e+00 4.769173111479354965e+00 1.406480365087281470e-01
3.645728476073405222e+00 6.071957237662145346e+00 4.795138120339577092e+00 1.396683900032384129e-01
4.533965577057267105e+00 5.954766714861498222e+00 4.848019731823888456e+00 4.795766678967235130e-02
4.145140720033883674e+00 8.689335584286302705e+00 4.836813416168609159e+00 5.642514537239715772e-02
3.207790043327158891e+00 2.514099695544276258e+00 4.586600588045763871e+00 2.822074527987459835e-01
3.274715295091966460e+00 4.756287413632085403e+00 4.866875736254457685e+00 1.648353040256470003e-01
5.024432159084326166e+00 8.908824345844703174e+00 4.670312933149928014e+00 1.224685568766230442e-01
3.188026070785184629e+00 3.914667174940842820e+00 4.853152558357203716e+00 9.201432047762647670e-02
3.938625222723051156e+00 3.537674533765138740e+00 4.990113489368773081e+00 2.410122077884394587e-01
3.789249212045188830e+00 2.953978746177278403e+00 4.729643745017276579e+00 2.955374702318876445e-01
2.604553112172137919e+00 3.482672257435142082e+00 4.845453458597911656e+00 1.581781519892642152e-01
3.389900631704494405e+00 4.656290473629015381e+00 4.761198197194315362e+00 1.951660802795707472e-01
3.380142961369544174e+00 7.024669675650406120e+00 4.894319744157639818e+00 9.204318721507581680e-02
4.626896629186313170e+00 4.661661055078799798e+00 4.788602720211118324e+00 1.071914690403485554e-01
3.704913449060688979e+00 5.539922092617720395e+00 5.045604329702563895e+00 1.428556753716973271e-01
5.057778039798388470e+00 7.571600376655090336e+00 4.865996530820804189e+00 8.727291251554848694e-02
4.894604511805749070e+00 6.726183260771811945e+00 4.781998097774115664e+00 5.264058809670978112e-02
3.605039930085423894e+00 4.773246730556073736e+00 4.862627747851060889e+00 6.943765703822311897e-02
4.015129606343919022e+00 4.014527982354523239e+00 5.041279892222964243e+00 1.506420079459942774e-01
3.712925173243892374e+00 4.343537112706933989e+00 5.025265653027125801e+00 6.991860089508619702e-02
2.834902783391479719e+00 3.948771874605395471e+00 4.819124859765533841e+00 9.887738991956857015e-02
2.418430734416004757e+00 4.214588355306259970e+00 4.871281655904622809e+00 4.709094466297791826e-02
