# Hierarchical MCMC downsampled to get 500 samples
# alpha, beta, mu, s
1.077578757369455742e+00 5.060840205166432959e+00 4.390900624999939161e+00 2.081572414561805306e-01
8.988466978803457685e-01 8.151586123850169230e+00 4.237235596788901049e+00 1.412153901594377925e-01
1.207747555612358692e+00 9.645203871621912839e+00 4.490016385680061006e+00 1.998399841525517751e-01
1.384324227753488179e+00 2.965011311950530803e+00 4.345752352573252431e+00 7.560914163133219956e-02
1.300680475557443927e+00 3.658959030052999495e+00 4.500937138229899936e+00 1.155187677729477280e-01
2.124538852234370889e+00 6.886083906899383322e+00 4.450130076627293541e+00 4.744731296389221448e-02
1.246066306008283053e+00 5.126542981299070156e+00 4.429828245896816341e+00 9.191053071346727554e-02
9.924627899422406863e-01 6.904931921671092709e+00 4.537374131061343796e+00 1.238953305464373378e-01
1.251221825172986968e+00 5.114007418544535000e+00 4.368952159109754874e+00 7.869595808602017351e-02
1.423719348893591752e+00 3.052484162281417834e+00 4.516845924368436016e+00 1.064537571685484074e-01
1.481875389030590240e+00 5.364727614763964425e+00 3.950689642377014366e+00 1.857104984075237664e-01
1.338150544917998008e+00 9.293331882737826177e+00 4.487396604900450114e+00 6.235270795658227894e-02
2.339118319286871195e+00 4.819331503606891332e+00 4.398260548351096588e+00 1.361334497050050996e-01
1.396714880211615162e+00 8.862977856252244990e+00 4.367265535781348795e+00 1.220747076630016581e-01
1.378253004905684476e+00 1.071301132085769758e+01 4.545507475599305458e+00 5.975526514632575892e-02
1.896334411787402585e+00 6.228543029980166068e+00 4.496020348653996912e+00 9.079618779647746774e-02
1.677344854973124910e+00 4.271666411023638865e+00 4.549562174809544501e+00 1.437672140197099879e-01
2.031965629403695850e+00 7.335754355153840223e+00 4.266233762369112448e+00 1.156551273648142031e-01
1.880115850697366975e+00 6.584300336312566060e+00 4.701805714659926139e+00 8.340356832994744174e-02
1.645494158488091552e+00 4.302757988622794905e+00 4.460951864400310996e+00 1.094933677559361412e-01
1.302556856005769426e+00 7.265761107362970428e+00 4.333906057902100706e+00 3.713327514196881896e-02
9.653757902732365004e-01 5.885322829632533725e+00 4.369873117325255407e+00 1.155245123337444724e-01
1.909745616206160346e+00 6.279671245961250037e+00 4.330270385714851678e+00 2.647477830438615398e-01
1.928848175751803229e+00 5.535300450048582732e+00 4.373802875770000931e+00 6.473513256819246608e-02
1.741664719133270367e+00 4.805935282604502312e+00 4.474180542747911993e+00 8.627279278990622469e-02
1.440797387546041808e+00 7.667706245674926535e+00 4.451914699148740162e+00 1.195572012600733536e-01
1.396039376290105549e+00 6.988740138675781921e+00 4.439789339865831685e+00 1.162071580237371837e-01
1.291903171653932203e+00 6.473954901159351571e+00 4.697809561888913521e+00 6.371450385233187741e-02
1.311930567479605125e+00 6.224256256724093994e+00 4.284339712385428989e+00 8.662648788135490774e-02
1.478620836858083543e+00 1.065773621435114293e+01 4.415408447494700184e+00 1.800356361692958262e-01
8.426374852224881584e-01 5.461360495998247799e+00 4.491020320195086235e+00 5.097011564943076944e-02
1.103232220551424447e+00 4.820617276028619003e+00 4.534004621812121272e+00 5.441412863671664379e-02
1.477160478933587484e+00 9.795403051007806283e+00 4.525953483762212848e+00 1.040858781829262780e-01
9.164818019152203288e-01 5.661406391962460205e+00 4.641816154201267253e+00 8.304494508531985730e-02
1.160875901035852920e+00 5.162298205828696140e+00 4.525997246584954503e+00 3.139150287130174077e-01
1.494239976978567253e+00 4.555659094058310821e+00 4.336891468127282323e+00 5.168360163060845003e-02
1.159565064350182695e+00 8.150873950136588775e+00 4.561362741898410178e+00 6.193035294053034212e-02
7.947136462924583311e-01 5.113473977504882306e+00 4.667840867691730011e+00 1.811643876474029746e-01
1.046933698520625455e+00 3.723666987601570000e+00 4.430896390856969624e+00 1.958464208820388797e-01
1.257217661243533513e+00 4.156696248064008614e+00 4.781059841531387633e+00 1.410149186755953465e-01
1.397278122688193847e+00 3.276101388603131603e+00 4.425719589952834987e+00 7.835128880096170478e-02
1.141144824333719887e+00 8.434695626241097699e+00 4.386713530888239454e+00 1.099100251779629722e-01
1.081311281480398234e+00 7.661678009649000032e+00 4.598494101069016793e+00 1.049051434371078839e-01
1.118211095723709469e+00 4.866805459033115788e+00 4.179802472881295472e+00 1.506132293541667666e-01
1.553244198323769254e+00 5.224545293561328130e+00 4.460485839520376139e+00 2.597938589486895600e-01
1.064999966983738666e+00 1.154613472050715650e+01 4.363822341164822483e+00 1.177091240425833241e-01
9.926433514122005031e-01 4.509785614892866334e+00 4.684836062839051962e+00 1.299210724532295635e-01
1.196074615773404570e+00 4.564945926399358811e+00 4.411321264576550050e+00 7.367641092099833089e-02
1.305775096543371205e+00 4.894945558320669576e+00 4.532058247562188669e+00 1.331844756020710008e-01
1.633656404452212607e+00 5.509472586025503382e+00 4.511698701629153874e+00 1.598399696949386051e-01
1.681333399286875308e+00 4.703485987397219681e+00 4.342966653715436109e+00 3.976243744832593657e-02
1.312566245958748823e+00 7.409885453096068275e+00 4.374588110321491641e+00 7.683414601861210391e-02
1.512972032007420919e+00 5.309612753063652768e+00 4.438695558370550742e+00 8.918147932551041823e-02
1.199405874311412212e+00 3.613672258231199752e+00 4.486042151837263070e+00 8.422284456422295118e-02
2.314825714950680791e+00 4.468076127046461288e+00 4.519115709448746188e+00 1.721726195298803330e-01
1.268970650972059300e+00 6.008013835516050172e+00 4.492473931865183623e+00 1.883146825728492235e-01
1.395752248196834300e+00 5.102726085717628202e+00 4.413806000671568697e+00 1.248530322002431026e-01
1.186938784660224178e+00 7.793333772821889660e+00 4.872309979733828733e+00 3.257574792386163653e-01
9.862935868083199109e-01 6.629883938278351430e+00 4.381598990326033949e+00 1.171837718148576457e-01
1.585423437317460715e+00 7.452081831141562418e+00 4.647675054094509761e+00 1.530071473323041109e-01
2.305423274488697327e+00 4.786558432840234190e+00 4.394289975811391358e+00 6.451187839828206871e-02
1.090569489929667624e+00 1.232852712249299465e+01 4.334041019949055773e+00 9.712534362087861528e-02
1.368806940091141566e+00 4.220227934206476128e+00 4.565387834358944019e+00 2.451248000428816465e-01
1.589480804151766957e+00 5.404576586623350387e+00 4.398378786530624751e+00 5.665376607215247273e-02
1.079655918507484103e+00 3.982535039616554862e+00 4.368177307965799727e+00 5.914417170931438039e-02
1.371232207204963860e+00 4.526059899203178638e+00 4.197018013132055358e+00 1.238058949311221790e-01
1.001670513545813490e+00 6.307057356285042715e+00 4.343966122049430112e+00 7.830701690956345939e-02
1.378953874047432082e+00 1.090595158940027254e+01 4.412529233779387106e+00 2.307839355834082062e-01
1.528972457196863921e+00 4.959533453462488417e+00 4.471671227550750416e+00 1.134719985141699056e-01
1.440674053770484520e+00 9.018698917615724397e+00 4.364529141393964196e+00 1.509592893963825899e-01
2.121439667401859186e+00 3.970236018028345804e+00 4.527369212868028292e+00 1.650758695656055486e-01
1.235410654340497016e+00 4.257849015948130145e+00 4.423738643788353464e+00 7.132683932749592226e-02
1.342813686129678219e+00 6.939065283391480321e+00 4.395559499727515806e+00 5.190237513924139678e-02
8.840707496662274512e-01 6.887646478987445420e+00 4.364374120320752226e+00 9.135919022031327441e-02
8.928516943455979682e-01 7.580271145301355595e+00 4.468637750311915902e+00 1.187438742061506652e-01
8.994784873302650308e-01 3.163644666154579177e+00 4.431315072426020407e+00 1.202452040823189933e-01
1.473878976580434985e+00 9.118065557878988869e+00 4.588478729850367976e+00 8.685834820371589327e-02
1.378206162529860501e+00 8.506489521818405564e+00 4.362377371733843212e+00 5.844451104037039213e-02
1.337687614436485095e+00 1.050177017309268912e+01 4.517158502119228203e+00 2.090946758289443097e-01
9.409860677392988260e-01 8.115147378944355339e+00 4.439709373141492499e+00 3.593636087081084063e-02
1.503246699513042905e+00 1.013866137329500638e+01 4.421833870101933961e+00 1.700169626850130400e-01
1.364018328266005664e+00 6.306815752490969373e+00 4.304002240833478155e+00 1.216856700834093447e-01
1.535938289437704940e+00 5.648186427593559600e+00 4.473222563085256454e+00 7.090596803708779094e-02
1.821964245179035657e+00 5.117822727352013601e+00 4.605039606626387005e+00 1.822918153000867847e-01
1.279378733527860135e+00 1.255619740824629282e+01 4.389696215498165799e+00 8.398569270791819696e-02
1.176861179684677072e+00 8.090102589053659088e+00 4.585160800932342795e+00 3.017805328752831695e-01
1.262958433427831428e+00 5.660381874306029459e+00 4.833725567652224164e+00 5.093939232334010470e-01
1.542645326666230332e+00 8.892628544427084947e+00 4.296491223087795852e+00 1.452501330771588384e-01
9.383984319728861934e-01 7.015524921985706541e+00 4.463882319425789724e+00 1.347805570967094968e-01
1.118686451836973017e+00 5.104812959129075622e+00 4.480157540216658241e+00 1.133910600283905001e-01
1.677317288527024441e+00 4.739981304950976693e+00 4.345018581034801208e+00 9.148417642866135679e-02
1.247844247819449581e+00 9.637591396791476583e+00 4.383538049871022579e+00 4.739254168339063211e-02
1.213722886460591566e+00 5.294661333833740713e+00 4.269637356515326054e+00 2.576663496851075985e-01
1.560747866274277085e+00 5.892890607641611211e+00 4.447188776347080541e+00 2.973685227519717866e-01
9.170217333895170908e-01 6.817107014809421273e+00 4.564623493294789114e+00 2.078574060948845392e-01
1.187109385798252204e+00 5.474093513973116387e+00 4.425081029421477297e+00 3.020566261493145416e-02
1.073887232481418597e+00 8.806982315096711034e+00 4.304565047918829102e+00 1.408445704988935954e-01
9.382785254011869469e-01 3.452347793169965318e+00 4.500704427074747827e+00 7.572009340540922229e-02
1.661481987569349394e+00 7.888000170396991528e+00 4.558684077539891355e+00 3.145765879820371091e-02
8.781488020522728588e-01 4.894942367263952931e+00 4.331827906921891014e+00 3.287818303380398155e-01
1.360536343951610272e+00 4.814262278338580892e+00 4.448770319169071286e+00 7.860074168029619612e-02
1.607143745242614497e+00 7.321630513808320195e+00 4.413650749490149572e+00 7.882440527115627815e-02
1.519520967651501353e+00 7.106735298969345749e+00 4.523295254907308660e+00 1.179783236742783514e-01
2.393987864032592228e+00 5.676732047142904136e+00 4.414826121319212149e+00 1.940431961065256228e-01
1.130398730733078949e+00 5.652851257996002410e+00 4.433829282191631194e+00 3.244126821835417729e-02
1.024692936962041001e+00 9.016888252425147243e+00 4.495562560788806117e+00 1.173936878600763262e-01
1.054521196247741432e+00 6.357725461773361175e+00 4.617562929034081165e+00 2.414868447688793829e-01
1.206679828928828968e+00 7.797410526444163992e+00 4.307809106878783822e+00 1.334324939596638337e-01
1.398656427448441653e+00 5.697905362810402607e+00 4.609343079714112612e+00 1.443052591848430488e-01
1.201801819272760419e+00 5.438556237805975080e+00 4.292245171667447678e+00 2.370264892083974728e-01
1.631843311607427349e+00 5.003737613228201653e+00 4.337862948223127901e+00 2.399820464635899209e-01
1.488440926813670018e+00 5.034843453332469743e+00 4.415314151051579650e+00 2.286109408136449000e-02
1.264779866380761231e+00 4.750140678936828564e+00 4.486142645344938451e+00 1.033811251330104541e-01
6.880808674099392341e-01 4.294148275692565520e+00 4.357589932796502197e+00 2.017949343836179521e-01
1.268983289739691322e+00 6.904508581887192520e+00 4.410134662564762387e+00 3.448538292584732434e-02
9.700273003802295513e-01 8.267839570443275221e+00 4.248722461729387057e+00 1.968332668504474414e-01
1.092671611188448466e+00 5.743373419660620982e+00 4.461228866422225714e+00 1.377659978965424803e-01
1.152087412415700118e+00 3.486704651050366088e+00 4.430045752464705444e+00 9.912289336772514559e-02
1.303231411253079841e+00 7.705888748622545137e+00 4.503451371522244173e+00 7.329341182944033861e-02
1.324123872249297840e+00 7.769404481937574936e+00 4.295441154707383191e+00 1.384792183013358047e-01
1.631878774970318968e+00 6.320616848554582390e+00 4.323781318085775816e+00 1.876088915985206218e-01
1.075594058522188146e+00 6.707334763262442934e+00 4.570044186135910458e+00 7.727301071715780845e-02
1.979226995042840498e+00 4.723072373354106013e+00 4.581411746304261179e+00 1.755907759602650664e-01
1.917383301394554929e+00 2.792283732561870124e+00 4.468921359618791556e+00 1.555512099941865622e-01
1.383995468825794495e+00 5.287627669047147094e+00 4.294858866642792705e+00 2.738195126974976579e-02
1.367202885960347780e+00 6.426434094370762296e+00 4.258254258209523080e+00 7.354153082521350249e-02
1.353395681957301644e+00 6.192339436789029428e+00 4.471613973951362730e+00 6.433960992443696347e-02
8.140725441751623936e-01 1.058399147987585920e+01 4.474457067527849219e+00 7.156741982557669746e-02
1.049841245260449085e+00 6.561353991132822472e+00 4.443234524947701658e+00 5.440524786717292061e-02
1.125787528046194197e+00 5.844996594395684752e+00 4.571236413673438470e+00 8.716902143931676283e-02
1.258553591299232499e+00 3.273895431198999617e+00 4.072041734721813633e+00 1.452544888675593449e-01
1.187538822003572525e+00 4.144461632419647046e+00 4.553709125962298820e+00 1.287127615518283419e-01
1.326369399827812323e+00 5.658469379006406008e+00 4.726793567922481287e+00 1.631469319682650465e-01
1.365263807010312247e+00 4.243205183188965890e+00 4.324540974428980888e+00 1.759458209983571775e-01
1.589314668356448967e+00 9.779072048358163016e+00 4.447892649199022941e+00 1.163126937359979657e-01
1.476949611393303385e+00 7.683719680542074215e+00 4.275180915322774666e+00 9.538208501344831725e-02
1.100195464107268428e+00 1.150823021931427803e+01 4.550436465168135491e+00 9.996778997763544616e-02
1.651230168204630200e+00 5.602476911854322061e+00 4.502555446894090707e+00 1.133926514088711285e-01
1.515880905057347849e+00 1.143779792906072146e+01 4.636154769710733703e+00 5.700807121509333664e-01
1.376183843645014671e+00 8.390922398611632360e+00 4.455435742623352624e+00 6.360230314200963908e-02
1.400770771924203739e+00 7.691342829235068734e+00 4.346309794743290489e+00 1.557261151780283126e-01
1.541340469594244755e+00 2.731320673864050530e+00 4.579177517161783229e+00 1.139127856346283940e-01
1.904573261046992760e+00 5.577075612948828365e+00 4.393206174677276366e+00 3.886914900303326675e-02
1.423796206483012083e+00 6.290355687754333402e+00 4.568673989916179679e+00 7.370522465534010137e-02
1.314340450181516573e+00 9.490189153819301282e+00 4.593678865089353636e+00 1.099978600296274839e-01
1.632141535843828262e+00 4.248326101468682836e+00 4.395684076690296038e+00 8.029432609083272943e-02
1.592910929169909062e+00 6.032904312394274271e+00 4.296281768342082863e+00 1.527207693668573563e-01
1.805363740560855357e+00 8.758140904803967786e+00 4.391510119571285564e+00 9.717845048851313228e-02
1.276683946863345964e+00 5.124195480708232608e+00 4.379042698792098065e+00 4.523119743018203659e-02
1.033319958660879223e+00 9.210464624810683176e+00 4.460278091577015935e+00 5.807659166400009482e-02
1.278187888757190249e+00 7.071350717595874080e+00 4.933646659130252132e+00 3.603352742184675606e-01
1.250515134009423379e+00 5.516594242743755316e+00 4.481134822062149858e+00 4.213328744208001686e-02
1.354432948081229160e+00 5.919841303876612670e+00 4.511830757645536316e+00 9.396904198149409748e-02
1.676542653010617334e+00 8.855664281475149835e+00 4.651422712938383164e+00 2.029553001717364080e-01
1.190492779855600203e+00 4.686662631333108564e+00 4.561077943801489454e+00 1.193760321707291322e-01
1.038595005368428970e+00 6.917072661066532291e+00 4.569395063808567414e+00 6.329336745466832004e-02
1.208016855299330672e+00 1.044857507994762358e+01 4.255974301215801781e+00 1.570412894934921366e-01
1.149049306853145769e+00 6.248085008643082361e+00 4.354646347155496144e+00 8.291949904196274646e-02
1.207287598076592694e+00 8.283164283266652106e+00 4.811040388884649133e+00 3.746458388583439048e-01
1.462944634004373023e+00 8.022799468688109670e+00 4.659299689195872674e+00 9.177576260563599653e-02
1.378959806681379963e+00 8.806664790310138713e+00 4.345294980825589626e+00 3.994902476458357943e-01
1.486369483057877527e+00 9.072808849026392508e+00 4.544151936544761128e+00 1.044686278118583250e-01
1.646680643918281284e+00 8.623067062797399984e+00 4.465759776922380908e+00 7.184662675791872455e-02
1.307843317980859954e+00 5.754919008072159059e+00 4.303248123488307542e+00 4.123011826714637063e-02
1.019189534581771195e+00 1.568299201216281347e+01 4.369545302915338603e+00 1.091888652743316229e-01
1.042719401845672023e+00 9.794530653438147993e+00 4.146286065913040275e+00 1.645783508799357753e-01
1.701555667731770916e+00 4.613659865902282498e+00 4.308526598342886871e+00 4.134122990756386451e-02
1.161171628528390398e+00 7.995199343856178587e+00 4.610538453566856099e+00 2.125120079067945034e-01
1.010611605981350802e+00 4.507033128740500771e+00 4.415003497674467425e+00 4.989100884969584204e-02
1.541919392062584215e+00 7.293922243031802033e+00 4.522913658011179727e+00 1.238971998850621620e-01
1.059559834509411935e+00 5.446010153141247478e+00 4.397377275947493835e+00 1.191711198283880863e-01
1.144134449202920178e+00 7.337605647908654660e+00 4.865033163256663684e+00 2.899447112961467399e-01
1.594456459886554489e+00 3.650617403688677598e+00 4.397976471371248586e+00 1.401320733602998136e-01
1.098809686188340073e+00 3.819185974851372123e+00 4.554605361381499407e+00 1.662823177715274381e-01
1.170227703083059678e+00 8.615913671424555886e+00 4.317503773833711200e+00 2.382083360721476972e-01
1.095140869237526182e+00 7.308273623775829009e+00 4.510766109569541271e+00 1.328075909745156102e-01
1.222019617210657660e+00 5.009088467873768380e+00 4.378175075196016230e+00 9.541504894390061275e-02
1.152839935540793004e+00 7.955825120579227416e+00 4.312228279558175004e+00 9.002265279915361296e-02
1.313776207954794772e+00 4.851700453807576530e+00 4.524180493710860063e+00 6.710775976679128618e-02
1.578942735988775325e+00 8.987971251163497044e+00 4.396933350162033349e+00 1.511401514106206212e-01
1.122035758299623653e+00 4.946893227494352452e+00 4.236834057709801371e+00 9.925934026963441348e-02
1.164324907617817484e+00 7.585393463415673665e+00 4.538602642986097280e+00 1.378157229712942411e-01
1.195149068764429279e+00 6.787616901969092176e+00 4.439866686605542512e+00 4.246424932064075258e-02
1.377174217977822357e+00 6.968916385449314355e+00 4.572086301509822093e+00 1.697926070292175571e-01
1.309946981600232263e+00 2.495293987412845027e+00 5.088506676326657541e+00 3.219688647218046373e-01
1.111225778294273381e+00 4.811699819956154478e+00 4.272241882739384877e+00 8.373791636816670103e-02
2.303053910776429625e+00 4.154849397489244645e+00 4.507910330964830514e+00 1.215075901088768784e-01
1.002026483534316892e+00 4.517707915908634853e+00 4.488280680472400697e+00 4.011825306523579548e-02
1.408923458623124070e+00 9.404518594592088832e+00 4.476127649141540488e+00 1.652371776303530049e-01
2.045337103840361159e+00 4.417645522268633940e+00 4.469822661574123224e+00 7.215851452190610860e-02
1.651999370480313312e+00 3.042854478694882570e+00 4.533046333424487706e+00 1.332176938024402790e-01
1.558089866518560740e+00 6.405658396476869854e+00 4.213893217004174296e+00 1.140599977093235129e-01
1.235218816438886869e+00 5.912418344982219409e+00 4.508362805574845034e+00 1.307060612679226685e-01
2.034818972302142814e+00 7.841814972755111413e+00 4.405336008150648297e+00 8.911871831385299869e-02
9.922411482016743056e-01 5.242822793041725049e+00 4.484771083470497466e+00 5.728379761365479106e-02
7.276322000480534014e-01 5.263112217676315652e+00 4.231803772228809102e+00 1.094343114013058282e-01
1.906449849734047186e+00 3.893974776548574379e+00 4.033781044916816327e+00 2.626571045587212661e-01
1.245906054883278324e+00 6.020285414911896282e+00 4.494646120759584917e+00 9.273840568834643139e-02
1.124113956657028623e+00 2.662776522475664098e+00 4.533081805074806958e+00 3.495482221938353562e-01
1.450056987244332296e+00 5.473843672801216087e+00 4.632335202690089915e+00 1.315485726351010853e-01
1.706518811045888651e+00 3.329439763163165367e+00 4.844998808159492576e+00 1.595558507835340978e-01
6.035630533311052703e-01 2.298089802540677073e+00 4.439436026318567485e+00 1.013043616679626668e-01
1.451809796186144252e+00 5.373686963869323208e+00 4.940082714688184495e+00 3.411622440314674432e-01
1.153120861022030930e+00 3.072659181427896513e+00 4.433949745818929422e+00 6.006246987674881965e-02
1.371712515952456579e+00 4.279508665949441237e+00 4.363794798551161591e+00 7.562043737079966743e-02
1.456129689290811324e+00 5.564384159615666903e+00 4.433492803479711419e+00 1.842344259422181163e-01
1.310841158564345132e+00 7.529024601416981710e+00 4.812132413163330291e+00 2.701941246415863751e-01
1.274356049591564455e+00 3.937272805748294413e+00 4.551828217070774230e+00 5.910680063801126982e-02
1.612593118936193504e+00 3.722663055569300550e+00 4.500721606955511156e+00 1.535335168802983430e-01
1.113548607315893113e+00 7.759557889184724111e+00 4.336570380817745374e+00 2.738738036714901680e-01
2.034781270689256516e+00 2.844610657988879687e+00 4.146165333807876330e+00 2.337859572433808319e-01
1.100663651857589631e+00 6.514585568414704930e+00 4.501252335249269265e+00 6.159789392760660343e-02
1.114128657057995797e+00 8.513672922878409821e+00 4.807523440651672253e+00 1.726536855041146123e-01
1.473465229121844855e+00 6.613942773968394029e+00 4.587724088242922882e+00 1.105639851173514099e-01
1.629048781448598548e+00 1.291933029722451565e+01 4.343317966788945661e+00 2.084260469315790398e-01
2.065752442636305197e+00 9.472701281156624020e+00 4.461911641047877630e+00 9.767630218836176326e-02
1.398492676208120677e+00 6.995155214440655023e+00 4.256878208172479638e+00 7.323260691914315612e-02
1.276350765451561120e+00 9.203064049943323610e+00 4.449163948756441833e+00 1.849666889890768107e-01
1.477666742190931526e+00 6.277110062348379316e+00 4.447587898419078201e+00 9.411890176958102872e-02
1.961423914369273547e+00 8.509368315973341979e+00 4.568705666959548495e+00 3.029974963386223852e-01
1.791791498097275559e+00 5.285380637856755826e+00 4.557967713722920422e+00 1.889358694242145031e-01
1.199516427431182919e+00 8.091090837500662047e+00 4.543166226130250784e+00 8.040991143529839513e-02
1.285940301536910413e+00 7.032917682719667773e+00 4.312524165271955034e+00 8.460545735199676010e-02
1.091024577916772875e+00 6.482963312118738664e+00 4.606070452564594575e+00 1.383455763813869199e-01
1.434282042161442838e+00 4.250210399943165740e+00 4.420210086526302540e+00 1.680839174276960446e-01
1.204185134101737997e+00 6.675587749668824067e+00 4.480118655877432410e+00 1.034906894553954682e-01
1.503479183471645442e+00 4.975506534353175248e+00 4.447414342320381131e+00 4.444129742557136054e-02
1.398919065358270375e+00 1.071399861333776471e+01 4.511947890619267376e+00 8.359361281927205067e-02
1.291029279241494576e+00 4.653414737959877812e+00 4.499789542008603149e+00 8.514223108224369674e-02
1.365893415925786059e+00 5.846823345563659124e+00 4.566850273183371556e+00 4.657659165103378990e-02
1.375037139752933069e+00 7.273053284348928393e+00 4.371690839388413075e+00 1.663983126472068641e-01
1.680406015325401015e+00 6.004838127486315180e+00 4.642347962042484788e+00 1.948256110817908060e-01
1.561655489618409387e+00 6.987933728471062977e+00 4.345511630338966924e+00 1.090019682238135834e-01
2.081361297026555590e+00 9.021295177672307375e+00 4.397609213049459953e+00 1.692049190080630316e-01
1.017041462211446534e+00 6.181666386778192468e+00 4.891056003771214300e+00 2.075213777689345618e-01
1.446976264152163738e+00 3.810234425895234978e+00 4.544963272346431715e+00 3.226940107713642536e-02
1.032888160527397847e+00 3.767168536511419141e+00 4.569336043711182072e+00 1.639407566368714653e-01
1.112814771716944762e+00 6.873332187210650090e+00 4.520229785677841505e+00 8.223305020674372134e-02
1.433371512984445761e+00 6.727568183563857218e+00 4.491647273465064316e+00 4.139757943319431754e-02
1.874480931324331801e+00 4.095834585062410937e+00 4.509122542124153199e+00 1.004826612086306553e-01
1.656925556400720811e+00 4.891227225157499525e+00 4.358465026969069456e+00 9.232641167877389532e-02
1.072382231994414514e+00 6.169874104682605775e+00 4.420541438302424631e+00 2.418094027001928617e-02
1.211296851265343033e+00 7.735005097423011122e+00 4.173568339243049152e+00 1.854017107517799134e-01
1.216184662799074889e+00 8.924389610280208274e+00 4.179670334245857433e+00 1.863708468504251814e-01
1.061661957880789764e+00 6.689044039310044099e+00 4.424453021857920554e+00 3.253957749961044477e-01
1.609487359134901929e+00 5.963495544181616204e+00 4.406116659986683004e+00 8.250418613248600153e-02
1.023060950825434468e+00 4.671556860068450057e+00 4.456429139663488748e+00 1.027636698339755017e-01
1.572676989153083182e+00 4.833059743021290267e+00 4.581868443531996071e+00 1.183618734593070432e-01
1.619434315615394748e+00 4.566591630135246049e+00 4.595276811110860393e+00 1.203435196628418191e-01
8.528385313714538229e-01 3.209207705866033322e+00 4.719501972076791674e+00 2.553986585180458846e-01
1.097204350614608304e+00 5.729523579344180106e+00 4.320141561649339046e+00 1.227101022909928840e-01
1.418487388584927400e+00 1.130910929531729003e+01 4.371786931100924534e+00 1.483057340443050820e-01
1.366886631569498967e+00 2.402707501138875656e+00 4.836533192213789079e+00 2.856069948412826021e-01
2.005373904547915309e+00 9.214876454626391933e+00 4.593018497607809891e+00 1.835166644995596952e-01
1.431899708514707603e+00 8.278984451927161814e+00 4.293645853269588031e+00 1.381855173058166852e-01
1.064999966983738666e+00 1.154613472050715650e+01 4.363822341164822483e+00 1.177091240425833241e-01
1.192049703848138797e+00 5.595856347174585466e+00 4.299414516801629560e+00 7.917322805834002553e-02
2.491597078923747155e+00 4.765549989013404542e+00 4.328923927848144615e+00 1.328980711047657304e-01
1.033129112200741551e+00 3.649158045362137948e+00 4.374253952122757028e+00 8.611297192255421007e-02
1.867848143713676690e+00 4.286337761991002360e+00 4.568915780858000986e+00 1.721420572659273229e-01
1.263922801981295585e+00 6.130704940213868248e+00 4.458885088550194276e+00 1.356670354811352897e-01
1.474428085727333304e+00 5.582633530143151113e+00 4.431995226386272968e+00 2.141594153557171143e-01
1.328915170960828007e+00 4.934749568711958467e+00 4.484752914904701626e+00 5.784840733957025832e-02
1.707156588978652412e+00 3.808811688899798931e+00 4.527060923713482232e+00 1.566699145414192085e-01
1.639427675498290604e+00 5.869377755971385113e+00 4.499210526775101471e+00 8.824345289084332966e-02
1.385753612650859168e+00 5.580274084655224343e+00 4.427234228883438760e+00 8.103156330771232874e-02
1.395607932874453727e+00 9.347823650792175698e+00 4.576697301409795138e+00 1.189105140921752901e-01
1.074189312200657165e+00 1.062725197030961866e+01 4.551511327503511950e+00 9.921500536892094435e-02
1.326053112383351440e+00 5.086772848675900960e+00 4.464312675633481220e+00 5.420759203068370446e-02
1.207055342329541592e+00 3.785828592783543112e+00 4.139330694993069493e+00 3.133783011909991312e-01
1.070398874220792163e+00 5.255264600205761027e+00 4.435713791972917264e+00 1.880177980711841279e-01
2.232039733574903373e+00 7.418599618899381909e+00 4.489216482235651284e+00 2.123897780221082332e-01
1.219626717674788585e+00 7.594244198231284493e+00 4.483966423105835375e+00 8.717623474698175945e-02
1.178124250572322174e+00 3.826797773585975726e+00 4.290849113126257386e+00 1.884695400558915879e-01
1.088584385749936878e+00 4.314931329131597160e+00 4.491542866713753135e+00 2.008312554949983897e-01
1.459333974215331731e+00 9.900483662636455406e+00 4.416987058464944660e+00 1.173345194072641651e-01
1.172140439525859668e+00 6.237823073324745060e+00 4.387714080752577850e+00 6.762420697722049123e-02
8.935425011244201299e-01 4.475580863319787106e+00 4.411448742462042105e+00 1.509548673747341252e-01
1.389828806337925382e+00 7.202716302095033107e+00 4.392241231470090490e+00 6.626311333627467326e-02
1.407499222485447898e+00 8.096189533368981728e+00 4.152418369516953867e+00 2.078975756423410703e-01
1.378206162529860501e+00 8.506489521818405564e+00 4.362377371733843212e+00 5.844451104037039213e-02
2.134161712189250881e+00 6.685204067076026213e+00 4.447137663424685528e+00 4.570973547973521123e-02
1.269883883029638394e+00 6.976319457478286523e+00 4.246957575958244746e+00 2.022881627077889044e-01
1.201373172927144628e+00 9.671445365378829706e+00 4.468958554225245905e+00 2.252840030616523881e-01
1.037998895882275008e+00 6.010429596836723398e+00 4.486362732570031042e+00 1.171607862596935890e-01
2.663693464577818748e+00 5.000851851325827546e+00 4.470357653587418767e+00 7.197122172337849788e-02
1.100417782837734837e+00 1.318212180262813504e+01 4.187813392764908826e+00 3.695952158452369685e-01
1.497847129922216025e+00 6.111031572002472601e+00 4.360258003751240174e+00 4.840727722707732078e-02
1.768175983840710952e+00 5.023817882990476491e+00 4.647161743962181291e+00 9.000131440253500426e-02
1.659313590060591537e+00 9.080059648421373808e+00 4.628725671313691947e+00 1.749207380825806013e-01
1.342524632815297547e+00 3.609339218689242124e+00 4.416896535054529060e+00 9.332064896891485717e-02
1.948017624270186765e+00 7.149444479899983662e+00 4.332337766040887495e+00 5.870165872871776352e-02
2.025212022012496060e+00 3.176027395118962815e+00 4.464689670854635750e+00 9.678585422800523030e-02
9.250256171065551758e-01 4.294649143930513446e+00 4.400548963198406938e+00 3.211160560824421334e-02
1.205067314021935898e+00 6.012090654073874774e+00 4.464989542440391368e+00 1.336448517178151496e-01
8.976763072207354366e-01 7.652271709951211420e+00 4.502662462283598899e+00 3.762348046665404261e-02
1.494459420344041556e+00 3.641441056000897625e+00 4.494499127926716575e+00 2.195612011625773796e-01
1.642474674009055891e+00 5.474594451155161856e+00 4.344216873779783938e+00 7.165036628227697268e-02
1.334509320634229335e+00 7.123132463115399382e+00 4.190998622883339131e+00 1.972551254933423148e-01
1.548794494777139930e+00 5.401950238043145447e+00 4.280567057382117291e+00 1.321356787583457537e-01
1.734434696498568185e+00 7.202394182702465564e+00 4.423399049853939502e+00 1.899404318597877339e-01
1.295253285163343593e+00 3.280726165473210276e+00 4.376177782046969611e+00 6.018019531781712561e-02
1.265085560400692755e+00 4.451324090804201106e+00 4.324947450614985200e+00 1.679600268620378145e-01
1.524576650973999969e+00 5.615992047072634996e+00 4.403975684504572996e+00 1.189980192036839135e-01
1.130349772497484473e+00 4.893726503679054929e+00 4.263906964508629827e+00 1.571991919785561964e-01
1.835082101399827303e+00 4.036554190740706538e+00 4.465679169032673812e+00 6.897930342341566934e-02
1.420191016143738549e+00 5.357584671641853369e+00 4.507139127379525156e+00 1.068008743824576529e-01
8.716972941979832523e-01 4.546046506878227866e+00 4.524820572942727104e+00 7.398664284804383484e-02
1.594973008587864616e+00 1.110855429964243513e+01 4.437817263930084799e+00 1.326707173820207974e-01
1.442625490389336740e+00 2.415609775904904666e+00 4.606000759609714557e+00 1.300468021569392563e-01
1.479518889956256578e+00 1.264128889005919909e+01 4.396939496449326690e+00 6.712283047356332188e-02
1.179313791058628436e+00 4.068786792008072695e+00 4.743193335990466331e+00 1.650228785553658484e-01
1.148912753481468707e+00 7.525309949869344983e+00 4.270460612937349687e+00 1.765772872190502218e-01
1.686066393963675303e+00 7.943279986831017325e+00 4.641336664237112331e+00 3.214930371114788632e-01
1.877724060415649321e+00 7.080822076759647921e+00 4.349796520086021800e+00 1.063816234513785680e-01
2.024307574280737487e+00 3.792641956667506697e+00 4.485971463372245616e+00 3.578336501906685951e-01
1.674642475773223005e+00 4.269681751472143461e+00 4.412683645596985116e+00 6.403476248954764749e-02
8.413693124971198811e-01 9.992113051500854937e+00 4.353106579089173422e+00 1.535512630388256028e-01
1.458318358251109892e+00 6.696615228178362855e+00 4.428969547607568558e+00 1.837411644091992147e-01
8.088625090438918974e-01 7.294888814521835130e+00 4.421973433222060379e+00 8.723126136273502695e-02
1.213229299727379695e+00 6.200737091059297157e+00 4.083445910852912419e+00 1.344096118867392775e-01
1.052075798370432747e+00 2.936817863114966620e+00 4.414084354202176819e+00 4.602913412393386250e-02
1.143941224801871215e+00 6.679650312728609762e+00 4.563306262297743388e+00 9.115628466768725680e-02
1.661368030836924303e+00 9.304529496492150997e+00 4.472535300392361357e+00 6.137383432795474880e-02
1.153593578485102134e+00 5.611601568702011100e+00 4.618276321979569943e+00 1.406398357624338569e-01
6.677281391304132896e-01 4.026049395945488385e+00 4.322302022265971821e+00 1.151762385952420364e-01
1.405030125948108610e+00 6.947963581495730345e+00 4.270594276057113170e+00 2.298069976485414001e-01
1.032554874101571762e+00 9.602580072914403075e+00 4.618589364187185353e+00 1.672492148412918489e-01
1.415187120839991763e+00 6.962687553168780852e+00 4.360678657602361952e+00 2.369373811411695785e-01
1.649664278724998212e+00 6.293323261195216567e+00 4.306850527732353662e+00 1.211135176165948069e-01
1.028802020826990127e+00 7.886234345630914966e+00 4.530776151498995041e+00 1.565813796372493849e-01
1.649979595478231698e+00 4.238164401812839266e+00 4.606584552260592602e+00 3.339880037451011252e-01
1.411619549006037699e+00 3.189857279976628490e+00 4.397790218804738416e+00 8.488301635094307185e-02
1.638212536031429023e+00 5.416811541806167085e+00 4.327665028006156156e+00 1.075430532219691648e-01
1.807305862077646319e+00 3.545552251794690690e+00 4.479638260088838919e+00 1.690968942586004720e-01
1.954342289110062358e+00 6.795704002080781514e+00 4.523349845168334937e+00 2.173170820835241823e-01
8.719343230958938040e-01 9.120474832848314506e+00 4.537173607043718526e+00 1.025457582377775345e-01
1.084965671235649687e+00 4.568510045554328158e+00 4.313214123978296399e+00 2.461299497947593007e-01
1.428987255589884375e+00 7.434628534489636564e+00 4.511487136311395751e+00 1.149597375838987273e-01
1.613784769866554614e+00 6.288002853696614380e+00 4.445925291118913769e+00 8.309441961128684329e-02
1.942350069386907352e+00 6.347644551617218411e+00 4.439197377223876195e+00 1.890071224887033274e-01
1.461233012606878656e+00 6.713728710134164501e+00 4.367049345648198688e+00 1.310644055367877758e-01
1.409643961850082228e+00 1.146220204426840539e+01 4.521435792180863444e+00 8.909705731492557901e-02
9.995388375295696237e-01 3.216327070844578806e+00 4.420170751089108840e+00 5.065230128802231113e-02
1.144747006007168721e+00 4.639233485237373777e+00 4.513487907492932827e+00 1.430184216287082866e-01
1.724199266980350753e+00 1.155142135628125999e+01 4.408363899067264668e+00 3.848144937721712650e-02
1.309459777377057765e+00 7.855932448294962178e+00 4.364824829248706628e+00 1.060803784377666592e-01
1.017085332535023756e+00 7.893365059756105140e+00 4.413345856987183957e+00 1.670966931012574375e-01
1.460603291192205333e+00 4.800607706197959956e+00 4.653491245792175768e+00 1.907707227887046053e-01
1.178740415043287193e+00 5.933456409236005591e+00 4.477880650540568830e+00 1.250021995454130286e-01
1.331121906352132678e+00 7.119290333702527285e+00 4.460000407667967792e+00 2.129100999438209019e-01
1.406851971085390840e+00 5.949605865400349636e+00 4.532039990700192256e+00 1.130268453292285480e-01
1.420908981526520787e+00 7.604226909394261824e+00 4.428510202282621044e+00 1.430659575408780304e-01
1.428005746075237115e+00 4.501173568355504528e+00 4.129837108723548589e+00 1.903741276217706113e-01
1.767619386080904187e+00 2.250528545012974391e+00 4.569233575339855413e+00 2.829667100362639465e-01
1.383025910405136338e+00 7.423717617472734176e+00 4.339364102579738258e+00 2.118267741445614416e-01
1.828595846502415689e+00 3.349464806080880486e+00 4.295795665565091959e+00 2.644127930726241638e-01
1.526240111469899574e+00 3.355992545908818236e+00 4.208369937302949282e+00 2.297387497313898297e-01
1.586542208600352888e+00 1.016853687091900760e+01 4.537007972621649010e+00 1.563307849343149314e-01
1.111989230864036227e+00 5.117850420859250349e+00 4.396395277733112117e+00 8.210349394814359103e-02
9.182325125346648687e-01 6.034908860066013681e+00 4.482239646397241373e+00 1.218795212303750014e-01
1.411412255959058504e+00 7.999330832867824981e+00 4.406589004606917825e+00 5.770472966253621661e-02
1.515405321419170059e+00 5.587300982591914433e+00 4.341255299278012458e+00 1.157331965276714725e-01
1.555421676360302374e+00 5.251427867689138829e+00 4.387537506312538582e+00 3.012703723101261763e-02
1.368841981918835327e+00 4.621437470084851284e+00 4.626139765747931065e+00 7.886439545524812078e-02
1.180566965777651856e+00 5.908315409111603245e+00 4.506201192885442630e+00 9.863399303393217965e-02
1.113548207977728133e+00 5.338760586535924446e+00 4.425722878808108440e+00 8.557845811124997759e-02
1.200997897182837448e+00 7.393666603923466418e+00 4.317420528483856934e+00 1.347053799122233109e-01
8.890613811230446695e-01 4.083172120659674498e+00 4.625163637829264651e+00 8.808421257419184192e-02
1.461357194513001279e+00 6.852260969549845981e+00 4.337441549655922657e+00 1.084831055484312412e-01
2.209400603884657421e+00 3.121156181276258934e+00 4.397170221629619569e+00 6.492534596726165508e-02
1.266624812943691447e+00 5.367351052544267809e+00 4.369815349830891371e+00 1.489249132133937947e-01
8.628295729022810168e-01 4.546336514624634617e+00 4.301674805005305302e+00 6.183225628630320547e-02
1.968203684448158741e+00 2.662807788187357083e+00 4.618520534413742773e+00 1.367951907314865767e-01
1.399787221528006054e+00 7.032315027387388007e+00 4.462751095715894678e+00 1.516978642152480572e-01
1.081918587772374485e+00 5.411597806756116569e+00 4.336250150561702377e+00 2.812798988432388403e-01
1.815235627954331576e+00 4.098791775581289265e+00 4.271792641640680621e+00 1.139858762677799231e-01
1.775927986307752615e+00 6.193705679737653291e+00 4.237533749709809783e+00 1.692464576935519549e-01
1.676904364942058079e+00 9.552321739725462280e+00 4.273836647622551332e+00 9.047245952373381139e-02
1.300333735957930337e+00 4.319030317376095773e+00 4.487266759929249282e+00 2.300702458257830318e-01
1.606306727718742611e+00 1.170636796442371264e+01 4.439457566946915179e+00 1.362411222998721472e-01
1.315957595414436243e+00 7.421263246580950046e+00 4.380846653171871274e+00 1.823239951393436087e-01
1.145714153988789397e+00 8.642137500064952960e+00 4.492024494945287216e+00 9.017360027630402786e-02
1.340925732614592913e+00 1.102844504140158932e+01 4.360105316906236261e+00 4.473236486374451704e-02
9.426362442024963650e-01 4.500417590240485488e+00 4.784541273791496074e+00 3.161553168502098665e-01
1.334336143144207565e+00 6.838841035346256092e+00 4.367293485483712878e+00 6.620321066859095882e-02
1.768050716712588510e+00 3.627466345682091919e+00 4.461752861053495778e+00 9.069203141183979078e-02
1.376679267486664360e+00 5.075029270463193853e+00 4.525479159429257159e+00 1.525841238803242461e-01
1.817847241872457831e+00 4.760591677058789273e+00 4.359403685693465924e+00 4.819405330440613977e-02
1.692184793251398478e+00 7.990384409066050075e+00 4.371617833172932954e+00 5.462564746497149126e-02
1.457049260112883715e+00 3.975365553788722917e+00 4.593066775858995143e+00 1.242804846058551821e-01
1.159594688571513377e+00 2.703154100603534893e+00 4.506710929556601464e+00 6.697999235028942455e-02
1.156317443691672775e+00 4.232106129374690440e+00 4.494155740232396390e+00 1.893807891409444444e-01
1.755565551704720395e+00 4.517652678536498101e+00 4.467645885489458735e+00 2.622737573615292750e-02
1.534756307318758228e+00 3.905645680963482302e+00 4.569287636071507563e+00 1.385088214090853809e-01
1.156727400621109902e+00 5.128053522026014832e+00 4.464187026880768627e+00 2.313191023126955348e-01
1.465478346516925656e+00 3.305599795049292577e+00 4.272085402978419211e+00 1.297642014700888524e-01
1.021540248277452267e+00 6.759151914549474505e+00 4.475134973334315092e+00 1.147486168343428703e-01
1.096403719216529016e+00 8.561352382012593409e+00 4.432808277451435686e+00 4.159293563920650472e-02
1.027281531500139566e+00 5.979091229665447926e+00 4.323435025624896788e+00 5.866637100443151953e-02
1.572644069320131122e+00 5.822783734028964986e+00 4.403419898148516864e+00 1.246191518259937708e-01
1.254171149123010975e+00 3.834512335954247675e+00 4.272848193674166239e+00 2.821300857783535232e-01
1.222228530500434562e+00 7.733681630253983919e+00 4.592084446005873843e+00 8.079695553960565546e-02
1.665167569742398213e+00 6.408527754773169605e+00 4.514705374012406125e+00 1.206443957979601855e-01
1.242742093016840466e+00 6.175522475772341480e+00 4.412757067631771335e+00 1.449002435364246388e-01
9.235904995328683142e-01 1.010934105832419050e+01 4.109030682729466477e+00 1.058261584959128837e-01
1.366615261457641894e+00 5.277265137793968108e+00 4.355797768113554902e+00 2.293375670496680396e-01
1.586101685050881116e+00 3.302839021500508121e+00 4.479337402663015055e+00 6.553002203164151607e-02
1.982841362552500764e+00 8.465565256484167023e+00 4.518916588764331443e+00 1.142007710840017426e-01
1.437953748037628987e+00 1.497809098060221977e+01 4.354815062393033287e+00 3.584951480380233618e-02
2.058952724372666410e+00 4.639400808942892418e+00 4.435720639154699718e+00 2.792129256119067759e-02
1.715980218623344822e+00 3.439624174220191843e+00 4.537273369509159160e+00 6.129814373858802345e-02
8.681654987578891758e-01 8.322698823832888948e+00 4.374282330935134411e+00 6.595480547900539614e-02
1.025798872081500557e+00 7.571545491873242995e+00 4.254440867589131869e+00 1.125514910465271745e-01
5.415645612141976040e-01 5.199063190777388321e+00 4.521924494422306928e+00 2.010854835822547537e-01
1.007466257190539061e+00 5.514229940502782590e+00 4.237403773057152101e+00 4.822289973111985872e-02
1.587299151590789270e+00 6.525185638023323520e+00 4.273842818819157507e+00 6.766899273402052217e-02
1.205845416968161388e+00 6.605086317596863488e+00 4.554928908349609173e+00 6.630567049785478229e-02
1.337534106697598757e+00 6.346408525056213001e+00 4.465521577197629988e+00 5.500033089517787632e-02
1.202992249616950726e+00 1.057809302849707578e+01 4.652087214565676199e+00 1.612421303287661367e-01
1.315526630306578015e+00 7.442209659184957360e+00 4.881693043041101632e+00 1.159466233893417658e-01
2.247320307689561592e+00 5.842443902406744272e+00 4.471990908235587980e+00 2.173601422613305467e-01
1.218809155186085791e+00 5.287115543409955265e+00 4.719031025715702654e+00 1.553565128145290575e-01
1.193162895397881229e+00 4.720581339528495235e+00 4.608718553116545991e+00 3.812566397072664204e-02
1.262637739922111590e+00 5.907402768069768051e+00 4.574012377152906872e+00 1.467345635666187365e-01
1.086308181377919624e+00 6.833852559243767999e+00 4.335239413778188222e+00 6.011324065001111272e-02
1.133807490456981260e+00 7.088198550820995258e+00 4.592905963802302871e+00 2.926370665376289981e-01
1.868467504188572104e+00 8.067597629255200076e+00 4.538536579454185649e+00 5.659714319365213853e-02
1.624697087614740854e+00 8.520723186486829803e+00 4.595032067385884211e+00 9.608329136849508290e-02
1.364913089562560744e+00 5.065155291836387796e+00 4.478949112509537755e+00 5.835105809346571859e-02
1.226676481403599528e+00 9.831926626522776047e+00 4.413433578165359528e+00 2.379541266144263867e-01
2.595723539704973604e+00 4.431837313408729884e+00 4.184463480557671922e+00 3.209478016217507945e-01
1.896334411787402585e+00 6.228543029980166068e+00 4.496020348653996912e+00 9.079618779647746774e-02
1.617127670417409790e+00 4.042152510751666483e+00 4.359057950905793177e+00 2.331483501993329988e-01
1.638402176916224473e+00 6.990706058156720637e+00 4.484044657694158609e+00 8.027007731043526995e-02
1.659199774450634823e+00 1.015007378684243911e+01 4.454287962001287404e+00 2.547610331739368905e-01
1.109878165003219008e+00 9.238230194746563484e+00 4.540703090778201556e+00 1.145616461869688740e-01
1.311376293732386733e+00 2.660935500470543502e+00 4.353271757005559017e+00 1.959318764332789731e-01
1.078899959632340311e+00 8.980791315467341107e+00 4.462850893365094329e+00 7.272108441602886941e-02
1.112062940719933390e+00 6.992039497323860431e+00 4.501113678649163674e+00 2.340276744988407653e-01
1.271414954561717714e+00 8.549057925240795441e+00 4.461978400992857807e+00 1.095716507356692820e-01
1.736504734077510381e+00 5.509535176419730007e+00 4.349650562437886947e+00 1.322436181423382318e-01
1.347874954425754224e+00 4.822539814297638117e+00 4.444432691013472159e+00 4.653292974924913561e-02
1.938944014605569421e+00 6.017982030543706173e+00 4.342662029994163397e+00 3.729736208779272505e-02
1.058788692987817637e+00 6.057605731375851121e+00 4.368843793192094260e+00 1.598996313901348276e-01
1.279033473467820814e+00 5.118166831950865969e+00 4.249571718942752874e+00 1.314341563453788608e-01
1.690336044211613098e+00 5.043908106825016446e+00 4.437007475712569260e+00 2.784791638807719572e-02
1.212236359190245194e+00 4.975114431777472923e+00 4.520813716887647438e+00 4.215846293273695089e-02
1.528035522212228159e+00 8.174532541798470220e+00 4.726027998573358424e+00 2.011721914064480421e-01
1.477713183677864972e+00 5.746827352072770623e+00 4.376885726042044844e+00 3.510302804132667820e-01
1.465046269028327686e+00 1.295252767239131408e+01 4.293217349082946832e+00 1.488852787410884226e-01
1.166329422840863606e+00 4.298870115741846298e+00 4.408329650207977402e+00 4.319102631082626792e-02
1.320163823174293594e+00 6.996063644980818452e+00 4.359258502805289481e+00 1.460956828469932023e-01
1.467195744093475085e+00 7.501787046457365271e+00 4.468917722075566701e+00 1.127200054873146312e-01
1.265394575706979996e+00 6.252075291361594900e+00 4.552794967699170137e+00 1.328911316690465638e-01
1.229704800546853383e+00 9.346093749600989042e+00 4.485451565090182058e+00 1.870486968458804911e-01
1.223315693356566536e+00 1.309331888437084324e+01 4.370827767125199159e+00 6.851596892476781442e-02
1.601488206153108607e+00 1.002242387117587263e+01 4.554942691211213202e+00 5.432660619681807523e-02
1.632054515167773223e+00 3.416587597919407582e+00 4.360842478330001271e+00 2.125959650489100405e-01
1.027708404852909929e+00 6.809732701151543388e+00 4.348332447325875094e+00 7.743052439566933121e-02
1.548756431241529397e+00 4.821867617363460035e+00 4.532248699746536325e+00 1.258524062559929768e-01
1.979363140711301483e+00 7.148174884269922202e+00 4.546296785718614508e+00 5.825509626254052331e-02
9.100730304063879839e-01 7.725221258992859497e+00 4.365619611681649026e+00 1.637081163901980274e-01
1.209605321942777145e+00 3.219842282117359122e+00 4.283433424550690205e+00 3.289887830388096845e-01
1.080816079934789897e+00 8.172553360426736191e+00 4.480065354020929647e+00 1.076049467423259159e-01
1.480526785109946619e+00 8.709165099190856907e+00 4.134414625678247468e+00 1.103891674598718453e-01
9.576288407460963326e-01 5.808961436810868406e+00 4.293145860153940063e+00 5.505181208298368795e-02
1.609174140004604459e+00 6.982864470334100737e+00 4.509411879271475243e+00 2.098199273635020790e-01
8.694877767543782721e-01 7.757002547925371694e+00 4.286382083224856920e+00 4.965798255067626482e-02
2.368151091975404299e+00 4.665587374296728207e+00 4.522299438303588381e+00 2.092647253443004340e-02
1.672088863928679725e+00 1.277605427966602569e+01 4.600384316807564211e+00 6.546831834638963676e-02
1.990071409946475356e+00 9.465613514585939470e+00 4.495671399816047575e+00 5.708001957477312760e-02
1.602115638893196747e+00 4.040070210831566477e+00 4.448619924105922330e+00 8.890104651888189324e-02
1.087455620595809691e+00 1.166202154991701789e+01 4.458453105517230952e+00 1.048709044474930158e-01
1.534794690562237829e+00 3.752686098019810235e+00 4.664105177994080087e+00 2.518349400793908344e-01
1.434546114604785982e+00 8.548408971619526397e+00 4.508879878518980533e+00 1.247098310709003344e-01
9.729007829436040478e-01 5.508931890102680029e+00 4.652158533239449056e+00 1.528138460827675182e-01
1.538035614886582803e+00 7.107887211378824510e+00 4.427402097687049398e+00 8.067745580339637235e-02
8.780279512379283169e-01 6.642210256336517737e+00 4.514726698955569439e+00 1.436601225383608293e-01
7.781148589951025762e-01 5.322667714405397987e+00 4.383877471703300444e+00 9.134511945478387962e-02
1.428113150297593892e+00 9.456182691496048065e+00 4.112874210872592862e+00 1.775505969652573235e-01
1.576690284240033657e+00 8.522710346967153683e+00 4.475878276479735796e+00 7.531184551898825741e-02
1.651575964054313506e+00 5.345577721702198914e+00 4.405617340351421163e+00 1.696620667292809137e-01
1.006054988129656991e+00 9.370854772285250434e+00 4.534846913451316297e+00 8.193042005336750866e-02
1.639566474440798505e+00 5.954825864104005717e+00 4.271868613691504279e+00 5.818339853193014305e-02
1.221613107251524388e+00 4.599349791477871818e+00 4.506513773394314804e+00 1.803595205259699852e-01
1.304800854511453556e+00 4.348478441387684690e+00 4.550846360237492227e+00 1.400372692174468303e-01
1.049469191527172773e+00 5.931735075188160344e+00 4.380445229765934201e+00 1.026165123883597818e-01
1.093438655244758140e+00 2.818357719964144081e+00 4.557378562668163546e+00 6.487084877162520302e-02
1.080806574953642185e+00 5.134360132296158952e+00 4.459575613121736559e+00 1.156303835699500904e-01
1.200004521465435348e+00 5.372398361521002030e+00 4.440351872209579831e+00 1.163929581769908295e-01
1.137564256446630395e+00 1.172482978352179828e+01 4.485210129591251871e+00 1.784438120631761382e-01
1.419118747015875925e+00 4.702472873342195214e+00 4.360978916438980946e+00 7.958693018574333755e-02
9.238494690574567958e-01 6.508422623922473171e+00 4.798816807528979211e+00 1.972389584161743370e-01
1.035373647941602471e+00 3.944056867392968790e+00 4.455004446754865732e+00 8.069229147013903813e-02
1.168377595814384717e+00 4.789175502906825699e+00 4.758076000645787396e+00 1.143989735613200331e-01
1.108130819888063501e+00 5.496725778534996110e+00 4.401292988912983262e+00 1.649103695995430552e-01
1.591331284800735713e+00 1.319774853646995183e+01 4.554281396974457330e+00 6.521472736194847131e-02
1.702400705261876812e+00 6.915641129899109174e+00 4.231790529398044676e+00 1.582201403790138849e-01
9.981428561467804439e-01 3.172988529613364861e+00 4.494263052305390360e+00 1.379559853353677923e-01
