# Hierarchical MCMC downsampled to get 500 samples
# alpha, beta, mu, s
1.038694446672684624e+00 4.110321004829926572e+00 4.267488911829317999e+00 1.304950405271757541e-01
1.056351454051399852e+00 3.549630835243594795e+00 4.557625294355475809e+00 7.104766345542583295e-02
1.508766428632498435e+00 5.834693550556941055e+00 4.484162808233854491e+00 1.571645645737642927e-01
1.359386744760263888e+00 3.864911749809897934e+00 4.697378906923916908e+00 1.146966212149834047e-01
1.061344055845572676e+00 3.392890740622203971e+00 4.674332134256785842e+00 1.246977791279144376e-01
1.211474225622191536e+00 3.672359153387017905e+00 4.118199930582076007e+00 2.901982578065642748e-01
1.846647713362417065e+00 8.460031292366197775e+00 4.580359093638953105e+00 8.954514846332377320e-02
1.287952077881042046e+00 2.553381842955129155e+00 4.735899429153255014e+00 1.631568612322506218e-01
1.337056949684975571e+00 6.558511573284141249e+00 4.291782569719154061e+00 1.563217389029849247e-01
1.366107508818529714e+00 6.325443895229596158e+00 4.573551860550383985e+00 6.395510282226030130e-02
1.062513369413732978e+00 3.204610276161924620e+00 4.530185324218808596e+00 1.008276815144324712e-01
1.716545484774996355e+00 4.527235380753445781e+00 4.746352772658964270e+00 1.360827366293210217e-01
1.326115656571059009e+00 4.464537062164638748e+00 4.642381050564914347e+00 8.635213155400511820e-02
1.547716367321402275e+00 3.046863429734711026e+00 4.552571260886872473e+00 8.181052675530468832e-02
1.398613950092319147e+00 3.622600787308829950e+00 4.636348108634239296e+00 1.025894152530311271e-01
8.566579358695642910e-01 3.284637982569142522e+00 4.594139001976847325e+00 7.602121083195285955e-02
1.276748942899930572e+00 5.818179628730738351e+00 4.663273585069325655e+00 1.842586804015962088e-01
1.359989282853480974e+00 6.495833533475331656e+00 4.498389936580390547e+00 1.370312712227713947e-01
1.458665436374292135e+00 2.761469293245144563e+00 4.817604458647850585e+00 7.529182947152060490e-02
1.517208863353369575e+00 3.775061661163755744e+00 4.662948137809914684e+00 9.675145307084030699e-02
1.026974586272930923e+00 4.113690459462742588e+00 4.427580548130176652e+00 3.327549115585484163e-01
1.648248532983288772e+00 4.517472078767180932e+00 4.540180044819819294e+00 1.280180613629033348e-01
1.900255949464735972e+00 3.144223206132437554e+00 4.481092129768709853e+00 1.518858455404879515e-01
1.705028189644434589e+00 3.979713960272916573e+00 4.761001852199124862e+00 1.131532078329200580e-01
1.336540012516231446e+00 5.420949737839409366e+00 4.605513051565505833e+00 2.859726635758056967e-01
9.576910105283180652e-01 6.090036891871982938e+00 4.649754133324067951e+00 1.389983202952007335e-01
1.627903524256522960e+00 3.662594710086670258e+00 4.647257779604450079e+00 6.948278043953232119e-02
7.739655901843152108e-01 3.577377501584575459e+00 4.705552407425455108e+00 8.562661827917793234e-02
1.249287793723093509e+00 4.388307129522645234e+00 4.532402450166842733e+00 1.766533706547124827e-01
9.448638582581141421e-01 2.920582206563490324e+00 4.616775672358731875e+00 6.928295956009561385e-02
9.496118161840738647e-01 3.939892025498452188e+00 4.647392912999274373e+00 1.032656354770939700e-01
1.873420933830345803e+00 2.653640848519020601e+00 4.665803077007960376e+00 6.769659948382435177e-02
1.195347543138787660e+00 3.300899225779433621e+00 4.461778303809719404e+00 1.431551212889555780e-01
8.103493251172269041e-01 9.285113904460761347e+00 4.868804131236568189e+00 1.419833428107336315e-01
1.362326188346745681e+00 9.627767239222238871e+00 4.670172150361183050e+00 1.187813732178285980e-01
1.319513165707157709e+00 4.571633127965391452e+00 4.319207627972671659e+00 1.861484068216261722e-01
1.394889087335900557e+00 3.064866671679870702e+00 4.534914534614915560e+00 8.461164455325971556e-02
1.025033034473132876e+00 4.407648906321622206e+00 4.492556547931630284e+00 1.269056058203216764e-01
1.190877468733484879e+00 3.079787257639068798e+00 4.513473620765267924e+00 1.887473420627662213e-01
1.665954977806206605e+00 6.181934354264885911e+00 4.826204009293565633e+00 1.277587280686496296e-01
1.600710282884773017e+00 6.076630951744292020e+00 4.636647556670417281e+00 1.502427172845686165e-01
1.287564440605596161e+00 5.778334307538369075e+00 4.901931392892829642e+00 2.370971439329760955e-01
7.114842840706169236e-01 3.271599186499312140e+00 4.721878400440393087e+00 1.195130141684745545e-01
1.316500397643301845e+00 3.468467590314729510e+00 4.687943084519389458e+00 9.346028983958072633e-02
1.653741671625763132e+00 3.141962727443158965e+00 4.654237684076192316e+00 8.307553177534821032e-02
1.372775902191521569e+00 4.062165621566176554e+00 4.628493339712529853e+00 7.427449672061813002e-02
1.217912580210338325e+00 5.909466899391222050e+00 4.878892827942372890e+00 3.527643967389039181e-01
1.609085743929179024e+00 5.969598249358967657e+00 4.746440453873944421e+00 5.777545458373085224e-02
1.691004214373662995e+00 5.581423022242315568e+00 4.612113761116476418e+00 3.061741144158586919e-02
1.274587921306029159e+00 4.830446965898833156e+00 4.516042291685233856e+00 1.113189521455812681e-01
1.232205396515036133e+00 4.984307541737008407e+00 4.662305802026548207e+00 2.431852427549304196e-01
1.411110666869117791e+00 3.323020492706536544e+00 4.940494859263318439e+00 9.865447526665108158e-02
1.950276649976494747e+00 4.953531225261442295e+00 4.851650952905515624e+00 1.091107196153610626e-01
1.495666837842786867e+00 2.576049272078122954e+00 4.535206544711927634e+00 1.280618308233065217e-01
1.298721580800053177e+00 7.159139030315568419e+00 4.554045552005527853e+00 8.322360954406105016e-02
1.230435939669944245e+00 3.021208928305024521e+00 4.553233502526099485e+00 3.269475058068911366e-01
1.252145459748321477e+00 5.631832959914617298e+00 4.667149314456027653e+00 1.179767226695868226e-01
9.248338958332976700e-01 6.912721025950476772e+00 4.584662637086708514e+00 2.022146172507345574e-01
1.617638984761344823e+00 3.644411964700719597e+00 4.677523764434679876e+00 8.451990481835135183e-02
1.178192139663147397e+00 6.928587713901290357e+00 4.684740144797753914e+00 8.874168338834802217e-02
1.029992568335176051e+00 5.138066507035708774e+00 4.792958218649991942e+00 1.514527045177387621e-01
1.889154827053508123e+00 8.120412341630654396e+00 4.448791941813704298e+00 1.286795116566946673e-01
8.209181547487720554e-01 5.480622847923218188e+00 4.532504874011184626e+00 7.274855216704242955e-02
1.384560782197587603e+00 4.261895260661206386e+00 4.951326003394679987e+00 2.151198566954700131e-01
1.676550874420719150e+00 2.735819597798726299e+00 4.678342198707754918e+00 7.116596310171809103e-02
1.412230906560362209e+00 3.831055966016125858e+00 4.732965045509234692e+00 1.821122520036137504e-01
1.032208656157574955e+00 4.256085132600183840e+00 4.549248039458825055e+00 7.454847054663812922e-02
1.124573347203507545e+00 4.148211115588719800e+00 4.457911460478867660e+00 1.500031540808017261e-01
1.075653129782714323e+00 3.900867296281260721e+00 4.726267713189768571e+00 7.945384617399937899e-02
1.265218195955580827e+00 2.951777525590971507e+00 4.646014614369967433e+00 1.926041766106263986e-01
1.500713063069445852e+00 5.141459111673135851e+00 4.610220234843221299e+00 1.057130839505394659e-01
1.116594444099508587e+00 2.938501339520095623e+00 4.592969780165742755e+00 1.872297211567152397e-01
1.979218037973832889e+00 4.584743669883377670e+00 4.529109820880729664e+00 1.497021293292922772e-01
1.084957409216931401e+00 3.192507822694941044e+00 4.985166288447104854e+00 3.588838829925942164e-01
1.122290087804791225e+00 5.731438189740390321e+00 4.452698471046070416e+00 2.432555279527195413e-01
1.540483118464630152e+00 6.355843058955056080e+00 4.657775407413430102e+00 6.149034981585020654e-02
1.861894606912115169e+00 4.553704183868541477e+00 4.668325879286900459e+00 8.299821658741116104e-02
1.271417305750293325e+00 4.571948198347264736e+00 4.489909611648592147e+00 2.710728415985535489e-01
1.145627336008221198e+00 4.884144971336504604e+00 4.890073577516573344e+00 3.162598621728107684e-01
1.124073640584788647e+00 5.755721656515004447e+00 4.684228783547288444e+00 4.919381829124869904e-02
1.104665295675467673e+00 7.625188227616026992e+00 4.592082132418057405e+00 1.540365794871412508e-01
1.589810892529445185e+00 6.879595600107146325e+00 4.502964189039112775e+00 8.924680070459239944e-02
1.596406532527760769e+00 2.698895912720606471e+00 4.727431839371682543e+00 7.136274505022019432e-02
1.380484268164333450e+00 9.219602520795081801e+00 4.476168605792021360e+00 2.410629289301899347e-01
9.224299670166152820e-01 6.452546841868717742e+00 4.496196436856717327e+00 9.441869790019356834e-02
1.721040944414011342e+00 4.183499586238613510e+00 4.609282901180958625e+00 1.401411612812845930e-01
1.773338063591866298e+00 6.148265285639071820e+00 4.509197344696712406e+00 1.728507946940229245e-01
1.392314374560418067e+00 5.067412767754259306e+00 4.555665696019741695e+00 9.040649426807949307e-02
1.116117862424828910e+00 5.006441635087369946e+00 4.728257438207172036e+00 1.101925506288241180e-01
1.606405209688309466e+00 6.383492985304807910e+00 4.627687921069036037e+00 1.236925341197952083e-01
6.078968643083235701e-01 3.120582208364091947e+00 4.469126022396338271e+00 4.688431679576241656e-02
1.481907679430148672e+00 5.955220593391622685e+00 4.860519361120568149e+00 1.456961189645496757e-01
1.373243227091264007e+00 5.337863917114924917e+00 4.590715508470895934e+00 1.894846892716046116e-01
1.055917322406715098e+00 3.529698429175079255e+00 4.280748470329988287e+00 1.460203774394039644e-01
1.177388735471753600e+00 3.211120565718508679e+00 4.554434045596485348e+00 9.140570752456952941e-02
1.281913797272946409e+00 3.324124266283067897e+00 4.689639856226952119e+00 1.059467456025201815e-01
1.178454788866380998e+00 5.167252388067140600e+00 4.704433977001206912e+00 7.107378062589397860e-02
1.309060064440474624e+00 4.498494098200502833e+00 4.340943078206878525e+00 2.469392782909649031e-01
1.508134049125268383e+00 5.188352208886893635e+00 4.594866012515718801e+00 1.160902150940978927e-01
1.438255588931600215e+00 3.553314284490149966e+00 4.349359793730697810e+00 3.322881282021678540e-01
1.027731904101596871e+00 6.886664898170135274e+00 4.649761687730318727e+00 1.108020749982475822e-01
7.204526956082950573e-01 3.271879413500240474e+00 4.788323351664113936e+00 2.070108650276611950e-01
2.164736318319104402e+00 5.345458195864194018e+00 4.443954113382189597e+00 6.131171104750682277e-02
1.277023594763779801e+00 7.260479907624873164e+00 4.726909756335249568e+00 9.161539145061833866e-02
1.098397590360111753e+00 3.573718668329020520e+00 4.662700195701965811e+00 6.602071700676549748e-02
1.020458678239729133e+00 7.488061914510078410e+00 4.576999672312314082e+00 1.121342374012283954e-01
1.457914972779434493e+00 3.436640898744171668e+00 4.657648400474641903e+00 8.573067413803314718e-02
9.730184003838436846e-01 7.171315750728513017e+00 4.510192685438951798e+00 1.776547193701011607e-01
2.212642517887054794e+00 2.927763346132746580e+00 4.568016469218150633e+00 1.840671897301198456e-01
9.038844990232609566e-01 5.741881918459408318e+00 4.514884335862397791e+00 1.475639920907286240e-01
1.067784140442594731e+00 5.033601638378569554e+00 4.396719834547083039e+00 1.781512859175121144e-01
9.672360980038843259e-01 6.076862209448164798e+00 4.710936338138423274e+00 7.621167014108312654e-02
9.239652534613356227e-01 5.578114846762013634e+00 4.853764806297900414e+00 2.165238782602615097e-01
1.071202236000319052e+00 6.145180790525597736e+00 4.659361015367805336e+00 1.661170115565980820e-01
9.905553557409045862e-01 3.855331338103091809e+00 4.759965110150814915e+00 8.782898149576792712e-02
1.100525762178327538e+00 4.979569968710320538e+00 4.573055572979301431e+00 1.139957520421581716e-01
1.466269238944945652e+00 3.636577069533321271e+00 4.705731226713143478e+00 1.340924184332635827e-01
9.876707590034268236e-01 9.249887419481126472e+00 4.569245751609050998e+00 8.267718603646234676e-02
1.116233518018364235e+00 3.143677444339483706e+00 4.680357975501947543e+00 7.218769464258795177e-02
1.366110761460044731e+00 5.181616102882138364e+00 4.696619495062337002e+00 1.633092002938707488e-01
1.084989348255360531e+00 6.354255298645683503e+00 4.253996544585779027e+00 2.386904537384605951e-01
1.265099609419975568e+00 5.939802199996245591e+00 4.545494202564942299e+00 1.501972334485960348e-01
1.667117824662037950e+00 3.261503413294448261e+00 4.758458264580652575e+00 2.828940554466572999e-01
1.206644327006549222e+00 5.128923009703849623e+00 4.453198232808730062e+00 3.945375291282371411e-01
1.641091521944711085e+00 8.390333553144818879e+00 4.603820342111563768e+00 1.491641433014048168e-01
2.453340663272963518e+00 6.404041427892797067e+00 4.495642015695843874e+00 1.391443129270749646e-01
2.081677774847390250e+00 5.766467198325531562e+00 4.776397577909022196e+00 1.800138726496449681e-01
1.063300398982159667e+00 5.828694285150804788e+00 4.535037829822478272e+00 2.894847017783028775e-01
1.369298791886067734e+00 5.255151588424649134e+00 4.851263531545032315e+00 1.253483732425014208e-01
7.535312171842025730e-01 3.794573890604549860e+00 4.649400115683336665e+00 2.205984754292841798e-02
1.208028612691228521e+00 1.214511238286261730e+01 4.267995388855180039e+00 3.337835003147476831e-01
1.331360343318004569e+00 4.554740285035554059e+00 4.485798387273228549e+00 1.789117178084454751e-01
1.298210126945320120e+00 8.156896094368438099e+00 4.468853823336374376e+00 7.697675141106710694e-02
1.448989304752606566e+00 3.957560949773035297e+00 4.608156219462411052e+00 1.670364110688489223e-01
1.200890304186510882e+00 5.811486685885381753e+00 4.657263716865279513e+00 1.035033854061878922e-01
8.415277077720584309e-01 5.265029434583590628e+00 4.439850401005104530e+00 1.986178266181565233e-01
1.505149152919056377e+00 4.018933336644397336e+00 4.520056769452816425e+00 1.819323475224746411e-01
9.147299528769960997e-01 5.823061940001333703e+00 4.497197002317544268e+00 5.491864544283507621e-02
1.442534802598454791e+00 3.562456180956539598e+00 4.860357268079510185e+00 1.264476421410734019e-01
1.337713694356720273e+00 5.741013739176379360e+00 4.722141119190474079e+00 1.419616669027429501e-01
9.520293392486769424e-01 6.437919164178025788e+00 4.653589230268623034e+00 5.019637663498846547e-02
9.314264920015784543e-01 3.097804650900794154e+00 4.537395418115032442e+00 9.890037470853292600e-02
1.068434229807299296e+00 4.944236253101083278e+00 4.504625210003617042e+00 2.930433069956853709e-01
1.206186489657107286e+00 6.420809662133740048e+00 4.567728648754726173e+00 9.817320721477043599e-02
1.235093226257590437e+00 5.255709783718657491e+00 4.744199605694578992e+00 1.633496298668452029e-01
8.454650071766363073e-01 5.853104464181948963e+00 4.675431560559379918e+00 8.469072219048895400e-02
1.021620137283968832e+00 4.505413364396976483e+00 4.488154079690777287e+00 2.418473833631438752e-01
7.891980214271585581e-01 2.456722580774215903e+00 4.395076957612354285e+00 9.461105052879824340e-02
1.266359137931875267e+00 5.716411664019407368e+00 4.569425503608174566e+00 2.466457493957363578e-01
1.242054960148946563e+00 4.304916263741020543e+00 4.555832795402726454e+00 1.819875690339919083e-01
1.291710307155072623e+00 9.012630179586455625e+00 4.445016220889949743e+00 1.175976237631271570e-01
1.204363975735909253e+00 6.640910680730542026e+00 4.926207721992894584e+00 1.331607537212429748e-01
1.237865392794979646e+00 6.925119245639068666e+00 4.519463997703108582e+00 8.678531737523091649e-02
1.107073009352071313e+00 5.335961391016306621e+00 4.487441388364445061e+00 7.114858623204894927e-02
1.192190856611134553e+00 6.496800470028202490e+00 4.798070313168225631e+00 1.125130387028390744e-01
1.615234778165413942e+00 4.289425105318524167e+00 4.612017997314342921e+00 5.166660763788131355e-02
9.393478217910302686e-01 3.996079486476022069e+00 4.590463963293515803e+00 2.838556264214801006e-01
8.014923918902849831e-01 2.733529579460725945e+00 4.648057082716398725e+00 1.030278166915009341e-01
7.858187339189429688e-01 4.657534229931344250e+00 4.683673438462191640e+00 1.463959300713194855e-01
1.096791532819445303e+00 5.627554198505730021e+00 4.638447091564687597e+00 5.958273286145729375e-02
1.389062541447772414e+00 3.579954558540049625e+00 4.776526138892527307e+00 1.251308477006295716e-01
1.545166895727984047e+00 8.723828367504493642e+00 4.630847056810422302e+00 7.164656768016194888e-02
1.320528752830862462e+00 4.902472840143697219e+00 4.639772417651548686e+00 1.359694577627059142e-01
1.567658952417578799e+00 3.955208815669874145e+00 4.639703383841571771e+00 2.158715822794465278e-01
1.199998859250526628e+00 6.448204590814578197e+00 4.843341837182719267e+00 2.314803087850590968e-01
1.151554549580026565e+00 5.895305956665837677e+00 4.400985239144983296e+00 1.738022752096783363e-01
1.274336216007528000e+00 5.584826023948633811e+00 4.613631009041715636e+00 1.224930766540053839e-01
9.868166485092400020e-01 3.402096205330806811e+00 4.752411005117738618e+00 1.854324718139586103e-01
8.810523030277237488e-01 3.962840681369287132e+00 4.310826033177465710e+00 3.509395339991371876e-01
1.130940570885941465e+00 7.691483137122355984e+00 4.881625413987707773e+00 2.287941907180380263e-01
9.136126330593670186e-01 4.560526006680843736e+00 4.657990401618478771e+00 9.628998176814954069e-02
2.090337786136709841e+00 3.806149876702185075e+00 4.506197351840704357e+00 1.181007715132944141e-01
1.406640238602949511e+00 2.917443563287287933e+00 4.643500038364708260e+00 7.482310637453611080e-02
1.332749810979596106e+00 2.233877394567528540e+00 4.650661601613323093e+00 5.238243819552637626e-02
5.180996233383410310e-01 3.137428885528607214e+00 5.112839229410861108e+00 2.665114807716636447e-01
8.898144979352313744e-01 5.332553316446448477e+00 4.654353691218341638e+00 7.142599832673651727e-02
1.923467632370803315e+00 3.715695122792818328e+00 4.835900248048296213e+00 2.431469480258873217e-01
9.795683536537911351e-01 1.141655908011845355e+01 4.621008205088281251e+00 2.975528441073979624e-02
1.028208150586445990e+00 3.381233660881306058e+00 4.695106522690883466e+00 8.751402397577209835e-02
1.103772550853669987e+00 6.413932399318166055e+00 4.923595751790879937e+00 1.456568383289345570e-01
1.494043999912739729e+00 3.659258701692057691e+00 4.560949348656208713e+00 1.016319276112675474e-01
1.149278222260639470e+00 6.148958282498504069e+00 4.611312435163052115e+00 7.914954250384914625e-02
1.465648682495431565e+00 3.075843416357477267e+00 4.944688923233021782e+00 1.471208150324931629e-01
1.575764352365638610e+00 3.033908837259250646e+00 4.628970679373694885e+00 3.657604368273473933e-02
8.665922723606250822e-01 5.061778436587934138e+00 4.493531349137588116e+00 4.401669967910083747e-02
9.873676603869764312e-01 5.425647134154259810e+00 4.479072130016683140e+00 5.944224227310090924e-02
1.079833388759914081e+00 7.282106124684737836e+00 4.748143325775948220e+00 5.306170275108058193e-02
1.540904698606804235e+00 3.845404458731070285e+00 4.520246722885516100e+00 2.791921685192952918e-01
1.293554115573764873e+00 2.866329354604403523e+00 4.497103820219146009e+00 1.657799307547981327e-01
1.519425051552803163e+00 4.807366224039227198e+00 4.441530154221647209e+00 1.060360017920492365e-01
9.661189273385011322e-01 4.444167977726291241e+00 4.657757536897592310e+00 2.191248910268283057e-01
1.123991615526762189e+00 3.632194498670425098e+00 4.628872010233703094e+00 2.331518705103338696e-01
1.373518243568743413e+00 4.697730721763083039e+00 4.477573895591564934e+00 1.139711850590241909e-01
1.091604380729406021e+00 5.382561197767607553e+00 4.681984921959332802e+00 2.774700350055522846e-01
1.405936135869586323e+00 5.398007472337824630e+00 4.397697931648940184e+00 1.263152434502609334e-01
1.181963860519369636e+00 9.266034939275403559e+00 4.583690331692676700e+00 2.467485407463732017e-01
1.086441548307822691e+00 5.547441944738346287e+00 4.489073908338211183e+00 6.282129696483271242e-02
2.016637737382922957e+00 8.382330419145718636e+00 4.695168430548473104e+00 4.926932660277055787e-02
1.445966508021964358e+00 4.776819773840641936e+00 4.678824009438487863e+00 1.810276352102294650e-01
1.420545307317008454e+00 3.751500983240342091e+00 4.596503573129946396e+00 7.964637993409584560e-02
1.079121698776821514e+00 4.267798664119487384e+00 4.685331576500613160e+00 9.246597215996446573e-02
9.047891920540905852e-01 5.310500386130922124e+00 4.564349693867796098e+00 9.069775683731072513e-02
1.340371351069456818e+00 3.303270443404559220e+00 4.627252760765882655e+00 9.217937955047647569e-02
1.329391196908578321e+00 3.858105466634180303e+00 4.490528122692921897e+00 1.208646725749072948e-01
9.834265648353597289e-01 6.721454204951734290e+00 4.661356812654390502e+00 1.125290525391966501e-01
1.271961836706208215e+00 4.065594948894018401e+00 4.556814819292765328e+00 2.287826504634849489e-01
1.181696746586356817e+00 4.506905117380194170e+00 4.550540344720728214e+00 4.194200169567994380e-02
8.235488609442129793e-01 3.802518476672802628e+00 4.581901165599497894e+00 4.154844171903454564e-02
1.371590258725602585e+00 2.338607097849277672e+00 4.719055213922661807e+00 1.857993239199473567e-01
1.687590938437381949e+00 5.755228469591199492e+00 4.635317847675869629e+00 7.359429417043483745e-02
1.161893154192539912e+00 3.527429532162879688e+00 4.531757794531211303e+00 9.510295300143681296e-02
1.282446923598892230e+00 6.124161224926523595e+00 4.721400279853209092e+00 5.332537326247339948e-02
1.441015376550768057e+00 6.357475529565348005e+00 4.452922363798526462e+00 1.399950264991718929e-01
1.651001662865281272e+00 5.386807670129708292e+00 4.447478993397042224e+00 3.162122420367342590e-01
8.316844267907143040e-01 3.430597700366062153e+00 4.552751203242004330e+00 2.151851248781057602e-01
1.507952536192467274e+00 4.234298939516522253e+00 4.400639661368115796e+00 2.213588733709451473e-01
1.097199140111501547e+00 1.151859274345015827e+01 4.636503185446286146e+00 1.360050582608728909e-01
9.776427315303496401e-01 3.180656951396173326e+00 4.661171849436636094e+00 1.950750828958852101e-01
8.767807195305442614e-01 5.743350434709291186e+00 4.705504023685199932e+00 8.667473687683543981e-02
9.168768986638505814e-01 3.242084943444770495e+00 4.641463978876818608e+00 5.611705306341684130e-02
1.024206369327519184e+00 3.541913798621335374e+00 4.707031183747130143e+00 8.153014959828557007e-02
9.502940596065340140e-01 7.387339111261537639e+00 4.633215869952805654e+00 1.053148084713325106e-01
1.487603557715952096e+00 6.229195263290963069e+00 4.387251095184637961e+00 1.004807275195745003e-01
1.320591230386306769e+00 5.259746141111969919e+00 4.660869296040544896e+00 9.381188898293309208e-02
1.009629793457395008e+00 2.228044895016716431e+00 4.746896484406351036e+00 1.111044646368711669e-01
1.078249221290238813e+00 5.349109032100358263e+00 4.556467555786900547e+00 1.436048350174543020e-01
1.198937885081543309e+00 2.555565938984772689e+00 4.636883162948373993e+00 8.650659625641146655e-02
1.439878855456767637e+00 5.498603689405110906e+00 4.744444445249999198e+00 2.028476955319352959e-01
1.640820916676363872e+00 3.377193483955699627e+00 4.860049801425311067e+00 2.031763826737096601e-01
1.436725375820221418e+00 4.344204547233130320e+00 4.765498567910403160e+00 1.071487794190009307e-01
1.427425224063988640e+00 6.230365998063611244e+00 4.356382202780965329e+00 9.633557594676661617e-02
9.128534303842074094e-01 5.040391549141461702e+00 4.568404139714022705e+00 1.002242948038330472e-01
8.395408185317206895e-01 2.767478721099960737e+00 4.767979740472007677e+00 1.007094913434443684e-01
9.421715919379838322e-01 5.693616136796743277e+00 4.582300142505314255e+00 1.077914625874400734e-01
1.182807800576120671e+00 6.082289877585823845e+00 4.694122630160945775e+00 1.331170513945078571e-01
2.033170339324576581e+00 4.357317202664171774e+00 4.455385407097936401e+00 1.437061239532403945e-01
1.527474144414279422e+00 5.739811438135739685e+00 4.510872090553184499e+00 9.630215623347519738e-02
1.522042668081211136e+00 2.994272160312761333e+00 4.728779239240648913e+00 1.630466604899337979e-01
1.370895986853284398e+00 3.223380437752932259e+00 4.658642429272244812e+00 1.162032424463139424e-01
9.514676951879726952e-01 3.655302588669682606e+00 4.838032723289638959e+00 9.219265154661115957e-02
2.014999807052550107e+00 3.650685944176160547e+00 4.595890900290148018e+00 4.904054127096493798e-02
8.654290089942024977e-01 5.242882896564892370e+00 4.652968668708846067e+00 1.226488969235574045e-01
1.611132783671758606e+00 3.807275392811486192e+00 4.523482943624596686e+00 4.487091802187779810e-01
1.173627776412784263e+00 9.226705750998359434e+00 4.651736118268076758e+00 3.282365910876250403e-02
9.873738414389932050e-01 7.529297844630377767e+00 4.631468851537112741e+00 1.462094948305437403e-01
1.520226674871374861e+00 4.197109361514442583e+00 5.082680891313410498e+00 1.516039472328521154e-01
1.396263427946016433e+00 5.367791450312317636e+00 4.402310107546679951e+00 1.577177053289666175e-01
7.695365744925259932e-01 3.852922850746726802e+00 4.678416980343762077e+00 3.535171878216845087e-01
1.500461927090467107e+00 4.026732296926773813e+00 4.560524292821289905e+00 8.793594094468429323e-02
1.472489415346686759e+00 6.677399890196682009e+00 4.674101119603551346e+00 5.000607399204495818e-02
2.175252558166330008e+00 4.835829708971839835e+00 4.503280938400441968e+00 1.628547244698751451e-01
1.999949729211783156e+00 2.873236025494327883e+00 4.524527578150567386e+00 2.573769289358490697e-01
1.073439686582612573e+00 4.877610818860242503e+00 4.507258682417190521e+00 1.070954313670915425e-01
1.202160733660611935e+00 6.478530644619383771e+00 4.543795937190981959e+00 1.772674258222269872e-01
1.037061312570701777e+00 5.971301418667682270e+00 4.411576855902335836e+00 1.247026063122043948e-01
1.163552565694267793e+00 4.424000689209291792e+00 4.444505100254937169e+00 2.001785692342672451e-01
1.324407598495177307e+00 8.368224309745389888e+00 4.619181492829946833e+00 2.167990050799906421e-01
1.460907250855173700e+00 3.468608642016728361e+00 4.812470008457683690e+00 5.442695869150793175e-02
1.073260657427949516e+00 5.706376758053443687e+00 4.779550937161872959e+00 1.878720847828114771e-01
1.620805270052210423e+00 6.958126912750417503e+00 4.430165375691184515e+00 1.561546930989410331e-01
1.195153085735905396e+00 3.160407794699655160e+00 4.644059819970423497e+00 1.188482742680507243e-01
1.002701965014117125e+00 4.445752771681345195e+00 4.645020841014341428e+00 9.342271915075722744e-02
1.298039780264146570e+00 4.651051335286044974e+00 4.768882785794971824e+00 2.130938729681698951e-01
8.265711875616267301e-01 3.193978892041192452e+00 4.720451595171173409e+00 2.261147039312522977e-01
1.457000928144725149e+00 6.864788645627943886e+00 4.615569037066446612e+00 6.250710099979560341e-02
1.243916058221314014e+00 3.683135476704048283e+00 4.609537228262467146e+00 9.157920474621775164e-02
1.303140045551903103e+00 5.790752781284596473e+00 4.649962711178814878e+00 1.083630620780707404e-01
1.155913682045179636e+00 2.314178661126943481e+00 4.641198131157044493e+00 4.828884297180151969e-02
1.580656633052789362e+00 4.799423880590747871e+00 4.641096524676318502e+00 1.357119766519721549e-01
1.189659357204508883e+00 5.089439921992236826e+00 4.601500351541325529e+00 1.953832358992181051e-01
1.452559231574632959e+00 7.060142094260075218e+00 4.578095128745793829e+00 9.808925605254446844e-02
1.822497783913266334e+00 3.906855258042184253e+00 4.583156862483260596e+00 7.040191962337656595e-02
1.497485239121306266e+00 6.622130982106335217e+00 4.373801243234209046e+00 1.686776147630633105e-01
1.185425170788800164e+00 4.733270424102665075e+00 4.654052980899527903e+00 1.019537112939929435e-01
1.860509867250748739e+00 3.273885416680454519e+00 5.284995020992836245e+00 2.809705009638648887e-01
8.493288380513319691e-01 5.894614093747883032e+00 4.615772579046346635e+00 2.806084248691972927e-01
1.310658348968302356e+00 8.237198223443291667e+00 4.639756424381934252e+00 8.485538765409206263e-02
1.423942739378344591e+00 6.874424301389315595e+00 4.450011880403590858e+00 1.546195643716933577e-01
1.605701375381405116e+00 4.236385150760560769e+00 4.601477938265453815e+00 9.528556409260960369e-02
9.566742562067696021e-01 5.172036159036965230e+00 4.493571836853012869e+00 9.970055251138298935e-02
9.564674729660441743e-01 4.156344297807055277e+00 4.615872399830308836e+00 7.528820577133403524e-02
1.475881983535139996e+00 6.131190859737293941e+00 4.660317402597307535e+00 2.107227013196759091e-01
1.401258672817929929e+00 5.951921411103404225e+00 4.435886638296222095e+00 1.628382978727259123e-01
1.153918477217105387e+00 1.029323365326299466e+01 4.853780667974771923e+00 2.730709221787143703e-01
1.155306866843141433e+00 4.120370957977675275e+00 4.487378850418456189e+00 1.138213630791852227e-01
1.275963242661658059e+00 4.779318365244079381e+00 4.930363939019471786e+00 2.535509603544985335e-01
9.670929240339154465e-01 4.430978722645522616e+00 4.600970685055274956e+00 9.404772992873693116e-02
7.852270215516354845e-01 2.928271241542316439e+00 4.597178910659380335e+00 2.035289038064643785e-01
1.422312287269994924e+00 4.780023239801936441e+00 4.725573286711512111e+00 8.312904519539922321e-02
1.372505356348188155e+00 3.174673455769523756e+00 4.550634617045286490e+00 2.709403953767920356e-02
1.143796561507230747e+00 5.277655117314047573e+00 4.371583614116579142e+00 2.821646593152188354e-01
1.200507528109165944e+00 7.310831723984912323e+00 4.643180510257291616e+00 6.155817019688125669e-02
1.737878880390376413e+00 4.296194085537806018e+00 4.678398248143084359e+00 1.476976184866141406e-01
1.105932246702071575e+00 4.364104463450916072e+00 4.515220208011953673e+00 1.453449807152207285e-01
1.756028945161227872e+00 3.786769089563054358e+00 4.644456968020188370e+00 7.036523011033138375e-02
1.852497969062132377e+00 4.306807160044684224e+00 4.618999960493193058e+00 6.564479445557128146e-02
1.178442288114515568e+00 3.688337684621561419e+00 4.826295508565069170e+00 2.481077256335626480e-01
1.770108881815942281e+00 4.168125545519027142e+00 4.573737691569041530e+00 1.326988170310692272e-01
1.608171742867027687e+00 4.856288437891673304e+00 4.576824288906664151e+00 1.394785734369370367e-01
1.529258659803062192e+00 6.359880271940983931e+00 4.418989160890776979e+00 2.338306273263752733e-01
1.101794459616342037e+00 2.506850869083540712e+00 4.736901548733307266e+00 1.359062835329057917e-01
1.243666979932429140e+00 4.360690562526997383e+00 4.774002195296175977e+00 1.197643649961233348e-01
1.230050687613850613e+00 4.013830561356877880e+00 4.637389252787484040e+00 1.605959584709795718e-01
1.815742980902889547e+00 2.967644520513081918e+00 4.717667689691768196e+00 1.032312835339131568e-01
1.968162835383640896e+00 3.951014934331827710e+00 4.585551685139370726e+00 1.266856334001139617e-01
1.109640196578946414e+00 4.924878480889042009e+00 4.588411592456679067e+00 1.014912486964521660e-01
1.625740648673670075e+00 7.667935618329615011e+00 4.600818499211988488e+00 3.731804794933175629e-01
1.343395908461589405e+00 3.132763595004485424e+00 4.574932255211531462e+00 1.749362982928169552e-01
1.616001039049584254e+00 5.670990379268252113e+00 4.738850524103816575e+00 1.473677820982400299e-01
1.409355585824546342e+00 4.991888443109722573e+00 4.523859519340463820e+00 7.878131938823537683e-02
1.728199585499589297e+00 4.783065333239405525e+00 4.642702660837109363e+00 1.332010875993881460e-01
1.149591290606350569e+00 7.546597642430930009e+00 4.534522463150183036e+00 4.598307231859543459e-02
1.915350966131395438e+00 3.435760485260539454e+00 4.564107228998162569e+00 2.141870850620521960e-01
1.277946709198533259e+00 2.396757751410017345e+00 4.403056745798732408e+00 1.708592459302150923e-01
1.176849593140227190e+00 8.664272113232989625e+00 4.187316965938624236e+00 2.293075177699976375e-01
1.551646466260420132e+00 4.273659603749924152e+00 4.622128480957489849e+00 4.965019584642776929e-02
1.796231337672439476e+00 4.638521623189752141e+00 4.523422171519714929e+00 5.301724357530300524e-02
1.481666335927769751e+00 4.749092160456167555e+00 4.740953328793258592e+00 1.678980970072939949e-01
1.115461252827332217e+00 4.676477540310025383e+00 4.599017581812093525e+00 5.739957085067248777e-02
1.355048423384056955e+00 4.783875385323515417e+00 4.659601713935148659e+00 5.803754162775155712e-02
1.120105385499506223e+00 5.671660075166552240e+00 4.654809099520159421e+00 4.276709721238000639e-02
1.115410147754613668e+00 4.915179270648070364e+00 5.151341910866341856e+00 1.536780442863707463e-01
1.402876241785980360e+00 4.565196198244137804e+00 4.771478217510280118e+00 8.935224376927690393e-02
1.011056125991601773e+00 8.759569243730856769e+00 4.475366403197918785e+00 1.260370981362320952e-01
1.400032863433688934e+00 6.176323155655912167e+00 4.570178014008350331e+00 1.172020213211395628e-01
1.120513843255036113e+00 4.272264437179290830e+00 4.602671193082572998e+00 8.323260191686895904e-02
9.054036807662519948e-01 5.618593408727550198e+00 4.565650843090967470e+00 3.977106345745622107e-02
9.584020097980227026e-01 8.649779758841393829e+00 4.833796288326610124e+00 2.860507817160302113e-01
9.643941524970495172e-01 4.522894815748909281e+00 4.868153359818869319e+00 1.398407060162350501e-01
1.085618694208316803e+00 4.984460793594892358e+00 4.655169155531682534e+00 3.234837527327566464e-02
1.196225229657007505e+00 5.700102363146379858e+00 4.638410146020668812e+00 1.219072387988512779e-01
1.841431607083523492e+00 3.216837108827454550e+00 4.626822956964201872e+00 7.539457670692553681e-02
1.423187404406671241e+00 5.609097776852333794e+00 4.538326232055741372e+00 7.296489936123554121e-02
9.159838601732901431e-01 4.390515425199422950e+00 4.632087130650549334e+00 1.542096476754229450e-01
1.084706061745001504e+00 4.478233525565619821e+00 4.421558978695063757e+00 2.921132647721215725e-01
1.008790816052467010e+00 2.377071939097564535e+00 4.462045506513358184e+00 1.107897617300775961e-01
1.455552643364301790e+00 4.904335717979979137e+00 5.065628761482943609e+00 1.999266122787760336e-01
1.815914482688834486e+00 5.885062830718366556e+00 4.545527108973977271e+00 3.128107081305863124e-01
1.048359344875355426e+00 7.087600212964886737e+00 4.672587836361929980e+00 7.935375808577924128e-02
9.707144237472066228e-01 5.221536640691969211e+00 4.633804707758925723e+00 6.790351512140198331e-02
1.119964372014548459e+00 4.809482616281153255e+00 4.801731663024821906e+00 1.962504292166596387e-01
1.402396624474458120e+00 1.080522615124507269e+01 4.670806140250793881e+00 8.467728636708535261e-02
1.746824747658386023e+00 7.123386727307502220e+00 4.547767704562073021e+00 1.709522740355945425e-01
1.128885613457319304e+00 4.306487462099527264e+00 4.579139697887809390e+00 9.185447000154950414e-02
1.360467953295494858e+00 3.729827951687062715e+00 4.629733854432370954e+00 1.187489071448958877e-01
1.313256559761452058e+00 4.554648887200351659e+00 4.539502724323510208e+00 1.977800600294631339e-01
1.140414323006722963e+00 3.847588999226871032e+00 4.582759767482172286e+00 4.600997576471450856e-02
8.829022852154688739e-01 6.785328580574972790e+00 4.637784523395391822e+00 2.161262351584286034e-01
1.568122260026495018e+00 4.639656998666303878e+00 4.785039585589954569e+00 1.938900199867720775e-01
1.355379267454502878e+00 4.315413566021982561e+00 4.552014938055868321e+00 6.669575374343200691e-02
9.559306506327900355e-01 6.214117163822054479e+00 4.619874123548692424e+00 1.138131967122179150e-01
1.457292510412433462e+00 4.119173090378597912e+00 4.586284407985762535e+00 1.058112617732257926e-01
1.970604646085605705e+00 4.518506594649686292e+00 4.646412429267024358e+00 8.253595305291533402e-02
1.300663566380785952e+00 1.364936994540136084e+01 4.734665665893905029e+00 1.678545802604717030e-01
1.273511798539259887e+00 6.280988549918728125e+00 4.605452136275920871e+00 7.739397398815406337e-02
1.991975678927590199e+00 4.310857090456504892e+00 4.598503858073354600e+00 1.024508651425674877e-01
1.670862268784478077e+00 6.263309712181381883e+00 4.569181288488391779e+00 6.391679475939666955e-02
1.078768610835648234e+00 4.711286047454222192e+00 4.644542707151280148e+00 1.612128070097353927e-01
1.415660227109003522e+00 4.041959954427678525e+00 4.536230184939732624e+00 1.446376790113459432e-01
1.449114423662106965e+00 5.593293613894757321e+00 4.793265133294054792e+00 2.038016219387732975e-01
1.494706132468415216e+00 4.239785080343143164e+00 4.534807529781329727e+00 9.047080124214490482e-02
1.134442945761895860e+00 5.745001561345288721e+00 4.640268264274578947e+00 2.581834490202123966e-01
1.348948928820031146e+00 3.755518218350665016e+00 4.445633358018306502e+00 1.538228451833680288e-01
1.313275669284766245e+00 4.156841101437084518e+00 4.461475440455564545e+00 1.194025397840372399e-01
1.841064096631581437e+00 7.696541304128288630e+00 4.597835047160521604e+00 1.307335779721888191e-01
1.156991189622075478e+00 5.678461889665959994e+00 4.369007267554775531e+00 2.354294059506027437e-01
1.331233129873051757e+00 4.294090218240166124e+00 4.768747282140568977e+00 1.824872522337947778e-01
7.958227570525158168e-01 5.043269118604318813e+00 4.525952121684456486e+00 1.467715045166986809e-01
1.623941316350103081e+00 3.528807262931975774e+00 4.680402296189792644e+00 7.119681089396506790e-02
1.445981844309942810e+00 8.614964441309204801e+00 4.150652185996224652e+00 5.030458101149053451e-01
8.858414852796204775e-01 5.753560537753100057e+00 4.567551099038968943e+00 8.679895806258960955e-02
1.500148271959270030e+00 3.688534960135849694e+00 4.740987371105601866e+00 8.773566658136097707e-02
1.344011051102284693e+00 4.810898494954668259e+00 4.606768920863951955e+00 1.062530907653330137e-01
1.857578263544088282e+00 4.923506413899731982e+00 4.714728216226750313e+00 1.997444588736721205e-01
1.156498890954181791e+00 8.767440377356091830e+00 4.634547282050860417e+00 9.644853082390636434e-02
1.639509055934211146e+00 5.227199738148450514e+00 4.601629449949844464e+00 8.907265283819210122e-02
1.354405998578277259e+00 2.870102310886704089e+00 4.696104652268267898e+00 1.534805322321755039e-01
1.536010018469375460e+00 5.907757379938660236e+00 4.487505486694012724e+00 1.319392168792044018e-01
1.466971324658141285e+00 3.785286289228470658e+00 4.519258668671902512e+00 1.654401969824617902e-01
1.061853873501982903e+00 4.366411837714041511e+00 4.540324099301447980e+00 1.276594661107680051e-01
1.054318089540280834e+00 3.816419753059780984e+00 4.675305013285801614e+00 9.036484122205593050e-02
1.324429046156410772e+00 3.648489895546318529e+00 4.632380374464086792e+00 7.074709658350421260e-02
1.340106754881095430e+00 3.525082977476792667e+00 4.708410254954995544e+00 1.050337851701955705e-01
1.047408778744079783e+00 5.769935067552442121e+00 4.728357320951059428e+00 1.386455758781361958e-01
1.919117693509566180e+00 6.004927900297683863e+00 4.568843514048714027e+00 8.147242779259460110e-02
1.537100723610933528e+00 3.690880516963142455e+00 4.823327497224353166e+00 2.346728610072937593e-01
2.528183881526266941e+00 3.564693317461597122e+00 4.545137405298893540e+00 1.261730980915813649e-01
9.679755644441563334e-01 2.918679714281173787e+00 4.707535787615583445e+00 2.157016999617253350e-01
1.336003264164353110e+00 4.685574727827858332e+00 4.678416388662228975e+00 9.236693478029230076e-02
1.597687510982933379e+00 2.817191021219826119e+00 4.601684962510656618e+00 8.395654119912297764e-02
1.215739468625539610e+00 6.905960263709786773e+00 4.554952535898879162e+00 1.734874237952893083e-01
1.199998859250526628e+00 6.448204590814578197e+00 4.843341837182719267e+00 2.314803087850590968e-01
1.697754216473491340e+00 3.047182286031238085e+00 4.618816513427645987e+00 5.931535416144643330e-02
1.316166642358569394e+00 7.713966224148254724e+00 4.682599798552672610e+00 5.996168827909731380e-02
9.607046249819313211e-01 5.198632774426324765e+00 4.562701824552051200e+00 7.309630198600078343e-02
1.106632993123538800e+00 5.263291555278301281e+00 4.522316992720039508e+00 5.114057664833115968e-02
9.840594650991506542e-01 5.330302369018587783e+00 4.550810076752560107e+00 1.074254233803775410e-01
1.617843083334215892e+00 8.583751023943600345e+00 4.692415642607673298e+00 1.779030154937156216e-01
9.069030573711456267e-01 4.405183276208465060e+00 4.718199601958638745e+00 1.537999115708679199e-01
1.142908888621453123e+00 7.248675931769082759e+00 4.485814404356112561e+00 1.047294629707760938e-01
1.076730655055034624e+00 6.815279989224229951e+00 4.679824953184909653e+00 5.488217646979611647e-02
1.408059335922609012e+00 5.585571703230904461e+00 4.540240323748347073e+00 8.360043939169997662e-02
1.457805999839172584e+00 8.967679669142821552e+00 4.570972916806042008e+00 1.194894816906068580e-01
1.818869970205096553e+00 4.728642890413723876e+00 4.468687357156951201e+00 2.227153736972465603e-01
1.383773559333549397e+00 3.862990069278189775e+00 4.675811915677811292e+00 9.342246584555294331e-02
1.245829259452723381e+00 8.749189205155063931e+00 4.531595431095831294e+00 1.193053669690750385e-01
1.490688909160628350e+00 5.836125787427130618e+00 4.880522483954454316e+00 2.923806792328046411e-01
1.091380842213245606e+00 4.314975532352075760e+00 4.680829427685955224e+00 2.269556562247863341e-01
1.919551255124833489e+00 4.405698906959102601e+00 4.648556817961324583e+00 4.228348139997183119e-02
1.256042375270705946e+00 3.252283255452862232e+00 4.707891974943911428e+00 2.658099383905916657e-02
1.082673470356225964e+00 6.412248385153944241e+00 4.831969434364328464e+00 1.417993701743916202e-01
8.065145099818901153e-01 5.219626690563968552e+00 4.642517846564347295e+00 2.353764029156022175e-01
1.179284404441748979e+00 3.511184515119644356e+00 4.635523106245787339e+00 1.849939633765372571e-01
2.036497879966085556e+00 4.755126887752637366e+00 4.861711113019484998e+00 1.438422025596993725e-01
1.470967967951157807e+00 4.532103727784035030e+00 4.929714979830926325e+00 2.117347678786929144e-01
8.124173903006578490e-01 2.919640721648363524e+00 4.580386889970656128e+00 1.659692385310725382e-01
1.294389090595759351e+00 5.257877108124628052e+00 4.650352251247592328e+00 1.613307756788899261e-01
1.253212709141485526e+00 4.311068698011455425e+00 4.674848340109569733e+00 7.225909855929651959e-02
1.725686013947034247e+00 9.888842607166612453e+00 4.482384874805846131e+00 2.515530648755918142e-01
1.058265361405009708e+00 4.070940577425997908e+00 4.662880103720665304e+00 3.575876889334548420e-02
1.103460973442786708e+00 6.994192375824395569e+00 4.720130209106005559e+00 6.783610761055136607e-02
1.069364434140354536e+00 3.343254393275715053e+00 4.650803633259187997e+00 2.013531097914714740e-01
1.481025683076855337e+00 3.759551338233461770e+00 4.672123465230931139e+00 1.438334161114755705e-01
1.268341691788268832e+00 5.743132325749488842e+00 4.564611752607999229e+00 8.168359402814817649e-02
8.450755405482270888e-01 4.573969354830232703e+00 4.577980036482745874e+00 5.857298618390478773e-02
1.530959123090215090e+00 3.827778612671200786e+00 4.867688494838414037e+00 1.319108111805580852e-01
1.024074441982345984e+00 8.299856719492359147e+00 4.232078866745041523e+00 1.931927292981820976e-01
1.306462674355523657e+00 4.769278558883155661e+00 4.707917504207610015e+00 1.058474149410469772e-01
1.348621151066384805e+00 4.999064063882230791e+00 4.639709150823636108e+00 4.344819844625574107e-02
1.389749375296766454e+00 7.288145004140842431e+00 4.579208073540378621e+00 7.521405361687100166e-02
1.456674265593349560e+00 5.986828515540123519e+00 4.734328005723023480e+00 1.326705183299216051e-01
1.161128714117859451e+00 3.783292155111777966e+00 4.533225522358784509e+00 7.861529474260120498e-02
1.317697618585534025e+00 4.628124708216411420e+00 4.717392982138958857e+00 1.883152138809522924e-01
1.346995793392311347e+00 5.909503005162307865e+00 4.562972466794417592e+00 1.828916458277807522e-01
9.583799542990415476e-01 2.549154492220249146e+00 4.453519696845807729e+00 1.358453575001586089e-01
1.255557167710593003e+00 5.314485036836429366e+00 4.771829236311256217e+00 1.412026102698137331e-01
1.072338438622934431e+00 6.643339225643936530e+00 4.425435227247533909e+00 1.944598934794335432e-01
1.013346041513525142e+00 4.165455522526415599e+00 4.760509636663383226e+00 2.131665437711131039e-01
1.420809630950256475e+00 2.998349990670888587e+00 4.676540088327397982e+00 1.876309281861360534e-01
1.011577042095650469e+00 6.003610215927372984e+00 4.638623689039998332e+00 4.874742498240235838e-02
1.163619871738071021e+00 3.989824058372850146e+00 4.579168193165770617e+00 1.495009148731999138e-01
2.047129395172993416e+00 2.577911161501182491e+00 4.585734471129377710e+00 4.904154348190271906e-02
1.331948550842071199e+00 2.980837568103427593e+00 4.589404397368815225e+00 9.040924685717691145e-02
1.321734628182948512e+00 3.254174886018746271e+00 4.668801922079869549e+00 1.562297178155340471e-01
1.380127717220932304e+00 3.222167980366116069e+00 4.705809290069424833e+00 5.839231545972137227e-02
1.622391842736898848e+00 4.915814103077603470e+00 4.542587819635901525e+00 5.676587492548713920e-02
1.088555449552684129e+00 6.369704918542540284e+00 4.605298721719838007e+00 1.224401514842725636e-01
1.268442618378697428e+00 5.186960567353229301e+00 4.539550358557096210e+00 4.318004709903194849e-02
1.118915660893928354e+00 6.070072042237636190e+00 4.414748750496768182e+00 2.164468202199607560e-01
1.153214411448896026e+00 4.123737501221176771e+00 4.513880287372962208e+00 1.103575554059123831e-01
1.388300321704885043e+00 4.740029620229824658e+00 4.623737267241859072e+00 8.314945641425958156e-02
8.056112341360754936e-01 6.173035063833732572e+00 4.405460550389721064e+00 2.129725167706062183e-01
2.111346332749201249e+00 2.887025749735681934e+00 4.708155014645884151e+00 1.105434055091965712e-01
1.341825783903434210e+00 2.610635356922719641e+00 4.564169649223602576e+00 1.011776303270416622e-01
1.442919046609536959e+00 2.663663787554413798e+00 4.726361435011115830e+00 6.169800026382480512e-02
1.441927982400731389e+00 3.169843610525866495e+00 4.656320350226179627e+00 1.763007127962061549e-01
1.286454429096587582e+00 5.996479290405975604e+00 4.744145752981427044e+00 1.177604706270895391e-01
1.605826148436827694e+00 2.426626391335090727e+00 4.918593421204221272e+00 2.009610703586754976e-01
1.332744250674646080e+00 6.046041479030894727e+00 4.930790993917130827e+00 1.596727250801761311e-01
1.172513774133982611e+00 7.067870432880702936e+00 4.769287693403763129e+00 8.885942438148425326e-02
1.314817580651811646e+00 5.347873847250681933e+00 4.299564602374941202e+00 3.255497954044816455e-01
1.611368372081985578e+00 5.911709859448412097e+00 4.638990988325852882e+00 1.102497853104330572e-01
1.614898550390804877e+00 3.407651486421952036e+00 4.583216937722658813e+00 2.405686030303505751e-01
1.862247168397850094e+00 6.094043080809424140e+00 4.705381388545882615e+00 1.093439973055202186e-01
7.318107625735212896e-01 4.010244972441038058e+00 4.672381954623212152e+00 9.026358971413497856e-02
9.946941081112277150e-01 6.571605607214761058e+00 4.273345225287268789e+00 1.462576046382323691e-01
1.280899864442706315e+00 5.041045402027986455e+00 4.707457204616251722e+00 2.637121193209157055e-01
1.063722083039917443e+00 8.332658502990415883e+00 4.728257682363100400e+00 1.487369000245373218e-01
1.436593786895556502e+00 2.872769171058747517e+00 4.535336989853096412e+00 2.813018282259163727e-01
1.161975031920981172e+00 3.090468510324076767e+00 4.666585515867237355e+00 7.939100405073923339e-02
1.070969167534975064e+00 2.384683703955480905e+00 4.965452029291088643e+00 2.163629602531650931e-01
9.697270191669306039e-01 3.037801294633416305e+00 4.594243405863058349e+00 6.876153261332450251e-02
1.054598223263349066e+00 2.837417048673067654e+00 4.781540394339657496e+00 9.541800438136960327e-02
1.053623753312785905e+00 5.150604491289605846e+00 4.312742399316923603e+00 1.564464192309963364e-01
1.274746043944953167e+00 7.085997060541433079e+00 4.597936889023975127e+00 2.486962255104023523e-02
1.257814868372008510e+00 4.098001033697515894e+00 4.633128692780850599e+00 9.797071827594761029e-02
2.150265755697507331e+00 4.242614815029853936e+00 4.481671081401531254e+00 1.083729306447805824e-01
1.421770023987218190e+00 4.492101891759606502e+00 4.625347651805357785e+00 1.066692493953115828e-01
1.611504673373370888e+00 6.448141153718822238e+00 4.910751376820040370e+00 6.221409021472397438e-02
1.390727831103814038e+00 6.780874981983733285e+00 4.732905106811379881e+00 4.002476275066087219e-02
1.117799588380355758e+00 3.495526164772791322e+00 4.714236465348178307e+00 1.190644313233842067e-01
1.385614483910480477e+00 7.856471260608639540e+00 4.705989761758660350e+00 7.909663508925275643e-02
8.930471068210944496e-01 5.373971672911016739e+00 4.246352745289998509e+00 1.762349719886798782e-01
1.468724133177524704e+00 5.095650290775347813e+00 4.376396830957964390e+00 2.713909899893732769e-01
1.095740159936135605e+00 3.562175435164588233e+00 4.561670284598643654e+00 2.884367967255654364e-01
1.014050704851739315e+00 4.050720833001628662e+00 4.862958827201524947e+00 1.511690829501600719e-01
1.650994410983977811e+00 2.866458447486964101e+00 4.679049470538008570e+00 2.108176093028554798e-01
1.546877162677638529e+00 5.300407428032827717e+00 4.683325238295140913e+00 4.403656481604727863e-02
1.057666160055042548e+00 7.902676284274961382e+00 4.406431853915249164e+00 1.131761026274381160e-01
1.309315335617402321e+00 7.753645893537961520e+00 4.696868915784893517e+00 6.175328562879867783e-02
1.409847171190920845e+00 9.640351745264444716e+00 4.663407567423126565e+00 7.338985878877242464e-02
1.429152156044345201e+00 1.051455053938267881e+01 4.744565620933886230e+00 3.558896237310010258e-01
1.492681093341698295e+00 3.449351820519601652e+00 4.710825264372076049e+00 1.453733688607063423e-01
1.215743990068191449e+00 6.877562016541941325e+00 4.658649330542073308e+00 2.397435806762457933e-01
1.210881731063661038e+00 4.420989009342407350e+00 4.549877418302289200e+00 4.387330735474975763e-02
1.297922873835418489e+00 4.019451417039612728e+00 4.541730562890626821e+00 5.627929502799541850e-02
1.088686359186666008e+00 5.569269507073888903e+00 4.817749571786879237e+00 2.866641885312534721e-01
1.251513224498755905e+00 6.665042344972697208e+00 4.398711497150666005e+00 2.410421725487086331e-01
1.763838626070963977e+00 5.459384029269426009e+00 4.535071107202722551e+00 1.472081874814674674e-01
1.382367277668806738e+00 6.764720595791708035e+00 4.711223219919486560e+00 1.668949107597471615e-01
