# 500 (alpha,mu) samples from hierarchical MCMC for Quinine + Kv4.3
1.019864627675155955e+00 4.066799994763477422e+00
8.057113795490346009e-01 4.126732164798459834e+00
1.016659000960782766e+00 3.993054996942898782e+00
1.027291070031507658e+00 4.053849010391976648e+00
8.310202557710725246e-01 4.143391708871742907e+00
1.020187530904274720e+00 4.108464554262463153e+00
9.781018296613968044e-01 4.087414762387727052e+00
9.055252501476273030e-01 4.068721158932752324e+00
8.669388595994982349e-01 4.062372802047662823e+00
9.005413637198591559e-01 4.197075902756531640e+00
1.046196850188467753e+00 4.074525232723030577e+00
9.160285057734056657e-01 4.028040036234620480e+00
8.561520286968551385e-01 4.185884784974081008e+00
1.029371007558869122e+00 4.073917971899941648e+00
1.009533365283387107e+00 4.092590032813883560e+00
9.879104032677497038e-01 4.095587267508506102e+00
8.034710420778982121e-01 4.218450484958209401e+00
1.171917394624932829e+00 4.042176862660149084e+00
9.134840403887718452e-01 4.114532653372675597e+00
9.910192319812317630e-01 3.985277104932318348e+00
1.154812024952525773e+00 4.126554749299242708e+00
8.693573161356827894e-01 4.114508335624682545e+00
9.482306338646701027e-01 4.026300391339112217e+00
9.078712728436311163e-01 4.174295194720874846e+00
1.014742498666572956e+00 3.953414866132761496e+00
9.618580274841446176e-01 4.148472718005531412e+00
7.806067383296568796e-01 4.132578177190772806e+00
8.192283729232394673e-01 4.031342178796938569e+00
9.843364011936797109e-01 4.152558561183298025e+00
8.525786480752175489e-01 4.163315622950849892e+00
6.365834059552065716e-01 4.023710186764230201e+00
1.420331465706379026e+00 3.999320703058062421e+00
6.754044225664663781e-01 4.153297119079675248e+00
1.013759404505271133e+00 4.020781417260258728e+00
7.510440170819155936e-01 4.220849651969354355e+00
1.079174645412773970e+00 4.081713716229673494e+00
9.499952652448117041e-01 4.149893997267179557e+00
9.142468488766374302e-01 4.147369730199551796e+00
9.475831642589445103e-01 4.096309314720555150e+00
9.819076189902870011e-01 4.177439695016849974e+00
9.910709555374064283e-01 4.114644023243487325e+00
9.998432815411888441e-01 4.112473112744111425e+00
9.703965326416467141e-01 4.088234522441766217e+00
9.105987178203982513e-01 4.146514456802643522e+00
9.466142266887082046e-01 4.080507442950297659e+00
9.669685073969649380e-01 4.140373240647663877e+00
8.951218676934549201e-01 4.089345774382895371e+00
8.731042456622586379e-01 4.064770124228647141e+00
1.168848847307846661e+00 4.045821557932157475e+00
9.343419670419798040e-01 4.202056041814315357e+00
9.987180603917668043e-01 4.177328934529443316e+00
1.186088378798559662e+00 4.023518214474477439e+00
9.042380461038685979e-01 4.136962552276497007e+00
1.065785750696881973e+00 4.075530789346534455e+00
1.049980390109797712e+00 4.218029601601444689e+00
1.249956793531104893e+00 4.120527877175507392e+00
1.135209462835761851e+00 4.046147424547149818e+00
9.830203075494914344e-01 4.072468470280036890e+00
9.638419415588327377e-01 4.105761446947620463e+00
8.467141453284303676e-01 4.058488634998129285e+00
9.893584348382635785e-01 4.134336186419086623e+00
9.093593876243031282e-01 4.133711415781690768e+00
1.278555989443033170e+00 4.026656323299841134e+00
1.108002475069088222e+00 3.912165365682476192e+00
1.085805799988849740e+00 4.049371764238839155e+00
8.894061452461411443e-01 4.057449328956426626e+00
1.091151106103963597e+00 4.105885871566525402e+00
1.075633054521387022e+00 4.105060282652051917e+00
9.413775066350281717e-01 4.213038892868049778e+00
1.186289151328141722e+00 4.070511609142933196e+00
9.827732091226322186e-01 3.994768496301808636e+00
1.038874988855812642e+00 4.031979516562004484e+00
8.632959915423551456e-01 4.270213609326742876e+00
7.635890767927656642e-01 4.128144342732815275e+00
1.278631185924191227e+00 3.992001635750196620e+00
8.776138833187583366e-01 3.983007262413158500e+00
8.009155769175577699e-01 4.155700743862739799e+00
1.061308694597351554e+00 4.033162750116871642e+00
1.023270404669338829e+00 4.037822778307384120e+00
1.167995809883792591e+00 4.121533104018533678e+00
8.910223594291539762e-01 3.990540201987892388e+00
1.047244420496056705e+00 4.038548499679322390e+00
1.016374192728549897e+00 4.272493663194138591e+00
8.446362110525272859e-01 4.130029476830589630e+00
1.327811996680519968e+00 4.065500195659181415e+00
9.252517092961943801e-01 4.053232385181205544e+00
1.155047015145685974e+00 4.062209413481411069e+00
9.696218414665596086e-01 3.970558291288068808e+00
1.064857188159201717e+00 4.130267741801029402e+00
1.088420824892376793e+00 3.934818490228512378e+00
9.894113933639137048e-01 4.196227911760480822e+00
1.029023033069111914e+00 4.100363099983656667e+00
8.551967343224203821e-01 4.058354053713246756e+00
9.293966996862035312e-01 4.069420574134672286e+00
8.525422514026509413e-01 4.093257827925621761e+00
8.408597743887378240e-01 3.985213061129727841e+00
1.080950641861156303e+00 4.054898710060647282e+00
9.836665234686748915e-01 4.080528307337775829e+00
7.033957206319603195e-01 4.070584204542936568e+00
1.133163599125086130e+00 4.091869043872049971e+00
9.293301517301519876e-01 4.048302682850292378e+00
9.114071739961095986e-01 4.090489076659576284e+00
9.225652143479813327e-01 4.106845631654723050e+00
1.128672843885723642e+00 4.040543554070822552e+00
8.541912260014647984e-01 4.096638466976556536e+00
6.841948108841314768e-01 4.070845266830255049e+00
1.093154367668273785e+00 4.082834085555362869e+00
1.181790374389492415e+00 4.177208094792449700e+00
1.053966515451795427e+00 4.119255182451799335e+00
9.186004457938828915e-01 4.087706733255347835e+00
8.646713279273687824e-01 4.061683831909109088e+00
1.256881065265592179e+00 4.014760850014949867e+00
9.830960155302821413e-01 4.135014580903395576e+00
1.013163646276418639e+00 4.044119889587037164e+00
8.846661258699950459e-01 4.077500882331056786e+00
8.809787746996233793e-01 4.084839467198872143e+00
1.002444219905822553e+00 4.120180884405898247e+00
8.868753435660149398e-01 4.136782759674494159e+00
7.336923880284470512e-01 4.355869279873285649e+00
9.569286114300509238e-01 4.055433573600638830e+00
1.121824806058930868e+00 3.919501133897783429e+00
1.293796230342960429e+00 4.117210992882630372e+00
1.098743340429605198e+00 4.225529482218195021e+00
8.271040197517030013e-01 4.183235516325432890e+00
8.806917260546368587e-01 4.262265086270749848e+00
1.089623472176970642e+00 4.122918922983554779e+00
9.911712694129596324e-01 4.095492374148949288e+00
9.146495742215590141e-01 4.020298564085870829e+00
9.921667698535872049e-01 3.974651614009219625e+00
9.942930570071126795e-01 4.069552453588448415e+00
9.240545077181951950e-01 4.143223952367069529e+00
1.012889130307935703e+00 4.092509827380871101e+00
9.552443556748840825e-01 4.053307355158783487e+00
9.828765925650221336e-01 4.122859247458873000e+00
1.077009054787184894e+00 4.121720808822778359e+00
8.633427652916032535e-01 4.151481540430758344e+00
8.797813449262120722e-01 4.059091613769834517e+00
9.844475440050497461e-01 4.129322044175878226e+00
8.725535216411135497e-01 4.047076768798783419e+00
9.357491704311872160e-01 4.058964254122649606e+00
1.036648874586286739e+00 4.121739783122652767e+00
9.232495957996504909e-01 3.965324135756633783e+00
1.046855115957053384e+00 3.979129682422352765e+00
1.158445229078027383e+00 4.158145666519998507e+00
1.172569067187440472e+00 4.024683420499422404e+00
9.452568706252280073e-01 4.154320510615034046e+00
8.786694237434239385e-01 4.104262166411126067e+00
1.050769223696693455e+00 4.232658896492626610e+00
1.104607891455235746e+00 4.160179060371733684e+00
9.615209263388944105e-01 4.141233837773090620e+00
1.221706131733649503e+00 4.144593339077592198e+00
1.126796623894686711e+00 4.106964055394207946e+00
1.142677882634721254e+00 4.113788129991683640e+00
8.595353654780276687e-01 4.171780959679211698e+00
1.163277180063752247e+00 4.056439936932275003e+00
9.360091664523818578e-01 4.112987258392629464e+00
9.330870350601524477e-01 4.168095739337285721e+00
9.048711331014824832e-01 3.891952406652330776e+00
1.043975491531897504e+00 4.108168105021405836e+00
7.821415497155305152e-01 4.007353593679903625e+00
9.292152919675350509e-01 4.201387540008808763e+00
1.079586893154377725e+00 4.113536879150716530e+00
1.074082550603351338e+00 4.019008948403212322e+00
9.829942766120315367e-01 4.123996432117095878e+00
1.352949558965375276e+00 4.020673751923493633e+00
8.327538049982169399e-01 4.230202345175752221e+00
7.953000768461379044e-01 4.046012890570341192e+00
9.652721788715279416e-01 4.107734824330460555e+00
9.598729741438685181e-01 4.239195646108300686e+00
9.024001602589701854e-01 4.091393561966003567e+00
7.625346207890297823e-01 3.959411036084503177e+00
9.750819467456091072e-01 4.031746604921545796e+00
9.209618629306796089e-01 4.078506745831542268e+00
9.280524821630801169e-01 4.134504743207482846e+00
8.770966052227876508e-01 4.008425235561310807e+00
9.880335581837544900e-01 4.070343663307295579e+00
9.744114163247299398e-01 4.126346591144044673e+00
8.546561343279781564e-01 4.230170336468566994e+00
1.087354262589141918e+00 4.249384064954748297e+00
8.187176063093368761e-01 4.018521670213186958e+00
8.964905713353688022e-01 4.074877252796529348e+00
1.068563655749912078e+00 4.025154768387644744e+00
8.272275869324269282e-01 3.984142722493481781e+00
9.331434982019338742e-01 4.003238776928384368e+00
1.024833484254912053e+00 4.053400097525201140e+00
1.020149749727390365e+00 4.090039979916528345e+00
9.707518685249653112e-01 4.060741280275379061e+00
9.448296140759979700e-01 3.996984489780967653e+00
7.856813440102492496e-01 4.048145349192608045e+00
9.052545315635640577e-01 4.120032897058395704e+00
1.173806516703356451e+00 4.076193475165625024e+00
8.515699200718431783e-01 4.066173600974040347e+00
9.547570937242088052e-01 4.058688224380059495e+00
9.237691698027598042e-01 4.146845468263705037e+00
1.149977913982027644e+00 4.144468370360833376e+00
1.224269612091501980e+00 4.075894681919385754e+00
9.145174723155078400e-01 4.111194797780002297e+00
1.040410958574092826e+00 4.121437633001878709e+00
1.010528961084299793e+00 4.183185216205437484e+00
1.060526255264672368e+00 4.162647056119697986e+00
9.016459039999152880e-01 4.093156467329496451e+00
7.867210334837914099e-01 3.986809665356878529e+00
1.005776336995066078e+00 4.136087232974118955e+00
1.071601309723852147e+00 4.042977443394383030e+00
8.717330493475226039e-01 4.173567748118612641e+00
9.400122276813435152e-01 4.157957091550754214e+00
8.997194205042029491e-01 4.225767805428924717e+00
1.047436518056077404e+00 4.150022318650534281e+00
1.158472219865458896e+00 4.018521412218899691e+00
8.321172917022922055e-01 4.052184061088708766e+00
1.115221715671339986e+00 4.030371164283929275e+00
1.254270390186688733e+00 3.859006929768032723e+00
8.081216089656775292e-01 4.064025442721083792e+00
8.660118215730763236e-01 4.185719905551605002e+00
1.014913571651946622e+00 4.082138414658313508e+00
1.050736125260159470e+00 4.164142936930566030e+00
1.218971061600384376e+00 4.188992099808721115e+00
6.971196748978227831e-01 4.106253378689876499e+00
1.309990010116071746e+00 4.061225524795067265e+00
1.008069193048762413e+00 4.034118547813637434e+00
9.887321985007990754e-01 4.190621886072853464e+00
8.901933746539145709e-01 4.190336853961681207e+00
9.750086253925989155e-01 3.994686074845116508e+00
9.775351869758699408e-01 4.099577686911532126e+00
1.093865263520809483e+00 4.090683822714256124e+00
1.025918695048907869e+00 4.058457122698964525e+00
8.867710810015199119e-01 3.807271998407066871e+00
9.887999456290913480e-01 4.180770455601203750e+00
1.236833181119965985e+00 4.126441750058053692e+00
1.022164229259651558e+00 4.144871364337624264e+00
1.060752049457897916e+00 4.207463577200341476e+00
9.577496974979839983e-01 4.171135466971935379e+00
1.050744794567308737e+00 4.161121308641685168e+00
8.182104995289206650e-01 4.025138907042553171e+00
1.050713553665205691e+00 3.937511034281559130e+00
8.874033497410654947e-01 4.111440874607848350e+00
1.250893310311340656e+00 4.359142132613059495e+00
1.199161694322583793e+00 4.100567553481561767e+00
9.382775540888661503e-01 4.155716116402635940e+00
1.044324186923112130e+00 3.874415451265179833e+00
1.344792617287788650e+00 4.122046057576261191e+00
1.164927054823706065e+00 4.162077031211357969e+00
8.489605751159677860e-01 4.242345293595509936e+00
8.934267482564234308e-01 4.053524092448692606e+00
1.048537175908537789e+00 4.020302985037120358e+00
8.146289246565169284e-01 4.057478989543258585e+00
1.040558958478954521e+00 4.090399308982289206e+00
8.222451027139787705e-01 4.171780020604884953e+00
9.591831507036583382e-01 4.133953468953323274e+00
1.152743869702436363e+00 4.198757215121609931e+00
8.556929681417059230e-01 4.063298772038065998e+00
9.697246327361228602e-01 4.093106413009721223e+00
9.980321521945741958e-01 4.087981595109128286e+00
1.133358901069305702e+00 4.368310816698950383e+00
1.020736764086522586e+00 3.967399109211574348e+00
1.013125546306194780e+00 4.201339904267110015e+00
1.070153418499543596e+00 4.117017160295046274e+00
1.088190720928036148e+00 4.057001775268163080e+00
7.820797059702460086e-01 4.361501611327233796e+00
1.031854582854016655e+00 4.130903667377705091e+00
7.434571581106017568e-01 4.114346787410763540e+00
1.092500808077269125e+00 4.148734180426333573e+00
9.376655372732862759e-01 4.105887713774742487e+00
8.588996501324782651e-01 4.142165282988208297e+00
1.076860219501772464e+00 3.970109469949172798e+00
8.540205468635672093e-01 4.103634475712418350e+00
1.041991858461399190e+00 4.160711003886604864e+00
1.047012443952656691e+00 4.112649799508209192e+00
9.251700474976973787e-01 4.299011511924528683e+00
1.063467322363531808e+00 4.011045232514789838e+00
1.191713866928130194e+00 4.000442367973307434e+00
8.496748581617629137e-01 3.987665719732296221e+00
1.154469312250200996e+00 4.134784891639937676e+00
8.758496742722413630e-01 4.019940710001121964e+00
8.681961985064845511e-01 4.204649495712091678e+00
1.253147493546441504e+00 4.027755707589129486e+00
9.624772025539907183e-01 4.194769952101813359e+00
1.130108653512113204e+00 4.129260898339191854e+00
8.002734020212554089e-01 4.045721699208625566e+00
8.756801590838615423e-01 4.284116743157145635e+00
1.081214254058221913e+00 4.027113129862013530e+00
1.112061233206420141e+00 4.105728424697342227e+00
1.085960169851803547e+00 4.105218416223586075e+00
9.388899582643708275e-01 3.876754660469893032e+00
1.034285653250296200e+00 4.133413962259142593e+00
9.334188847025557401e-01 4.080627867944306431e+00
8.341960735239634106e-01 4.178928256125099772e+00
9.130182906708861346e-01 4.137078790334705047e+00
1.015239384019475999e+00 4.089040044597243906e+00
9.744420406985457861e-01 4.073623485705999414e+00
9.176613788272656169e-01 4.145861235874493289e+00
9.509119152332187186e-01 4.024867167835441073e+00
1.047762861416168034e+00 4.196906408410336020e+00
1.014267826930767669e+00 4.189885706750807515e+00
9.752211153289502832e-01 4.119319038947259592e+00
1.008578854940969771e+00 4.169678182299002778e+00
8.975423223267027240e-01 4.251416889090817719e+00
7.711555284643799579e-01 4.038857719349308262e+00
1.020082516475439682e+00 4.158266468210204181e+00
8.540829862765638714e-01 4.154163378310303578e+00
1.205377877931598452e+00 3.928068671268087897e+00
9.861255281832885800e-01 4.097424483907354364e+00
1.133527467906333408e+00 4.177529703250468351e+00
1.053339992081536725e+00 4.126381210574674441e+00
8.541065255694133551e-01 4.222923647825330029e+00
9.247725645166194886e-01 4.120485289355523051e+00
1.222395197143749224e+00 4.053699794025175329e+00
1.013931072752233487e+00 4.048552367368558613e+00
9.591427367501065282e-01 4.126248656002171167e+00
1.101924804935835445e+00 4.037559461351078127e+00
9.817396834562478469e-01 4.098414456998915156e+00
9.904485302116503576e-01 4.079361989084294926e+00
9.591506778881622175e-01 4.144648190283221290e+00
1.054084421533055593e+00 3.973063680211286197e+00
1.093618156759866622e+00 4.075350999443131172e+00
1.019473002742563139e+00 4.049647839748817368e+00
1.000405854362554026e+00 4.077678329561980064e+00
9.868122348581048753e-01 4.148805357590788390e+00
8.626875876443758084e-01 3.949328481564107651e+00
1.001667882833861656e+00 4.067662961866525428e+00
9.043335604605668987e-01 4.174900325570805926e+00
7.091684219748919382e-01 4.164561339472769852e+00
8.847769208166978983e-01 4.119516875092616104e+00
9.270135971432382771e-01 4.114583133888804589e+00
8.770384783168166942e-01 4.102333822454258261e+00
1.138980107940133824e+00 4.172397456362293866e+00
9.306507508215845492e-01 4.099921978704212044e+00
9.414634855193581009e-01 4.238889302323889829e+00
1.212757336195192215e+00 4.116088481730448834e+00
9.048080945326406610e-01 4.101512874160773592e+00
1.089765282653738510e+00 4.017045984249782542e+00
1.412452049049408798e+00 4.162527140339137510e+00
9.061327488626720328e-01 4.294367186523087909e+00
6.812441800974512462e-01 4.203161577289538542e+00
9.028080843539957323e-01 4.171651938095172873e+00
1.130218135726785755e+00 4.088378235317088993e+00
9.031879932713468007e-01 3.982600386453561736e+00
1.100548422117716862e+00 3.953160760171660737e+00
1.214560584238366880e+00 4.028799084696459865e+00
1.171714216777920425e+00 4.046393430490236476e+00
9.726564054883590771e-01 4.116329692025905373e+00
8.315785686798901066e-01 4.011430333442078222e+00
9.143724754596320725e-01 4.249953384621479202e+00
1.036325107338304408e+00 3.973844904889518581e+00
1.268147252657635837e+00 4.073823745292817655e+00
8.706075370195393015e-01 4.020370431732080974e+00
9.365276513732917474e-01 4.203675336329025569e+00
1.006232395855595874e+00 4.082138469059467312e+00
1.054289373739370150e+00 4.114086427723315786e+00
9.406136899510514349e-01 4.129826570220539672e+00
1.126796623894686711e+00 4.106964055394207946e+00
1.048187527389426554e+00 4.116494947494389045e+00
1.250729736985094265e+00 4.083498411474100642e+00
1.074364187017710526e+00 4.184228783175582222e+00
1.065709741656896137e+00 4.070227297687044832e+00
9.362192186097053614e-01 4.153711634350881532e+00
9.069147526556756711e-01 4.081950474405480200e+00
1.134339049409960776e+00 4.117828437380601336e+00
9.070801209083794170e-01 4.179730675796637485e+00
7.812329310461136878e-01 4.128966668376085281e+00
8.961801343786792717e-01 4.146786210758520497e+00
9.736961157843909698e-01 4.114937152529162034e+00
1.004465610469401193e+00 4.040790120019139842e+00
8.714240962009732749e-01 3.984933112866101634e+00
1.036840804383631465e+00 4.242029067041482193e+00
1.070041329506746131e+00 4.065985996570141481e+00
1.027013973185146201e+00 4.085296816408614085e+00
1.033338462841293603e+00 4.110874608437530497e+00
8.943315486200211772e-01 4.128621548934057195e+00
1.184476878567475078e+00 3.981618860949673433e+00
1.196067279430334418e+00 4.093538313839551357e+00
9.667631477052937017e-01 4.202841321692159404e+00
8.795546378630484385e-01 4.231384393869896954e+00
1.123272668134564611e+00 4.165958403514095743e+00
1.076661619506876777e+00 3.993387118313292294e+00
1.027203167590914568e+00 4.083807286720393392e+00
1.027791148654634279e+00 4.149893503757738245e+00
9.318459802307587081e-01 4.080630335193154323e+00
1.037826005866185008e+00 4.017554843730231084e+00
1.034973757162870101e+00 4.019469355709433422e+00
9.672652075327509147e-01 4.212853249360224872e+00
9.844633350657249204e-01 4.055442538271081254e+00
9.661912616103748297e-01 4.217497017242695989e+00
8.294026839175197008e-01 4.113092003015644593e+00
9.941242349218211150e-01 4.162201826547827110e+00
9.605524571035994885e-01 4.083116447445598318e+00
9.955339401293739066e-01 4.054919055481271961e+00
1.085247224157809498e+00 4.056855189104651593e+00
9.656897222990383778e-01 4.088400459090417272e+00
1.257814622615522904e+00 4.107803806352109177e+00
9.926523153827889745e-01 4.018942076252848494e+00
9.836166032672278847e-01 4.058193516571147796e+00
1.063175311989752680e+00 4.120199496296051755e+00
8.819848342848375378e-01 4.165354295669711604e+00
9.556615078237528094e-01 4.054299315557656769e+00
1.233862064110296641e+00 4.187429104993445783e+00
8.915947967781604477e-01 4.171778985015021313e+00
9.397159785966910928e-01 4.184960398381137203e+00
1.251535193041559690e+00 4.245530432264105869e+00
8.774892616640380671e-01 4.184961545907146530e+00
9.425496191620164055e-01 3.999854499020434329e+00
8.506053405926570221e-01 4.074397375747019545e+00
9.446288476966814285e-01 4.148708755482608090e+00
1.075909239484895696e+00 4.133277005869230969e+00
8.890167828664435890e-01 4.209869340765991730e+00
7.664962924294081992e-01 3.905806060475480290e+00
8.727384797228601165e-01 4.124791966067891558e+00
1.039410843602090351e+00 4.256762642761989568e+00
7.996332291569195894e-01 4.306498839631371034e+00
9.507275546472259142e-01 4.195277923222397121e+00
1.099882203239567202e+00 4.055831699590400241e+00
1.011612765560010452e+00 4.012325679603033102e+00
7.974329798958521565e-01 4.197620469986536484e+00
8.133303565615671582e-01 4.146819507038876473e+00
8.109126796464574127e-01 4.115695711148754654e+00
9.927045478198607276e-01 4.133860297378175730e+00
1.029538549034869188e+00 3.968861439928942580e+00
1.099906926696763820e+00 4.157732443902054875e+00
1.084288719679615154e+00 4.118858642132174452e+00
9.466454738885562437e-01 4.093716793585062241e+00
1.146051929507159395e+00 4.113948577218647706e+00
1.198553157632221922e+00 4.151788487405142725e+00
1.012099597398480766e+00 4.077999818708671675e+00
9.381285392906847376e-01 4.128963646380860553e+00
9.389406416066055083e-01 3.968281327641228540e+00
1.032285511816180446e+00 4.207744951388323607e+00
8.747490893587011040e-01 4.153083985436262004e+00
8.578414433926059290e-01 4.047260167374033379e+00
7.935120425575081793e-01 4.142656671451527828e+00
8.313907154561217538e-01 4.066620502894056521e+00
1.236310697383936175e+00 3.895630995781401928e+00
1.019913315854263036e+00 3.958347308247961216e+00
8.515837339955709684e-01 3.899381598688624440e+00
8.202425478457735508e-01 3.990840703679154000e+00
8.694091548192359742e-01 4.088661341977317676e+00
9.104748048893663848e-01 4.052428833507009998e+00
1.012166284034980102e+00 4.077815241590063700e+00
9.669137781003018794e-01 4.163418695253962021e+00
8.238172744301702766e-01 4.205047917075744657e+00
1.278957015435442601e+00 4.088481473554498535e+00
9.252324759225699635e-01 4.097370694216142084e+00
9.635058034998299492e-01 4.151285778240394464e+00
1.070995143625568913e+00 4.102504590019249164e+00
8.790483789494212274e-01 4.190991561602055882e+00
1.083296023390695861e+00 4.084874107930559717e+00
1.241380434995226212e+00 4.063576303321796424e+00
9.481753601686913058e-01 4.140113877580597013e+00
8.140667828899511571e-01 4.087780159102020860e+00
9.874881054386904777e-01 4.007490244529946288e+00
1.315121077030743768e+00 3.796447586855794754e+00
8.444678233729269179e-01 4.093115000734941944e+00
8.805186633868800072e-01 4.153278922562311237e+00
1.070786138666890874e+00 4.060004706746914493e+00
9.088556049368838874e-01 4.115791752915610502e+00
8.042118691302380107e-01 4.091853208135141529e+00
1.120984367424122663e+00 4.002389150982112120e+00
9.318486691703621316e-01 4.082992577431508785e+00
1.064173451714423457e+00 4.029844197755457991e+00
8.901933746539145709e-01 4.190336853961681207e+00
1.042904091944579559e+00 4.168379516936601803e+00
1.042601592610234551e+00 3.970972444722271177e+00
1.038398338631137063e+00 4.071673113798576438e+00
9.872715598986440133e-01 4.098882187766858642e+00
1.133669876437562118e+00 4.063425572495140692e+00
8.480370893952922096e-01 4.191080979215333180e+00
9.486496845354648322e-01 4.156876007701590048e+00
1.061433826634823774e+00 4.040916182471375961e+00
8.985067450595320970e-01 4.013648273200272065e+00
9.768968629240807333e-01 4.052714972720315778e+00
8.701141449590532595e-01 4.088976815657476394e+00
9.527679520858154394e-01 4.120904738756101082e+00
1.004875533213404948e+00 4.039092657802012099e+00
1.018821160625400513e+00 4.147167385231818493e+00
9.089274314830688706e-01 4.110862635960898182e+00
7.360644094702416540e-01 4.057449836430944146e+00
1.061810451107058295e+00 4.072410191297492155e+00
8.734616241535040349e-01 3.868369984334769196e+00
9.579301757518881022e-01 4.314071453075284168e+00
9.517710027815696749e-01 4.099379059373860379e+00
8.570469004939978985e-01 4.108641454985421326e+00
1.141278169527125907e+00 4.082417068626450707e+00
9.828015473304060334e-01 4.066896899960216416e+00
8.715760660423446105e-01 4.042952064845516169e+00
1.089029869876228407e+00 4.046059611329101635e+00
8.528774500203570863e-01 4.026888025453402520e+00
1.089171705170870252e+00 4.048188397945393646e+00
1.116456328495601724e+00 4.176571772842436303e+00
9.279517794969168731e-01 3.923726309315297645e+00
8.627976335332279145e-01 4.060887541480521001e+00
1.255255066971963762e+00 4.103540597559955927e+00
9.202151951740709102e-01 4.107683901352668698e+00
9.230017305485522794e-01 4.186502053718734295e+00
1.030934632624504133e+00 4.064562130016788011e+00
8.016437680452725978e-01 4.107187647396528085e+00
1.016148850239254386e+00 4.102475052838824077e+00
9.848878964104530453e-01 4.082727479394013592e+00
8.895938330689983076e-01 4.228790277652855423e+00
1.028435991776281755e+00 4.094890309891506597e+00
9.029659723118165227e-01 4.079530098661960480e+00
9.641654646546928831e-01 4.221258660951205499e+00
