# 500 (alpha,mu) samples from hierarchical MCMC for Quinidine + Kv4.3
1.621532742341505795e+00 5.510214911721896591e+00
1.157494923570032253e+00 5.369355864945064560e+00
1.598903236019294738e+00 5.694975988770025310e+00
1.419855841833529864e+00 5.343756441017127656e+00
1.361229678398436338e+00 5.515906856467027275e+00
1.392684347566681469e+00 5.310239978966230012e+00
1.090516730900407127e+00 5.457625391827134465e+00
1.501054298466640846e+00 5.618813578869912284e+00
9.714756969021832722e-01 5.454716203241025241e+00
1.748086297535900613e+00 5.347740684744478834e+00
1.408191462939809346e+00 5.426254188345161822e+00
1.253339544743805156e+00 5.487865751566678441e+00
1.320402940277992654e+00 5.415331965776010392e+00
1.489905163730848470e+00 5.328890368794617416e+00
1.038670129108917761e+00 5.499909852987832970e+00
1.459784971022531685e+00 5.489464560567483886e+00
1.483443168406999080e+00 5.338678619811424220e+00
1.426750112721327124e+00 5.505136369582754874e+00
1.189510116609338697e+00 5.438614572345570330e+00
1.031979332702244179e+00 5.392662947866017298e+00
1.479575321918845887e+00 5.468608682415280420e+00
1.507161536233446730e+00 5.031131970179317570e+00
1.216652633703679820e+00 5.493330948327615815e+00
1.480082063619259092e+00 5.397955177586597486e+00
1.192087896066658770e+00 5.504389226394990509e+00
1.147254834153679237e+00 5.489524492690865287e+00
1.225987419300972991e+00 5.581187393191963331e+00
1.315959857091037355e+00 5.521685735181937282e+00
1.487093251119262938e+00 5.463439152722159520e+00
1.072208919918351544e+00 5.395768190611736514e+00
1.712272951160201062e+00 5.514363568141942729e+00
1.239512056015905417e+00 5.486224560033781117e+00
1.286502640824801258e+00 5.523005689115692007e+00
1.205678770064446015e+00 5.543710498705368472e+00
1.104286030343706759e+00 5.449688123239358362e+00
1.009058082942002166e+00 5.401023223468515155e+00
1.642288120543325070e+00 5.338805234433261937e+00
1.400078620707728927e+00 5.438425357797900261e+00
1.346894638728559634e+00 5.381421381411407800e+00
1.378272626937382173e+00 5.408146106551440013e+00
1.635136033294952274e+00 5.434961875466570724e+00
1.170072388221866877e+00 5.543346518742422901e+00
1.391992532106648417e+00 5.433431471145757641e+00
1.113141180108126793e+00 5.381960844273716127e+00
1.320175388779293080e+00 5.239208349711773849e+00
1.007041082670435461e+00 5.462449288808137737e+00
1.338447019455760945e+00 5.317550527491750501e+00
1.497628442400823934e+00 5.575318401022579806e+00
1.779194449526122934e+00 5.214475176258254407e+00
1.524411552203329911e+00 5.553552775096171956e+00
1.693018582771271596e+00 5.405348647374944804e+00
1.699981197638097630e+00 5.129884023931678527e+00
1.276142128357164340e+00 5.470150139385037136e+00
1.859886037155732641e+00 5.324609216861865058e+00
1.380776533082686441e+00 5.659448266367250291e+00
1.382658886587918579e+00 5.443044098219708360e+00
1.629369787551874893e+00 5.229085551021906753e+00
1.356451417394577419e+00 5.501877530327913490e+00
1.392539561068420140e+00 5.410272240483750217e+00
1.092520213061443535e+00 5.333029205435894760e+00
1.484573162025115467e+00 5.381046453420419873e+00
1.309415346671059854e+00 5.353306909919608891e+00
1.999332092297167796e+00 5.543406043789080861e+00
1.394171761414271904e+00 5.542664146788156998e+00
1.428252979994875549e+00 5.362234429074052677e+00
1.054690035216337085e+00 5.103956306718756331e+00
1.735598583042411436e+00 5.287560192074283627e+00
1.154407925684568070e+00 5.442407821158870007e+00
1.767111468478874459e+00 5.869511171146323925e+00
1.361153416641632141e+00 5.501969798497415631e+00
1.174623625157448448e+00 5.474951785803602533e+00
1.599149751268927222e+00 5.406798947539281031e+00
1.155054474135528420e+00 5.519834481471526111e+00
1.446494978918644980e+00 5.474980545160093470e+00
1.371909255951004436e+00 5.428345481255592908e+00
8.112156309478579796e-01 5.451536995688298859e+00
1.534404513725027286e+00 5.455069216546095667e+00
1.206494049903693799e+00 5.540996369567468882e+00
1.112197092212494187e+00 5.522750359348067128e+00
1.751552957041366820e+00 5.479344159058822328e+00
1.152845584720712413e+00 5.593230152438899871e+00
1.215550083359879352e+00 5.459364568060673051e+00
1.648025078076827521e+00 5.457184301935135373e+00
1.524529433616918173e+00 5.569759360652846603e+00
1.378272626937382173e+00 5.408146106551440013e+00
1.356715965363465504e+00 5.494283906008532448e+00
1.546124156255995974e+00 5.373498059427952889e+00
1.502486013196406400e+00 5.413220052891674960e+00
1.122278531325147100e+00 5.466581261404706460e+00
1.114173009251026691e+00 5.559777009795923597e+00
1.254452694474476271e+00 5.397169412646143805e+00
8.659153203381527719e-01 5.490345215645556110e+00
1.365464857521782704e+00 5.435457454879379036e+00
1.423205219714643421e+00 5.491854640115687580e+00
1.135264162548037525e+00 4.884759246131357813e+00
1.028504738021591924e+00 5.552257719487793786e+00
1.224328103777662768e+00 5.466276652409761461e+00
1.678522882976221098e+00 5.288399414381623309e+00
1.323128028560203839e+00 5.541320160226892888e+00
1.227223958901473733e+00 5.522987965666414034e+00
1.306008554714937153e+00 5.570439415512454140e+00
9.602135624807131009e-01 5.253134884183841002e+00
1.225866848042101109e+00 5.454480338124868766e+00
1.423135649311443540e+00 5.344186023374516203e+00
1.917455140293163884e+00 5.361279030898139730e+00
1.363630712117732013e+00 5.439162893993644943e+00
1.480398726159302569e+00 5.442339459856966322e+00
1.295208055935526570e+00 5.489414842425627938e+00
1.303682309597283373e+00 5.559011377732845816e+00
1.440580494291977764e+00 5.417383080905834092e+00
1.379865983842960553e+00 5.354323621181700688e+00
1.675712091194164088e+00 5.469963501551515783e+00
1.616784887497723311e+00 5.461980460463079723e+00
1.478284935308816550e+00 5.410152773296681872e+00
1.158151462720432345e+00 5.436945601337152212e+00
1.592089617330067819e+00 5.535730156614480535e+00
1.382712009751547511e+00 5.299649110879715685e+00
1.192549677383233142e+00 5.500473036833282592e+00
1.094218470450033065e+00 5.437266713511038851e+00
1.437041174392297282e+00 5.472787997011250738e+00
1.342675907054955209e+00 5.475558875317870111e+00
1.267301521908541062e+00 5.438671260008155706e+00
8.734746257196871477e-01 5.529221197700233681e+00
1.181266565648904310e+00 5.338531337304541324e+00
1.486642346037390539e+00 5.422725656683524242e+00
1.427212722835280001e+00 5.472769229659714796e+00
1.259563887000473503e+00 5.413575069288462771e+00
1.330309366833034801e+00 5.360562360452687081e+00
9.962645517796621109e-01 5.349190844526982680e+00
1.394226097515891771e+00 5.403274580845965680e+00
1.033030113993835153e+00 5.606023989461791146e+00
1.449304840435371444e+00 5.399138224062991043e+00
1.564409687974496643e+00 5.423274840287169773e+00
1.564365793380941172e+00 5.507409020300439551e+00
1.580620524424128703e+00 5.475957622268464497e+00
1.347313595984388268e+00 5.330131198587645613e+00
1.117373726753757568e+00 5.415980931496021888e+00
1.385286479093560175e+00 5.336662210396945660e+00
1.579741223275779927e+00 5.483588125663866109e+00
1.458210015196461207e+00 5.391741494859422446e+00
1.371729308231777633e+00 5.417003382461395233e+00
1.117555567190798627e+00 5.518294487125310788e+00
1.565579719714636386e+00 5.659024343982355099e+00
1.787969178292872607e+00 5.563568932159642877e+00
1.459883284623233024e+00 5.516217071609998079e+00
1.386484907911092579e+00 5.405427080253570438e+00
1.377550587879368127e+00 5.402854552375574215e+00
1.551465233515157971e+00 5.279770087332817496e+00
1.344116970675996559e+00 5.516719718860594313e+00
1.498385860738139508e+00 5.536830987607864074e+00
1.310420394266117672e+00 5.426158048866180472e+00
1.877742968031908877e+00 5.510139235040454331e+00
1.167851218281536596e+00 5.500486907973273887e+00
1.703469096414958805e+00 5.380185006445773688e+00
1.265352649218670855e+00 5.377338477736634204e+00
1.955967961362525376e+00 5.442908518683729824e+00
1.120183760861167777e+00 5.380182071985935899e+00
1.685484668554269039e+00 5.579179147946138784e+00
1.478093322440442670e+00 5.532027895609576973e+00
1.342587995868772532e+00 5.503129015696822002e+00
1.399899189828373691e+00 5.159038709482255847e+00
1.366075012897113305e+00 5.450131136937363507e+00
1.656684217827647299e+00 5.417441214761913315e+00
9.338832272219386166e-01 5.440365137251011340e+00
1.456104237160610770e+00 5.567200636199585162e+00
1.176987468173092299e+00 5.302897737492132890e+00
1.469303662195080795e+00 5.308875858573031792e+00
1.145669143026699865e+00 5.455312996869433384e+00
1.483846748499292989e+00 5.703448160696898306e+00
1.565233464373082084e+00 5.506209031685831867e+00
1.691900157345464173e+00 5.542539610253466087e+00
1.711825178335830699e+00 5.549879649324214625e+00
1.037706775816400695e+00 5.394716675068287337e+00
1.563777512985479623e+00 5.530085277093046869e+00
9.354531058598352100e-01 5.391238984592031436e+00
1.375425192331088731e+00 5.716130104997056982e+00
1.386804875959015915e+00 5.417646612856672483e+00
1.641753793037705522e+00 5.534434860457965399e+00
1.377435347278545885e+00 5.421198650948101161e+00
1.251320229213442659e+00 5.577815282490491633e+00
1.602133630680815157e+00 5.493354772927992791e+00
1.266376958350840187e+00 5.404611097687073595e+00
1.255321097385345697e+00 5.407779540024184151e+00
1.353142667976298563e+00 5.459115554069686738e+00
1.067843113913145237e+00 5.572799873917122504e+00
1.205846154097517609e+00 5.440203954935134867e+00
1.704550129283854298e+00 5.333906056985618704e+00
1.368834695258460465e+00 5.573378657264696834e+00
1.275175120324741007e+00 5.476686437073749580e+00
1.085787437599549765e+00 5.758350210999305219e+00
1.311629285917287779e+00 5.559889991501041351e+00
1.456814924386439003e+00 5.487872003579251867e+00
1.380586703929673309e+00 5.285195870138111651e+00
1.243771095468429122e+00 5.387422206259186552e+00
1.281790577120865304e+00 5.401313452410959393e+00
1.333312481673586625e+00 5.454987842573440382e+00
8.364957329389853813e-01 5.425936097301369720e+00
1.515317797023783442e+00 5.387081445757394782e+00
1.380120330854094135e+00 5.577559146267544676e+00
1.399927484700559166e+00 5.455255469495596365e+00
1.728877611836948658e+00 5.535491557055773448e+00
1.884905801404094028e+00 5.426148950780259383e+00
1.118525979711316065e+00 5.622258562406269533e+00
9.741510186365616164e-01 5.346884596851595894e+00
1.155204596973439468e+00 5.524165994856609530e+00
1.328959528937410539e+00 5.424213744417963667e+00
1.227589725971209411e+00 5.331809812368774715e+00
1.590184826438421739e+00 5.521378766159149798e+00
1.285819916392785700e+00 5.183883915406226173e+00
1.336741836416485141e+00 5.214127563143448718e+00
2.081180379671895064e+00 5.605919599800397002e+00
1.412113033565191689e+00 5.551152746303732677e+00
1.075124825438005027e+00 5.487722162998593944e+00
1.226480862213872536e+00 5.356126875712658553e+00
1.484699622067239932e+00 5.419851301346792383e+00
1.343585410727689222e+00 5.388654423923745718e+00
1.245248416015297677e+00 5.528864732862396103e+00
1.073242773406913653e+00 5.673817568539644363e+00
1.138736090539630430e+00 5.503599850941668592e+00
1.089939635773138349e+00 5.334736349624453311e+00
1.378799058866112981e+00 5.383991072142545242e+00
1.381455179513182863e+00 5.443522469138356357e+00
1.600884980776589694e+00 5.339684828873531686e+00
1.158898626168257673e+00 5.401456642901757199e+00
8.852148749128405658e-01 5.602321723172158485e+00
1.527112365029851038e+00 5.570694094553703124e+00
1.028339185014172985e+00 5.534585106737251792e+00
1.569386632570681783e+00 5.364750492911298352e+00
1.518220884172635676e+00 5.366077729370160476e+00
1.234340648814287622e+00 5.464798032366258163e+00
1.358767093767166534e+00 5.370598473783548599e+00
1.356451417394577419e+00 5.501877530327913490e+00
1.365490363726463707e+00 5.537493035865486135e+00
1.118438737601521460e+00 5.373382008401207166e+00
1.251149347726002947e+00 5.448418911366341710e+00
1.217453455150369068e+00 5.543514900696759895e+00
1.389141613445374901e+00 5.390969104823597036e+00
1.143593539141845916e+00 5.497189677508226957e+00
1.351113594266932116e+00 5.451496745593071402e+00
1.425761219159907611e+00 5.377322802004240287e+00
1.417080956763457023e+00 5.436454012393310720e+00
1.455914453737616299e+00 5.457512140012339863e+00
1.203163506244936176e+00 5.506031353284527974e+00
1.437548849128865047e+00 5.179570652807238496e+00
1.382541353289542752e+00 5.603184974168977206e+00
1.568798317937677878e+00 5.453072133175257186e+00
1.326286724664762939e+00 5.527810333028607026e+00
1.175867194375723068e+00 5.618769946065000909e+00
1.224190437050165281e+00 5.411257534712331285e+00
1.393996886975884308e+00 5.445316525444979128e+00
1.601639557109495016e+00 5.444903808199759609e+00
1.236942513130246502e+00 5.365422283692852012e+00
1.509559905987852169e+00 5.555275172407532658e+00
1.562614551168814092e+00 5.688086023895526644e+00
1.235706128693808914e+00 5.189922435687470248e+00
1.548757315317214056e+00 5.534633086964998228e+00
9.389845275897462651e-01 5.559597671453937906e+00
1.371236007723872996e+00 5.439523151450234018e+00
9.345120460056453027e-01 5.480121090526820282e+00
1.173302607963986333e+00 5.424141260455336955e+00
1.587774367904723372e+00 5.515196969463448617e+00
1.440147817566147070e+00 5.783607106424759614e+00
1.280292200772731537e+00 5.366421761108792765e+00
1.279355091038835823e+00 5.460349001027180016e+00
1.453771200774351513e+00 5.400422263032311321e+00
1.869713311780966114e+00 5.467843635959149573e+00
1.155204596973439468e+00 5.524165994856609530e+00
1.217840167007430363e+00 5.390420681668983249e+00
1.304752484158945736e+00 5.550962143096661805e+00
1.041985479639276457e+00 5.370120919830507766e+00
1.414930233257741587e+00 5.416264667113344977e+00
1.163079173357180141e+00 5.373432291384485637e+00
1.092795256395380221e+00 5.494340135857528118e+00
1.580637706976854462e+00 5.554344297269350861e+00
1.475328042571404152e+00 5.404115191744978119e+00
1.533105671077081844e+00 5.401224427891518687e+00
1.273911584877330805e+00 5.336510386194926348e+00
1.563938278046097530e+00 5.408598468868240694e+00
1.430697973263248990e+00 5.493021825572087735e+00
1.209717436478667585e+00 5.458765988427034088e+00
1.144141698587040734e+00 5.296442962481803463e+00
1.289718062301474122e+00 5.496460711197557636e+00
1.185288737261542158e+00 5.186632862848629344e+00
1.205439090730166418e+00 5.641143410319069851e+00
1.474616843048218273e+00 5.403874551459614928e+00
1.758500284409512782e+00 5.655558601678375652e+00
1.790009736535089102e+00 5.417610366586273152e+00
1.484600694523556141e+00 5.429678549414157729e+00
1.791416997540389300e+00 5.504101933843529970e+00
1.032675182270835323e+00 5.429068989586450122e+00
1.578293360769920106e+00 5.641358930839603936e+00
1.728298490954679023e+00 5.424159145758117972e+00
1.213855536869262508e+00 5.521528648089257807e+00
1.642138812149799953e+00 5.428755870210790313e+00
1.452375991366881669e+00 5.535998074728290419e+00
1.248075476770104997e+00 5.610344461818058015e+00
1.262600974251472774e+00 5.444867373929422882e+00
1.366365990699250466e+00 5.402436267658314861e+00
1.961518412956849255e+00 5.495846326012880922e+00
1.211252085450048144e+00 5.384186145011913283e+00
1.119815434059960646e+00 5.410317356195806227e+00
1.385048201530390877e+00 5.539064486244948071e+00
1.628797681185868873e+00 5.451777018831723609e+00
1.160120956432553418e+00 5.495515647137820814e+00
1.293886597579704256e+00 5.531070447327042672e+00
1.434523481959065316e+00 5.507257963835089143e+00
1.049160602350307281e+00 5.392507026464889996e+00
1.640934251212051276e+00 5.362185929590459033e+00
2.141103625795714116e+00 5.492821447227753673e+00
8.808954990309644240e-01 5.433338879228224449e+00
1.106762215845205954e+00 5.142776329918659073e+00
1.085913210787590177e+00 5.258242086524962389e+00
1.395647310617621040e+00 5.473384523009388936e+00
7.591431743139821497e-01 5.391036059644954470e+00
1.670828771471719376e+00 5.489817863467273185e+00
1.583581065702833524e+00 5.489918087708829830e+00
1.163807830708401436e+00 5.447102016524747903e+00
2.302431321915744622e+00 5.472523160202632297e+00
1.141078392131172903e+00 5.463136203184755679e+00
1.385821649539414446e+00 5.438816156131477619e+00
1.358780883191343491e+00 5.322816594695873427e+00
1.242305579981105801e+00 5.518109505654624769e+00
1.475046443089009562e+00 5.469710868045304153e+00
1.369622226119291186e+00 5.455409306689927185e+00
1.865864213338372712e+00 5.535842401223024289e+00
1.378870534534835546e+00 5.383687021963527108e+00
1.471322283774093576e+00 5.459503038169406075e+00
1.507080645251414053e+00 5.268542343777450121e+00
1.609804473400357150e+00 5.217025115028032900e+00
2.085928490689199055e+00 5.401978916841291500e+00
1.024181631095558931e+00 5.658482710140018135e+00
1.534397512336674652e+00 5.432474876612463532e+00
1.131414453126047048e+00 5.283810646179657233e+00
1.336041733214281546e+00 5.470316482218690268e+00
1.341892105809603830e+00 5.449723943811603633e+00
1.639308033852582280e+00 5.590507227007034174e+00
1.101669911663064383e+00 5.338400448607827364e+00
1.451819520502176220e+00 5.374554011495134453e+00
1.384073762907372940e+00 5.539782684725699902e+00
1.609484750066394465e+00 5.373324587672422936e+00
1.356401297313659438e+00 5.368085465366773334e+00
1.817543921309655364e+00 5.446714830902315896e+00
1.648726069581212927e+00 5.590882039405612680e+00
9.955208000491284626e-01 5.435728540582809742e+00
1.513440299136654010e+00 5.525734002088435126e+00
1.835386551511325237e+00 5.400550407476113257e+00
1.179111037524528394e+00 5.333623239899790036e+00
1.564136204522339924e+00 5.455787271851507469e+00
1.848922640665375816e+00 5.430733243844855451e+00
1.239848025958713240e+00 5.460810748367142864e+00
1.481222315513009535e+00 5.533590938313018626e+00
1.300667903133160497e+00 5.545351345404663235e+00
6.378931099551707895e-01 5.468200820061068335e+00
1.009908442737159628e+00 5.464195497297818171e+00
1.234248861731294999e+00 5.393519762110930316e+00
1.257784024122329480e+00 5.469285044751483582e+00
1.239243534071764241e+00 5.492489942571643802e+00
1.516068721656161022e+00 5.456092716865418524e+00
1.336079573810544652e+00 5.523156082469179218e+00
9.891898682927067199e-01 5.310297088461186199e+00
1.226650833621911074e+00 5.478611312003280887e+00
1.587791762050931643e+00 5.458285861875500800e+00
1.589919640736223716e+00 5.377234570115225765e+00
1.172766072958951744e+00 5.613456659649517455e+00
8.197375867607082922e-01 5.452687102366594374e+00
1.129558671735966691e+00 5.537762168735999246e+00
1.477584883192504250e+00 5.524498254082782722e+00
1.244970901598813517e+00 5.455101409013944469e+00
1.566123681916296695e+00 5.464560338108484849e+00
9.578315768236635996e-01 5.637832048742472679e+00
1.613104359636059693e+00 5.469904993568698082e+00
1.560476607217691436e+00 5.553861097873680208e+00
1.528255887583514161e+00 5.409144909817903191e+00
1.461483122314910732e+00 5.422560594586339100e+00
1.563070426244147493e+00 5.240346673226908614e+00
1.678539070092834207e+00 5.533731407283328352e+00
1.100923273167084826e+00 5.757129041666893876e+00
1.123818135787478134e+00 5.218776571817093313e+00
1.404186906624191655e+00 5.690414172193836606e+00
1.423235878020706391e+00 5.446361430045657315e+00
1.344081183210204422e+00 5.383870834361285773e+00
1.112239901813570908e+00 5.309484742471708429e+00
1.521813984414055243e+00 5.426859193996429021e+00
1.488842106645895003e+00 5.535301009865723820e+00
9.296162656557984683e-01 5.509146586555524472e+00
1.523047972747330725e+00 5.246217936954229444e+00
1.485229180315631226e+00 5.425494877112390313e+00
1.501979281195157334e+00 5.400456985978721036e+00
1.941202055252654324e+00 5.414496704754181877e+00
1.734967466904967504e+00 5.427397707654743719e+00
1.238772365641852335e+00 5.311607383503420543e+00
1.340805820540194260e+00 5.457056392089003616e+00
1.453538852757639166e+00 5.397882923019693635e+00
1.509157401858008507e+00 5.512586516179227125e+00
1.594237421669793653e+00 5.487036823630200288e+00
1.097269165751476594e+00 5.310876808358548473e+00
1.621724701851252393e+00 5.530002622486464681e+00
1.247084588087453261e+00 5.340570999678599939e+00
1.013754468420211774e+00 5.557645903929220310e+00
1.205829363279763422e+00 5.461835554665139369e+00
1.382512795418331608e+00 5.620554235734640969e+00
1.746935080646274008e+00 5.586117840470358864e+00
1.455262164186497564e+00 5.448913199391188122e+00
1.434733766925262444e+00 5.522315744044836272e+00
1.267194169677580806e+00 5.454686692506777845e+00
1.210208196068444098e+00 5.624023958375810039e+00
1.493006544340161001e+00 5.503317884875884580e+00
1.347313595984388268e+00 5.330131198587645613e+00
1.455914453737616299e+00 5.457512140012339863e+00
1.187057900731199434e+00 5.514685705591705123e+00
1.912952495690811050e+00 5.399605978672337159e+00
1.018874774710991638e+00 5.441264353265998110e+00
1.964355624458933525e+00 5.241485007337471025e+00
1.746935080646274008e+00 5.586117840470358864e+00
9.638802681782583370e-01 5.377151572908527299e+00
1.357021929981542252e+00 5.424873445155698803e+00
1.520052205463758854e+00 5.579713480815531312e+00
1.190856475500384759e+00 5.460405146338508153e+00
1.777168988343832190e+00 5.488994788389709001e+00
1.249350041772066877e+00 5.494356125335357888e+00
1.344565103396898387e+00 5.513910078171448959e+00
1.608740836698830057e+00 5.634841097918294572e+00
1.130318088900440721e+00 5.388054068437439170e+00
1.295029585856040555e+00 5.402718103265228500e+00
1.111097543926771847e+00 5.440897398692420062e+00
1.535345465586068769e+00 5.467649428515877652e+00
1.427175873256465222e+00 5.529121915061211645e+00
1.778403756200491515e+00 5.555115305989573038e+00
1.042623334125981405e+00 5.414758405110757344e+00
1.806364343986869514e+00 5.870532502968161204e+00
1.489348570977417907e+00 5.438777219252285633e+00
1.484146177247015030e+00 5.458522105227928911e+00
1.684593793624637126e+00 5.380467874018456165e+00
1.501209173015626508e+00 5.498211555292646935e+00
1.075937648930671564e+00 5.741345016920591959e+00
1.474203340086189362e+00 5.424040735322188667e+00
1.395898367036295662e+00 5.485295889439709249e+00
1.450419756645339397e+00 5.374795029408213409e+00
1.331482348564217544e+00 5.475133872316810368e+00
1.151252551488386899e+00 5.494308712682071771e+00
1.333966547344706211e+00 5.466366627140337719e+00
1.825199740790580671e+00 5.468506751407878674e+00
1.955424301187848046e+00 5.576955567364745292e+00
1.264784107513130751e+00 5.463516450948890046e+00
1.779874989823406084e+00 5.443008618073829297e+00
1.392469934407152277e+00 5.453026597516787533e+00
1.476387701969276600e+00 5.544562426516951525e+00
1.391021604934445932e+00 5.307355761855553133e+00
1.568080422586320966e+00 5.412918642828774551e+00
1.051434492388532149e+00 5.431436445376831124e+00
1.787084572658109938e+00 5.477607716722636688e+00
1.700514538873366455e+00 5.522380425283663463e+00
1.186480612281000768e+00 5.461325209698984828e+00
1.426148663468668421e+00 5.493522899588834107e+00
1.233715332595931802e+00 5.528721270467053195e+00
1.208208948220704126e+00 5.392275079144423167e+00
1.432687807239384936e+00 5.434288145528524794e+00
1.454836994081054824e+00 5.384713138835027557e+00
1.129854023746566405e+00 5.110299467436226095e+00
1.334791235756315420e+00 5.660905028101614889e+00
1.482351462704431855e+00 5.113432762217205330e+00
1.602906969388561587e+00 5.528146346186157523e+00
1.256881699018105758e+00 5.559380922611103060e+00
1.677105223197342676e+00 5.498387971916578465e+00
1.456131126795213504e+00 5.536885081692214605e+00
1.423135649311443540e+00 5.344186023374516203e+00
2.048584148642643044e+00 5.448764138622763653e+00
1.387936106038240247e+00 5.231605048232911059e+00
1.300832686003951411e+00 5.536977979771821268e+00
1.521354743491043493e+00 5.477895747457385944e+00
1.254095161687859061e+00 5.438509144920955940e+00
1.429184800253268994e+00 5.457493526454530119e+00
1.406462306151741393e+00 5.516638614106508243e+00
1.209785460149802372e+00 5.655617887503553654e+00
1.596548320287606515e+00 5.492846331100912138e+00
1.587072573291641309e+00 5.522462243901796519e+00
1.577693738276871871e+00 5.286995907691664165e+00
1.086618022690789997e+00 5.494743157800003885e+00
1.379741089365567719e+00 5.250353792931907293e+00
1.417308586950834171e+00 5.504750283788481191e+00
1.238303728787391700e+00 5.490247505959388263e+00
1.154280532527996783e+00 5.464520921662507469e+00
1.679231496005712421e+00 5.440595240574784164e+00
1.218311012772920421e+00 5.671762424414089843e+00
1.538998558942610062e+00 5.199399074190049319e+00
1.292332898632003513e+00 5.272158047055723884e+00
1.868194561312787050e+00 5.627384454670909086e+00
1.132613259266866956e+00 5.185163553903535671e+00
1.366472406520400584e+00 5.366208854692014363e+00
1.415016423271506563e+00 5.451588366703915334e+00
1.522548216531347087e+00 5.510083889281084168e+00
1.659179869360976722e+00 5.594836418762165309e+00
1.283601169619859927e+00 5.564973169547639209e+00
2.019294088981731239e+00 5.473202449349368948e+00
1.253762907575057373e+00 5.519097939515400952e+00
1.670439939603680868e+00 5.500969204627832454e+00
1.328517874184026448e+00 5.478153660134777780e+00
1.467039017342035123e+00 5.402575059831002058e+00
1.482135141355205299e+00 5.493584242147804275e+00
1.895516744312438773e+00 5.513351390041941968e+00
