# Hierarchical MCMC downsampled to get 500 samples
# alpha, beta, mu, s
8.192467352384994461e-01 5.709032163716011965e+00 6.760104971585805700e+00 2.294634103414972814e-01
1.158117735789005787e+00 4.177601890384737615e+00 6.397381961939904826e+00 6.947707041009662521e-02
1.024748441018672240e+00 4.926683877134721889e+00 6.382688495909372151e+00 8.185230333351536935e-02
1.429379108247510688e+00 5.032216635442129160e+00 6.282646288134227319e+00 1.038095350470232409e-01
1.001333721262984477e+00 6.395010187790365563e+00 6.598425109404257860e+00 1.241598625713094955e-01
1.652213159974733614e+00 4.496923216378463373e+00 6.411384680300086458e+00 3.911968478448092645e-02
1.075069284376555245e+00 3.936181830516649161e+00 6.476454619233463106e+00 2.410535466336505284e-02
1.610080136018851471e+00 4.010174502044733913e+00 6.395158837378760452e+00 3.118684484297317705e-01
1.338032757673256690e+00 5.928511757226015533e+00 6.561304364137122924e+00 5.553628253077121102e-02
9.777669023468441578e-01 5.935129425459799712e+00 6.438570066180010265e+00 4.770700869948758804e-02
1.494437251309408854e+00 3.209415198112195444e+00 6.770017363140294897e+00 1.313608699330315044e-01
1.116837576046128877e+00 2.660427333037659103e+00 6.616615234331550965e+00 1.239779969151890426e-01
1.228501335445784104e+00 6.355300499728315344e+00 6.430834672782602901e+00 5.569540783831972153e-02
1.163020017359155611e+00 5.275548997450838939e+00 6.510481504519987084e+00 5.892552549928102568e-02
1.086928561132811000e+00 6.417042588820745408e+00 6.492119618054017494e+00 3.430711552709211909e-02
1.162246782196864059e+00 4.715921207928187364e+00 6.516219056048290881e+00 8.780775797465191490e-02
1.083458627446140632e+00 3.678085099344725162e+00 6.502016464350958813e+00 1.118609136219475275e-01
1.078595597125594496e+00 3.222228501424088343e+00 6.428223927428837747e+00 1.077916483337448134e-01
1.632246968827013145e+00 4.249439733967895982e+00 6.173579497094938695e+00 1.686998226794345634e-01
8.616286846462046789e-01 3.750637158131773674e+00 6.454189039178637621e+00 7.904948538141183534e-02
1.207783097688137408e+00 4.203646085208273320e+00 6.521343938341408020e+00 8.253073201485948418e-02
1.300305585435962863e+00 7.533773582727197216e+00 6.580702502178525926e+00 2.142235218419032694e-01
8.890043766882274046e-01 3.964367476435775473e+00 6.440438540644302101e+00 5.749604804337917763e-01
1.116572680845297816e+00 5.329859684205169756e+00 6.605525992879312192e+00 1.562241611829737753e-01
2.043310127252069286e+00 3.070381622040637026e+00 6.529160818394046828e+00 1.478224890255734614e-01
1.155026965570102870e+00 7.172257536173987980e+00 6.658516944210717270e+00 2.486853681482936729e-01
1.423831481778924601e+00 6.604392126174482236e+00 6.479762858291210570e+00 1.092052152689279021e-01
1.446940780632069323e+00 7.150477011983205067e+00 7.155974261353772015e+00 2.791397119594656306e-01
1.602968013762901656e+00 3.489723699491632303e+00 6.440761256182779171e+00 8.216811733393002137e-02
1.301273639709056074e+00 5.187451806221446304e+00 6.692280496601757278e+00 1.902618150130019059e-01
1.390368784412864045e+00 3.786911332508246630e+00 6.596217931251825206e+00 1.631143829784740817e-01
1.103001411323945247e+00 4.257706780035150906e+00 6.439816229805877867e+00 1.148960408833569341e-01
1.117163398753770132e+00 4.550779872476257815e+00 6.378879841488042324e+00 7.030506936366320847e-02
7.850118244431949499e-01 4.146599190663969203e+00 6.458702963986072021e+00 7.829322593128246188e-02
1.163584466788971428e+00 4.546944692492469464e+00 6.178223605029000254e+00 2.273445565405495250e-01
8.957737279334654357e-01 5.668293973464969326e+00 6.697534752707853478e+00 2.515776240170775058e-01
8.532845188589144314e-01 6.860097513904680255e+00 6.546880672413231572e+00 3.711343260372056141e-02
6.714410249748016257e-01 3.476599300861435538e+00 6.313563953592555400e+00 1.440429932167426874e-01
1.062180170687591296e+00 5.170397806680438357e+00 6.405580503347547250e+00 2.821980423799120841e-01
1.002060843791815037e+00 2.669240495349959996e+00 6.555206243571003455e+00 3.816946797893285004e-02
1.189631443390273269e+00 4.243649687186585417e+00 6.590874957838475545e+00 9.578896865864926224e-02
1.093090345419389431e+00 4.261979968336706115e+00 6.241829338822179274e+00 2.526871657918970948e-01
1.109196682459339334e+00 4.853838408868830001e+00 6.484240636828504378e+00 1.267832126240306112e-01
8.752717524844748631e-01 3.605453765166025004e+00 6.569522214664810456e+00 1.008124122851744853e-01
1.143098067350655445e+00 4.581136087603813856e+00 6.380670755726793431e+00 4.700394132245864359e-02
1.021983647137091111e+00 7.086152956396261970e+00 6.365249795142615241e+00 2.445256543931265680e-01
1.117612409027652909e+00 2.934463435504417905e+00 6.649124556428612109e+00 1.234748120717047981e-01
1.022929744248569639e+00 6.619485904705853407e+00 6.533613892582046390e+00 1.370912371231057802e-01
9.559452665865567633e-01 5.344746242561582150e+00 6.440224179039880426e+00 1.077647574371902728e-01
1.566878958451498827e+00 3.229876070929710963e+00 6.259181757929757950e+00 1.427285924446132781e-01
1.672868487804874960e+00 7.412407956866834624e+00 6.457087275001662796e+00 2.508205011884623303e-02
1.100002287521543831e+00 5.780014713312690233e+00 6.463813239439014424e+00 1.170810301782250207e-01
1.052616719574123838e+00 2.644582523787543771e+00 6.289960617731916948e+00 1.660881332884415473e-01
1.216830286770229197e+00 6.405419917552293008e+00 6.439687015658352998e+00 2.531952220297998823e-01
8.128114132354194998e-01 7.057034416918431141e+00 6.297718720970806316e+00 1.513846628774107028e-01
1.061310156775271185e+00 5.396534003637062149e+00 6.456844722896495803e+00 1.369542920227715677e-01
1.206096627822216494e+00 4.938238293180178040e+00 6.379554941471087481e+00 9.645070369122245302e-02
1.102833516531658731e+00 3.847420538870157891e+00 6.409108365073295843e+00 8.079584583150321853e-02
1.220342705005628359e+00 3.942109150329706768e+00 6.430720987514066067e+00 1.447604161986493776e-01
1.021104402634035013e+00 6.046260078264475091e+00 6.315402039042449012e+00 2.625463926910238111e-01
9.727198219579151761e-01 3.738283324905832927e+00 6.426881329936706244e+00 7.681358072817713600e-02
1.321493933623390182e+00 3.517461490993880169e+00 6.445621378736834828e+00 9.065654670619251176e-02
1.177061574178603909e+00 4.304835260930450325e+00 6.384307970409428101e+00 1.368874848454007809e-01
8.883863132707898735e-01 4.258131945882446701e+00 6.498735946133353814e+00 6.351883723119197689e-02
6.818312426284273142e-01 4.642844866046528907e+00 6.502592449547949016e+00 7.753911070971292174e-02
1.350188946412654634e+00 5.914985498679873999e+00 6.576280062033631246e+00 2.830055930340965031e-01
1.019187455694826383e+00 5.302018711386567773e+00 6.493418888324809402e+00 2.356377146512926291e-01
9.431342313363619834e-01 4.920727523098529232e+00 6.397173898410066784e+00 1.352145058155133084e-01
1.443986311852788473e+00 6.726368328265520447e+00 6.380735495478314867e+00 1.125606456214385542e-01
1.723340960215273610e+00 2.995551510964964859e+00 6.209208035090925115e+00 1.745283842827370091e-01
1.852184600094814337e+00 5.095007504761687400e+00 6.509529597867956596e+00 1.309520991363003484e-01
8.325612830406218245e-01 8.933801600149381628e+00 6.320677624721096066e+00 1.035786414014644718e-01
1.454987647379990312e+00 4.933231603089388351e+00 6.569597683724164305e+00 5.305591958781429029e-02
8.846407956274217055e-01 4.744014212679023679e+00 6.438071918730784660e+00 1.417861934112131239e-01
1.020199791392661925e+00 5.899196811606510771e+00 6.496701507437941281e+00 5.217803877518070732e-02
1.484740723051384492e+00 5.461590538983708498e+00 6.789339280112198338e+00 3.302855816846118620e-01
8.090581857802441323e-01 4.424994663313612797e+00 6.522603583677514472e+00 2.932489204391112159e-01
1.076288489283944827e+00 5.305086255969307274e+00 6.614647989857584953e+00 1.878276983005347789e-01
9.199692822720416663e-01 1.490621113804277442e+01 6.662880940526378915e+00 1.184448647609981781e-01
8.562029249866476288e-01 4.457228323481047916e+00 6.596033612164976745e+00 1.640151221112003954e-01
1.080764842052556407e+00 8.874221541835630944e+00 6.460306552587073980e+00 7.885052311250181911e-02
1.376808322991603051e+00 3.336567551235611440e+00 6.322259812128921297e+00 1.086500696309915109e-01
8.850596409622921712e-01 6.285048037919414909e+00 6.211575620967728639e+00 9.418340416960485628e-02
1.132728252995240714e+00 4.675318720021865992e+00 6.472639454489724997e+00 6.892119499535234728e-02
9.344183142336840442e-01 5.644575128925224838e+00 6.534222014007134760e+00 2.003821210998370517e-01
1.580322834823311151e+00 3.807907400534210396e+00 6.460645478768025640e+00 4.474487284771160034e-02
7.882921528691979596e-01 6.436933492897097153e+00 6.500476959757532036e+00 6.995288662345486297e-02
1.541079035135369368e+00 7.087107146299686633e+00 6.351274723311306047e+00 4.480317538168406000e-02
9.435362582759585504e-01 5.935232498860570693e+00 6.470653304880181977e+00 7.776641361992397972e-02
1.489170279613788006e+00 6.497916879228991860e+00 6.396069604895475713e+00 7.879717225456815688e-02
1.153841989528824996e+00 3.488983318019919011e+00 6.476497968490422252e+00 7.413471859352863125e-02
1.322005040991891089e+00 5.062384823100904541e+00 6.465957662465845246e+00 1.066152864031725267e-01
1.279930008423809218e+00 3.592395915403689965e+00 6.566553080892137295e+00 1.203146319797926966e-01
1.656166934343317187e+00 2.773524247700121403e+00 6.470464384679942782e+00 7.360572364152757896e-02
9.814531447413228360e-01 4.082009823145651417e+00 6.507767544258284076e+00 1.595884188769648160e-01
1.264547951100487122e+00 4.240916189422834215e+00 6.375842474766908907e+00 7.711080022773823817e-02
1.411574982851019344e+00 3.169100503533984536e+00 6.302862855310461754e+00 1.448044170325931412e-01
1.211592220985214130e+00 3.393280330013764612e+00 6.477333805667996991e+00 7.621269225076797438e-02
1.151432647344283744e+00 8.283508394083323623e+00 6.619404210409794764e+00 1.600153423791194629e-01
1.458683053838756738e+00 3.347172277430581655e+00 6.468554581007222026e+00 1.829534004443715278e-01
9.428027916761299032e-01 3.334151761339152031e+00 6.450798506723860015e+00 3.153190817000048329e-02
1.330228829297708915e+00 4.649125838262431643e+00 6.511659730918226252e+00 8.793256810269382828e-02
7.819842174078945884e-01 3.226247276686486476e+00 6.505159695519868279e+00 6.917494681711298943e-02
1.216515734053327247e+00 6.897077025753112878e+00 6.372315905783057843e+00 9.785900717659257175e-02
1.265055072752204746e+00 6.082454807372228878e+00 6.514170030581438731e+00 9.782551616700177477e-02
8.711659642244098389e-01 4.705974731395813571e+00 6.407490632803006569e+00 8.395740674772758649e-02
1.075677411623165103e+00 6.171971625616974322e+00 6.636691265720597421e+00 8.097924437193894376e-02
1.207906658483265838e+00 1.060815019348056154e+01 6.701187373382923695e+00 2.609807534116355132e-01
1.490461976625112817e+00 4.661225601483652170e+00 6.440511622019917226e+00 1.336580859054218307e-01
9.227902572728542419e-01 5.086797248709496344e+00 6.527276992054261484e+00 9.532806840862648179e-02
1.282620137006716954e+00 2.878624684216764429e+00 6.280475075763931159e+00 6.701327185924940699e-02
1.043864158921820717e+00 4.783999941270599798e+00 6.496636920141773075e+00 1.314213369841605306e-01
9.721653691828457955e-01 3.107669262685285538e+00 6.649516711122647195e+00 1.086402316617079977e-01
1.078498037618964567e+00 5.960593600490237343e+00 6.483827639758180439e+00 7.161060433328557406e-02
1.461491600171308303e+00 7.647999357859239566e+00 6.461017541910035078e+00 5.529233492714684395e-02
8.112670485545121490e-01 5.875814465248884844e+00 6.504682283844739565e+00 1.544388932376711820e-01
1.210885205753345906e+00 5.421049255588862081e+00 6.769646073866677050e+00 1.888685510801801914e-01
1.056822140779748898e+00 5.396026731470445092e+00 6.466476010058053170e+00 9.952502244153410560e-02
1.043108607180613712e+00 5.399986323491614115e+00 6.432666878828128709e+00 8.698652856832590763e-02
1.141258290571611100e+00 4.030880043266328983e+00 6.492490320877047694e+00 4.773250900838701960e-01
1.162607602125881545e+00 2.835216083770513595e+00 6.500014144051479370e+00 6.423384101183750305e-02
1.214739553750065371e+00 7.004820731807684275e+00 6.377109124439462207e+00 6.421587982217313861e-02
1.045334245815297436e+00 4.223383297813132486e+00 6.477602962843697298e+00 1.985860754233464420e-01
1.133478916657375546e+00 3.365425933452070417e+00 6.332665955593655305e+00 4.334368191962383043e-02
1.260215810165409289e+00 2.918377861353679936e+00 6.574366681139546031e+00 1.003527818964954493e-01
9.377452950602755966e-01 7.069978683657193841e+00 6.391823737817915685e+00 3.848283896825881456e-01
2.020148267536851616e+00 3.076961285554055792e+00 6.601100726374188099e+00 1.622986137308640719e-01
8.392989693160526343e-01 7.797211295393831954e+00 6.500164435239264904e+00 1.147987346757282923e-01
1.103604758547622522e+00 4.070561609378205326e+00 6.619071425512628615e+00 1.340174861141269491e-01
1.037083545642615956e+00 3.409656787567596048e+00 6.514786124293730829e+00 2.210041039377629024e-01
2.093344152471358743e+00 2.797317317380003221e+00 6.513803874819274142e+00 2.418310774504058291e-01
1.054141123761009879e+00 2.988340042037272326e+00 6.459078137851128609e+00 8.652751199760051748e-02
1.212661133400306124e+00 3.699312430211212366e+00 6.678922583001323687e+00 1.529827472890266937e-01
1.526371935224297482e+00 5.853394953141047630e+00 6.510243688037247622e+00 1.441446574130958447e-01
7.264791945038058252e-01 2.997158633810068640e+00 6.663380715012114486e+00 1.608896391594815123e-01
1.673726473904689760e+00 4.391845454223224365e+00 6.472119583924937025e+00 5.100384938516920597e-02
1.215904425213215623e+00 3.945831772199475118e+00 6.293205579419375972e+00 2.131432797149382941e-01
1.096178777882639732e+00 5.416434178432167457e+00 6.312424637335633193e+00 1.620569116532451781e-01
1.179469811431570481e+00 8.088697130945782021e+00 6.495724640904663616e+00 1.187868127660627882e-01
1.239448282791859368e+00 5.843506735167209420e+00 6.589111325147120723e+00 1.524470450245617448e-01
1.035948132615503781e+00 4.699660785404214280e+00 6.402402754950298203e+00 7.207863613558769533e-02
9.749135685533932838e-01 3.897047003751442862e+00 6.345168854548237647e+00 8.187812440847315465e-02
8.491547320529521103e-01 4.447333685591521757e+00 6.466989215790267309e+00 8.136137990076525162e-02
1.062612547018171538e+00 3.680877188350031748e+00 6.312568865181942712e+00 1.324020344857707865e-01
1.496332172596188004e+00 4.819822418466480407e+00 6.742966303365639291e+00 1.726325007888971086e-01
1.640403977868281959e+00 5.282375500682054970e+00 6.434252204505924944e+00 1.265800350170876443e-01
8.082037439423235270e-01 2.558625554215004705e+00 6.573148243993060191e+00 1.037852815937018031e-01
9.377612946397556604e-01 8.587067543721833118e+00 6.635201650315213584e+00 8.280852277516283222e-02
1.096157801095911211e+00 2.918837155557530760e+00 6.335087981330851825e+00 3.739331018210339530e-01
1.180382870637635806e+00 3.697335654836475971e+00 6.724713669091317847e+00 2.174261885623663959e-01
1.088335559417909382e+00 4.622896935130654583e+00 6.526630331996615908e+00 9.571492952904958607e-02
9.950064794247761579e-01 3.026098493235279463e+00 6.517185559517109539e+00 5.473749516455688607e-02
1.030577671531869521e+00 4.192737603607648467e+00 6.501056493939915804e+00 6.580323654794230370e-02
1.086257151037911317e+00 4.619170644141674664e+00 6.539156495268131586e+00 5.028597512244419032e-02
1.267563631570053362e+00 3.822541589469130141e+00 6.232868390340899012e+00 1.838412529569441178e-01
1.897724550201828064e+00 4.188454905052266142e+00 6.442820208624403300e+00 1.275922528516150178e-01
9.271409437647420981e-01 2.297288065025606674e+00 6.500759855325708436e+00 1.871089108011668167e-01
1.322749114520438196e+00 4.826227613819988882e+00 6.555139420320986510e+00 1.651992559592998233e-01
1.227171252804044377e+00 4.778015550716802728e+00 6.519002924834131463e+00 8.070323341840220099e-02
1.155834319626104501e+00 5.748600669914998740e+00 6.549881794879818919e+00 5.711097068804859428e-02
1.003276042803947332e+00 4.607581104938318184e+00 6.418611262503361559e+00 9.712313540078131024e-02
1.163289842210171843e+00 3.759470953014458328e+00 6.299980748014348819e+00 5.811371741414830816e-02
1.346339089303055792e+00 6.420207617943148648e+00 6.489015958542213802e+00 2.204201457675849241e-01
7.732596778320880437e-01 5.307170850825494668e+00 6.502937180843068710e+00 7.880080516102108690e-02
1.444223452478890835e+00 3.922752699764329165e+00 6.359773835784652718e+00 8.145899048643573392e-02
1.458336618294974407e+00 4.419659368666861710e+00 6.479829099208911813e+00 1.650199462959897889e-01
9.952020950966965485e-01 5.993564385512605064e+00 6.790286023223204737e+00 1.945865959820679836e-01
1.198176548692044818e+00 6.455103028381517838e+00 6.295784806407109357e+00 1.469131071059907312e-01
1.485522648760632336e+00 6.793752832875718184e+00 6.495610608485190340e+00 8.813718453976013278e-02
1.784744012635145927e+00 4.102902339668224485e+00 6.482138405269340709e+00 2.348496539709925002e-01
1.607990625817594443e+00 3.983575550758756023e+00 6.342445532877964531e+00 1.619735640805525789e-01
9.384484653928298892e-01 6.652016899314491027e+00 6.651991210298333179e+00 2.900364969074125665e-01
1.071133039749061266e+00 4.444635481980352409e+00 6.633824647029025634e+00 1.264674313650991366e-01
1.695812379590592833e+00 2.399771824400127596e+00 6.527039354178621799e+00 1.590756905689078571e-01
1.663204239326834699e+00 4.108714518094151558e+00 6.205787866096488692e+00 2.319376871088031089e-01
1.303789598304246011e+00 5.263060386957682191e+00 6.175386623064415659e+00 3.418810952516047053e-01
1.459353932086580929e+00 4.914711049140439769e+00 6.428859411269592705e+00 7.288233944443803236e-02
8.667839257241840567e-01 4.719613440870987553e+00 6.452219936665176903e+00 1.000958267365001930e-01
1.185582083952232857e+00 7.017273356170120380e+00 6.230799389679467559e+00 1.927036743100504768e-01
1.436192198171568402e+00 5.791750667268926733e+00 6.463808777494036484e+00 1.047466691405297273e-01
1.427859592910512010e+00 5.906064217854437359e+00 6.520698286038031810e+00 8.491254259622769973e-02
1.066354279716036135e+00 3.571681592631579250e+00 6.410259145756503685e+00 3.028294013803003448e-01
9.059028884987065933e-01 5.727580271389514088e+00 6.386234099668485875e+00 2.434410687365264059e-01
1.621941945152210796e+00 2.830816650760416220e+00 6.430107123877699671e+00 6.009809603526453103e-02
1.731593029403137862e+00 4.610538892890835960e+00 6.420591884438324293e+00 5.621940836135007336e-02
1.108429546660216536e+00 3.382168373515020754e+00 6.454764471804948833e+00 3.721125253875116889e-02
1.457046672552171351e+00 3.169730650650612880e+00 6.403560622047927531e+00 8.737018649110743496e-02
9.211955414117763974e-01 5.173334574283432019e+00 6.534200786201753708e+00 1.444573707682934582e-01
9.671239797375927871e-01 7.813350835436751574e+00 6.419030572053034511e+00 1.030431318037995231e-01
9.123232306527024882e-01 4.102908406920440676e+00 6.333049681891989913e+00 1.669829747129370767e-01
1.182974559102699885e+00 6.067717720548888138e+00 6.464848875119732163e+00 1.071432864479453656e-01
9.719438835314168079e-01 5.612317243114705256e+00 6.546499067736950117e+00 1.899884775632628697e-01
1.025861523113664520e+00 4.977832930210173146e+00 6.482179490768783303e+00 1.240101970417734623e-01
1.319938114343516267e+00 6.408529855392478325e+00 6.370417477159042718e+00 1.785485709345470129e-01
1.004794839598956546e+00 5.455904178037119578e+00 6.439231098452953717e+00 7.037824966947546501e-02
1.182241735822575412e+00 5.868894142619467402e+00 6.239522780529309642e+00 1.477343619229390670e-01
1.287442651199729227e+00 3.502486497173781466e+00 6.527536265256966175e+00 5.874144920583874302e-02
8.793883373789922464e-01 7.839186060347016927e+00 6.374686639572129998e+00 5.575764541312626388e-02
1.210334621782273246e+00 7.754711913678679736e+00 6.514246935910580127e+00 1.469066569552669455e-01
1.547141910908738760e+00 6.376852946809413503e+00 6.420525331218288834e+00 7.758120548970956487e-02
1.056176394516594508e+00 7.849695854099365988e+00 6.554994535553431589e+00 7.659305747170802592e-02
1.157184224124751193e+00 3.415933863409589488e+00 6.473963303734632468e+00 5.665362021356645794e-02
8.321683255918584932e-01 3.493555397683336228e+00 6.417283303657719706e+00 8.612900610835574899e-02
1.370646780817043275e+00 4.231425666132166086e+00 6.538648744030378879e+00 1.514698986988455565e-01
1.082294548170470661e+00 6.841287793430918640e+00 6.602339450092662432e+00 1.230138433459261327e-01
9.815167565538333028e-01 3.894696974810292645e+00 6.406626700124586904e+00 1.210217819443623888e-01
1.387355220316852433e+00 2.664484205760357050e+00 6.571737351023191565e+00 1.569023378839630445e-01
1.088536867290934129e+00 3.029522953027105725e+00 6.422852091168507194e+00 8.768068467550883816e-02
1.618798527702416168e+00 4.989361625487213736e+00 6.517797482713839408e+00 2.073673968928236577e-01
9.741361731849886851e-01 5.908000324661506930e+00 6.526039150937816835e+00 9.937573660557549871e-02
1.002569551711033347e+00 5.026890565057339444e+00 6.419100636669211823e+00 9.845182603158786350e-02
1.789879056533581814e+00 3.413040240821726634e+00 6.484009390329651623e+00 1.439809000584424126e-01
7.968113154194010894e-01 4.646021643383443589e+00 6.487273739872898126e+00 1.332714701134257995e-01
9.144301517594041195e-01 4.839677778322628576e+00 6.532130543980620985e+00 3.670612879093677200e-02
1.227749118894384983e+00 8.621027771527090877e+00 6.452765664161756121e+00 1.519869575169807696e-01
1.737902533343010703e+00 5.286916291017186964e+00 6.492482831864779591e+00 1.096963350998428899e-01
1.356939442110370209e+00 2.959426105754483949e+00 6.286254004968691689e+00 1.552386961864011261e-01
9.974558389047500917e-01 5.910305168441236212e+00 6.459195314153009626e+00 7.226706814850371308e-02
1.573479803346577555e+00 3.940170169085809526e+00 6.356101557840059257e+00 1.055126926369951423e-01
1.398133306920175345e+00 3.866986050760846449e+00 6.271694175738168120e+00 6.910044168907333861e-02
9.574909444973002115e-01 5.882217475774457860e+00 6.387080815670066691e+00 2.318238535393412625e-01
1.204236965015179628e+00 2.586052834347748242e+00 6.682978392123322564e+00 9.726739089146421713e-02
1.377282313777004275e+00 5.213703617936674028e+00 6.496344954894937018e+00 1.092369856685125734e-01
1.247324276874692828e+00 3.338734734339095844e+00 6.549101701451044200e+00 1.167888696074410315e-01
9.980696761026841557e-01 4.595882950272736522e+00 6.439275265263415093e+00 7.080689061718435651e-02
1.174533662448277838e+00 5.214618091365156971e+00 6.418482033652200158e+00 9.443134594174198981e-02
1.053943881026533580e+00 3.293370978193553178e+00 6.460681221956711795e+00 6.472803802606336143e-02
8.943289837587555802e-01 2.879396029526353651e+00 6.532078305675814711e+00 9.948623175787532635e-02
1.247205751800311901e+00 2.913152277607506946e+00 6.642981387934870696e+00 1.127863107988639479e-01
1.562018755127277503e+00 2.912845404898895207e+00 6.364361539209450136e+00 2.486347610215461912e-01
1.671874580551529155e+00 4.636544229600279898e+00 6.334464477676093885e+00 1.629137494180274426e-01
1.378782381736761486e+00 3.408697398379189725e+00 6.401206345569023348e+00 1.718622238993759155e-01
1.277150128647698057e+00 3.695993478585774206e+00 6.539976853613765684e+00 2.515624466056600173e-01
1.228478859790905098e+00 6.760628589090627472e+00 6.459050082513746460e+00 1.384986546274193375e-01
9.154817727664595894e-01 1.008803549545585199e+01 6.659773447917118006e+00 6.151636799217463647e-02
9.225610029892641339e-01 2.870821519946903155e+00 6.217776847785824401e+00 1.764993845072383993e-01
1.184473876382200030e+00 3.291480577049970879e+00 6.362991992731865665e+00 9.099373834804150296e-02
1.598265382626368636e+00 4.085967746602492845e+00 6.518111844613176942e+00 2.869318307481023012e-01
1.361460778160791474e+00 3.394244052039025572e+00 6.416777210045442992e+00 6.995775284004036865e-02
1.063893170399493826e+00 5.186762843685798430e+00 6.426965483589879291e+00 1.636162562824571010e-01
1.296300850330407428e+00 4.764011978823219806e+00 6.509373597771819675e+00 1.557642074645881058e-01
9.229211416393159340e-01 6.833090380638005001e+00 6.269405753926768909e+00 2.383698053354166291e-01
1.217348673116883218e+00 5.648965134473948879e+00 6.401783763893583945e+00 6.421391345956559138e-02
8.893875695486993527e-01 5.133445391745295794e+00 6.418259079858669836e+00 9.878395325445915587e-02
1.355824813501163906e+00 4.838975887407970689e+00 6.619050589655374850e+00 1.175849067546867743e-01
1.179886126398201673e+00 5.381263659600978855e+00 6.407352090451738036e+00 1.806723751767483344e-01
1.253716155474922989e+00 4.025556432230644965e+00 6.275326911701638366e+00 2.512755437686046700e-01
9.565833986649682208e-01 4.257227759924458788e+00 6.466362676527070974e+00 3.249408969137280306e-02
1.719111921347748595e+00 3.136590841661730522e+00 6.367328196196702983e+00 1.968399924109420496e-01
1.121365251613800851e+00 4.234826323338511500e+00 6.547823760878548782e+00 1.085360740114774819e-01
1.237805621259295608e+00 5.969249534029925641e+00 6.238880324129891797e+00 1.327185884488824019e-01
1.087641258955480028e+00 2.923193024094760339e+00 6.765122399116279439e+00 1.904286554549439181e-01
1.328376312547103311e+00 4.322429732342995656e+00 6.403846458689771204e+00 8.584505649010679140e-02
9.934442460876109493e-01 9.427992312648630246e+00 6.431405693628841291e+00 9.631219927290801675e-02
1.257541751247585049e+00 6.009223095437312701e+00 6.410290825858257158e+00 1.402110077132664723e-01
1.488540090299479202e+00 3.536584937727905054e+00 6.518928270070026620e+00 2.034337626065631788e-01
1.610922843110068392e+00 3.405303811058982166e+00 6.621298811752814650e+00 7.551298504623875363e-02
1.454685177253697725e+00 3.893749505690420776e+00 6.471196006127869715e+00 3.032746225615867708e-01
1.125607410204279457e+00 4.047825093602758884e+00 6.425023591369344089e+00 1.092042508077818441e-01
1.521460310754091383e+00 4.859688300788453930e+00 6.345467262268156716e+00 2.558175136233296620e-01
8.914475604985454549e-01 3.436565332992886468e+00 6.276573734139707206e+00 1.705329997311619827e-01
1.369606398890217180e+00 3.383081751550331973e+00 6.621113172317516948e+00 1.397751623456215953e-01
1.272061735570861440e+00 3.846434833947493637e+00 6.458806799684085220e+00 1.006239855681078793e-01
7.123613499694383400e-01 5.282774684328281012e+00 6.545706925776774376e+00 5.760738856017864895e-02
1.275005268673619296e+00 4.193122057068429775e+00 6.462254535892927976e+00 1.845218393145990621e-01
1.122754110447863551e+00 7.488804573197596071e+00 6.453394543401687500e+00 2.583713357448591541e-01
1.218744210228505764e+00 5.191451771364262058e+00 6.327469033782452179e+00 1.958268256096105109e-01
1.592054426621763108e+00 3.298985442939517565e+00 6.440146066959036908e+00 1.501948763261359843e-01
1.210635403495118556e+00 4.719016666225067880e+00 6.269805461646942746e+00 2.569014629148753115e-01
7.435264162834563928e-01 6.239331215948728193e+00 6.429004910590960797e+00 7.474498968482364003e-02
1.067377274285647548e+00 3.850921712606416136e+00 6.442843393947057073e+00 9.388294313307726791e-02
1.094906776681584093e+00 2.812365654380048596e+00 6.494000086037658548e+00 1.460070289613384087e-01
1.258158932182939171e+00 3.728262790316679176e+00 6.293983240041023386e+00 1.481650361667778415e-01
1.061211263365188007e+00 4.184708674537659157e+00 6.341533007616296125e+00 8.789483791978583427e-02
1.324477510017851856e+00 5.405066670051542843e+00 6.386995305565038805e+00 1.188139632444588367e-01
1.239241965532682954e+00 7.279777418705133840e+00 6.488224790865675828e+00 4.122260879087197988e-02
1.030041314156072918e+00 4.766527433028811878e+00 6.400509527009035082e+00 4.480400810200879658e-02
8.598000873425083457e-01 4.641552100166414618e+00 6.531007081595267216e+00 2.055199058219280284e-01
1.446817220233401091e+00 5.843367494153975272e+00 6.435052678378504254e+00 2.173651286305335883e-01
1.440056713074233441e+00 3.751661274461499218e+00 6.639609117934551996e+00 7.887923992498348247e-02
9.194254647358408583e-01 4.645036557201598804e+00 6.413251746921359242e+00 8.037253029380654612e-02
1.058548232797799749e+00 8.622906700484747944e+00 6.467100007744549295e+00 1.007125398488647600e-01
1.063360923945636971e+00 5.417390339245300446e+00 6.486446203660236165e+00 8.795260763644906221e-02
1.047207024690225197e+00 7.195279360245044664e+00 6.615433379290990956e+00 1.435011611152099409e-01
1.101278189696514476e+00 4.189188592278981105e+00 6.579597291129834602e+00 9.642712811750606128e-02
1.139931642994252758e+00 6.242785574311027652e+00 6.395909961669043575e+00 5.967021196380807579e-02
1.111989849779337236e+00 2.132076376518051930e+00 6.545924242508598390e+00 1.544631898227846467e-01
1.639518818616439555e+00 4.508297186499874876e+00 6.374743241632485180e+00 9.244859213031095257e-02
1.604138397447686160e+00 3.249576595157966707e+00 6.539577458774189722e+00 3.204906649867129975e-02
9.298699745827453400e-01 7.832897043349046129e+00 6.494594441504029980e+00 6.348616577692152430e-02
1.041124802510589920e+00 3.653373772761029592e+00 6.438769852030663543e+00 3.131906658910409147e-02
1.260240579038158559e+00 3.676485311039889847e+00 6.086627372489997967e+00 2.953064886463785399e-01
1.120015125572801917e+00 3.324685562949727391e+00 6.668246577382443974e+00 1.421724072186466015e-01
1.147440373791718704e+00 5.417819766421088090e+00 6.603981118619065782e+00 1.638586973225004961e-01
9.624292544294731355e-01 5.696536297420950135e+00 6.595319149565907146e+00 1.803424142185647006e-01
1.306551423454682448e+00 3.965526166652321383e+00 6.417477008618900136e+00 8.788484239981819712e-02
1.074587417349765595e+00 4.259473075199808889e+00 6.540338683339116166e+00 1.686429993197423871e-01
1.050952669884131607e+00 2.943848236391977125e+00 6.592499329419900356e+00 5.790585011896384748e-02
1.085866318363565064e+00 5.630975733180463294e+00 6.403880926982338018e+00 1.178100994727253464e-01
1.117894698052406266e+00 6.445143128064844795e+00 6.471017538299186356e+00 8.527653496744413975e-02
1.481445496854805643e+00 7.691979413708224911e+00 6.416937913179999953e+00 4.096264884779998727e-02
1.074307482718500406e+00 6.388264445726735907e+00 6.671956918829002880e+00 1.598948090944873335e-01
1.069010062904374614e+00 3.287940892275362792e+00 6.460732579966530942e+00 1.009755319443627203e-01
1.586748171149994668e+00 6.924786904388536612e+00 6.323379151142879628e+00 4.816281779352528380e-02
1.461200823913198388e+00 7.058055630755076137e+00 6.466174387799960677e+00 7.406668508211478041e-02
8.480293208443533404e-01 7.318933071962931969e+00 6.423376553675090861e+00 5.747682451752314514e-02
1.330197637866228799e+00 5.146340485325861636e+00 6.195159545199947715e+00 2.036294932188801032e-01
1.582328645358471508e+00 2.789538804547387230e+00 6.404416818483350760e+00 6.312512241803910906e-02
1.462014268893543356e+00 4.781349133806257257e+00 6.410359799998098573e+00 6.501338645526960613e-02
9.779868397300301996e-01 5.475871254813311495e+00 6.244803610348611755e+00 1.559799548099522759e-01
1.234209832891246306e+00 5.368643241634787344e+00 6.424988894301022491e+00 1.137871331408663728e-01
1.171209140188416153e+00 1.065603560736339439e+01 6.631663176431709772e+00 1.730574890070356586e-01
1.239113656780492567e+00 3.594234269377110991e+00 6.510305396611386186e+00 3.970243333251934070e-02
8.713321948794084948e-01 4.719681370879674098e+00 6.524766223459288028e+00 1.810578834226565514e-01
1.028680586423371235e+00 4.692878855778745972e+00 6.779666613587335355e+00 4.634835263931118554e-01
1.328293491414825889e+00 4.410795534456083189e+00 6.232116403963689599e+00 3.002368488793760726e-01
1.549096825350022577e+00 5.504114320391076731e+00 6.496301028120055499e+00 4.514613060675642942e-02
1.059632540155121205e+00 7.170232268125531050e+00 6.306052226072571543e+00 1.113853870679826080e-01
9.329959907939371355e-01 5.901039371222816854e+00 6.756061042840868502e+00 2.904358893327528279e-01
1.197260463787807483e+00 5.654786410426939192e+00 6.303670111971904078e+00 6.901534662323741132e-02
1.371425845542683097e+00 5.258666003877690009e+00 6.491099027368893104e+00 2.824867154272034386e-02
1.168238811661467036e+00 4.888887728511938313e+00 6.410874866454801868e+00 9.176982077290668505e-02
1.233534357946180160e+00 4.469683969837699777e+00 6.419760412547120154e+00 1.121949017317114411e-01
1.262625543163419017e+00 4.012913397641826307e+00 6.482477351906187124e+00 1.566882393090117676e-01
1.352960340851711241e+00 1.177805162425048380e+01 6.391867381792602387e+00 1.181104470676767604e-01
1.012892620365693608e+00 4.170583819425822902e+00 6.669644772499141006e+00 4.525681851491278884e-01
9.887583765622338650e-01 4.509355622912748274e+00 6.438001934255263237e+00 3.327624303125940874e-02
1.028284270332362027e+00 5.588873621272036907e+00 6.552239442580091833e+00 6.604992560419281622e-02
1.426296332827809543e+00 5.216302590903311831e+00 6.540302285753320177e+00 6.566344613745844772e-02
1.281493219793831573e+00 6.273549099729319067e+00 6.269265179754924588e+00 2.004637549998427859e-01
1.105286065560307396e+00 6.685393760656562101e+00 6.599291622419152681e+00 2.551760726980210614e-01
9.995945257426450681e-01 5.333379820283453476e+00 6.470874034714525713e+00 6.515780688586073066e-02
1.279157926226624387e+00 2.461259715037032336e+00 6.345486628606369806e+00 1.186295433577347902e-01
1.320036979225244433e+00 6.620151980264219915e+00 6.328271510261347821e+00 8.752288948354516873e-02
1.270218206446159570e+00 4.675555163621663013e+00 6.334623098927420592e+00 1.636633327282659145e-01
1.119206014041721486e+00 9.886052011297129738e+00 6.450872831389358630e+00 1.301674007999487626e-01
1.121812844143376120e+00 7.302130726852705145e+00 6.313524639280763573e+00 1.698028138967820899e-01
1.121875902683681536e+00 6.810236924439263539e+00 6.528960098413162605e+00 5.631318256870919414e-02
1.087381945528017591e+00 5.491593571306645494e+00 6.300247905986793739e+00 9.111151992612268047e-02
1.200295855717151028e+00 5.228409267404390270e+00 6.418857152665581545e+00 1.659576199424248610e-01
1.314944559310305960e+00 4.364739583225863306e+00 6.459155680764826712e+00 3.675340576995379804e-02
1.143957804999479855e+00 4.519906204300090380e+00 6.424918347961436460e+00 9.161616820256979210e-02
9.963037219440052938e-01 5.229116321734570860e+00 6.593897898491323240e+00 2.357030275052925949e-01
1.147348998090010674e+00 2.779308831235401733e+00 6.554393660049352199e+00 2.018601060369359101e-01
1.682787350768957912e+00 2.575260875270775074e+00 6.140443899215189738e+00 9.596479707254779168e-02
1.192454485748984272e+00 4.911179954982102913e+00 6.393069706389946205e+00 1.017851303328305007e-01
1.071418344811660761e+00 5.936077850415506951e+00 6.459034143512483617e+00 1.457485608624012885e-01
1.332214563569842136e+00 5.817772266788780122e+00 6.291341738367009384e+00 2.552742610875472495e-01
1.054101029985953453e+00 3.836819813450825567e+00 6.465208184199880748e+00 2.012686392873311303e-01
1.346817287607577907e+00 3.591636045170298885e+00 6.544187258585343336e+00 7.390858248960831267e-02
1.219379461065857484e+00 2.987869727756542915e+00 6.476835764633499082e+00 1.376588955048439200e-01
8.444200900447038638e-01 6.261201389849857080e+00 6.714128069530064025e+00 1.773258531816725991e-01
8.330504933928165601e-01 4.084101502326019428e+00 6.573289684810217359e+00 2.393805027578683742e-01
1.006181342201860396e+00 4.881910477540786886e+00 6.537392595846930554e+00 1.380995640191660934e-01
7.035878977162546288e-01 2.999680923230986007e+00 6.759388621956953003e+00 2.105796234482543716e-01
8.880725494233027151e-01 4.111969904316301161e+00 6.578218203072830228e+00 1.023599772143690967e-01
1.066355566239697295e+00 4.334788231893281107e+00 6.534332372196656635e+00 2.141458852742396668e-01
1.223841476390670646e+00 3.128386432732106037e+00 6.466970836458187932e+00 2.651967801542921555e-01
1.862585128428232650e+00 5.047263576457734047e+00 6.669012601680559982e+00 1.158004116716371268e-01
1.210007987799872620e+00 4.169667591512402183e+00 6.322847350234292563e+00 6.558079965158068736e-02
1.183168263440443457e+00 3.748156086240937768e+00 6.204445518260595094e+00 2.812222417635863447e-01
1.344594243166217673e+00 5.307505363709984714e+00 6.375715598919590832e+00 2.047526731945688017e-01
8.696109967806578966e-01 4.934739108388395579e+00 6.207837230833106013e+00 1.385745067527761609e-01
1.077789595039838844e+00 5.558326435911187247e+00 6.450752783412498914e+00 1.944121867615364319e-01
1.040269294366174213e+00 8.077730487004517457e+00 6.570440929770895444e+00 1.479473300735104080e-01
2.018030320866261995e+00 3.476934194583752635e+00 6.474004591988442137e+00 8.348910248189864158e-02
9.990527991989421874e-01 3.979261673510396946e+00 6.753105877810685165e+00 2.566309411351829217e-01
9.489134134469885407e-01 5.790120141431108536e+00 6.517385818200576608e+00 7.495230893784948778e-02
1.974978105137044748e+00 4.029779677541379890e+00 6.410899017968528568e+00 9.009888432865589825e-02
1.272987122968078033e+00 5.632883340617090617e+00 6.539748101473025876e+00 1.001454640709671939e-01
7.918292601732489500e-01 5.549167806905246358e+00 6.488288771783001785e+00 8.543110532559772263e-02
1.027861155364238943e+00 2.350280182140835450e+00 6.535529819109693328e+00 4.941446890403836806e-02
9.374582032360398998e-01 3.843560711764644644e+00 6.542107947052645756e+00 5.895738331903486312e-02
1.911483250814921098e+00 2.955586827127456573e+00 6.424541339855570854e+00 6.990525834807609362e-02
1.045032236440654794e+00 7.619490182313334081e+00 6.283090571433638694e+00 1.516615136552532939e-01
1.598645719071216442e+00 2.860269400259467965e+00 6.434722476257765500e+00 7.699826978709037317e-02
1.161368384484800176e+00 4.218746010704501614e+00 6.457075474180568264e+00 9.034841665707173120e-02
1.101304440774430571e+00 4.355186393827881197e+00 6.327300330118440286e+00 7.244204089149762493e-02
1.672565476289976871e+00 4.212429734543295723e+00 6.506853799871060495e+00 5.942434444436253682e-02
8.067702263898293147e-01 6.356564593750054115e+00 6.549160410280269851e+00 2.961002039757660853e-01
9.920557114972814450e-01 5.719386296490611699e+00 6.595501413003688640e+00 7.572192565576538192e-02
1.464088173012813243e+00 4.646664603610964228e+00 6.558286439919863930e+00 2.390483650602742427e-01
1.392081156587695379e+00 4.959067912960025915e+00 6.542715622321335189e+00 5.605088284963543471e-02
1.179203990184362505e+00 6.934763033973140089e+00 6.498371368753788069e+00 9.458216077835790436e-02
1.251580321140665530e+00 6.562039890436095924e+00 6.436483160917490842e+00 2.429851179181027609e-01
1.147186025474870474e+00 5.502194910968731811e+00 6.535825796013104316e+00 9.851469872891864543e-02
1.377722539785648070e+00 5.168436279824689450e+00 5.984421397795989250e+00 1.890510081797056874e-01
8.788099204305782619e-01 4.784823017323748928e+00 6.537595502057429009e+00 1.842592153297063218e-01
9.130235982480821022e-01 6.621206772837869181e+00 6.455467873635913456e+00 2.089736503632515507e-01
1.395293049393212526e+00 4.155619533053100945e+00 6.420523741845329369e+00 1.172591090905323874e-01
1.064137135518959276e+00 4.356288046351936671e+00 6.563413219995005932e+00 1.523723142951246834e-01
1.656578106211994417e+00 4.022520224347494455e+00 6.274984654522526739e+00 5.760992575645686870e-02
9.251338175128621666e-01 7.280175883430670680e+00 6.578649465420754794e+00 1.145957912830350978e-01
1.007201956316702729e+00 3.393933377590429679e+00 6.429570267961656427e+00 2.009578247196545375e-01
9.143557453014536929e-01 3.483448904698961179e+00 6.429075384723355491e+00 1.232312253610422514e-01
1.526587377650063138e+00 2.378591440349427266e+00 6.335523511403398089e+00 1.038599257477899884e-01
1.996000116083011866e+00 2.846375329957187450e+00 6.601964514175348242e+00 1.012587093998970206e-01
1.392604601174976420e+00 4.966390867679630006e+00 6.792854497830975724e+00 1.799908385829877555e-01
1.001092361397950103e+00 4.702806870585109600e+00 6.441214021781563659e+00 9.929624135605702451e-02
1.571934108982256717e+00 4.297934326479701639e+00 6.722881556251132373e+00 2.376838981240127213e-01
1.149504001000783759e+00 3.675119453036789885e+00 6.534237033807698936e+00 4.566143090840328600e-02
7.324575510060232775e-01 2.940680191674170274e+00 6.450770102626759872e+00 1.018948150950066134e-01
9.793613434499023329e-01 5.627691464274566790e+00 6.422886442411162911e+00 1.478415097660609467e-01
7.739993522961461370e-01 6.744031438140748236e+00 6.295609398203787066e+00 2.452343658998257792e-01
9.025030175452095627e-01 3.567926006156406871e+00 6.172110085789789480e+00 4.210516182494045134e-01
1.178084672673874289e+00 4.911130856828492597e+00 6.459114919838486735e+00 7.575847453220531380e-02
1.328870563501743263e+00 4.870286634861219710e+00 6.438855594947580308e+00 7.195087909512895563e-02
1.312767037168879547e+00 5.279770694425551802e+00 6.201834359635035376e+00 2.133487125154441000e-01
1.236144763895717924e+00 3.804874994164414215e+00 6.134484392873555514e+00 1.734393554066080700e-01
9.853123239290237922e-01 4.329066092482245942e+00 6.439683678438275827e+00 7.386310898491932342e-02
1.199005559598019133e+00 6.081455912912270279e+00 6.489236571337966275e+00 4.768340747926726186e-02
8.762626829241511039e-01 5.447235852839642511e+00 6.430931739878039899e+00 7.215217640274459998e-02
1.242204178702977835e+00 5.283579426345166752e+00 6.491800503596494742e+00 1.039048117519707354e-01
1.053280264780247277e+00 5.710250074948131527e+00 6.481499007981220473e+00 7.703342210511257560e-02
1.015063401653653496e+00 5.254071084066965547e+00 6.428911709835682053e+00 7.065081094284762775e-02
7.401629794087863923e-01 5.403268723094143411e+00 6.445241063340765741e+00 6.211328907216791956e-02
1.184863663546780410e+00 6.671272218720431191e+00 6.509017639697548319e+00 1.729760588051865722e-01
1.168536513396678078e+00 3.245959232196931943e+00 6.387845735070033726e+00 8.951063695880057125e-02
1.153349124427756500e+00 7.366142971556641328e+00 6.548945214800055759e+00 1.115786230237599680e-01
8.522795327289380829e-01 4.606813496995851409e+00 6.457820990614974832e+00 2.066081917286837766e-01
1.095432129386384235e+00 4.528295342152658165e+00 6.264409784396512748e+00 1.450232279943352298e-01
1.390303124895826414e+00 6.511696477218280599e+00 6.208626405037833251e+00 2.333109154249211337e-01
8.444200900447038638e-01 6.261201389849857080e+00 6.714128069530064025e+00 1.773258531816725991e-01
1.306572453533511702e+00 6.267899656821023235e+00 6.456707512306440577e+00 7.826473636154387958e-02
1.029229790810629819e+00 1.136518338293826247e+01 6.379602638477108734e+00 2.646089330523195698e-02
1.252646695004103083e+00 5.297846095788835363e+00 6.416547447786694391e+00 8.621208381805134380e-02
1.042723235373434587e+00 3.697381231094326814e+00 6.436740184394733610e+00 7.119379970774449007e-02
1.081321164260843348e+00 7.910520397098209422e+00 6.536869112221776135e+00 1.473037633652664047e-01
8.382991801964472245e-01 5.430653319537907642e+00 6.476052312399856348e+00 7.959919733744955095e-02
1.019678610883826275e+00 6.517332948495870859e+00 6.237780265415011627e+00 1.351239547469922087e-01
1.357096172828418323e+00 3.910293002553003827e+00 6.308309518070592148e+00 1.010438278848140442e-01
1.451130588722361336e+00 3.420693360020708784e+00 6.765106740373332705e+00 1.536055838194828327e-01
9.397054630418019139e-01 5.783397463081240808e+00 6.483595882644272557e+00 6.426131698278361726e-02
1.188088371527882270e+00 6.071164251866471240e+00 6.507439686431323089e+00 7.070255393428642732e-02
8.925484239365842898e-01 1.095210705767211223e+01 6.434541186830856851e+00 1.478686501937831188e-01
1.460154042712384470e+00 6.945483291952658789e+00 6.427797336783704019e+00 1.065238086391078615e-01
1.163278850844954526e+00 4.165117165773675190e+00 6.118794427343530629e+00 2.094111123703220889e-01
8.556144301388400875e-01 5.911785411069746310e+00 6.525470279345551461e+00 2.023908536415302828e-01
1.323022555042701054e+00 4.471014549586850961e+00 6.480477997526985057e+00 1.743972050588323552e-01
1.395652358910267399e+00 3.279429845997386295e+00 6.551781691686850984e+00 2.166268164167107213e-01
1.092158434745627904e+00 2.899087920851308287e+00 6.534946094174988396e+00 9.925195324579261236e-02
1.499038664684184896e+00 5.706001430245931871e+00 6.522269426652838931e+00 9.517386034746319612e-02
1.376056043989126509e+00 3.016206445489339583e+00 6.485088438397326627e+00 8.009099101169817048e-02
1.257954134555586023e+00 3.931266804388127589e+00 6.475649117712623415e+00 9.322015616189645304e-02
1.086014279550447270e+00 5.114311084438148747e+00 6.471554554665140735e+00 6.857911408162511990e-02
7.808231003070148502e-01 4.052422349978224148e+00 6.496400788796207415e+00 4.089718040708566205e-02
9.684265422844309246e-01 3.902106513957870781e+00 6.392927476135866982e+00 8.508748572333743598e-02
1.495944744117005731e+00 2.816098777007963960e+00 6.597629147794371818e+00 1.178247265420556411e-01
1.198326139676839208e+00 3.530971115763507306e+00 6.469267320188388126e+00 2.561169968930458035e-02
9.636314297788374228e-01 4.498158265023588953e+00 6.430674374932662474e+00 9.838343458094872540e-02
1.011164819007094318e+00 8.464455835629433267e+00 6.523068264615480949e+00 1.351043400544245376e-01
1.222825677025010327e+00 4.306391268428268582e+00 6.356789733202842463e+00 1.688050406502100698e-01
9.579690751507299318e-01 3.955321164425263269e+00 6.413011187991088491e+00 3.933669181477231908e-02
9.926203098123881352e-01 6.257592166911734921e+00 6.442079045761675005e+00 1.103465038968768491e-01
9.875478370226316027e-01 3.436142966381529718e+00 6.311947585609885003e+00 2.266816931584917372e-01
1.167370237246293962e+00 2.485477651315246561e+00 6.602308317909818314e+00 1.285854220939705028e-01
1.243878337574257253e+00 5.316368621016481555e+00 6.402345023328034124e+00 1.607098407090314096e-01
1.131514960312137941e+00 4.598432975527773969e+00 6.398548368947273524e+00 1.297668702782246442e-01
1.352343827941741683e+00 6.774204220278138067e+00 6.474081378548123489e+00 4.893003670618880502e-02
1.397713240217049124e+00 3.375516721446198964e+00 6.344584028132182141e+00 8.092916873832449454e-02
1.180319990403581265e+00 6.123717938008698347e+00 6.471367801137985154e+00 3.051084946962376657e-02
1.368094971662902282e+00 7.196129604811442704e+00 6.450053240726539627e+00 2.956331178646554730e-02
1.044044480140713826e+00 4.397351074822962502e+00 6.348063642031691600e+00 6.370030984638055949e-02
1.243998682440226489e+00 6.950064553777578702e+00 6.451796688314375139e+00 8.775535577483024874e-02
1.077284843999970487e+00 3.718760696987844394e+00 6.384388773502727155e+00 1.119570940558235056e-01
1.277439824699028614e+00 5.130655991065775190e+00 6.518803684248532626e+00 1.256406870185298452e-01
9.395370497207832239e-01 3.993966483982772875e+00 6.430942344958586965e+00 5.647833257332274259e-02
1.248854095889625704e+00 4.293832892513745669e+00 6.529135162532436532e+00 8.720227717701445336e-02
7.687974187856438935e-01 2.147596059292885773e+00 6.418286710172381504e+00 1.119153184886870489e-01
9.256498809170415898e-01 8.576610483490192394e+00 6.422920195091385231e+00 1.095662614230077936e-01
1.134063025586537599e+00 5.371587355087941162e+00 6.438042827483749342e+00 8.106043423201306219e-02
8.913986265321016678e-01 6.309228615888686775e+00 6.548366193111909261e+00 9.477106852213515453e-02
7.902994333663421189e-01 5.577142007504545695e+00 6.412384858571669177e+00 1.372051163277994423e-01
9.999769766203975285e-01 7.334357652985372233e+00 6.644999514479442482e+00 9.069422228129785102e-02
1.105318300057651859e+00 7.887738384507041012e+00 6.530683515522916593e+00 6.819679011072607433e-02
1.305985823363051690e+00 3.559450246669682461e+00 6.497269424750176547e+00 1.141955216201367834e-01
1.856448045913124956e+00 5.068319698839450993e+00 6.699243506044434859e+00 1.344306344817711441e-01
1.480169191356781155e+00 3.364491263590311032e+00 6.550585237272304795e+00 1.143657196546017385e-01
1.327974000221626705e+00 3.067768582778484188e+00 6.601041894748490790e+00 5.058894352893475443e-02
9.875692950616412613e-01 2.750351269109582830e+00 6.630523730899031243e+00 1.169934057904937763e-01
1.115850163525147654e+00 5.886854410129611637e+00 6.444037981836310713e+00 1.620414980413218409e-01
9.917874784450372294e-01 6.155396087470852429e+00 6.487602087697308839e+00 1.095544881217338229e-01
7.981480380335447267e-01 5.652572899790131444e+00 6.398487342868674155e+00 6.409931951099574754e-02
1.186135982621534080e+00 6.623209248227362345e+00 6.374434713390183305e+00 8.842645888796205056e-02
1.050703410154907758e+00 6.102646360023184613e+00 6.475120516636288848e+00 1.163116880243716955e-01
8.866751102457461897e-01 2.932837791290271667e+00 6.457357991761869087e+00 6.187144913472400476e-02
1.551886021855773734e+00 2.897353332661943170e+00 6.489452834800373715e+00 1.127604906839897864e-01
9.491683165899462704e-01 4.282890793350777159e+00 6.736407209324210221e+00 1.131955983054911546e-01
1.299546271332105540e+00 4.921553766820677467e+00 6.226063838399868544e+00 1.624042207383701863e-01
1.078671010169772293e+00 1.005745102421870385e+01 6.582290777403986048e+00 9.197341850838543220e-02
8.733852155570741571e-01 3.533693057094086321e+00 6.411479118884579442e+00 1.708847627615499576e-01
1.139556985761323027e+00 3.736313842484364933e+00 6.335920765911770225e+00 2.923383406783658378e-01
1.308304144693934523e+00 3.703152469895934829e+00 6.378125374355470001e+00 6.273061806926731598e-02
9.184265363598898002e-01 5.924768046423382728e+00 6.450917896800071105e+00 4.061781464242725237e-02
1.013081609985276632e+00 1.023462157180034104e+01 6.489378693462823477e+00 1.165180139905717255e-01
1.420037445641436857e+00 2.716367666082868837e+00 6.504366549339140491e+00 2.381235646880594872e-02
1.095011097671646727e+00 4.287413636545647222e+00 6.497134892757342683e+00 2.711496031621151159e-01
9.142368284519380994e-01 5.545002335203914612e+00 6.490755628910138242e+00 7.983277621338406849e-02
1.268426698851429890e+00 3.737975011359580879e+00 6.444671692759741610e+00 2.266016990480337334e-01
1.357512700705360897e+00 4.743899150102879325e+00 6.374910847060387020e+00 7.912638541700789396e-02
