# Hierarchical MCMC downsampled to get 500 samples: alpha, mu
1.922505391774297356e+00 2.979339244434811018e+00
1.959216722879218997e+00 2.228763081413053904e+00
1.764283809427231731e+00 3.019995119781057724e+00
1.521427743440159741e+00 3.000438207317107420e+00
1.494597924532172550e+00 2.091866960432608558e+00
1.335454783953142321e+00 2.832792863806333994e+00
1.698232396469914640e+00 2.513673777868372650e+00
2.222220682938768288e+00 2.292726514854544817e+00
2.019946104082686045e+00 2.596484392300573596e+00
1.749166781630147716e+00 2.929981825357006464e+00
1.909485049081981911e+00 2.974601052278199376e+00
1.669031913501396236e+00 2.279350926600667293e+00
2.263756968572451012e+00 2.654394194884693192e+00
1.787167561450457631e+00 2.860563507189850974e+00
1.649404667035987204e+00 2.554744763997855550e+00
2.265726922186670489e+00 2.361352530061604060e+00
1.775767026248940450e+00 2.988850342048165132e+00
1.419512809161603162e+00 2.868051050592094420e+00
1.665735388087271840e+00 2.481166317161932255e+00
1.164578132483582662e+00 2.738598710024940264e+00
2.435196365566751453e+00 3.059855021999851488e+00
1.983377570444782689e+00 2.948327948110861296e+00
1.879528201489686579e+00 2.468394085725880149e+00
1.460380804963704371e+00 2.676791180645071933e+00
1.670656310115112619e+00 1.962183532842405986e+00
1.701988753691371592e+00 2.242522672879849743e+00
1.466464656826419688e+00 2.686672143260671497e+00
2.034118661658476768e+00 3.046632591441159832e+00
1.533170725455520689e+00 2.348735148424111241e+00
1.579148250089855932e+00 2.455107819352493337e+00
1.969193701042014633e+00 3.031168883834535421e+00
2.008995695465657150e+00 2.762748990501605828e+00
1.744875597663320566e+00 2.850004586358720449e+00
1.456402099242063430e+00 2.984163461095282965e+00
1.475803968507319874e+00 2.640392570584072729e+00
1.551244173353154787e+00 3.041580574472842358e+00
2.028909081223039035e+00 2.980708905852117674e+00
1.295223927362838090e+00 2.734626041885083403e+00
2.144258005980202775e+00 2.810584699427906674e+00
2.124213663788955930e+00 2.834721160493336001e+00
1.582849257114653962e+00 2.116543556260620296e+00
1.365314887292027990e+00 2.645946518547034110e+00
2.315695839273868906e+00 2.900355164458245483e+00
1.643100752567424605e+00 2.374419051635152211e+00
1.744872776314326801e+00 3.011946325586000839e+00
1.752026214308970653e+00 2.731084396613379539e+00
1.018111743584109385e+00 2.368683736377568128e+00
1.592983218956988356e+00 2.482647802252640368e+00
2.113335800989665891e+00 2.823475480416156813e+00
1.317932462262346061e+00 2.687762924624429672e+00
1.569208686612324044e+00 2.940040278308728272e+00
1.254160720142687202e+00 2.953790993945210275e+00
1.793918642441397315e+00 2.978759650370756518e+00
1.829553125814058934e+00 2.659724553816019466e+00
1.541944004819590708e+00 2.822599175415201334e+00
1.776555953945603727e+00 2.645211382053016536e+00
1.865371389057118190e+00 2.957815818557506748e+00
1.229613100145851234e+00 2.584314237693562610e+00
2.027662000685579002e+00 2.512768282245504636e+00
1.636015390516104562e+00 2.700190912817985289e+00
1.719932502366302352e+00 2.686784801560874847e+00
1.637854872860638800e+00 2.622480881649456474e+00
1.744469998887111073e+00 2.979274766673480457e+00
1.996432298863579646e+00 2.572086411563243136e+00
1.645624814927385771e+00 2.969195810968714877e+00
2.623792493121549718e+00 2.952643619316704271e+00
1.870467801129341412e+00 2.361324584066858634e+00
1.201939183694105795e+00 2.096098493436886478e+00
1.771913350650872632e+00 2.824871581800899367e+00
2.023353064768557363e+00 2.830976772900155591e+00
2.164629578689317047e+00 3.178114658281488758e+00
2.280989868072802018e+00 2.852912544359443192e+00
2.350515187454105259e+00 2.825286206666576483e+00
1.721345258133470058e+00 2.742383424302277994e+00
2.563779813009121611e+00 2.891220309409406664e+00
2.126499271673554237e+00 2.881798992349564159e+00
2.393070027187440552e+00 2.697378087830255566e+00
2.419966197832496224e+00 2.881980555412797518e+00
1.743996115007313996e+00 2.631503459894632524e+00
1.547804889686609675e+00 2.539326732038359680e+00
2.583413136502817231e+00 3.030205866391128655e+00
1.582312019413689486e+00 2.923165263861052576e+00
2.039598718365424279e+00 2.235102986887430809e+00
1.238455499578441366e+00 2.514971900471323796e+00
2.084280855292192758e+00 2.860239652484882544e+00
2.027650559843520828e+00 2.983280555236784259e+00
1.743414348708318906e+00 2.659494387662239223e+00
2.412944483734509760e+00 2.863934477847050797e+00
1.784972172377753852e+00 2.686579678670380833e+00
1.549016069032155718e+00 2.978813878210999633e+00
1.678224403653331143e+00 2.876666179035741955e+00
1.992586305293889248e+00 2.830106814860879894e+00
1.646961823579440765e+00 2.485933311563847781e+00
1.837085473223064813e+00 2.161934427011955151e+00
1.893871729042343244e+00 2.994080155966579948e+00
1.430242342517090703e+00 2.744542933322629441e+00
1.859634413000329278e+00 3.388550044799383709e+00
1.596648008890509729e+00 2.749986925499404489e+00
1.075165622330373383e+00 2.702911188114334173e+00
1.899910363313114248e+00 3.079021151354613739e+00
1.412469379041483730e+00 2.278497298275460548e+00
2.045535966366056169e+00 2.774223699536515042e+00
1.929346948887330493e+00 3.089010677333628330e+00
2.125905189460435718e+00 3.136328080985833822e+00
1.679759779174637480e+00 2.623074551451361369e+00
2.082126686662224557e+00 2.395517860720135062e+00
1.204519510314838726e+00 2.678061664468077918e+00
2.033426988133528734e+00 2.870097084575529145e+00
2.800650296821190821e+00 3.533009577289908609e+00
1.620756677085190223e+00 2.603908565503337602e+00
1.380740161489134143e+00 2.757515976428080329e+00
1.891623422112141517e+00 2.649937130166291510e+00
2.216268271081486052e+00 2.788383713293340449e+00
2.028360387447763369e+00 2.581916875291116575e+00
2.248452529265502875e+00 3.055885123319993291e+00
2.060025059540511627e+00 2.778271465712771171e+00
1.601608300239318217e+00 2.951351133500016211e+00
2.185911384443532501e+00 2.211874861619442356e+00
1.688357615588525373e+00 2.881313815697554848e+00
1.177763911707333300e+00 2.763074740400792706e+00
2.329910892768376041e+00 3.015660618084442746e+00
2.279590434380420305e+00 2.810992922694520502e+00
1.740509588859913359e+00 3.025135859036094388e+00
1.506476140427017274e+00 2.889032783671972471e+00
1.791825981610430274e+00 2.480908910348062157e+00
2.619071192799951486e+00 3.009180614241588447e+00
1.592322291687496394e+00 2.740009936721570671e+00
1.589098849956410264e+00 2.628786831549921210e+00
2.244246353871126587e+00 2.958495875867995561e+00
1.882225170308169160e+00 2.903501116895778722e+00
2.047749790772984468e+00 3.104259645786918931e+00
2.089238406853132002e+00 2.646480869458750718e+00
2.065081543162654576e+00 2.953690608996817790e+00
2.282471549561405855e+00 2.942562817388382879e+00
1.636525569853948259e+00 2.992680137942853147e+00
1.384858508399624544e+00 2.805885652535832442e+00
1.394000468559551509e+00 2.694236647709979504e+00
2.228406811252911623e+00 3.047328500972514398e+00
2.232249716328207789e+00 2.918287954254891847e+00
1.697742748392602641e+00 2.899178379438987374e+00
1.811777814270973730e+00 2.862587238244740817e+00
1.316970201194702206e+00 2.619858707977965384e+00
1.340237010671227802e+00 2.374952820788091667e+00
2.132501236713975512e+00 2.902168266309372857e+00
1.833733662380297780e+00 2.777704623371491710e+00
1.887914982016799748e+00 2.522574239426527143e+00
2.600505477028307588e+00 3.153326094479032005e+00
1.804886316276021585e+00 3.190091909038843099e+00
2.401986804623762239e+00 2.800155477985351915e+00
1.887334129460807919e+00 2.424648334999833121e+00
1.700935154981965791e+00 2.953634241976559327e+00
2.604914696789470518e+00 2.982721661981508898e+00
1.776268514434037105e+00 3.018367958187049727e+00
1.820335010908081586e+00 1.933806100307831288e+00
2.231268225603489697e+00 3.050837585798745977e+00
2.033201117443202310e+00 2.949769010791203350e+00
1.832936316819158806e+00 2.858418188814533689e+00
1.977474018781541387e+00 2.301320694764927399e+00
1.307476734724154710e+00 2.747244186972960911e+00
1.902653391192914656e+00 2.682933993334279954e+00
1.768704376344085061e+00 2.775618860985147318e+00
2.795715180810141032e+00 3.042570561208711055e+00
1.844684428260885412e+00 2.861873186956034765e+00
1.432359595304028899e+00 2.469377941478242189e+00
1.777440037688625241e+00 2.295616878303776698e+00
1.825107064663957335e+00 2.962248824865618246e+00
2.033712578387578240e+00 3.032123900117492887e+00
1.391459551074371248e+00 2.697632837390774529e+00
1.962468765243583046e+00 2.778722486429427541e+00
1.153967553086937992e+00 2.462872299441992485e+00
1.541289886878059345e+00 2.395477599779472833e+00
1.842365056463574069e+00 2.421569156870784223e+00
2.166349400284321547e+00 2.849754103480174994e+00
1.986354657896201470e+00 2.673552947326609530e+00
1.658766509349050899e+00 2.988576509556785776e+00
2.009445296655462343e+00 2.275689388799335244e+00
1.624489533628576066e+00 2.511035920542574740e+00
1.534980292661344059e+00 2.988209145346414797e+00
2.033863300105251515e+00 2.633914161644808072e+00
1.515755099697140729e+00 2.540299921818047757e+00
1.950611574436809992e+00 2.763310139634089779e+00
1.378094589863843256e+00 2.758264129642350682e+00
1.686061282927230787e+00 2.680055231335292998e+00
1.493355737652941162e+00 2.780950903287229270e+00
2.034128280229117625e+00 2.724391110953255701e+00
1.320014899092453620e+00 2.520844794206180683e+00
1.622875220059474710e+00 2.773701033365153723e+00
1.702716738547459085e+00 2.659634467813292602e+00
1.658855378642929423e+00 2.852886874223413916e+00
1.601656067813807649e+00 2.502543135328698654e+00
2.122796588104023829e+00 2.940093521600771975e+00
2.649061356404670331e+00 2.442930803181571520e+00
1.751410638614049775e+00 2.701629123842508751e+00
2.077967641892394912e+00 2.782265700708280054e+00
1.177429347248600822e+00 2.571787793382797283e+00
1.323082720977816873e+00 2.555161859630930010e+00
2.716366834134763764e+00 2.541852246044039365e+00
1.838901121245336334e+00 2.795612015641691261e+00
1.455567853866239991e+00 2.589629171159998133e+00
2.103351849751782687e+00 2.920105605127780724e+00
1.962214733709334080e+00 2.982741383184116302e+00
1.943517361985308334e+00 3.144803845849933222e+00
1.869659522935427365e+00 3.071275826885742521e+00
1.851086259996243655e+00 2.457398665064603804e+00
1.533321471672502989e+00 2.768940321366753388e+00
2.423687520990412292e+00 2.708773400318203350e+00
1.911164290933499155e+00 2.410165882712429930e+00
2.170224358597979020e+00 2.898329493464361750e+00
1.252280137110632019e+00 2.718476647928256718e+00
2.023407366195237422e+00 2.361664641949579480e+00
1.846934209824848017e+00 2.793686505628479200e+00
1.728831243037284970e+00 2.800095265229131769e+00
2.284836388781257277e+00 2.768691856470059776e+00
2.283585875238964835e+00 2.914867489737311690e+00
1.933693067931529619e+00 2.717202081217938492e+00
3.008884583745721208e+00 3.021434778982865943e+00
2.103728704697085838e+00 2.563055805156629230e+00
2.069063275845382854e+00 2.765188125745532410e+00
1.973415795303039788e+00 2.537028314113657590e+00
1.638131954792038325e+00 2.675013121088213985e+00
1.613168965778401631e+00 3.309093991429548964e+00
2.349537875715333790e+00 2.893613087682266993e+00
1.846305113957095401e+00 3.126022061136160879e+00
1.682386732641491633e+00 2.859588244748009878e+00
1.687898109722340223e+00 2.893263446881755296e+00
1.570117249150233985e+00 2.972579317836722801e+00
1.342029028229168697e+00 2.216149978595606918e+00
2.227585722475081909e+00 3.025654263874702377e+00
2.095848345399104140e+00 2.795611936979256917e+00
1.005090655584903514e+00 2.443249861789810407e+00
1.549498912490739455e+00 3.150269623860737056e+00
2.375945497070970802e+00 2.621574145301654557e+00
2.163975179355771772e+00 2.924196300241190816e+00
1.264124533568171893e+00 2.901883498385345206e+00
1.261033484043448727e+00 2.828120523301050682e+00
2.339639030568367417e+00 3.201176658928945873e+00
1.187133572140717019e+00 2.448068766540233199e+00
1.991585848272967807e+00 2.860168172378408702e+00
1.844222971291654245e+00 2.976498373852244139e+00
1.707642302505849141e+00 3.097446234075543092e+00
2.203122169362258465e+00 2.875675728465739933e+00
9.845704786301552325e-01 2.773465325713484031e+00
1.956959698272805026e+00 2.403550941374722250e+00
1.947004860803616122e+00 2.871287055757783424e+00
1.194354057117539281e+00 2.205398349534336333e+00
1.888724700460270967e+00 2.647635777708153615e+00
1.510310643339988435e+00 3.092193365686877637e+00
1.401998517214543494e+00 2.082341702065907629e+00
1.841123323696656433e+00 2.947329402424964773e+00
2.159482315568435506e+00 2.576609906600860089e+00
1.387525544505290975e+00 3.072368435033733025e+00
1.713710609781215588e+00 2.792377479866042567e+00
2.059922472054745324e+00 2.570342624874696114e+00
2.299421105827590406e+00 2.691607313937902646e+00
2.098746739191823085e+00 3.275266426951347398e+00
1.843556704753038789e+00 2.779733780771883822e+00
2.507533910035619762e+00 2.712153194825851266e+00
1.974751413333916572e+00 2.521109509663953752e+00
1.769256416244110008e+00 3.040482472269103731e+00
2.120467638316636094e+00 2.201185539061075058e+00
1.646836609963540310e+00 2.323065463097446770e+00
1.743965953828425564e+00 2.668636711641457993e+00
1.662815274796839216e+00 2.696523648612465962e+00
2.334408401937960509e+00 3.135869981224463032e+00
1.790040980330142473e+00 3.021965327437480919e+00
2.022849060629537732e+00 2.593348342419973918e+00
1.963129105055242407e+00 2.863761652672403457e+00
2.567616961495344352e+00 3.024961837459657854e+00
1.684717223724337298e+00 2.329692630168104905e+00
1.470072200727600142e+00 2.871942894740301622e+00
1.578380401336455297e+00 2.181784925076872828e+00
1.319384634316467464e+00 2.399015526542161325e+00
1.497945144333413747e+00 2.269446055192413603e+00
2.362365130957509773e+00 3.034801822707365648e+00
1.681528818896093069e+00 2.869283880963791500e+00
1.619578277469979177e+00 2.346612355813924022e+00
2.212118577961717847e+00 2.549346736480206488e+00
2.015698445593295141e+00 2.882233534598277025e+00
1.147896388444644922e+00 2.754007003404792986e+00
1.348609709276182178e+00 2.558306938117833162e+00
1.511212494411340534e+00 2.159586960586567628e+00
1.823736888314916760e+00 2.761353955899847890e+00
1.547939686064460307e+00 2.873044822670804521e+00
3.188776134153933572e+00 3.231560055974002310e+00
2.322050378927527969e+00 2.509902559306560477e+00
1.929252144388404533e+00 2.937682257806384367e+00
2.470253516957391593e+00 2.981652764355677387e+00
1.883487903555614018e+00 2.972964654040985089e+00
9.935680712650559743e-01 2.698412786810852282e+00
1.691602116618718288e+00 2.928321357610478959e+00
1.310350396799481176e+00 2.701704931857996428e+00
2.149743571077773918e+00 2.833025614397389980e+00
1.837293065261747627e+00 2.911320481708529861e+00
1.841488954322237026e+00 2.759697413333878746e+00
1.604764501330018467e+00 2.434606530466468133e+00
1.474195343614489451e+00 2.463356984333575639e+00
1.758258706490692713e+00 2.751534551683015639e+00
1.964719395251837142e+00 2.966415490984164016e+00
2.009378489343575769e+00 2.987962859644551106e+00
2.334184069483862256e+00 2.255896684494063553e+00
1.246798975310045021e+00 2.772633686047538681e+00
2.110680710621829714e+00 3.269929330749627994e+00
1.887888037670495844e+00 3.066504750175873539e+00
1.824606684672016588e+00 3.138533916372149957e+00
1.774109013976423510e+00 2.771244560036669746e+00
1.523978542733520847e+00 2.860357111847296352e+00
2.346929963682311993e+00 2.862683282742713775e+00
1.481684364049712599e+00 2.557238908971669833e+00
2.045275017785667337e+00 3.021904784558969492e+00
1.927319786860326012e+00 2.992745940724708564e+00
1.806823623045564986e+00 3.348864713957455219e+00
1.912369436359073305e+00 2.377324749483353372e+00
1.247554378060187430e+00 2.689937449732237251e+00
1.392004672908648377e+00 2.572096560959159284e+00
1.696070045058795772e+00 2.539914889561773137e+00
1.582962079741876860e+00 2.884650711556708824e+00
2.205566481041996596e+00 2.772307919895860895e+00
1.488757489753077756e+00 2.417682433132366970e+00
2.098161756503708286e+00 2.828082420979878719e+00
2.045616456989397758e+00 2.847864698105622594e+00
2.196690717426347028e+00 3.116300025132345830e+00
1.289592868809567916e+00 2.769687980006966033e+00
2.587191826214398027e+00 3.085356400545208988e+00
3.106277475437368985e+00 2.687082862760329149e+00
1.341336972412936035e+00 2.578747836991639009e+00
1.763153121455676153e+00 2.841261086244120104e+00
1.495667384426352609e+00 2.898928963322359831e+00
1.036255782571941841e+00 2.822447464799252348e+00
2.447928636165892513e+00 2.982730810477475458e+00
1.607656444253906081e+00 3.006401878351275148e+00
1.668404403123325164e+00 2.850821864605713074e+00
1.645738281843722950e+00 3.057014414121287160e+00
1.299208896637081390e+00 2.863843883039484783e+00
2.345658842875279149e+00 2.831496876285679143e+00
1.509548783471729827e+00 2.030314529042218652e+00
2.498389884147124818e+00 2.997107317489038358e+00
1.456570272911688724e+00 2.323230731699206686e+00
1.372004651003631226e+00 2.484230934221453690e+00
1.918430976743670247e+00 2.138271547149196206e+00
1.608685611090138856e+00 2.547343607215198702e+00
2.447928636165892513e+00 2.982730810477475458e+00
2.104676138041399636e+00 2.854685412513575216e+00
1.469797651549892059e+00 2.643954374043643973e+00
2.865074924399088729e+00 3.312043405469414559e+00
1.565529161848289386e+00 2.804189209399394311e+00
2.127797610136925144e+00 3.005935543886383066e+00
1.718540375544155507e+00 2.965873821809976718e+00
1.405054291984367598e+00 2.372063421409498218e+00
1.468056591495162433e+00 2.546210671648014401e+00
2.016214351284572270e+00 3.064899100990929881e+00
1.651286334938281364e+00 2.954487392379082866e+00
1.985840621003055695e+00 2.648422799863347166e+00
1.997545832446814051e+00 2.800819748325078073e+00
1.532309801359882373e+00 2.416178795569662530e+00
2.401491185072548884e+00 2.828070364362670119e+00
1.465932200144669961e+00 2.417648346681735116e+00
1.821209701942236858e+00 2.911618013143152162e+00
5.028484307445413748e+00 2.913696243301299837e+00
2.170225477874250242e+00 3.078450619979197889e+00
1.839731355290487702e+00 2.665901637689473525e+00
1.868686848370447962e+00 2.975073127399336936e+00
1.562587693544504885e+00 2.711911428264388135e+00
2.127047404589271995e+00 2.432341060131946620e+00
1.868164758295586703e+00 2.778735632896149443e+00
1.901804225371439117e+00 2.929701447724490038e+00
2.141721929445803863e+00 3.082238088310526258e+00
1.490294903101763380e+00 2.972107653529811877e+00
2.148006203827084626e+00 2.925789099968314488e+00
1.495956390668915947e+00 3.048221899415465064e+00
2.189307825865171697e+00 2.893069119617746043e+00
1.727494582568241288e+00 2.613910570083228357e+00
2.082514540227240474e+00 3.128041117134563454e+00
1.773424999516152623e+00 1.679004313278511296e+00
1.714686201157061829e+00 2.134596605032916372e+00
1.274696508484336688e+00 2.329821477994488799e+00
1.113400074686491825e+00 2.481235008090427296e+00
1.409287783434935104e+00 2.640319005201044344e+00
1.769577570133203492e+00 2.432360981340200734e+00
2.027563723371022864e+00 2.730278074338033711e+00
1.752782260135500092e+00 2.674021163726838068e+00
2.701052644040839557e+00 2.296130105622341766e+00
1.406211656646087160e+00 2.647653519240163345e+00
1.901648680485521048e+00 3.196543343796430570e+00
1.775997172960066761e+00 2.783095098907415021e+00
2.606896037394750731e+00 2.989734618592349236e+00
1.191564172108956265e+00 2.985481669980390329e+00
1.785522799774758473e+00 2.654328520493073551e+00
2.338926397795978218e+00 3.041264755564442979e+00
2.213532809723232742e+00 2.492087404530127337e+00
2.055829118761532293e+00 2.716547131588550990e+00
1.796656039968922425e+00 2.649489737806487000e+00
2.130961516780397247e+00 2.903415904911998524e+00
2.450260418454417444e+00 2.868259465500028416e+00
1.263512020462819185e+00 2.784404996355963835e+00
2.809200191063793373e+00 2.778645905115298298e+00
1.319586726378613850e+00 2.334303878626288853e+00
2.101239375396795506e+00 2.685967647232148536e+00
1.739116231787804834e+00 2.928901751784697804e+00
1.643389046784470731e+00 3.180340484297305093e+00
1.873972685396658289e+00 3.088195855442255056e+00
1.613668781470972480e+00 2.482420267493034682e+00
1.830683605841646466e+00 2.463015325559216873e+00
1.784205619410768273e+00 3.128487980683229086e+00
1.968520686871934267e+00 2.382714669536068364e+00
1.436316231780126351e+00 2.438893518239964475e+00
2.762559046849363042e+00 2.978583565924458387e+00
1.579078048669100287e+00 2.971225446614706112e+00
1.820573548347582893e+00 2.537644742311887747e+00
3.074040094931125289e+00 2.790905411766349431e+00
2.249010991694488037e+00 2.989068221235522849e+00
2.036118831578114019e+00 2.709116569491619941e+00
2.210959231270584358e+00 3.073278075467291703e+00
1.431803586868545697e+00 2.483869843094242746e+00
2.416001648759629639e+00 3.067243668828206982e+00
2.226163280492636787e+00 2.886503254882373692e+00
2.109931639907701939e+00 3.116337308097851810e+00
1.332209188716291015e+00 2.648075073595410167e+00
1.593949283648508519e+00 2.439946098946755626e+00
2.150201954455953857e+00 3.264040899237913962e+00
9.314054764814644338e-01 2.967785007592944169e+00
1.429872793247802809e+00 2.498423177926306415e+00
1.849371122182663640e+00 3.275836249075774642e+00
2.791969244724266996e+00 3.045377535957039417e+00
2.177695886796671143e+00 2.398099358259823344e+00
1.736432795531997586e+00 2.312534304860462964e+00
1.988465166239876236e+00 3.039682295682788915e+00
2.337556979513835120e+00 3.107834999758154471e+00
1.731417377731080176e+00 2.774728453637831826e+00
1.583782378898301424e+00 2.871591690825842758e+00
1.894320613698571965e+00 2.644754737720131921e+00
2.329219570952621332e+00 2.471688233044206484e+00
1.345156835894539826e+00 2.971271619436816724e+00
1.999420124695165057e+00 2.875339229883363323e+00
1.990088094433688948e+00 2.884579378858043608e+00
1.628897840271239295e+00 2.754438851623090656e+00
2.427256052694894972e+00 2.518587078445011507e+00
1.719545062412780378e+00 2.175059147295517636e+00
1.609144193130128464e+00 2.865624072322145555e+00
2.298940336705710852e+00 2.915754945339807502e+00
2.570204274767201369e+00 2.875633941210260502e+00
1.903631890531269244e+00 2.690068310919195405e+00
1.917109434582879635e+00 2.635765906926615720e+00
1.496191262969955860e+00 2.818141135212529846e+00
1.411426039813140632e+00 2.280815303053084442e+00
2.178380272526454942e+00 3.150585777650514174e+00
2.196251012123593416e+00 2.592387652143199883e+00
1.849030053629119319e+00 2.875907112996102466e+00
2.416206978922975424e+00 3.167983780847319686e+00
2.215303693823394759e+00 2.696063280124282535e+00
2.637858334136363503e+00 3.088044372979346530e+00
2.312553597480645262e+00 2.718412471026193877e+00
1.444980084610153703e+00 2.066322105457784275e+00
2.043483635565183754e+00 3.212241269951984002e+00
1.612938907548150169e+00 2.433046852105012370e+00
1.985533045970503840e+00 2.951403691425962705e+00
1.898292758496111121e+00 2.489388764206289295e+00
1.432215142380663053e+00 2.470417102185284097e+00
2.051256879245103804e+00 2.458430062805915917e+00
1.851616888858705012e+00 2.808248211061487254e+00
2.439221331275680971e+00 2.886798934649984272e+00
2.064886073803479771e+00 3.076399123936765623e+00
2.715856733286762026e+00 3.098420270396812448e+00
1.545081767379324678e+00 2.545884762548467073e+00
1.476270180629773998e+00 2.809587033375268383e+00
2.045176422104921343e+00 2.906143837529493901e+00
1.623979246775356433e+00 2.818404265492443272e+00
1.580614251651068836e+00 2.784624104165597469e+00
1.091669779428825260e+00 1.999244069805050428e+00
2.472433095169361383e+00 2.700068164879873223e+00
2.055029802552352791e+00 3.022404036055902132e+00
2.194871656810700955e+00 3.453648422503593274e+00
1.375069744661441939e+00 2.172108365361156146e+00
2.002398082834294435e+00 2.787888694972073367e+00
1.524571081924451788e+00 2.414424378171980745e+00
1.590043326129998436e+00 2.891963118663484877e+00
1.380056080507358507e+00 2.838369049411569645e+00
1.515764470308716305e+00 2.922491455499077517e+00
1.794242965024418268e+00 2.727884589351491140e+00
1.954091038301587036e+00 2.560493408745976307e+00
2.243132625352185272e+00 2.209481452742481533e+00
1.712525793726162426e+00 2.455780897706542287e+00
1.298384194679098158e+00 2.686387834318464396e+00
2.815640524792140997e+00 2.951758284854089531e+00
1.031581326346141303e+00 2.489528317825205228e+00
1.418416656610090643e+00 3.146456001511563905e+00
1.445278719608068752e+00 2.409441686768540425e+00
1.852190964132733653e+00 2.652136503441210991e+00
1.566600124332699240e+00 2.968883495991387012e+00
2.012315909332967667e+00 2.635045579596613230e+00
1.711752453350580350e+00 2.969711401556224484e+00
2.114165211666824806e+00 2.476626778936894535e+00
2.800650296821190821e+00 3.533009577289908609e+00
2.195804893057836438e+00 2.521025117909043267e+00
1.468484447840660678e+00 2.394597950401961661e+00
9.600924879012988633e-01 2.199354223830149557e+00
1.480281821010308807e+00 3.148039852129880245e+00
2.174209052970134337e+00 2.938156616054294901e+00
1.639483041395793927e+00 2.175383952337812676e+00
2.078441244745532046e+00 2.706927500919992458e+00
1.235532178033519779e+00 2.332168960558651083e+00
