# 500 (alpha,mu) samples from hierarchical MCMC for Quinidine + hERG
9.526166604617978262e-01 6.587875857870472807e+00
1.145739347241877537e+00 6.525736083904474683e+00
7.821189624629556469e-01 6.364751010614896565e+00
1.024783711708443290e+00 6.504113110642624207e+00
1.131741309093074355e+00 6.186901036565330081e+00
1.143712923889336652e+00 6.678226853758521209e+00
1.075055461120327349e+00 6.445982660768542871e+00
1.124746321429172635e+00 6.547558199471035678e+00
1.271894256248447652e+00 6.503019935230512694e+00
1.316681178688680953e+00 6.450131909050675461e+00
1.725710205759801719e+00 6.221876129882858208e+00
1.503909790483816122e+00 6.583451281927954035e+00
1.006045708780430648e+00 6.259892265754425367e+00
1.013942417094140458e+00 6.476162330215557539e+00
1.218314765494900698e+00 6.463850632304597887e+00
1.357287701497155830e+00 6.229275387680754505e+00
1.170001205653324439e+00 6.557211309456059567e+00
1.725897245498192678e+00 6.829338324526633919e+00
1.108711527258916307e+00 6.551992913177969058e+00
1.170281921289924254e+00 6.493649193233643757e+00
1.411798773153164488e+00 6.433886579438397035e+00
1.085775473968438209e+00 6.057861997575148649e+00
1.073865781928091678e+00 6.556273136082890751e+00
1.023769922697185697e+00 6.447574084281943563e+00
9.958435026970489101e-01 6.488205490520781993e+00
1.062146093966068738e+00 6.495392141365783800e+00
1.457743945424147203e+00 6.181147791484315590e+00
1.156645630029999205e+00 6.531579208627919186e+00
1.314855251533742164e+00 6.414835113440419789e+00
1.449720039487401912e+00 6.376971760722134341e+00
1.673682533040753206e+00 6.473282126509882772e+00
1.308679407451991183e+00 6.760396261829620279e+00
9.071154285199655165e-01 6.309947701292665911e+00
5.702061482053163433e-01 6.486285274327467043e+00
1.244970095845470581e+00 6.529519884703885779e+00
1.166567927569881702e+00 6.621359729592100507e+00
1.259861101278918039e+00 6.221173362674683460e+00
9.868202834425913172e-01 6.460838455085678333e+00
1.120691600991114090e+00 6.493875923388876537e+00
1.074392123953599620e+00 6.483754075355187219e+00
1.615539793776894717e+00 6.586744949235161073e+00
8.503043397651821600e-01 6.505998633596516534e+00
1.138659368976865371e+00 6.426497388239024389e+00
1.263156088339950189e+00 6.405664519103269505e+00
1.092901328089458612e+00 6.290413712156055048e+00
1.282033295801535910e+00 6.482714921524398655e+00
1.320491447498153281e+00 6.455959875755652888e+00
9.402655818695208056e-01 6.307902569077556088e+00
5.885285367591367445e-01 6.434530591328840643e+00
1.206579192054802574e+00 6.511213983517517789e+00
1.343095803195119897e+00 6.383547010864754512e+00
8.392993342682845137e-01 6.373679503011024927e+00
8.943911907588992793e-01 6.762633339713489455e+00
1.386297176261375830e+00 6.494318843783328354e+00
8.421510382542736206e-01 6.402398718443730097e+00
6.821605213560254510e-01 6.425538726878715856e+00
1.360119634567389157e+00 6.428538528280675735e+00
1.844428644041075760e+00 6.334191055306505724e+00
1.187774201981716571e+00 6.184553587765645233e+00
1.100846950913295208e+00 6.493572722046399903e+00
1.149172484994632537e+00 6.458636787534044466e+00
8.800549700697647415e-01 6.545873913325302773e+00
1.105178350054830450e+00 6.195793517466422706e+00
1.332229822693701493e+00 6.443533546569142345e+00
9.701666453571679005e-01 6.596111494414818921e+00
7.637134533468739050e-01 6.549936351721626693e+00
1.535613068270311299e+00 6.469156721109698083e+00
9.674744343961667603e-01 6.539313676186348623e+00
1.186031071027223938e+00 6.470217211943599445e+00
8.468253320674877793e-01 6.302965388270322933e+00
1.197126499507697561e+00 6.338501013879419332e+00
1.046495668681685087e+00 6.600216127063616156e+00
1.109276425108750797e+00 6.480212771184965526e+00
1.431720241501194479e+00 6.628900285106246848e+00
1.134610135608911552e+00 6.360548086850218219e+00
8.571077186409934434e-01 6.409157312612761892e+00
1.147862028137315527e+00 6.445151448260299176e+00
1.673491424624895085e+00 6.392070751653873728e+00
8.462404672243504233e-01 6.398054759382380219e+00
9.952338628538304199e-01 6.391339955946738982e+00
6.964163087791859219e-01 6.436831178424355038e+00
1.646250010698213861e+00 6.456008974403727230e+00
7.719006565689037203e-01 6.558024202201220731e+00
1.616095351703787930e+00 6.313311442637891346e+00
1.257013352847602405e+00 6.436478721368149358e+00
1.411394088559684068e+00 6.332780963489134329e+00
9.836253336822602389e-01 6.463026041328461702e+00
1.964167976365999380e+00 6.392652372349031609e+00
1.138448230966349062e+00 6.465082209078658160e+00
1.116011087833488347e+00 6.207262489384612891e+00
8.394255070358433990e-01 6.507352112393101962e+00
1.624496490050882258e+00 6.492528558098465297e+00
1.263008678139108332e+00 6.472793243388729856e+00
1.339811921951806983e+00 6.383295630079873995e+00
1.093744584960280264e+00 6.497064104563286868e+00
1.235734599910256026e+00 6.389071230658005973e+00
1.164996833167409429e+00 6.383411468144776890e+00
1.886650042890921419e+00 6.412587564226680747e+00
9.672768385742329666e-01 6.452270874557066271e+00
1.264159738211374062e+00 6.329350405518342271e+00
1.163324813015649273e+00 6.462134885714677424e+00
1.335286750702847192e+00 6.435453441275782005e+00
1.137516327290104101e+00 6.379320722745497108e+00
1.314699198829112792e+00 6.505942341125711792e+00
1.094821404011861787e+00 6.497503500083024797e+00
1.370792660120479622e+00 6.491949469395851935e+00
1.590713188500378683e+00 6.456061983108354774e+00
1.355358839835667961e+00 6.482747586580559052e+00
1.050214002609906050e+00 6.382166590042074539e+00
1.096849588406303866e+00 6.768652073875395025e+00
1.322600606916574772e+00 6.611874427918254860e+00
6.935589116320165504e-01 6.556294633809675254e+00
1.107361602370561027e+00 6.368679330809929873e+00
1.663084105268579194e+00 6.491769862092044541e+00
9.256820947077272210e-01 6.328543404104831183e+00
1.231258952375352544e+00 6.488309093800306293e+00
1.300927814871532417e+00 6.474804617196909362e+00
1.210465617186576637e+00 6.355605236765234700e+00
1.227285447333087642e+00 6.508602701525705747e+00
1.080266291947644453e+00 6.563465551896531025e+00
1.117920832294815980e+00 6.468393425791617801e+00
1.762984412300483195e+00 6.380283720833929806e+00
6.357867983682341517e-01 6.961268417036510670e+00
9.546896724980720172e-01 6.415004386863190078e+00
1.130257844742702300e+00 6.437535510754027079e+00
7.409596365035134857e-01 6.342807132183365226e+00
1.433919696012981859e+00 6.469951854750510378e+00
1.116647811743346708e+00 6.520076323124868622e+00
1.030926426511020955e+00 6.543198831238663971e+00
9.184769318764540724e-01 6.460577506561801187e+00
1.117466126860847009e+00 6.398282276047523531e+00
1.305106506332982752e+00 6.507620378321858468e+00
1.345806811461193186e+00 6.468850700723964842e+00
1.762555811828750318e+00 6.491754522897977608e+00
1.515559455991260185e+00 6.397255063362104366e+00
1.285550010402995991e+00 6.464423284183624219e+00
1.771611530843495652e+00 6.465077017316520624e+00
8.291219965981871942e-01 6.481166427938117813e+00
1.192776805643897209e+00 6.342934833033040398e+00
1.211535295348752150e+00 6.451392527732833670e+00
1.390311828778561409e+00 6.394586581024610084e+00
1.504804199904936857e+00 6.291475405570757573e+00
1.269148725697643476e+00 6.448490394804570869e+00
1.079230516359800607e+00 6.522037656014363805e+00
8.008911562412218688e-01 6.437504063472424320e+00
1.362523368676142210e+00 6.188111238147544491e+00
1.018725177234659274e+00 6.550419619635541757e+00
1.355326532532475481e+00 6.556511797894327032e+00
1.233885632362627049e+00 6.652177184437877422e+00
1.348937930799105622e+00 6.434184230248285452e+00
9.770775791762714713e-01 6.446816586173397035e+00
9.913811108571723985e-01 6.572215742894229606e+00
8.405326951851952444e-01 6.226777522658955455e+00
8.069278730972535563e-01 6.448775752856074739e+00
7.078933240056455301e-01 6.450196372121245858e+00
8.468253320674877793e-01 6.302965388270322933e+00
1.065147346383491511e+00 6.510274976962453941e+00
9.468483219326088163e-01 6.432369715898358820e+00
1.027191111500446175e+00 6.513906134912480717e+00
8.608981304938283508e-01 6.914382867681887923e+00
1.014227598726866963e+00 6.400691067609513674e+00
1.525441566452308217e+00 6.464909531663381337e+00
1.395495409687152355e+00 6.585015008158830341e+00
1.257648990625907182e+00 6.563829824516020928e+00
9.915061407476980504e-01 6.565258939932084203e+00
1.150741917706860074e+00 6.315880451147722674e+00
1.311293597386199439e+00 6.463418002977578070e+00
9.814044168765673204e-01 6.546279941787520151e+00
1.230670154959456308e+00 6.455887017906146497e+00
1.014017092279063004e+00 6.539735290974628690e+00
1.121370940517216308e+00 6.445723114131481246e+00
1.284026692110295187e+00 6.480069596204492299e+00
1.880878543415500870e+00 6.470181648122490969e+00
1.753874855589213855e+00 6.490769163874205105e+00
1.199042933833376123e+00 6.272310715822655425e+00
1.395883021031922189e+00 6.627496199179597980e+00
1.315159023080554768e+00 6.441811933697746184e+00
1.569103726168962654e+00 6.304052154793848395e+00
1.213326674740847100e+00 6.369169840795158244e+00
1.116624277903816242e+00 6.423188446536930662e+00
2.331519879586446464e+00 6.431138187121492322e+00
9.286593691113236293e-01 6.472467333724123861e+00
1.049531709702779203e+00 6.409037622745749729e+00
1.525441566452308217e+00 6.464909531663381337e+00
9.870566933459135051e-01 6.420043666433326024e+00
1.259060088697168123e+00 6.439555044340067091e+00
1.585696449927395557e+00 6.592756220799599554e+00
1.054987971764507204e+00 6.462546071409427384e+00
1.353295923727138472e+00 6.407134517694949238e+00
1.244129096917222732e+00 6.248647426182377451e+00
1.103968060663221396e+00 6.501925750576763363e+00
9.211031498511053073e-01 6.299845549915293219e+00
1.714524120815207109e+00 6.419005614571513085e+00
1.335459256315344900e+00 6.478094665006318920e+00
8.871684393467181851e-01 6.591223861612730772e+00
1.133370262955287755e+00 6.346830909611532512e+00
1.006954456800929654e+00 6.415031962155274492e+00
8.872340317243876395e-01 6.403285185048855688e+00
8.888903798456608829e-01 6.495938178025341792e+00
9.501557704986977049e-01 6.384876621584679057e+00
1.096065175433518890e+00 6.592352329030256364e+00
6.533704559129867029e-01 6.471705412770336174e+00
1.153126116932614131e+00 6.472499809789620251e+00
1.116319248881295634e+00 6.514563744639221277e+00
1.307652579887184530e+00 6.408675736991804150e+00
1.071491294949969308e+00 6.408959287098591417e+00
1.267693668178139443e+00 6.563883524266702629e+00
1.298211751834958516e+00 6.544408966074785283e+00
1.104057925180171207e+00 6.132363436557353609e+00
1.189296131525203748e+00 6.438319421436354162e+00
1.427295618236932295e+00 6.528188866439067262e+00
1.023716665632787182e+00 6.421096198705077640e+00
8.330500380986581854e-01 6.478261497643231337e+00
8.053148733482463628e-01 6.269099769576512493e+00
1.121804735626566352e+00 6.511822468592971092e+00
1.044765578362788272e+00 6.632441182420120818e+00
1.429059765662886727e+00 6.493853749438081913e+00
1.207753959357257934e+00 6.578913678292849454e+00
1.383637656231615276e+00 6.503215655990039146e+00
1.031035132888531658e+00 6.392571706285067989e+00
1.337123110239436752e+00 6.400367078327154680e+00
1.201998055107540653e+00 6.324549028070943990e+00
1.199042933833376123e+00 6.272310715822655425e+00
1.058752884151027418e+00 6.223488554078119073e+00
1.172724267759197581e+00 6.519691975186213462e+00
1.246298729104284631e+00 6.325381160901731192e+00
9.282387950402799515e-01 6.499553394399603334e+00
9.781692855914084772e-01 6.462405254295764401e+00
1.277352207836197850e+00 6.426524114531376952e+00
1.411305525697282404e+00 6.329524943799160752e+00
8.417649722238973453e-01 6.471651204215659980e+00
1.141770890849148623e+00 6.617096382466545634e+00
1.474644237510188471e+00 6.514913380227059569e+00
9.752306404997066469e-01 6.175784220837065241e+00
1.279821223493717408e+00 6.604578045614967863e+00
1.331581623902505784e+00 6.265875836102220653e+00
1.114044031026081294e+00 6.371346125510495284e+00
8.288159080503660903e-01 6.688154052268593830e+00
9.529165163873447586e-01 6.253622332867259104e+00
1.595524769416411415e+00 6.520938749285146940e+00
1.088199755363320476e+00 6.528296261941720857e+00
1.317247030626810256e+00 6.667036208571185618e+00
8.814974561590640523e-01 6.703381093239666910e+00
1.472090833979504909e+00 6.571734048385441618e+00
1.023619972985629678e+00 6.524683826781701335e+00
8.500559281347923601e-01 6.623618291397455060e+00
1.446165145791003637e+00 6.683765575842642193e+00
6.898539219515482657e-01 6.382499980227545500e+00
1.553036932453156993e+00 6.498779520102946350e+00
1.979454968737863085e+00 6.483256893929366882e+00
8.507805918313168236e-01 6.568814114636969848e+00
9.404253704746540210e-01 6.463016918590241744e+00
1.035128630652770054e+00 6.585420783865648886e+00
1.118366427506771954e+00 6.434014736311799432e+00
9.690494843050178053e-01 6.249127226325771112e+00
1.402045376619342143e+00 6.327809848365392398e+00
1.113325944443018578e+00 6.386308378972429090e+00
1.011853160216182435e+00 6.570579083556948419e+00
1.246977427853884990e+00 6.354268068661315993e+00
1.842963166182142842e+00 6.212296772900355535e+00
1.673573196369784188e+00 6.504142576342133886e+00
1.071177869874830879e+00 6.725730359994397389e+00
1.036407044436959302e+00 6.325796544086675688e+00
1.298658707433763215e+00 6.689708300557714260e+00
1.422470483663380580e+00 6.514761176915854435e+00
6.911085176089404314e-01 6.618185730200832673e+00
9.017537653432305955e-01 6.616993494277327414e+00
1.368103492676918442e+00 6.243245292364675514e+00
7.720397391291846656e-01 6.594884411852627970e+00
1.360192740967122838e+00 6.486647211981138916e+00
1.293168106010396112e+00 6.243389752334796761e+00
1.090091658601017865e+00 6.267609524231919416e+00
1.203435349837312707e+00 6.308579815756878872e+00
9.015651728414945110e-01 6.492899067038877980e+00
1.600414634313434670e+00 6.461232209906397017e+00
1.312905893326727913e+00 6.490273508171420680e+00
1.683313541736240149e+00 6.500350284034595916e+00
1.027440261717493142e+00 6.540607955967145948e+00
9.075281566427404467e-01 6.298697135329226704e+00
8.511009364438827385e-01 6.571095841931934523e+00
1.076975894552379298e+00 6.715729288099220540e+00
9.760968721230907086e-01 6.500778353802709297e+00
1.333224842406959487e+00 6.558629601810329390e+00
1.130720568361072820e+00 6.612831906384278646e+00
1.198905304704696695e+00 6.437073294917005306e+00
1.169925572202502817e+00 6.671615984286755285e+00
1.089667112011844630e+00 6.486969924595972437e+00
9.322131191901776859e-01 6.618058930427855202e+00
1.041531289554506801e+00 6.222530868904834200e+00
1.041746230449898558e+00 6.497912622352459699e+00
1.134516016318663834e+00 6.365495272295495610e+00
1.053858507205470474e+00 6.483794438499465684e+00
1.241969480725601205e+00 6.398604900983118071e+00
8.850702359024544830e-01 6.359290200607579990e+00
1.233614476405283433e+00 6.536936532794532795e+00
1.179841454484184204e+00 6.286771588087129992e+00
1.434561551224990739e+00 6.395549462489748649e+00
8.620770180753891676e-01 6.450253710628689241e+00
8.977332949868876977e-01 6.843198039642323316e+00
1.892754167781306673e+00 6.509841371051614978e+00
7.411335462292979459e-01 6.454961237689055054e+00
1.249804226868061363e+00 6.553916212032055100e+00
1.538754197218744846e+00 6.374591777227522904e+00
8.418476308298376010e-01 6.729008644598377664e+00
1.188648303853465427e+00 6.537221182804899833e+00
1.340372557246164220e+00 6.350816037665252267e+00
1.105515726473204063e+00 6.240343934523880698e+00
1.179331063747199648e+00 6.366794626164717030e+00
1.735064391894873825e+00 6.590996613799541493e+00
6.470109299305777384e-01 6.701552353105935111e+00
1.311986451641126816e+00 6.420672137436823412e+00
8.883467760731885710e-01 6.467583096496082540e+00
9.094509977051359328e-01 6.664979405163975024e+00
1.172498244798792832e+00 6.571919327442273584e+00
1.019484695971441202e+00 6.490338659119935016e+00
1.279311197098941921e+00 6.520479043672963826e+00
9.800025289656627558e-01 6.427754161668582711e+00
1.023444927113606351e+00 6.534925036355550887e+00
1.206852207375186836e+00 6.411346242988411603e+00
1.270985277857755280e+00 6.312231426059510930e+00
8.115488753870946370e-01 6.345152238578382509e+00
1.112368460310757978e+00 6.296609137410790424e+00
1.020038410905607096e+00 6.489034288239455606e+00
1.448600231157220364e+00 6.539888123853365265e+00
9.861009354019160122e-01 6.303828386189954003e+00
1.436850100919118356e+00 6.400617174089344275e+00
1.368427316848198405e+00 6.451533078292236212e+00
1.709585898801005976e+00 6.494671224347579930e+00
9.595458410666420912e-01 6.658738149744721113e+00
1.031959916814658040e+00 6.389360070335002639e+00
1.033233057189324677e+00 6.478450422830093203e+00
1.924713298022211916e+00 6.725876049164622117e+00
1.401949123709477885e+00 6.493808606066942879e+00
1.276952415158858267e+00 6.598497646373084891e+00
1.038408827739293327e+00 6.450089700484413768e+00
1.658296237880737989e+00 6.387447314675728016e+00
7.812995256694732493e-01 6.505429480955457144e+00
1.098049939046784829e+00 6.360612375368833504e+00
1.403612918939012078e+00 6.479084490700006249e+00
1.334321891261787574e+00 6.601033546009676733e+00
1.362233128348199651e+00 6.218282746852077381e+00
1.795350847664102689e+00 6.676410713275703124e+00
1.186305180856959129e+00 6.483912697943194914e+00
9.479459340252079924e-01 6.534022640421552452e+00
1.277770602258392563e+00 6.489798342355276972e+00
2.318055839459379097e+00 6.380460515321498605e+00
1.192703876177372502e+00 6.439407803541572939e+00
1.096065175433518890e+00 6.592352329030256364e+00
8.860343444813432168e-01 6.469924922853143912e+00
1.192864025280337303e+00 6.471546786124645401e+00
9.886329852409059260e-01 6.482988821769585464e+00
1.488317330218572376e+00 6.320980334012316959e+00
9.805645458825714700e-01 6.624626972462383634e+00
1.300514106926615066e+00 6.470096065627914506e+00
1.177582397013704929e+00 6.480653690285670621e+00
9.815204337014936664e-01 6.450963962216703429e+00
1.484619810486615954e+00 6.501671790742129531e+00
1.456243025037317951e+00 6.493987767549280754e+00
1.464200348899907578e+00 6.671071803974985670e+00
7.958924797091446734e-01 6.346276510010519623e+00
1.314664899341417836e+00 6.446363613140781545e+00
1.133831281364600763e+00 6.480530062256092627e+00
1.260526434974938992e+00 6.491147966444095196e+00
9.304522249035550585e-01 6.441369045938220239e+00
9.434900882006641565e-01 6.394923014813929107e+00
7.653372485724336816e-01 6.404718765185557494e+00
1.086620377282665029e+00 6.448816712421472808e+00
9.008216769782038114e-01 6.291141159576147501e+00
1.097073352478434627e+00 6.459609273557405551e+00
1.310552191721864990e+00 6.263885606333335687e+00
1.054451358565226649e+00 6.497793381292623849e+00
1.690958986725853430e+00 6.495986601734150767e+00
8.086059981546741549e-01 6.553055999522721997e+00
1.227246719215321802e+00 6.537176844542281984e+00
1.156602995859101091e+00 6.527170318016564110e+00
9.843460380300492751e-01 6.664747266284579474e+00
1.642116235168136207e+00 6.403972049175052028e+00
1.491609075120187589e+00 6.426709423312315650e+00
1.276530603693176502e+00 6.497581802666348771e+00
1.257290902694373713e+00 6.389971044544508594e+00
9.174676127209439036e-01 6.669975784648007000e+00
8.029959435276001756e-01 6.506150518416589534e+00
9.991707379260333921e-01 6.391062009985523318e+00
1.079001950665023912e+00 6.487435142376477337e+00
1.386223578902826770e+00 6.550521035236092970e+00
9.287075017293815460e-01 6.583476322363345012e+00
1.121897757383752303e+00 6.566204859000220218e+00
1.083489032913950600e+00 6.374964210159088651e+00
9.551751232843894712e-01 6.613823585320607101e+00
9.774335226107919716e-01 6.341625482631377153e+00
1.028217068222334163e+00 6.983333613148354324e+00
9.599868457628855101e-01 6.384282082452388707e+00
1.365290099411951008e+00 6.590830225454728186e+00
1.074146910495910046e+00 6.473988272263280663e+00
9.716163128021264583e-01 6.385822107714041351e+00
1.603716599322099423e+00 6.811947722745501643e+00
1.216611682232084268e+00 5.994935849991784416e+00
1.139160813418432561e+00 6.625895172595072324e+00
1.423408038552163468e+00 6.504748582596701745e+00
1.173047521396359372e+00 6.500466727642820075e+00
9.287312275946755236e-01 6.469594699516387770e+00
1.252345937559671718e+00 6.359472559840373407e+00
1.194985529460973694e+00 6.331491614029152615e+00
1.306336652667200449e+00 6.449402343770514356e+00
1.070295793160374043e+00 6.410764254990055200e+00
1.112356086146437439e+00 6.477641861874047891e+00
1.027070893452056932e+00 6.473191908339396505e+00
9.094779121777841757e-01 6.412638370035514512e+00
1.692082176879801114e+00 6.521188511308088742e+00
9.565196927654778802e-01 6.490089558474729792e+00
1.044185284420674265e+00 6.411409930155080872e+00
9.853814752653622389e-01 6.273941165832014555e+00
1.119649329287075057e+00 6.321466425514269183e+00
1.359378668589023009e+00 6.409714810962258369e+00
1.469766504403409169e+00 6.430800898743799010e+00
9.100183718576639880e-01 6.414114120227345062e+00
9.019778233906957654e-01 6.446268199589991532e+00
9.886663907125634587e-01 6.432449988916339123e+00
1.112850948651046723e+00 6.586107389568431891e+00
8.612104058480868352e-01 6.576455913082421390e+00
1.552390800694766204e+00 6.351943266215056560e+00
1.191632997887902778e+00 6.489664910953965027e+00
8.473415542283722068e-01 6.620644651377844525e+00
9.805192579123785945e-01 6.632235742036177939e+00
8.917254091014211737e-01 6.543072170795635856e+00
1.127477286491169961e+00 6.389944737125238916e+00
1.026024914670400134e+00 6.651307587945326283e+00
1.051406702738534760e+00 6.533819578747422696e+00
1.941972010087445355e+00 6.419353679382052924e+00
1.136871156503094449e+00 6.501824962740182734e+00
1.042117130303484185e+00 6.379060889146455082e+00
1.006784392811502116e+00 6.546486202151244882e+00
8.695452511149830421e-01 6.382382233685301998e+00
1.610720299574207370e+00 6.479642995212653744e+00
1.462430317587413819e+00 6.528879792642074520e+00
1.246440179060615883e+00 6.673033215368952220e+00
1.149810290249544620e+00 6.579849782533509384e+00
1.328730282089448878e+00 6.418385415058716958e+00
9.734904919281039959e-01 6.459340280071889318e+00
1.606716361873235410e+00 6.373644118445231044e+00
1.627334681841022146e+00 6.316908331124684750e+00
1.386328619830097031e+00 6.258273222839431327e+00
1.681026436484657216e+00 6.379016726053332142e+00
9.517097485139146551e-01 6.460972331791242418e+00
1.257648990625907182e+00 6.563829824516020928e+00
1.205375552051976218e+00 6.422101196763201791e+00
1.264802470961308156e+00 6.426159397269064044e+00
1.381251692065102343e+00 6.352026824289947804e+00
1.803239063172339618e+00 6.619718272793747360e+00
1.175093993366224110e+00 6.407081841138984046e+00
9.680471070968166281e-01 6.347472834586824320e+00
1.380496844041698479e+00 6.338488845051370113e+00
8.733188692112893170e-01 6.517016211598867237e+00
1.057495903501326939e+00 6.534204515025789917e+00
1.076975894552379298e+00 6.715729288099220540e+00
1.192232455535756408e+00 6.464495011284970616e+00
1.190108911359219812e+00 6.375476763477417208e+00
2.044938914579825795e+00 6.519927146609346913e+00
1.283358279024415127e+00 6.483969470513022415e+00
1.472408162014622102e+00 6.455785451112009632e+00
9.148728399601655514e-01 6.336474917780135385e+00
1.123446171621423240e+00 6.508068410690897032e+00
1.434828712861805355e+00 6.288904831681445096e+00
1.075116029177819010e+00 6.468064669296785141e+00
1.280347828367214058e+00 6.443355632829685931e+00
1.081580101897966939e+00 6.373222323558686675e+00
1.368176888665687763e+00 6.369450219889731812e+00
1.397456481777723969e+00 6.596338537587716822e+00
1.396118894666696919e+00 6.542031830653904478e+00
9.947619770590470090e-01 6.484352684941917744e+00
1.614303842546185086e+00 6.622604654954480807e+00
1.419759012374598672e+00 6.438011082998671419e+00
1.233064056138304387e+00 6.635487729664428791e+00
1.174089922393558805e+00 6.514596361671193492e+00
1.047650299278823915e+00 6.398869511483810335e+00
1.222095741965881111e+00 6.134781375067467124e+00
9.346630761418932565e-01 6.479072499428950138e+00
8.165999381954981429e-01 6.564871328180069909e+00
1.022621021244060291e+00 6.045953315778299419e+00
9.873947229447030960e-01 6.417508355570615386e+00
1.413238925493000009e+00 6.572705606899408082e+00
1.221017973605933005e+00 6.420995080623499440e+00
1.407315653817096779e+00 6.532438141999692860e+00
1.413272424445802145e+00 6.498470401921236927e+00
1.106664142838294840e+00 6.436040328653580112e+00
1.453412013159119054e+00 6.367456727162606356e+00
1.340146173040585920e+00 6.667530134752242432e+00
2.101632090571279754e+00 6.437679063811949653e+00
1.631327499035602591e+00 6.287902504535562542e+00
1.051406702738534760e+00 6.533819578747422696e+00
1.212164835999588686e+00 6.379792784166602893e+00
1.208475785481464282e+00 6.553479745415392799e+00
1.099255300492830489e+00 6.310155793267865576e+00
1.139722969871253877e+00 6.883257006208467033e+00
9.641964088554854095e-01 6.396907547558051910e+00
1.039203958032633768e+00 6.579294413752874604e+00
1.116767782173620160e+00 6.529857923667520048e+00
1.417504326251011859e+00 6.388325205518926353e+00
1.119169329008741220e+00 6.596652193702988498e+00
1.249957560283335711e+00 6.165280720776570966e+00
