# 500 (alpha,mu) samples from hierarchical MCMC for Ranolazine + Nav1.5-late
9.547300371036466782e-01 5.133766787851562263e+00
7.899294938226963936e-01 5.035082637021663032e+00
1.046551938477856769e+00 5.125691590542997389e+00
7.014527827633473267e-01 4.945579679975065979e+00
8.524240215344347504e-01 5.110164729808303719e+00
1.225004054892179894e+00 5.401578813985953076e+00
8.481386256632373888e-01 4.991029503297618852e+00
9.838399825393164821e-01 5.205439526492880553e+00
1.286677667121015611e+00 5.208079421703501133e+00
1.084631592057522465e+00 5.041862163997211432e+00
9.787935186248900576e-01 5.240987423092379416e+00
8.701468774765338532e-01 5.108963374099958266e+00
1.021797701068169806e+00 5.189707610473842436e+00
1.163130320051340316e+00 4.954544910068021224e+00
1.080491029183836771e+00 5.463428681461684810e+00
1.035959102457279846e+00 5.288385801342227133e+00
1.259701996073077090e+00 4.844364797217168395e+00
1.072249284936442004e+00 5.254562424536844745e+00
1.164076648845222106e+00 5.356131279196429062e+00
1.072068115763252560e+00 5.182001246927053550e+00
8.974628012995210513e-01 5.030263038121410624e+00
8.527720383058616793e-01 5.145801317434875344e+00
1.468530503787177643e+00 5.137437730803889657e+00
1.105624039394792923e+00 5.134389580853258472e+00
1.063388606348568244e+00 5.256824283523475749e+00
8.885488307386160134e-01 4.792906847017901484e+00
9.380590066680039030e-01 5.238275257660762740e+00
8.947289138447053203e-01 5.276168243964420412e+00
1.035414924365737566e+00 5.251703026275910346e+00
9.734372879440644777e-01 5.220895487504074950e+00
9.640883890688984881e-01 5.283028203345334184e+00
1.158023649705974156e+00 5.030962910470742955e+00
1.089692193430300993e+00 5.327882124664735208e+00
7.614084104698400912e-01 4.997056923680060159e+00
1.138627113277832725e+00 5.229520330363350844e+00
9.103735610969120318e-01 5.195754638639987988e+00
1.226580066694155091e+00 4.754560797595637212e+00
1.007817937714814427e+00 5.098990258631904915e+00
1.000356717390100236e+00 5.027699528891285574e+00
1.065757124581536708e+00 5.344895641720360580e+00
1.058980828188862411e+00 5.074963046347913398e+00
7.593539812956058288e-01 5.114684581709559197e+00
1.128581679028545670e+00 4.927638056997020399e+00
1.087218345988958834e+00 4.961121732123555006e+00
1.218694657921685964e+00 5.145541207198490952e+00
1.131699979638940423e+00 4.560124015415717658e+00
1.003735699298018869e+00 4.846787508993672944e+00
1.550397712510676707e+00 5.099565112019828206e+00
9.140770955359647232e-01 5.035304372885748947e+00
9.955039718631003565e-01 5.075418449304004653e+00
1.295131732654838386e+00 5.173952552209746258e+00
9.873690143020168453e-01 5.032990463249062074e+00
9.766190903931165623e-01 4.917366975421706421e+00
1.058064070607059870e+00 5.100519491789867743e+00
9.003068625427321781e-01 5.155919477463240419e+00
1.176113279591948446e+00 5.061565980130665388e+00
1.066146590503804115e+00 5.150959806912196015e+00
1.127177061755173071e+00 5.274206206597427560e+00
8.995055577392222501e-01 5.063347243117816809e+00
1.084955749724275664e+00 4.973947670898316353e+00
1.013136335142395428e+00 4.901541258190297512e+00
9.648837823357633292e-01 4.973452767345447612e+00
1.199479924682287812e+00 4.981059184718691135e+00
1.248845168784653570e+00 4.954620370605910651e+00
1.246461178943711667e+00 5.174311177929054928e+00
1.036218525752578001e+00 5.181382726253067617e+00
1.158363568136892008e+00 5.401216184853837809e+00
1.004651314746015878e+00 5.198661056536638014e+00
9.094522405336042947e-01 5.142460204686003067e+00
1.041886052908981064e+00 5.114178823955546349e+00
1.009200820652174535e+00 5.117828109058342179e+00
1.032558557183133052e+00 5.103833963248131766e+00
8.665357100966056825e-01 5.253875685268000417e+00
1.320177254775485309e+00 5.289487391961261942e+00
1.014529753991584737e+00 5.291054734680040283e+00
7.171005125913713085e-01 5.265321630069957237e+00
1.133908440365038572e+00 5.147699368405576514e+00
1.029299349079756398e+00 5.202762212175735534e+00
8.129185436175072610e-01 5.069264355580332726e+00
8.532325316327692422e-01 4.872445856226176986e+00
1.148295019672762374e+00 5.352715957624496923e+00
1.023208259284160038e+00 4.596254791803272788e+00
8.863488046436809320e-01 5.076270208834984921e+00
1.058110151233321750e+00 5.133311094168274913e+00
1.116331341985489889e+00 5.103887695737308050e+00
8.665937163264010312e-01 5.296123081638016039e+00
1.101922772147873930e+00 4.907622253038588234e+00
1.060097595678393789e+00 5.018675005470411676e+00
9.889326101093053323e-01 4.827433912059129639e+00
1.029919492550621873e+00 5.319687139119032793e+00
1.133079050627203710e+00 4.803572109024408121e+00
1.151059714672816314e+00 5.431632326382294984e+00
9.119932936092419729e-01 4.822538873379706992e+00
8.815939368570236967e-01 5.063296686518211409e+00
1.195671195930776420e+00 5.124342946272619770e+00
1.002112094860765579e+00 4.906962409758166110e+00
8.220391512652516219e-01 4.697789269854228067e+00
7.595212560171993310e-01 4.878852145579529065e+00
8.226987187177621230e-01 4.995055883897812521e+00
9.466332992584213235e-01 4.791840396696176896e+00
9.807497727368372775e-01 4.983131632078633189e+00
8.246161440587129743e-01 5.046744074824157877e+00
1.340392796641996176e+00 5.189320526812106316e+00
1.261952767422039656e+00 5.184848288368789859e+00
1.129213888739701188e+00 5.153051550443782602e+00
1.142998015899677533e+00 5.134810676923925676e+00
1.211405651668260752e+00 4.995004710353279087e+00
9.776871317459989719e-01 5.350590795622196083e+00
1.034364831991027245e+00 4.985283070476286049e+00
8.814811071317615321e-01 5.177507532760590614e+00
1.023055089708341248e+00 5.527047576479119151e+00
8.874053679881144241e-01 5.571146087706540406e+00
7.017420482424379102e-01 5.142581339060472878e+00
9.697851375108924588e-01 5.039275697963117473e+00
1.285403276373606074e+00 5.036557487126745336e+00
1.217532808901631292e+00 5.103386485677068762e+00
1.011928640333470186e+00 5.068560156928557880e+00
9.075288285669870225e-01 5.009936920772668500e+00
9.730592262282681260e-01 5.082608221255673797e+00
1.205143380057964286e+00 5.172385667571250956e+00
1.081191527041811096e+00 5.116663430520320688e+00
1.113312558526266649e+00 5.232083838411677235e+00
1.024561878601030429e+00 5.204530647339352001e+00
1.051389050052094598e+00 5.743265094372861590e+00
5.405074292910186928e-01 5.589161029158324467e+00
1.067714370558869197e+00 5.062855673313890748e+00
1.110312701678793923e+00 5.155467775154308541e+00
1.038959586006376057e+00 5.260844888782978401e+00
1.469680060549622080e+00 5.153784645929005315e+00
1.315900871449545484e+00 5.081774870072970351e+00
1.070625836118116236e+00 5.109401406001618184e+00
1.093881559772861278e+00 5.103975785117675024e+00
1.182222854396654199e+00 5.119509265364581729e+00
8.902675176833633186e-01 5.209943255493394432e+00
1.051541095199400422e+00 4.984675613471011069e+00
8.257678885534214253e-01 5.131290999459572788e+00
1.412372475277392292e+00 5.174884292547049291e+00
1.314501953917163179e+00 5.032928224771254122e+00
1.083826291356790650e+00 4.997257225189061458e+00
1.134264626494561501e+00 5.077605469454607778e+00
8.932353647651217754e-01 5.051789974880828815e+00
7.778345865628764066e-01 5.286424730708887409e+00
9.289340577858546943e-01 4.679849064802453107e+00
9.571218020082153943e-01 5.163465557759811198e+00
9.312814159851880991e-01 4.790255094749820586e+00
9.547957332744776426e-01 5.326487493372562554e+00
1.008472989654033869e+00 5.137412071129346280e+00
1.083084507914508388e+00 5.110959634442108879e+00
1.137271068857234280e+00 4.905434462903323301e+00
1.707961184073515382e+00 5.190912625628397059e+00
9.614503408679279106e-01 5.164077380524386029e+00
8.976280598393431287e-01 5.011881945205970190e+00
1.043559179537538295e+00 5.171245858599369249e+00
1.438661971761157288e+00 4.975065759793384501e+00
1.193253419778239399e+00 5.223055218834022462e+00
9.641137125708076905e-01 5.065246032849617386e+00
9.273926893121495763e-01 5.506847601994889096e+00
1.038734282893274186e+00 5.651167303804319531e+00
8.344668587533013993e-01 4.925695612421769454e+00
1.367309518606847574e+00 5.189707872273350731e+00
8.516934997805298835e-01 5.120578983010970475e+00
9.572226641077167253e-01 5.043053437571682451e+00
9.529366122209965706e-01 5.605505025758046322e+00
9.835273098050578700e-01 4.960178078316157091e+00
1.012010521686171005e+00 4.579542062135386615e+00
9.472061739138485370e-01 5.194083196400303137e+00
9.933751667522213724e-01 5.209876153596795234e+00
8.937720427149391522e-01 5.121911050264766452e+00
9.438095931236161196e-01 5.008325121329307628e+00
1.503969776358987653e+00 5.034552874236226216e+00
8.711611688927777264e-01 4.959697148295200364e+00
1.062230640731643971e+00 5.163551981206414787e+00
7.563347139109257711e-01 5.100371865537058902e+00
1.132694740112434317e+00 5.089091652407912392e+00
1.067476929202860303e+00 5.040005021412513386e+00
1.055473349275954265e+00 5.118883635260144338e+00
8.587725056038691962e-01 5.095960850831853683e+00
1.073643425837353726e+00 5.315898149513168747e+00
9.832749245173303398e-01 4.886566677148911353e+00
8.639410695720961542e-01 4.906162823801254014e+00
7.587681501092180536e-01 5.162610875240959629e+00
8.456525227753800555e-01 4.933641028152646157e+00
1.070571372803587940e+00 5.264718991254007996e+00
9.715521398701828515e-01 5.299989753615585997e+00
1.177353175655456052e+00 5.022836867182054910e+00
8.974343708182468404e-01 5.271092234601252535e+00
9.344992217330080342e-01 5.139179558935822456e+00
1.091619686868809724e+00 4.909484774850158217e+00
8.785647203625965851e-01 5.272029223663255770e+00
9.702881269541896447e-01 4.927106127174496031e+00
1.261253547230356320e+00 5.214547429193023831e+00
1.078711727884429372e+00 5.071784489672702456e+00
9.816130804400169385e-01 4.831128423137144523e+00
6.602994125217678256e-01 5.131943666860327546e+00
1.129395453972841468e+00 5.350126854402335930e+00
8.826500067636015023e-01 5.143917667466215704e+00
9.020834495579310719e-01 4.949254504763035634e+00
1.201713237591074179e+00 5.427143269767846334e+00
8.633363244534534298e-01 5.181414763844294669e+00
1.079691710003848559e+00 5.034659880264423570e+00
9.342103515412906178e-01 4.977079543295415576e+00
1.080918254420566882e+00 5.258984298290300785e+00
9.737835017909173274e-01 4.888994818202966108e+00
9.613826330096155726e-01 5.045823653759644145e+00
1.148694994283681714e+00 5.146499814933140904e+00
1.020522476136204837e+00 4.895678839238930991e+00
9.331863072356539890e-01 4.974950696589197641e+00
1.166082763174213444e+00 5.092373917422039042e+00
9.042889813545312849e-01 5.061259856027767512e+00
1.163267109009899158e+00 5.194253067246751954e+00
8.660989159996516085e-01 5.098480187146162024e+00
8.746591330060512481e-01 5.154783648427085474e+00
1.092548238093190793e+00 5.215695006330835604e+00
9.823643033672796454e-01 5.026317068036991742e+00
1.193705659061948587e+00 4.996972645161165794e+00
1.074227409073712280e+00 5.183009879496901284e+00
8.938243360682780470e-01 5.160232051108849305e+00
1.494372251927499118e+00 5.173809998495018547e+00
1.429295934616431785e+00 5.065202810107553688e+00
1.003079936174638531e+00 5.229449227627926966e+00
1.107484691289179812e+00 5.171830419677164947e+00
1.310304111704378549e+00 5.082329236400596528e+00
9.929179274927926180e-01 4.983946487540572789e+00
9.413571904339570473e-01 4.920141470620268187e+00
1.124370432082542948e+00 5.186728982451265679e+00
8.760540445147200206e-01 5.129105162441124577e+00
1.355719080885755101e+00 4.769396089287806895e+00
1.087646949154011944e+00 4.829949055843912653e+00
9.147979747727675859e-01 5.036031320066626904e+00
1.007554623418798201e+00 4.971175754940816205e+00
1.024321292427728292e+00 5.109423801154020062e+00
1.023932542846400340e+00 4.981378043976509851e+00
1.033079112348149975e+00 5.236341295702172438e+00
9.354836908391290784e-01 5.486050488339776265e+00
1.350039936351778991e+00 5.296777518733920331e+00
9.736105246576041150e-01 4.934441016756195175e+00
8.017284608420321979e-01 4.870184277180935162e+00
1.165076735749031700e+00 4.970574500032801879e+00
9.599166824554550281e-01 4.941474163005167064e+00
8.764265226555019161e-01 5.282226957330252937e+00
9.169252324101022644e-01 5.044342081706754577e+00
9.356755678227708373e-01 5.207740020822525295e+00
1.206393737217098971e+00 5.163009957169344410e+00
1.017230894401663255e+00 5.108572523311045721e+00
9.052690383261415841e-01 4.906084460671999992e+00
9.045137526262836403e-01 5.086869008939477688e+00
1.032473675383414058e+00 5.230281286984760136e+00
1.285973783146952210e+00 5.029544060602701983e+00
9.199816868719731255e-01 5.030085151085098794e+00
9.760052165829835591e-01 5.188547127759318478e+00
1.014712247258396927e+00 5.254247172993833814e+00
1.029299349079756398e+00 5.202762212175735534e+00
1.264798877100179020e+00 5.227755350319840844e+00
9.059524444250781627e-01 5.201217944265746240e+00
1.061097336625934640e+00 5.228302534248546074e+00
1.021387929393306360e+00 5.206710646583035285e+00
1.024144473016737722e+00 5.130520965197830741e+00
1.073970950483124964e+00 4.825287112470549644e+00
1.161696960432781811e+00 5.190619857614409582e+00
1.365618200112291181e+00 5.127126122968180155e+00
8.690190138891028537e-01 4.925235789026360500e+00
1.153191039595444778e+00 4.869216908743193351e+00
9.740569536283639751e-01 4.970565637920331348e+00
1.028035817773430338e+00 5.462020792550122295e+00
1.098998847844675275e+00 5.123746344507615902e+00
8.832800977859149860e-01 5.308994235248807314e+00
1.164088445223097290e+00 4.821105844531510698e+00
1.085268429409372626e+00 5.097145265803177949e+00
1.085385597145784198e+00 5.121794298328945061e+00
1.145224937503990903e+00 5.359094499645443044e+00
1.107661727378760119e+00 4.886009411576620387e+00
1.091379357849087128e+00 5.076651848166849668e+00
1.138316419312158656e+00 5.178852257692764915e+00
9.545311105150210418e-01 5.067232313418374545e+00
1.043732848645962719e+00 4.858969058835282517e+00
1.176675537193048182e+00 5.166379318520433195e+00
9.098019078265204840e-01 5.146445725576303865e+00
9.458552314784095527e-01 5.110865661376743141e+00
9.870796239619336054e-01 5.028129056458798374e+00
1.293167372629893119e+00 5.067011765140359003e+00
1.199463097380793819e+00 5.370463261097619068e+00
9.670402373800556228e-01 4.998534401480680955e+00
1.046992165913132711e+00 5.007597590963280609e+00
1.366184360237015838e+00 5.105457247075090521e+00
1.104793906569125239e+00 5.147404841065427838e+00
1.053916652637323814e+00 4.929551406060695307e+00
1.124370432082542948e+00 5.186728982451265679e+00
1.135319948820548763e+00 5.088857150242161786e+00
1.035230549628990637e+00 4.901166273011076768e+00
8.996697310678511972e-01 5.010781262770946043e+00
1.251879110347157154e+00 5.315910896233368987e+00
1.030057822154505365e+00 5.164235554454521981e+00
1.037375455528149359e+00 5.103931671945513671e+00
1.009287790124068662e+00 5.032282342577822476e+00
1.020592837892861482e+00 5.082551249611036326e+00
1.331208402675118974e+00 5.245392287530771469e+00
8.857692732011581693e-01 5.232337751067631437e+00
1.088556247302136848e+00 5.311464778809462217e+00
1.180448908972959732e+00 5.953320397031084177e+00
8.113533100426426614e-01 4.600647949995767760e+00
8.494487405720122508e-01 5.102033463058954332e+00
8.721959060684112419e-01 5.127871041267494157e+00
1.050343950218025846e+00 5.163650483040574279e+00
1.016531063758306264e+00 5.161530827823003875e+00
9.160679420895880831e-01 4.915212327823933691e+00
9.470915234758974233e-01 4.991445013632752392e+00
1.121592524438632443e+00 4.868285154619984567e+00
1.015086483040456455e+00 5.178186698162345891e+00
1.181666727361036839e+00 5.177114255779019736e+00
9.775493082786751442e-01 5.067911200386047810e+00
9.959752841278211033e-01 5.139551766301463154e+00
6.972288786387734749e-01 5.159734793292393817e+00
9.319338876798125559e-01 5.151178605844506819e+00
8.159918894941439182e-01 5.156871197458774425e+00
9.544832316040017250e-01 5.381480422383324580e+00
1.263653452597452764e+00 5.240907043912059748e+00
1.057572808293554711e+00 5.165446795294957205e+00
1.167524611585012639e+00 5.013308560280266057e+00
8.057876897767007884e-01 4.945742974956760740e+00
1.475530831404890719e+00 4.852671018206236475e+00
1.082587324668228712e+00 4.987256258576908685e+00
1.014109494637159825e+00 5.634186641704005183e+00
1.026326649915271227e+00 5.097294040706764839e+00
1.074538374124978546e+00 4.932893641199404655e+00
8.880471797132962752e-01 5.219743611365788460e+00
1.205057967942911867e+00 5.103479847385281154e+00
9.988252186279847900e-01 5.164303640479873003e+00
9.589684899161043941e-01 5.062250384264878278e+00
9.988134407061344255e-01 5.130355666672833159e+00
1.025233605311079099e+00 5.044511866139877121e+00
9.035270188007713532e-01 5.079035805114902935e+00
8.956636805937439050e-01 5.133184474955940324e+00
1.053735265322978565e+00 4.960918821109717491e+00
1.100707567259678443e+00 5.191896099175835388e+00
1.016540516342586464e+00 5.274350975387292806e+00
9.773288473383735520e-01 4.994682574446340340e+00
8.721178902453023962e-01 4.888216634876441091e+00
9.028711430225657697e-01 4.686833420199194578e+00
1.309404543250798136e+00 5.176210591285261842e+00
1.175223346398595936e+00 5.304567625111259233e+00
1.220623957199122867e+00 5.009001103534001409e+00
9.947355247689408930e-01 4.970361898675754730e+00
1.096671952914248793e+00 4.669785610317700453e+00
9.937912261582582119e-01 5.266030229532988827e+00
9.310827868710677135e-01 5.260915934387779380e+00
1.123403787308119073e+00 4.994976262987846916e+00
9.435060314124641412e-01 5.133795025435029302e+00
8.942696397881726433e-01 4.985998744277929440e+00
1.037553661777081082e+00 5.053449841254239239e+00
1.179143645214937974e+00 5.215954101048509095e+00
1.066284970766427698e+00 4.892673430003270596e+00
9.601823417185264553e-01 5.218610371578520812e+00
1.077714663986955257e+00 5.150035441755075105e+00
8.918771896556130230e-01 5.272698024862759070e+00
1.191777519685772058e+00 5.326382553731012770e+00
1.155488549493540296e+00 5.019266823928020926e+00
1.098596840111161432e+00 4.975085802380982081e+00
8.578739404781083877e-01 4.954396943843613066e+00
9.500082417343107544e-01 5.210959824168606147e+00
1.341618918153253404e+00 4.973383225370903382e+00
9.322256166903502006e-01 5.312203232659536312e+00
9.341860658158595010e-01 5.393326522930901312e+00
6.798982530490006448e-01 5.127449670809008708e+00
1.235936989071885206e+00 4.940463431432078778e+00
7.080514841990991348e-01 5.014543262994645367e+00
9.629556199117959014e-01 4.969544659206804660e+00
9.971840107301697120e-01 5.047871490464030053e+00
1.080194653871002108e+00 5.142411030845654096e+00
8.961276430172656626e-01 5.044273195882640337e+00
1.344818234095851661e+00 4.985589318828591132e+00
1.157513702246195653e+00 5.144690700954567042e+00
8.932725946279310714e-01 5.111709457232098686e+00
1.334163372309209450e+00 4.761766718307912427e+00
1.105116241634537033e+00 4.949701249068589881e+00
9.655529744376194490e-01 5.174595168892773600e+00
9.396934023297554006e-01 5.189726750125765342e+00
1.112735850759793976e+00 5.473559179805511654e+00
9.200105979371104858e-01 4.971815971349263563e+00
9.730421162255391554e-01 5.108285295331421949e+00
1.126402548841925810e+00 5.285189056553260656e+00
1.107921986834937922e+00 4.949757211026413195e+00
1.208903493998039647e+00 5.097678844008933119e+00
1.034138705444050732e+00 5.134977140961641595e+00
9.640025701728348606e-01 5.205280967425673921e+00
1.056623863884882608e+00 4.288440884655095431e+00
9.350971878806687565e-01 5.396559687858900389e+00
8.679501185439965072e-01 5.314330176528400784e+00
1.006122974347843035e+00 4.869652276545606284e+00
9.338484022493988013e-01 5.159116873194656172e+00
1.485370045734052624e+00 4.981008688867356149e+00
1.315773110518059230e+00 5.186610531438001992e+00
1.107462952805536638e+00 5.009810720465172729e+00
1.224971973037918493e+00 4.936873198800579843e+00
9.628591181906446250e-01 5.237810684201683387e+00
1.016384829065052564e+00 5.193790010547747471e+00
8.630943785672875457e-01 5.071726957218095855e+00
1.113550341492631546e+00 5.288784571875506657e+00
1.057047276135943514e+00 5.192885109268835286e+00
9.497072271301100210e-01 5.144859103198337280e+00
7.713155369625303015e-01 5.042520337228876492e+00
1.009678318999454039e+00 5.052965737266994495e+00
1.066529237378721406e+00 4.988191060616312456e+00
1.052639020606823239e+00 5.132898860093343174e+00
1.064384463719286522e+00 5.060551426861666258e+00
1.106267245777120767e+00 5.573305754969684500e+00
7.956698213411843579e-01 5.035790290017516213e+00
1.077421112972712702e+00 5.208316823897038539e+00
1.293120917169046535e+00 5.267040334308817684e+00
8.167918346049358735e-01 5.097626436936455896e+00
1.228968832019305291e+00 5.216666847415392994e+00
1.144943159197602256e+00 5.264408324022839203e+00
9.726812173530756667e-01 4.848632338244679651e+00
9.317624545760015975e-01 4.949755496255409781e+00
7.884085720131802644e-01 5.183970684238493831e+00
8.751732724483431980e-01 5.042236599836531497e+00
9.820927944470214666e-01 5.249090823536393557e+00
1.174327148945164101e+00 5.148012388196955058e+00
1.063095944084968547e+00 5.432325155442685904e+00
9.474997056367099324e-01 4.952095656672661050e+00
1.144043524797003331e+00 5.093061628360571191e+00
7.309438501938960719e-01 5.359254990919631645e+00
9.565783351051568850e-01 5.273280444719918414e+00
9.459591882775268967e-01 5.089415534513921813e+00
1.379004128758427594e+00 5.022095282333001620e+00
8.447615722403304384e-01 5.274684659717990165e+00
1.428464608566455407e+00 4.847990377656093308e+00
1.110350467656109785e+00 4.840562675994862119e+00
9.641137125708076905e-01 5.065246032849617386e+00
1.153191039595444778e+00 4.869216908743193351e+00
8.877898248883915322e-01 5.593411533207778064e+00
9.692270115291153898e-01 4.895584282027614087e+00
1.029883675598748161e+00 5.395420579671977634e+00
7.621457391451538221e-01 5.232890686389552570e+00
9.565783351051568850e-01 5.273280444719918414e+00
1.061282390016242694e+00 5.418961433969908370e+00
9.371178203713352861e-01 4.905882679392709278e+00
1.333209751410874278e+00 5.137072261880168078e+00
8.076475703741154977e-01 4.957012326370443311e+00
9.286564169854869544e-01 5.036571078055713357e+00
1.054467127384754122e+00 5.016605718262838742e+00
9.772791211906847186e-01 5.028865453126964091e+00
8.971619015125760210e-01 4.782023499040371384e+00
1.014332022060978611e+00 4.916099435680948204e+00
8.111022339290563377e-01 5.119305219530210671e+00
9.664118457608379398e-01 4.995468084500663153e+00
1.003448702308793461e+00 5.415072358849386092e+00
1.098510829796023103e+00 5.064621693407874936e+00
9.297862015384021905e-01 5.139822193533570172e+00
9.528642655875472212e-01 4.774844747831922476e+00
1.240386122778005529e+00 5.560245656463072450e+00
9.157018066813890078e-01 5.117805097391278757e+00
8.852548668086044348e-01 5.268354415005979341e+00
9.955667024274218457e-01 5.000062148257374162e+00
1.425877604590509051e+00 4.793825649000815758e+00
1.093265059808133710e+00 5.013299864052441102e+00
9.699148389244247603e-01 5.168072780898739005e+00
1.187448121775551702e+00 4.951212181291337444e+00
8.631389404165007440e-01 5.083391546844473474e+00
1.166756109358009885e+00 5.202528897444807399e+00
1.126751454530947827e+00 4.781730873866698595e+00
9.330211490793344220e-01 5.058296953880870639e+00
8.197877082112229319e-01 5.393577502788731159e+00
1.264573066163714898e+00 5.073942968466830905e+00
1.082761439250370383e+00 5.067125780416924741e+00
1.106647123945172506e+00 5.340131506898255331e+00
1.549145641979318588e+00 4.981617507271874246e+00
8.639565883210306163e-01 5.700280808597224080e+00
9.242824281443454693e-01 5.654989631815947604e+00
1.021653742987553404e+00 5.062902899353551867e+00
8.780858451350574967e-01 5.357713813457856133e+00
9.051200078002148430e-01 5.235160723941575611e+00
1.201222131090680101e+00 5.120632686741762640e+00
1.090222592962925896e+00 5.097818317197496008e+00
1.021369103136100520e+00 5.065924194580747830e+00
1.782832086154856110e+00 5.174036253820545106e+00
1.153480372241013185e+00 5.278324074556991263e+00
1.049220347046327717e+00 5.060346161839659906e+00
9.865173111588255717e-01 5.114314244274107857e+00
9.914240814398269652e-01 4.985927521681316144e+00
1.018182531662929602e+00 5.141157423374191460e+00
1.146790545777560233e+00 5.217983013668650472e+00
9.818896665908543042e-01 5.065280590164607410e+00
9.416683715625098205e-01 5.208408116211959538e+00
1.040172503074473287e+00 5.093849284656140064e+00
9.368849994256415181e-01 5.099071091901643094e+00
1.051389050052094598e+00 5.743265094372861590e+00
1.054466879608726204e+00 5.108703500821803800e+00
1.132524202367019228e+00 5.417350308155381988e+00
1.034733076405468077e+00 5.231057881082002758e+00
1.048587830556246159e+00 5.312639903641760419e+00
9.525169540486617681e-01 5.104021745668553045e+00
8.668762241998405615e-01 4.980189057706046363e+00
9.583865069130864667e-01 4.843919361389297684e+00
1.002771839531701348e+00 4.855623975118366964e+00
8.886883876227184009e-01 5.317430190012402136e+00
8.175169194494142921e-01 5.113500338860670347e+00
7.533337782785823888e-01 5.030401967979237554e+00
9.975182916710827463e-01 5.331514542353640529e+00
1.164654032226511760e+00 4.516937871810466021e+00
1.161123513166121057e+00 5.042437566667413051e+00
