# Hierarchical MCMC downsampled to get 500 samples
# alpha, beta, mu, s
1.010484200031270152e+00 7.106631694085108641e+00 4.776970049783847649e+00 1.690577127881675024e-01
1.119982543927531493e+00 7.959461577311560454e+00 5.001356065177490429e+00 1.417938309159452459e-01
1.613341659563078734e+00 4.926475654326575082e+00 5.360772059386756716e+00 3.207155833686514135e-01
9.905634485192981176e-01 6.227636427830469223e+00 5.099623866232667169e+00 1.420407211223132515e-01
8.815969683995033002e-01 7.408371177302759847e+00 5.228832079630944207e+00 3.498545982847445224e-01
9.971694582044796640e-01 6.622931679193863275e+00 5.061171758610620408e+00 1.056694849199714681e-01
1.019239546174715239e+00 8.850144909578860464e+00 5.036465886923527258e+00 1.859514837038623580e-01
1.012531903352827056e+00 5.967220610725666674e+00 5.128332045585545451e+00 1.817925384109754794e-01
1.045257668947660701e+00 5.058376445923295606e+00 5.003573510625992427e+00 1.177158235303334133e-01
1.161219413789759791e+00 3.687216702759814169e+00 5.162752297494422216e+00 2.289819887128758391e-01
8.449253719923933703e-01 5.528828226162753268e+00 5.029801863045894272e+00 1.338247026305094400e-01
1.420040808312625247e+00 6.940384561867251278e+00 5.369159012428167621e+00 1.660336463731766354e-01
9.857770341725158314e-01 6.102038543452907859e+00 5.019541589979505503e+00 2.476649700397829390e-01
1.055347597410674076e+00 8.909554544210912752e+00 4.913099866506534852e+00 1.153832234771653698e-01
9.972303130760402645e-01 6.512726368010217648e+00 5.278666095514703116e+00 9.156795030733590190e-02
1.172218407792235739e+00 3.448652123574836637e+00 5.552135122810964774e+00 3.284405720777179849e-01
9.827215081248055206e-01 2.191412337562465673e+00 5.165935885083509760e+00 7.098044743830832226e-02
1.136080551315060250e+00 5.964432144998311536e+00 4.988598627775614247e+00 1.654540858405584292e-01
9.200097597798959637e-01 7.581914977180272075e+00 5.049468404640760966e+00 1.696353761296355844e-01
1.109955369979643169e+00 3.032116093810234947e+00 5.091593629512567887e+00 2.450652572444712574e-01
9.928954044961950665e-01 8.059299923615979466e+00 5.234799323836179852e+00 1.537877679347562920e-01
8.429581737885573078e-01 3.635215320243471382e+00 4.843999230313217552e+00 1.980363519989031540e-01
1.006932627977653150e+00 6.665463742172943462e+00 5.299869931906607157e+00 2.152448154535468172e-01
1.095446325371173035e+00 4.322754547247000367e+00 5.367061666192229907e+00 2.469769449489491175e-01
1.041632143374448649e+00 1.597238179358474497e+01 5.086957960911731469e+00 7.984495982017861260e-02
1.008962553111999227e+00 4.680496212094610087e+00 5.577887107690709279e+00 1.718485209556500082e-01
8.734025299567219625e-01 8.165909148786550276e+00 5.162905445256573245e+00 6.752090898316562284e-02
9.482340168320998464e-01 1.058790207856838350e+01 4.856198623094251765e+00 1.220605392094121083e-01
1.014829049064438271e+00 1.055492948659750496e+01 5.075510395072364567e+00 1.607284459602931204e-01
9.644340046622583706e-01 5.822405252820617605e+00 5.199655703913069971e+00 1.443174397211234583e-01
1.002164624939068549e+00 8.569808155914046210e+00 4.753806295134925364e+00 4.715406648247271737e-01
9.744389748715954758e-01 7.248596394992714131e+00 5.020980071622934027e+00 1.047659637022434476e-01
8.754764164108572722e-01 6.094715278452721208e+00 4.853705289785798627e+00 1.994527943376935564e-01
1.132786388153688151e+00 8.374525427221396257e+00 5.117871894532802557e+00 1.621932824518906857e-01
1.030232485054684011e+00 4.297615890486740753e+00 5.227300414889535674e+00 1.517682605441955102e-01
1.087039414227467748e+00 3.851441474257808473e+00 4.513423303504005446e+00 2.736295868048629898e-01
9.531996549756747150e-01 4.268367468319941516e+00 5.165592882217759474e+00 1.354562405412023107e-01
9.638513902470853267e-01 1.240309581317980125e+01 5.269565536611945156e+00 1.423197178059794066e-01
9.128303874799583717e-01 6.137612982040944409e+00 5.094296980237792205e+00 7.774361711386700013e-02
7.859457660699912251e-01 2.940686447805906933e+00 5.050104019431003621e+00 1.644528888799947630e-01
9.044310857008620586e-01 4.918976525809731548e+00 4.942781887883765712e+00 1.174343279897918924e-01
1.322623298585138496e+00 4.722462958585254889e+00 5.358033633430439480e+00 2.693180083591344975e-01
1.236864389426964195e+00 5.378853063833921588e+00 5.141434792574710144e+00 1.719643523823091713e-01
8.892941060150213461e-01 4.084460399213267756e+00 5.061868119109142583e+00 5.966430964560259786e-02
1.192799549561289751e+00 1.079968830110650124e+01 5.168524239950287757e+00 1.357839100167097524e-01
1.125095993678280504e+00 7.573283437542405849e+00 4.879600130109925438e+00 2.371545259214717927e-01
1.110967736825693386e+00 5.192884972226285534e+00 5.059487742282624545e+00 3.515372044018363340e-01
1.517656085660070264e+00 5.362989910336676047e+00 4.976363249345681083e+00 3.488027830241334781e-01
9.752947718454365589e-01 8.085957423404723343e+00 5.074604302694274871e+00 1.080720827212308943e-01
1.083771035651190040e+00 8.794100672712788835e+00 5.441587319870941464e+00 2.331241563774452685e-01
1.182031208396378208e+00 9.186520214813986840e+00 4.979138628333102723e+00 1.706187669853549693e-01
7.255032538378985985e-01 1.087701295480729691e+01 5.262646292197297626e+00 2.973716684500979923e-01
1.322693455098753468e+00 4.826612010201076330e+00 5.169591767959838435e+00 8.321816554951255718e-02
8.256465060281817925e-01 8.741800291417241908e+00 5.380581863413095967e+00 1.804366511540235196e-01
1.124872890931055469e+00 6.259816698850971584e+00 5.124655531526554064e+00 4.163352797332477151e-02
1.210717086017412569e+00 4.910379381685360478e+00 5.049204450649373399e+00 7.936687576597394045e-02
8.955577132473464541e-01 5.986908202433938619e+00 5.115629969414642098e+00 7.733303832812130074e-02
1.194070781314944485e+00 3.517321471007983202e+00 5.119554857043424612e+00 1.213245425254490806e-01
1.086943995134079799e+00 1.241938393203889035e+01 4.903126220393994039e+00 9.733997771995733794e-02
9.114085471306457853e-01 6.380368458177990476e+00 5.356307778687853904e+00 1.123452905502198285e-01
7.824432466119907170e-01 4.232737354222102510e+00 4.996646378645206887e+00 1.537038192875717357e-01
1.074833920550159139e+00 5.019437870741614738e+00 5.206382823562043072e+00 1.300338395438617178e-01
1.001284861429124540e+00 6.793340345419403903e+00 4.952334548298405359e+00 1.791257254813618249e-01
1.080891458821288342e+00 6.247328749369031264e+00 4.527480974653411039e+00 4.483011010669055718e-01
9.393264154661922216e-01 4.384241161009923893e+00 5.243888214585090246e+00 1.667346129433749935e-01
1.106743689850866019e+00 5.963174404252064242e+00 5.006441419369884294e+00 1.402249472757591819e-01
9.313866583129366550e-01 7.853136118537960009e+00 5.000249957670322765e+00 9.868689383867154663e-02
1.170089606509324254e+00 6.372620849613969796e+00 4.985986257682916367e+00 1.083130404959611603e-01
9.276386334766737463e-01 6.396652712789736128e+00 5.036570857872971096e+00 1.529492765731166881e-01
9.856102569960418780e-01 3.723905953605993968e+00 4.987097309780811116e+00 2.576752913892360608e-01
1.180865338816468713e+00 8.732650914955939925e+00 5.372672964835129683e+00 4.257709731096699923e-01
1.146524760022895828e+00 3.025064106020003418e+00 5.247814792608994416e+00 2.036833661814420326e-01
1.023640617011491782e+00 7.657457841913257290e+00 5.029797074143696811e+00 1.772266669102924297e-01
8.074406941476566235e-01 9.126168024686306168e+00 4.946260771665306422e+00 1.719563975358059105e-01
1.080736467016525593e+00 7.965578169325258528e+00 4.886897102805127346e+00 2.175405312786883871e-01
1.171414974161306244e+00 5.020002952248251660e+00 5.065526302767909606e+00 1.430623011317209980e-01
1.058159528739653243e+00 7.003800249937397027e+00 5.246572727910346678e+00 2.260661972795827701e-01
1.126439575955386463e+00 7.781271113343025014e+00 5.288211313707330774e+00 2.169170840866879724e-01
9.172980522870569642e-01 8.565107533856053834e+00 5.278128566308661007e+00 2.330893379003591004e-01
8.031055523985003441e-01 6.543189604221623767e+00 5.432016335373306859e+00 2.502400221857733476e-01
1.071003848996652685e+00 5.385532393417579833e+00 5.068804000037360424e+00 6.647562892290698189e-02
1.328073677928985674e+00 7.205877651975668208e+00 4.855439991438218250e+00 1.315161891670549588e-01
1.091290411526953719e+00 1.088475309814920600e+01 5.104723504094880404e+00 1.575486658493901737e-01
1.013613833844377421e+00 7.783741292335248474e+00 5.078762285610770810e+00 2.173045772358734862e-01
1.143010358283989003e+00 5.370927385360941386e+00 4.975215373359130666e+00 1.794974332518001758e-01
7.768373919788110760e-01 5.338267503600648389e+00 5.328488776398612181e+00 1.599908762673281359e-01
1.225225958021113337e+00 4.980524627291181616e+00 4.817025724559147903e+00 2.839943545731634100e-01
9.333090632803802134e-01 1.321386839858787532e+01 5.138780210006072657e+00 1.180803157339119086e-01
1.090636158968819824e+00 3.890534097833354910e+00 5.214073779176525925e+00 2.147733268287486674e-01
8.644881227321922212e-01 8.016135729537589683e+00 5.142459740609851337e+00 1.624158830558906641e-01
1.296398942182704017e+00 6.787149295153208861e+00 5.090271066968977465e+00 2.074206870125853697e-01
1.067967373448314383e+00 6.237948926387101523e+00 5.214190837411334378e+00 3.719444098284288014e-01
7.790723038419080648e-01 7.531139464398032501e+00 4.855345263374198694e+00 1.793039862043131760e-01
9.069513844287893090e-01 6.587332415049374390e+00 5.242272374778738531e+00 2.470605978007328618e-01
1.336399060659484883e+00 4.009730776534147445e+00 5.290932076282280683e+00 8.654820270072713373e-02
1.162026835388531021e+00 1.110141686920564652e+01 4.965605556079869309e+00 2.214804306993134186e-01
1.047983814344337405e+00 9.882870855074781247e+00 5.221905132572420172e+00 1.317028930795434427e-01
8.942109780854907708e-01 8.367307275274768585e+00 4.757980080951568880e+00 1.725956619546005211e-01
1.025872209867920493e+00 5.016753386995996600e+00 5.014276354961557658e+00 2.783148971290855256e-01
1.015814846761057488e+00 8.481727481414775838e+00 5.020343510043558943e+00 1.134411744754938306e-01
1.148713090864371900e+00 4.384257282250242582e+00 5.216513946083821907e+00 1.921047252399251948e-01
1.033986165866066731e+00 7.406283805939400722e+00 5.386539290207458919e+00 3.633344201106728510e-01
6.878683276694378401e-01 5.633452740713396523e+00 5.156025794516523320e+00 1.701886030004381711e-01
9.526622337839449894e-01 5.459404648546196448e+00 5.262941764153712398e+00 1.280674767892363286e-01
1.105979800206953190e+00 4.656457920963974040e+00 5.255457316998215944e+00 1.041362181361804584e-01
9.713433710908618846e-01 9.386079478701040202e+00 5.001170030188796467e+00 7.585703099667284732e-02
1.088779153741835648e+00 8.799174414100573216e+00 4.967885628813519361e+00 9.148423458801471786e-02
8.403863455991434916e-01 8.913884087887829821e+00 5.151249420091223108e+00 1.014448790643753123e-01
1.133308446803695135e+00 1.053036316021954732e+01 5.530368396156555733e+00 1.831906945659084740e-01
9.040455474785870082e-01 4.222067456335654612e+00 4.758896208734806343e+00 3.284064816162096112e-01
7.651539397812833210e-01 4.626846353975437864e+00 4.876868655492594407e+00 3.133872078116772819e-01
9.815043183623555212e-01 4.269828761435555009e+00 5.088398803258256997e+00 5.815860791564965437e-02
9.246136402985943858e-01 5.251642052134497973e+00 5.106105623968406171e+00 1.525960844002314798e-01
1.063470877358965394e+00 7.645088199915567095e+00 5.072944717531955305e+00 2.308773490623093616e-01
1.395092114433478914e+00 3.609901771315686680e+00 5.105993503842781500e+00 2.544860805275674931e-01
8.667414954337597788e-01 1.038921556539410318e+01 5.197192536557954767e+00 1.264893693447015910e-01
1.345896582513766981e+00 5.397950670727944988e+00 5.184454386739460574e+00 8.724105257907083244e-02
9.548743739926455198e-01 7.648917352970274308e+00 4.980022255068577763e+00 2.659265126951866898e-01
1.146544070223344258e+00 5.933182419549264175e+00 4.928369898764251467e+00 1.120689794747992268e-01
9.706186513788971348e-01 8.906388316166642838e+00 4.755816353594521928e+00 2.229548376075816962e-01
1.231802641744763394e+00 5.637837225165093002e+00 5.009681438843657908e+00 1.315860039894249933e-01
1.039476019480840785e+00 5.631364528568449046e+00 4.934782688022246511e+00 1.665076286230467717e-01
1.005755582964998229e+00 1.036510211615969546e+01 5.114942833179605408e+00 5.917268938657545274e-02
1.185686300465816689e+00 4.412895506222442421e+00 5.352870743986125390e+00 1.221964482122764317e-01
1.007358975477507412e+00 6.750823652059512625e+00 4.913017880499979562e+00 2.956755652430748116e-01
1.014328794163415592e+00 1.117856921181123653e+01 4.797136802375125519e+00 1.711777273343321748e-01
1.138632431174011250e+00 5.069843278487401683e+00 5.157000108794759896e+00 1.493114943794233429e-01
1.394489183459960868e+00 7.269262236609341343e+00 5.119487332835486626e+00 1.869886471375581949e-01
1.281470970100229811e+00 6.095076082377989479e+00 5.037101879237766866e+00 1.773319473238805510e-01
1.325216313489515629e+00 5.208296962738694802e+00 5.105000770649009034e+00 2.987271865745370625e-01
1.337628355489579368e+00 5.677322190333149443e+00 5.039231172805262560e+00 1.346899502540558347e-01
9.840123832645426560e-01 6.417708092336485315e+00 5.159669631548310598e+00 9.726998757607065171e-02
7.885424742803454068e-01 4.923900438681423353e+00 5.159117832865216080e+00 2.412674306972429628e-01
9.822255250220037759e-01 9.035152361339937599e+00 5.160061028842239494e+00 1.301614913702595633e-01
8.489206008950580529e-01 7.775681185643824378e+00 5.030719011721811462e+00 5.912855104883037172e-02
1.102962314610471006e+00 1.108487732587071761e+01 5.094026574934489737e+00 7.222093179099661753e-02
1.065947672651352374e+00 5.074991214275541118e+00 5.030884445901801172e+00 8.585035865220590201e-02
1.429589489160584481e+00 3.494007385077008365e+00 5.072295492651914373e+00 2.268914248405224932e-01
1.110996962434491975e+00 1.225032917812972855e+01 5.171725286825954448e+00 1.283951639305559167e-01
1.379540826588811386e+00 3.506310412570793567e+00 5.200368210876781916e+00 1.339058656378060153e-01
1.369819231692438022e+00 3.981114068210698242e+00 5.161073926828642300e+00 2.031128545973590604e-01
8.181446912471352917e-01 1.333362933399908989e+01 5.216565798000116772e+00 9.474085250153964355e-02
8.249724969159925037e-01 6.214644342149051148e+00 4.967355768570112851e+00 2.105844741967141942e-01
1.033795781745447506e+00 4.142399204453981021e+00 5.160846521153598765e+00 9.336358045073109291e-02
9.641308118310027986e-01 8.279360103699627160e+00 5.392368837300759665e+00 3.156864350132920771e-01
1.145827662461201601e+00 8.675901736006791154e+00 5.419794215135838478e+00 2.702448901181316865e-01
1.087849348029046315e+00 1.004670867905532283e+01 5.139983946938190940e+00 8.428995596881080909e-02
9.840530909713303132e-01 5.077818200896343726e+00 5.014176934365382365e+00 1.949865366586547022e-01
7.978479052874606348e-01 7.786496517393209693e+00 5.262422441013388408e+00 1.747601849464076318e-01
1.231038692377937949e+00 7.342691314247597134e+00 4.854969858178779241e+00 1.612546764264432553e-01
1.277272521265901961e+00 7.109163070740474488e+00 5.158481373465012787e+00 1.631347628423762963e-01
9.013882838511785289e-01 8.021211219897427469e+00 5.190527248553787665e+00 6.978558588258586270e-02
1.454028634374149531e+00 4.058374595453319245e+00 5.121993970883707448e+00 2.629447620591538470e-01
9.843923680309991653e-01 4.648951712327229480e+00 5.177950205982350340e+00 3.041077788070871701e-01
8.328514407447999979e-01 7.001954638312277268e+00 5.145458962915176571e+00 2.057876249967816040e-01
9.736183468824961551e-01 1.052995693248979414e+01 5.009698324710798012e+00 1.524163188517315692e-01
9.388098447271646663e-01 1.002958305106065851e+01 5.050841857665855805e+00 2.328354127033198384e-01
1.006446789438462774e+00 7.499680511188607568e+00 5.225904826783067669e+00 7.851555375259480773e-02
9.699105346607502787e-01 7.491043673881343956e+00 5.115890809045060550e+00 1.029962915385742167e-01
9.850577697352737028e-01 6.799563231213848979e+00 5.413275867325841872e+00 2.423207347725013505e-01
1.011783863875892031e+00 6.255833373320587754e+00 5.285967509125850228e+00 9.440835576638638427e-02
9.469204850753255576e-01 1.507256015811774041e+01 5.086924209058902413e+00 1.478627932814966239e-01
8.080661127166276492e-01 3.131211330259976222e+00 5.142817227007978609e+00 1.534871961726873013e-01
9.931369507002786312e-01 5.578322747241907464e+00 5.012681587816989470e+00 2.385301838645972894e-01
9.622068723408043756e-01 5.335185491087784726e+00 5.173487181834085291e+00 6.437012339419512230e-02
1.322251017296580233e+00 4.375974218684240746e+00 5.069784489350067425e+00 1.260583877502428618e-01
1.118041422744926017e+00 5.614344402944103862e+00 5.151716529431632274e+00 1.360862670774193595e-01
1.052125389752397222e+00 6.979082514990050612e+00 5.473405148985821533e+00 2.851372704882175202e-01
1.094278865038518678e+00 5.951147327787451147e+00 5.022744294679777788e+00 9.501727197398010527e-02
8.871988982478644648e-01 6.701208884192143778e+00 4.969146175431248480e+00 2.418232426742094043e-01
1.055841146345031012e+00 7.020998732124392738e+00 5.385889448436075533e+00 3.769068407367364149e-01
1.056935497381741529e+00 5.097152601106455627e+00 5.047979777507102916e+00 1.300119430798307163e-01
9.897708416109962659e-01 1.292737852737168680e+01 5.124482080796941119e+00 4.396427170260076844e-02
9.675877441303291082e-01 7.023835750072926487e+00 4.919459166204000589e+00 4.501354680033450850e-01
1.095805264845257643e+00 1.060779461639140209e+01 5.275353175686636753e+00 8.526555042533773277e-02
1.168746264667591017e+00 5.777226233739606087e+00 5.372319683599174667e+00 2.685970124724710861e-01
7.015489540627389831e-01 3.459814528155152225e+00 5.459076490668141268e+00 1.994849362953048655e-01
1.035542967772811407e+00 1.247235155819398678e+01 5.330300192715382579e+00 1.863560080777282857e-01
9.515958148770806702e-01 8.458175569936617677e+00 5.722798508056233580e+00 4.349638201100480828e-01
1.081727877031860796e+00 6.408371116880932306e+00 5.092431424721434396e+00 1.394487825741094200e-01
8.320089933012485561e-01 5.234809621366337318e+00 5.224192111690070917e+00 1.137971401841640917e-01
9.277300774663386207e-01 5.373600589464097688e+00 5.085489171505631845e+00 1.170374814078829484e-01
1.022501867597867431e+00 9.437537160423499216e+00 5.318532336677006533e+00 9.051558156393940680e-02
1.083412013533524121e+00 2.706532435563949957e+00 5.179692961180982991e+00 6.542257399540139795e-02
1.017781154320546388e+00 1.006941498973607096e+01 5.073163440086923437e+00 1.724856402072457717e-01
1.009953413077818940e+00 9.880404058096047493e+00 5.132339113213094883e+00 6.425902840557803919e-02
8.860681955871094750e-01 5.191364609710210409e+00 5.229041546252681805e+00 4.355575930620005920e-01
1.176451795662518895e+00 7.260137287952201035e+00 4.987018096240868559e+00 1.159751175824105252e-01
1.473522172568494382e+00 4.598745704044718607e+00 5.164067159137473162e+00 1.763351702207711369e-01
1.155700402775147184e+00 5.676272165547660009e+00 5.306244345387802319e+00 1.436654305970332390e-01
1.081643089509713329e+00 7.801704302332318264e+00 4.884011967663204778e+00 1.716406942043352257e-01
1.263782089793287211e+00 5.004384926352198448e+00 5.176230659419815083e+00 1.201758947336536987e-01
9.310029437089659687e-01 7.348109258561718704e+00 5.224388271111680027e+00 1.360491548692709662e-01
1.269085829656759978e+00 4.254967884278161527e+00 4.811376043903273114e+00 2.349278769719061466e-01
1.229375285293396791e+00 6.401199576740559394e+00 5.177376588608364472e+00 2.588975104024570650e-01
1.038369630070840044e+00 5.396913482542620599e+00 5.228290855170951268e+00 1.342336333681715677e-01
5.630567313559228237e-01 3.524711197347548453e+00 5.212875131371338178e+00 7.245193345716481603e-02
1.032150380740948448e+00 8.459551847693727922e+00 5.202374970150008160e+00 1.427702711186258078e-01
1.104838636113397277e+00 5.837909366920162491e+00 5.081708710924790040e+00 2.662918028846795182e-01
9.814023870063121047e-01 6.301351808288471190e+00 5.123349722021205643e+00 1.578703976980634083e-01
1.071189257759163294e+00 5.118613404001092881e+00 4.971860479501285290e+00 2.032172046258950426e-01
8.768766429136169993e-01 8.178763444194657950e+00 5.376714478683322973e+00 1.083229155146109013e-01
8.597498460423182998e-01 5.191520486759264585e+00 5.047996851203857993e+00 2.250535876888527798e-01
8.977648751235058899e-01 6.737251745630399746e+00 4.908309970588277338e+00 2.537564379235962564e-01
8.454588081225405949e-01 5.386089584031759081e+00 5.173949748787405767e+00 1.810557773623651112e-01
9.879450428641574078e-01 1.534775857029824486e+01 4.934541311332624858e+00 1.417872543025757159e-01
1.005116517508703788e+00 2.892563990961549258e+00 5.211123731456665631e+00 1.441471220310855950e-01
7.493354613717521095e-01 6.189179746184944264e+00 5.031084897749886764e+00 1.578227045845964627e-01
1.000585850037197133e+00 7.479544564815637564e+00 5.108486719521907915e+00 1.686163775574893164e-01
9.146364789714293009e-01 3.355343981630032779e+00 5.052731933400187003e+00 1.300175813723111473e-01
8.903629127829215673e-01 8.901967464397884555e+00 4.665018011954814803e+00 4.607370338007269472e-01
1.032670921946567066e+00 1.046491781835142199e+01 4.955861391010555117e+00 1.433858902553435954e-01
1.229289836536246794e+00 8.527582206113562435e+00 5.117208374705386476e+00 1.181952992544229447e-01
8.674480318226063247e-01 6.318656388386197698e+00 5.135302023119786341e+00 1.964203317923475245e-01
8.169744032373897902e-01 6.399674704072193521e+00 4.866955648215835595e+00 1.669829374881553752e-01
1.189777184005612609e+00 9.175912290985227315e+00 5.248176659358115614e+00 8.992480023993484894e-02
1.334876841629767386e+00 6.216625131450616237e+00 5.203381369607515516e+00 1.048741588017268606e-01
1.056934506118162309e+00 4.485209122267800552e+00 5.351355992742711898e+00 9.857074031609458498e-02
1.071834339920413992e+00 4.632807785441524828e+00 5.219354454429114831e+00 9.618237012752234305e-02
1.051702490623973585e+00 7.154118369224085505e+00 5.060878604276649817e+00 2.156363238081102918e-01
8.661012209810022844e-01 4.686114560820492159e+00 5.119072945998029311e+00 7.541320174745864968e-02
1.047501959805636762e+00 1.131301363743182797e+01 5.012878196037974021e+00 1.157182114818909174e-01
9.826549325692158776e-01 9.772408225241896673e+00 4.960395275739527321e+00 2.965042438974743177e-01
9.305107020377548777e-01 8.102355227903098367e+00 4.774530895941172304e+00 2.586296212050472332e-01
9.836946878498576963e-01 8.071107543528574624e+00 5.256148659746009422e+00 1.545921864637488929e-01
1.021715045743089911e+00 5.959189580029900846e+00 4.923352411426473729e+00 1.325397830131286037e-01
1.105277299657945411e+00 6.397063951435745466e+00 5.108012380377911832e+00 1.366761930460377028e-01
1.132995937338346248e+00 4.515352351115895502e+00 4.880232813246494494e+00 1.443021766420780616e-01
9.055335451223885945e-01 3.041395255263601882e+00 5.136659015348119084e+00 2.191470138937551548e-01
1.040398526548189428e+00 1.254211485579772756e+01 4.985467868343543607e+00 1.373130230839234578e-01
1.226391976407701145e+00 5.411986310094204278e+00 4.780906449570612615e+00 1.850637378164055047e-01
1.139010193999109966e+00 4.280604689223536319e+00 5.107922310110720510e+00 2.409138574288637868e-01
9.487231945099922070e-01 7.634459111651199059e+00 5.123943340241948086e+00 1.440802308376945007e-01
8.309782915083757660e-01 4.920250089528100723e+00 5.267411996555454223e+00 7.377587177019101494e-02
9.489206730116733768e-01 5.099684289219401201e+00 5.580069662566507382e+00 1.608765033396918342e-01
7.773866834757088284e-01 4.437403730754162723e+00 4.897743364540228406e+00 2.545197161807506436e-01
1.171414974161306244e+00 5.020002952248251660e+00 5.065526302767909606e+00 1.430623011317209980e-01
1.082845249269397625e+00 8.679219248530667841e+00 4.853792581989939237e+00 2.706093842256837578e-01
9.997568576217009673e-01 8.592165155672413235e+00 4.695732237245680452e+00 2.915512857872438190e-01
9.930515338240190060e-01 6.942576343629712987e+00 5.200258861898415574e+00 1.269291883174081537e-01
1.783015565057088248e+00 3.965670501704279705e+00 5.230759889605645974e+00 3.021419283793911337e-01
1.358516961497243658e+00 7.179814552236080338e+00 5.082293455009296856e+00 4.258349144099650430e-02
9.498231519425698322e-01 1.030304262088651157e+01 4.420454846441459473e+00 3.719810672234122872e-01
1.129973972796201931e+00 3.989726966151742715e+00 5.304802784963971618e+00 2.290120421145024343e-01
1.087510664486036616e+00 7.884456746400856808e+00 5.266742878255340266e+00 2.206779434627994807e-01
8.054456783672523379e-01 8.651267810896399624e+00 5.218141516230093480e+00 1.755443682968335639e-01
1.014547695689874907e+00 7.706357068649046127e+00 5.141823397390314021e+00 2.114893192514395170e-01
7.836996045045471204e-01 1.225357925565868022e+01 5.003902832692619818e+00 8.191169663197594986e-02
9.934328383877397695e-01 1.098218717885932527e+01 5.121032068955373440e+00 1.234011994760136760e-01
9.275861275857760768e-01 6.708234223131394280e+00 4.954906841023456465e+00 2.266301317687825778e-01
1.115837122507572499e+00 9.707185830646405833e+00 4.941356569826994338e+00 1.087458671974846358e-01
8.959646482320314798e-01 1.074282662983974568e+01 5.045570959265405442e+00 1.612695575445737828e-01
1.840077248135444377e+00 5.486939367980501636e+00 5.067036447636629859e+00 6.216505495224926292e-02
8.888654511022725524e-01 4.064253183847517548e+00 5.114978786978051417e+00 9.881809500033672533e-02
6.760414855604005568e-01 6.800229392527536554e+00 5.028940848528459462e+00 2.017773114681258584e-01
9.953530605288833932e-01 1.109561741229011567e+01 4.649166275130347081e+00 3.433697256366641248e-01
1.038449453911328701e+00 3.949739238993653867e+00 4.754906674345223294e+00 1.786402748989410205e-01
8.552867886687024468e-01 6.196085909060951025e+00 5.379485528064042121e+00 4.237287482931871851e-01
1.168134158026452596e+00 8.284422595199563588e+00 4.780348542952213009e+00 2.170864941626159395e-01
1.295500376536375731e+00 5.859574631663198474e+00 5.045534093643599505e+00 1.614181500196517072e-01
8.922594090558508828e-01 3.893643125631988333e+00 5.165413961659153230e+00 1.877407081792507870e-01
1.628758381393441423e+00 4.788762378288459409e+00 5.062413360365419557e+00 1.697555852852723202e-01
9.117596251939747987e-01 4.012756036323290587e+00 5.042608299312135500e+00 1.348190138665018856e-01
1.051681925963801945e+00 5.222500143997969246e+00 4.963117606600179421e+00 2.840235840863787886e-01
9.630253451874776216e-01 9.184264744094532418e+00 4.893129768882912956e+00 1.736714976712880609e-01
1.165057240423072127e+00 7.621814951537283278e+00 5.398799724499882657e+00 2.069362126300717530e-01
1.051626528577217279e+00 8.137766846667330967e+00 5.331807052605086916e+00 1.438003032210436460e-01
9.795579945191773552e-01 7.636776392663573887e+00 5.256660874425571173e+00 1.535252075796421090e-01
1.053131197720261758e+00 9.902685655318729019e+00 4.975400195721191743e+00 1.798790734314824058e-01
1.222781496995952732e+00 3.693185531375640096e+00 4.945609439333281010e+00 3.680530749122858380e-01
1.210061859852329613e+00 6.586816480083257375e+00 5.285551517772163699e+00 4.026379231787154955e-01
1.112123867453817416e+00 2.978769155468550256e+00 5.031961478882937655e+00 3.140630316536666689e-01
1.239121741914833930e+00 8.246628969144826016e+00 5.150286168698698042e+00 1.802923974376298699e-01
1.012930765172336933e+00 3.932720486469004850e+00 5.028772135691166767e+00 2.775671678028145406e-01
8.388608252888796191e-01 6.132450512481941729e+00 4.831690668979922165e+00 2.317379959049080673e-01
1.298656457712643597e+00 3.725759513820987134e+00 5.063453671334540829e+00 2.495626999799960000e-01
1.310870568577037210e+00 3.821860826217693852e+00 5.171970674690447467e+00 7.151225077328401958e-02
1.140391523975359034e+00 7.479229765418752507e+00 5.225329232628636689e+00 2.044876444084578193e-01
1.064803827233572475e+00 7.554630675966756748e+00 5.236313322432579298e+00 1.607660856119555171e-01
1.017534997412669950e+00 7.730550593358964662e+00 5.175068469589037434e+00 1.188407569335661745e-01
6.233333340888859153e-01 6.810664898977828230e+00 4.875916435467114951e+00 2.051160527485368090e-01
9.669763353594055255e-01 1.590833229532751858e+01 5.090421433981979327e+00 2.459853448579630009e-01
1.491255590113728324e+00 5.250754104845979597e+00 5.020894004335660910e+00 1.183148873431137255e-01
8.710690429182212924e-01 5.220928829814940997e+00 5.161012157519180299e+00 2.749808792066725793e-01
1.099773978669647656e+00 9.620189062742262820e+00 4.851968714347795419e+00 1.610095044807068887e-01
1.398734545128269335e+00 6.240428632253734342e+00 5.130452941465270200e+00 1.401284754894583928e-01
8.740616674790226970e-01 3.548734536676560580e+00 5.711271726518932113e+00 1.851493717502823710e-01
9.238783437262356735e-01 4.166576522472813515e+00 5.006411771254327014e+00 3.079211369872708048e-01
9.614898341969426721e-01 6.408007896248824053e+00 4.976933317976373061e+00 2.386786587765666878e-01
1.038370875362345291e+00 2.172672035251898226e+00 5.526634424086571684e+00 2.697784623705479223e-01
9.026136069397677764e-01 8.570022778390494977e+00 5.092096658943076726e+00 6.943886801099197204e-02
9.181415110658784906e-01 4.932550346601631830e+00 5.095076921132410064e+00 7.198413744827088234e-02
1.269253527716117658e+00 1.081106835386281162e+01 5.065848570293828956e+00 2.889921634032998066e-01
9.253972681851899695e-01 9.559276040237808303e+00 5.004557937848333360e+00 1.609840839075093455e-01
1.345811370060755019e+00 7.380057339781235015e+00 5.136587226837600717e+00 1.360436699150864570e-01
1.125409798711705767e+00 5.963757097319605904e+00 4.883321897995480221e+00 1.782242298294597349e-01
1.093283937527449234e+00 6.326331233459659309e+00 5.020044099012119787e+00 1.180138209362892043e-01
1.001709156775640874e+00 6.401681231337079225e+00 5.327278069472325406e+00 1.884979189721487647e-01
1.027824102383717131e+00 7.724095653133385753e+00 5.087687609926506482e+00 1.099493300370732451e-01
1.002448264042296033e+00 7.829726071206263072e+00 4.778485626343544901e+00 1.523115753284176033e-01
9.951192421671084531e-01 8.210517868079937998e+00 5.104146839895879140e+00 7.473794677641633355e-02
1.103190242190937642e+00 5.514766846743777151e+00 5.208274754946614848e+00 1.760487695203703518e-01
1.213817381580088117e+00 5.691670191718106508e+00 5.098350299996496027e+00 3.780307419990967532e-01
1.100037254299590206e+00 6.960087869225994872e+00 4.917382992881642600e+00 2.570740931486670267e-01
1.066043885895765486e+00 4.218635700406494493e+00 5.235820551550353308e+00 3.138649662574686250e-01
1.071147746712231008e+00 7.805238616000772289e+00 4.915566394025749020e+00 1.173492771716689448e-01
1.119841517923883645e+00 4.572671581869339974e+00 5.163574396424732704e+00 1.162879905193710123e-01
8.494627779808041623e-01 6.508473451982503377e+00 5.160260748908696904e+00 1.933194066712767001e-01
1.261722700592480928e+00 3.595105731333152033e+00 5.253360835816129004e+00 7.137741258135317513e-02
1.424717775581900270e+00 3.487160641977002484e+00 5.067222292056797528e+00 1.677539740116142930e-01
9.162322090204818581e-01 6.799852872752057742e+00 4.882125003216059689e+00 3.204843965490583590e-01
8.263528377441586859e-01 5.663558028019067159e+00 4.695980003879270726e+00 3.099397624968708298e-01
1.171837912469418486e+00 6.818969851420411565e+00 5.123096630936573526e+00 1.406529567804603587e-01
9.418677020111304588e-01 1.361805092567228925e+01 5.114740589786421765e+00 2.008091427363876968e-01
7.805892185676506223e-01 6.975720768500083935e+00 4.914413447396032808e+00 3.070436539339834181e-01
1.255816321363757426e+00 4.988130164618995721e+00 5.171830378030933595e+00 1.081344517394948468e-01
1.313480365278621331e+00 5.220365002488414063e+00 5.246071229294222427e+00 1.757993838466437309e-01
1.079730270767437883e+00 7.170293543345425569e+00 5.255148571978642380e+00 2.578427368375316719e-01
8.880916245661241160e-01 3.798029017466824975e+00 5.164274526481595018e+00 6.456547884455410280e-02
9.981969366056165915e-01 4.535425665912357296e+00 5.132738190867729422e+00 1.761151097298061241e-01
1.067507096604757066e+00 5.379448042355500448e+00 4.812826307226411693e+00 1.783543004961462008e-01
1.022396204079025095e+00 9.641355111192238425e+00 5.137065813831610761e+00 1.238567688346144252e-01
1.366547827991555053e+00 2.787307724797215336e+00 5.114967078418236390e+00 9.057926050229048176e-02
7.911113061167837079e-01 8.057288065323666260e+00 5.163182297438317470e+00 1.496909520003620875e-01
7.695602132293298814e-01 6.933231220379211912e+00 4.997678675779531510e+00 2.029303961140548618e-01
9.351258289511613642e-01 9.114652969365744539e+00 5.256084456588984821e+00 1.056187168326702674e-01
8.684736738752968366e-01 5.790036240480148422e+00 5.199585791776066834e+00 2.723379683544274732e-01
1.068807898847918381e+00 5.390540998655414029e+00 4.798099509967179266e+00 2.115380478582948032e-01
1.012419677155071529e+00 8.170602409106354713e+00 4.984556886881931881e+00 1.090626958159755383e-01
1.807342313257070732e+00 6.227348443023441149e+00 5.255474809908122324e+00 6.493872234914356556e-02
7.208691332765900794e-01 7.913216518746999384e+00 5.185179980030072855e+00 1.330321706374027468e-01
1.005322000978942087e+00 8.103781029981149686e+00 4.955505768461127225e+00 6.306848195617395514e-02
1.022795442389277554e+00 7.657926029254483957e+00 4.756316287419314115e+00 3.090467671370285552e-01
9.428545488606460134e-01 3.538731557485866652e+00 5.226643205524986513e+00 4.127012462854010022e-01
1.118595801971083326e+00 5.472504483503801254e+00 5.386465951352695569e+00 1.906873492713891949e-01
1.353335669557339527e+00 5.687661122983943329e+00 5.216874044045250791e+00 2.002412571709473177e-01
9.268879437342902872e-01 9.913144219590575901e+00 5.155388537217587164e+00 1.521119935987161609e-01
1.056757272244284840e+00 7.083316907608440793e+00 5.207604058024593918e+00 4.967840408696904131e-01
1.206460936208476387e+00 9.958785934431382714e+00 4.736877527471383686e+00 1.391836821079786291e-01
1.044024516733660812e+00 8.772893676881905023e+00 5.437917898550656659e+00 1.019791647705485665e-01
1.101465275116086273e+00 5.768143730941032388e+00 5.095120490472997865e+00 1.096532187258875274e-01
1.306152024613533635e+00 3.825277352182673063e+00 5.182638733989010760e+00 8.368568186679763155e-02
1.143968827263858845e+00 6.052721533710213819e+00 5.147509707433743031e+00 7.006732335762358432e-02
9.510176213376735355e-01 8.165490889149783271e+00 5.199646580697139697e+00 6.618670034031598481e-02
9.972125227543043868e-01 9.910468030122927985e+00 5.161362643273016637e+00 1.111288375018627816e-01
1.320638940960075614e+00 5.953774718698453761e+00 5.136610700678928332e+00 1.499081086486027670e-01
8.482721806604328618e-01 5.131905456469468163e+00 4.999230651079654031e+00 1.421632020749736824e-01
8.477466226390631965e-01 5.521733357120959695e+00 5.162494642880277596e+00 1.420232720246476787e-01
1.017456768521458610e+00 6.506115990635763069e+00 5.350937484120025012e+00 1.410698027259692233e-01
1.073417318744575244e+00 6.067337733200401928e+00 5.204228990798161369e+00 1.188289251806323998e-01
1.350964088612659264e+00 5.198068002621804240e+00 4.975864560994955887e+00 8.405370827058730732e-02
7.708071901125378433e-01 2.771699140395478267e+00 5.074166123706025822e+00 9.447269102622560255e-02
9.219509839790349659e-01 1.544768833482715031e+01 5.144529448035876307e+00 1.672721534161535073e-01
1.109878017920249205e+00 5.526966726920749196e+00 4.920490146347900051e+00 2.857474473770461598e-01
6.703040907837234386e-01 4.442529374039287937e+00 5.132067193727922749e+00 7.322033725861802622e-02
9.254759590485550635e-01 7.603786051270123636e+00 5.163540780691113774e+00 9.622379017382143296e-02
1.169692304433420871e+00 5.801818167849901897e+00 5.145733709589226379e+00 7.306365936532090155e-02
1.046374269935915313e+00 6.578579791862168236e+00 4.927947861821329489e+00 2.130832457879044961e-01
1.057541213626196130e+00 4.177423752192819251e+00 5.104606760687619982e+00 7.965178609620775230e-02
7.593578743953262045e-01 7.229233423333085717e+00 5.142203854756978387e+00 1.268253214129907991e-01
1.130972020843917569e+00 4.768864959672422188e+00 4.796114317392087045e+00 1.895315263749826618e-01
1.175681011490785854e+00 8.283324541795002105e+00 5.042864558301626055e+00 1.383908892801424539e-01
1.008569279624003778e+00 6.687072382288601347e+00 4.900931669314378958e+00 2.146848364557604194e-01
9.097671687357602455e-01 7.433873596387423177e+00 5.097662311537130897e+00 2.113265035778118528e-01
9.450526883798688882e-01 6.239835760981711665e+00 5.054274771159217750e+00 1.628429394338611891e-01
9.264318515157454748e-01 2.741751818553824549e+00 5.120938279512435187e+00 1.610271781096095922e-01
8.564485539435195971e-01 1.423479768164536274e+01 5.312466586385086842e+00 1.386021212898162214e-01
8.683940279150996755e-01 7.119457064008831715e+00 5.128221274622633885e+00 1.123190343448347978e-01
9.305008008161910205e-01 9.583837497926557702e+00 4.954701126016083812e+00 2.507819990406002786e-01
1.059093578942407188e+00 4.758245772400470308e+00 4.718207774942776211e+00 2.191749006771124830e-01
1.033335024169880434e+00 3.560952532739578125e+00 5.124848753072490659e+00 1.363329076647929738e-01
9.799337657580334815e-01 2.504388760650856582e+00 5.250548859759093467e+00 1.721660532808430566e-01
1.055151508676529959e+00 5.373439411266582866e+00 4.780966513248909422e+00 1.703079899237862627e-01
9.272506197753046520e-01 5.139296541311492383e+00 5.300119944100985414e+00 2.338440406056836729e-01
1.046499607751663952e+00 3.958553212369999574e+00 5.072840482424108011e+00 1.302407977781563364e-01
8.788852220951391958e-01 5.537936728476954507e+00 5.112737598095515423e+00 1.395213830537889721e-01
9.818010199739347632e-01 2.643681076478725522e+00 5.148500634511183449e+00 8.310960260824032386e-02
1.249190866551138868e+00 3.297791078214227234e+00 4.968398993813728737e+00 1.580392773262804529e-01
9.565286646617302546e-01 1.012410437217667081e+01 5.306348292050732773e+00 3.050805731712764590e-01
9.537670660350113794e-01 6.437931089010534791e+00 5.090556473897182244e+00 1.462124186572942020e-01
8.825007376918331259e-01 6.284139058071666284e+00 5.104471173852020094e+00 1.239636580931414156e-01
6.593050294440292447e-01 5.449467689407850202e+00 5.213562223076159796e+00 2.144253190676112808e-01
8.935954968954391564e-01 7.676132402420520862e+00 5.090936616072148091e+00 1.687670303174256536e-01
1.122817438554854608e+00 8.626051629565450796e+00 5.440382452670712077e+00 3.032409776194458506e-01
7.724682754376708260e-01 5.442020749475500629e+00 5.182891389751346445e+00 6.302065692754472981e-02
1.122979386290219095e+00 1.131994350057066079e+01 5.351928642761950350e+00 1.258356514498932821e-01
1.123954396486000151e+00 3.667146150475798727e+00 4.970374975151380603e+00 3.430449989633735930e-01
1.125276836975511063e+00 9.145868419507534597e+00 5.529523795223405536e+00 3.470482776154543147e-01
9.672241438796399526e-01 6.429355225154804288e+00 5.083061108983569554e+00 9.481766902899016469e-02
1.072080085183294562e+00 6.175429035280089352e+00 4.900194333802044611e+00 1.346313628109787885e-01
9.219810767954352837e-01 1.028924392954974287e+01 5.200453684306197921e+00 8.643146039059629304e-02
1.123081524289121447e+00 4.272971661366422147e+00 5.285155042047904317e+00 1.830567490415080378e-01
9.085535727774839421e-01 6.036307815510204122e+00 5.174178927402058648e+00 2.655336693548733806e-01
1.045268782724696033e+00 5.366046051574166142e+00 5.159178742487724456e+00 2.490692282198614382e-01
9.395358711933116114e-01 5.116039886262355729e+00 5.170411922493496348e+00 1.129316337161789807e-01
1.105068586227159200e+00 5.517533059607121260e+00 4.950184472942829927e+00 3.269750485359054215e-01
1.680577174713272726e+00 3.749968607344279725e+00 5.149527274435634183e+00 2.400733378504270044e-01
1.339175856963952915e+00 3.822745324667162770e+00 5.019243070881972635e+00 8.196912287392243979e-02
9.915176612014264812e-01 1.097402808586530298e+01 5.032264696689328076e+00 1.151455266562873975e-01
1.148899861468708927e+00 6.858651912897616221e+00 5.103720053562274650e+00 1.409204565059062053e-01
1.123530565988000385e+00 6.304041995995676828e+00 5.213641539369147537e+00 1.901244582431579344e-01
9.663024316956525528e-01 6.952579585800624073e+00 4.889605565204853121e+00 1.606533072725306321e-01
9.282322339925925814e-01 4.336459698010750152e+00 4.849388438248015909e+00 1.567220278301435510e-01
9.934947528496342883e-01 6.723271005509665166e+00 5.183215001406344058e+00 8.299050769914584347e-02
8.593758319120524680e-01 9.900586531259550682e+00 4.943538577226250119e+00 1.438555448518046842e-01
8.676991807653139377e-01 6.688972440196238267e+00 5.025159564701024095e+00 1.137881626638118926e-01
8.057463957064804339e-01 6.614356269849567482e+00 5.182724091183740889e+00 2.081672278833877066e-01
1.031753727361734096e+00 1.362047256143066498e+01 5.268308690519733162e+00 1.320559713885386677e-01
1.036883586744862695e+00 9.644524667154611208e+00 5.274021287449357942e+00 1.517966178183358661e-01
1.128865643666528529e+00 1.011446948747869889e+01 5.062770542938682894e+00 9.714281367761488928e-02
7.362913203996778178e-01 5.475820329413393139e+00 5.039395862268002624e+00 6.999473001358567925e-02
1.034658845443731323e+00 6.819167204334166676e+00 5.197321984277375684e+00 1.451322624195419131e-01
8.889540290727354632e-01 8.503987441625346477e+00 5.228952228176790840e+00 2.078923945727310374e-01
9.956087047598444206e-01 4.466338760291431953e+00 5.219712085475510577e+00 1.882968215995175221e-01
1.296434686587683016e+00 5.846278200047684948e+00 5.037900562011788708e+00 1.962798541708155875e-01
9.195903027078107250e-01 1.086953049238069013e+01 4.802542677615448952e+00 1.462495089271203530e-01
1.277581565069191738e+00 8.034616573189198974e+00 5.195052044258661184e+00 1.631828988516506040e-01
1.088618054336233154e+00 4.070616678606478800e+00 5.236802157708217997e+00 8.714676632406438694e-02
8.769546986451081105e-01 6.401320045145292070e+00 5.145507329166061794e+00 1.287048793652563472e-01
7.846024650145482227e-01 7.554515048785664710e+00 4.714584128228227478e+00 1.709852573559447197e-01
8.918574914968359080e-01 7.311368817962048183e+00 5.132227022259349347e+00 2.068137707709438167e-01
1.292171038408266304e+00 7.010448612434223570e+00 5.123793896181957130e+00 8.207848757184449395e-02
1.026948590608469214e+00 2.014549190901382758e+01 5.569358832062524911e+00 3.961183767009645584e-01
9.743844965095050936e-01 9.891807920729064563e+00 4.917666903338149709e+00 4.509730451932726925e-01
1.124409998885192996e+00 4.929333394229796994e+00 5.131231644688125648e+00 7.376253476161252765e-02
1.154302237527099040e+00 3.769780696263614228e+00 5.105456634669842231e+00 1.203387644557479680e-01
1.018127431478308864e+00 6.511916885158112400e+00 5.300452797995163223e+00 1.785906556064659756e-01
1.148050480154237940e+00 4.904081350368781678e+00 4.888250916933309931e+00 1.259898394441988090e-01
9.672859624046353799e-01 8.001250642927805856e+00 5.015906705110638519e+00 1.819796201120350565e-01
9.672412421236127322e-01 7.466302328636384544e+00 5.029862906995967720e+00 1.631773363971355528e-01
9.622735261242739702e-01 4.959750625628140064e+00 5.177604975626351802e+00 1.749449680527378759e-01
1.097886994914698988e+00 6.387410215237622424e+00 5.183610651182555706e+00 2.017391603685054491e-01
1.022086091946982744e+00 5.355439636289919925e+00 5.284456305313094404e+00 1.881153221035888889e-01
1.012364900257755052e+00 8.609718528396138382e+00 5.167652925830478416e+00 1.695066068441370977e-01
7.679922111145520702e-01 5.116872385819269731e+00 5.070458572264439745e+00 9.840343333630818812e-02
1.037607349623689501e+00 5.576329008388924535e+00 5.255608623729597362e+00 8.501415587630557769e-02
1.004001876507372604e+00 7.103497552407904259e+00 4.816707790812994716e+00 2.148207140044319785e-01
1.210360550044247807e+00 5.279024656924709902e+00 5.054729284689355673e+00 8.485344828953050866e-02
9.220987104558103775e-01 1.065995123947093681e+01 5.226910613090909763e+00 1.544633252802175005e-01
9.981156552508433366e-01 7.691520199827641235e+00 5.208742822822131302e+00 1.691828046828944276e-01
1.254555987212510049e+00 4.028997103590458373e+00 5.003240538879451194e+00 1.669480444301881528e-01
8.275002006986631464e-01 1.094659045292832289e+01 5.134521637352623458e+00 1.072119032842181879e-01
1.060784866552047623e+00 1.199266889946300196e+01 5.257009695444592623e+00 7.753168807949695207e-02
1.237934762398908539e+00 5.900917516407376162e+00 4.932980400736521887e+00 5.902074705659691306e-02
1.022788007526612697e+00 9.527335300742349133e+00 5.134509194838654977e+00 1.609349281174536905e-01
1.332650838069426635e+00 2.315422837224192065e+00 5.180918439449446744e+00 1.303536903222654586e-01
1.412315610732887361e+00 4.735766416907664755e+00 5.073267393733118524e+00 2.129460786529256133e-01
1.048922832384176163e+00 7.315851313652849797e+00 5.067863518685329360e+00 1.732427025190873271e-01
9.607294943507019847e-01 4.604992328585312933e+00 5.318575835073349189e+00 2.984603665568587583e-01
9.088232072595043842e-01 4.154466640243343889e+00 4.913536279263729156e+00 2.916400554219687469e-01
1.023674314985665301e+00 5.354583717537005683e+00 4.933242470014836734e+00 9.860987913216076595e-02
7.613439509990012066e-01 6.527138872587130436e+00 5.074897622853252521e+00 2.003725235178452913e-01
1.526647677433215167e+00 5.812745714707734379e+00 5.430814716440770518e+00 1.702641285512256630e-01
9.350215451515672127e-01 8.260550363725565504e+00 5.194568772342500473e+00 8.972029565915196070e-02
9.640774753211575065e-01 5.897329954073102343e+00 4.840800981692309435e+00 2.062696349911037896e-01
9.743559675609001491e-01 6.892816390643781155e+00 5.035134224043569695e+00 6.938782184141462084e-02
9.360202608192350615e-01 5.621700832792856595e+00 4.706190735707862061e+00 1.369807647174696996e-01
1.177055624023055636e+00 4.003177481088984635e+00 5.124717390048195931e+00 8.270048090721415779e-02
9.274495786400677177e-01 3.160768130529035602e+00 5.042881562763792402e+00 2.609507585826632003e-01
1.066384450178062604e+00 8.643407136863039852e+00 5.079707685223202596e+00 1.435336948977864180e-01
1.007530974774682342e+00 3.758255648569992946e+00 5.277456986194836830e+00 1.434817648036483817e-01
1.180023859688365651e+00 9.084939690280105395e+00 5.012352948712405443e+00 1.165111086251170019e-01
1.219926904865161754e+00 7.534443690170546937e+00 5.213767986239152386e+00 1.078093530862869048e-01
1.117776486130110714e+00 5.660583808597203337e+00 5.226434665112956957e+00 1.625253746284085477e-01
1.041250532985136923e+00 9.397600603133408725e+00 4.854195840875913603e+00 2.023861864621850359e-01
1.185297641189600126e+00 4.605956836284522460e+00 5.113021775476266129e+00 2.166521758311953649e-01
9.383525511240864425e-01 1.092798429146802519e+01 5.286957763060713411e+00 2.459907677122794567e-01
6.347549853834578704e-01 4.000461292913582767e+00 4.869002869027910130e+00 2.559185178773002445e-01
5.670713557494435619e-01 2.617857664375141891e+00 5.092887275911627931e+00 1.201575724134429091e-01
1.031812123401972148e+00 9.212378574891101124e+00 5.059737181247536242e+00 2.180348797517014103e-01
1.236653015664723299e+00 2.742232575635714209e+00 5.278547257479448085e+00 1.266672967535425465e-01
7.899026795464370032e-01 5.834548507382314675e+00 5.421278101708236541e+00 1.324924330318172638e-01
9.582191493306301266e-01 1.190015519899994345e+01 5.155232260650450371e+00 2.164685312974117815e-01
1.439295020721041540e+00 4.980172008442466769e+00 5.098270384133756217e+00 7.386402989958509857e-02
9.887235663277706976e-01 4.812247562919165667e+00 5.093880616702158193e+00 1.528923022194114134e-01
1.026829879721770311e+00 5.115039141242741394e+00 5.253285013028669681e+00 1.860450792206395920e-01
1.351688366394388829e+00 9.467595362469305442e+00 5.090665708242736898e+00 1.412651018701809313e-01
1.004035784567488321e+00 8.896830586458975176e+00 5.239261007121550406e+00 1.269338463247471072e-01
1.243503581684677783e+00 4.597181901884125566e+00 5.284200277564870873e+00 1.291887410576131601e-01
1.100661422317512628e+00 8.531782583225306027e+00 5.026105804535049515e+00 9.033972271333495785e-02
8.775942078225668075e-01 3.244938064061669181e+00 5.019960160994815013e+00 8.827757168658109665e-02
1.096602339223232692e+00 8.723937483250237435e+00 5.004750230020968083e+00 1.227627320735793781e-01
1.152808502168747973e+00 7.659249042730801094e+00 5.093790978932661417e+00 2.395101320566280501e-01
9.717014629761373534e-01 6.907609292658041689e+00 5.136068924916912692e+00 2.077723112307466313e-01
9.760112854517237757e-01 7.148903642021410931e+00 5.620752394080843928e+00 2.101785424537571390e-01
8.538735382605252555e-01 4.474889518086136775e+00 5.376488091572448447e+00 2.322218177233815739e-01
1.071038902943862947e+00 6.614225177787487198e+00 5.219294374795433455e+00 2.841640654027099422e-01
1.145910006877758791e+00 9.682983649522336478e+00 4.969561895652137906e+00 1.590113164374064025e-01
9.222827252530567677e-01 1.025813846470298429e+01 5.169086122283294671e+00 1.305550923065544322e-01
1.174823364164705009e+00 4.137128312593339352e+00 5.034432622368592014e+00 2.461728848239288225e-01
9.297574844629422630e-01 9.961506079836622618e+00 5.202922984005615703e+00 1.677172781339457408e-01
1.148580036847794306e+00 2.873580054212754753e+00 5.108361665718437195e+00 1.134736803641783059e-01
9.428957078063049391e-01 7.087484157437628163e+00 4.986242672230236650e+00 1.176276704879038459e-01
8.806662382194674343e-01 1.011261555009523327e+01 5.010319997228598332e+00 1.009507157288602741e-01
1.425856110900368012e+00 4.755739315786254195e+00 5.306339890048124452e+00 1.973505909309102579e-01
1.032064624860686397e+00 4.829867094901468150e+00 5.344428097764743590e+00 2.156422696540430950e-01
9.865606111611411322e-01 8.606736002899868510e+00 5.127091808014137442e+00 2.049212106933064603e-01
1.189579771449296386e+00 5.891560973711269966e+00 5.025301219680334164e+00 7.279678819347264185e-02
1.195714254869400639e+00 5.136840087807387434e+00 5.122217047522660494e+00 6.653998850454587166e-02
9.959401793090802979e-01 8.888558953716263034e+00 5.007166038321678059e+00 3.227595181717874961e-01
