# Hierarchical MCMC downsampled to get 500 samples
# alpha, beta, mu, s
1.007374511539941064e+00 5.381190305466054369e+00 5.280697658777650183e+00 1.296051284421535221e-01
6.368492198719472031e-01 6.218190316112553795e+00 5.192300367675375838e+00 4.962419476812234692e-02
7.907384888096418152e-01 5.128212913393460859e+00 5.164872575641633823e+00 1.003453605679159172e-01
8.504099529537076929e-01 7.305435557578888961e+00 5.218647030713032819e+00 2.659655455295154014e-02
7.832599683401682000e-01 7.955327112349242391e+00 5.343520788538922872e+00 1.367676771247914036e-01
1.300281233377961865e+00 7.996214744909456940e+00 4.866985118553668777e+00 2.762298440300155478e-01
1.039552084852748193e+00 5.113384167701545024e+00 5.178681778484156339e+00 1.629068442176883624e-01
8.848675509718794130e-01 4.579212933636460647e+00 5.279699346031575757e+00 1.353536040567288601e-01
8.466322552685778824e-01 4.488809460450441158e+00 5.061013575853386293e+00 1.829356773258108693e-01
9.025152743854134574e-01 1.047847762418178164e+01 5.341221442385506002e+00 1.085888945562227259e-01
1.282698861208723118e+00 4.783558833651380127e+00 5.094623129924126914e+00 3.485017314027748919e-02
6.697700260456849186e-01 5.149451653792039174e+00 5.145280953831625759e+00 1.366932018366871782e-01
9.380127743852013644e-01 5.306364320181205407e+00 5.227831967834825733e+00 4.588810836608785831e-02
8.094809252498967878e-01 4.688001182807917999e+00 5.083024360585098655e+00 6.133768902486216867e-02
9.991646768436653891e-01 4.659250929379057382e+00 5.258675049825718872e+00 1.594381662183302628e-01
9.346171257268848231e-01 2.989515788775176208e+00 5.179372361333366648e+00 1.363966622409563678e-01
8.860201046824395243e-01 5.132182079989119572e+00 5.152693763051813036e+00 7.617535073551943980e-02
8.199828514192862849e-01 1.097636170130512667e+01 4.969234904470329894e+00 9.569757709159674997e-02
9.638906386191631315e-01 2.801195370211080338e+00 5.097565867546758334e+00 2.944645248027786266e-01
1.145294540896625524e+00 6.522335628743864078e+00 5.636442982628132370e+00 2.113853647228845778e-01
7.922142154536908620e-01 5.264233024695887053e+00 5.207560920126772963e+00 1.690226801780907451e-01
8.216651521777835754e-01 5.616270972335600575e+00 5.242614074365631538e+00 1.068755232501261559e-01
1.168717322211792808e+00 6.509008327189438781e+00 5.291505174931070421e+00 8.329827743462323020e-02
1.044869994659296086e+00 6.020860478372480173e+00 5.287162454255451394e+00 2.052091470290870467e-02
1.358449377057246998e+00 7.056333315686581287e+00 5.213610858453062491e+00 4.466326148262114715e-02
8.915024958074644346e-01 9.171396961355647193e+00 5.357743317513936177e+00 4.382108636682588432e-02
1.280715403863122770e+00 7.209393956058645969e+00 5.224083010334091171e+00 5.346002727693573153e-02
1.261527041503486490e+00 8.188019617375392301e+00 5.286999233417678745e+00 6.508631602549211359e-02
1.196581406144595183e+00 3.212597865147559517e+00 5.116509738862485612e+00 9.469108043306685707e-02
1.183759396833102828e+00 7.771291610461831034e+00 4.986702327683965486e+00 1.731345343481748567e-01
1.186344700570078237e+00 7.220277841699135557e+00 5.436607107201365530e+00 1.348396942698038281e-01
8.702221770989125860e-01 6.040926482774201745e+00 5.466001077021756416e+00 2.091547139825769008e-01
1.381582434325868469e+00 6.125524043189035872e+00 5.247277775591543403e+00 6.813737350596651976e-02
1.296184736260859616e+00 4.566466646350317404e+00 5.286447732824909096e+00 4.369045733569160844e-02
8.476666590290710124e-01 4.936398906304191314e+00 5.263613823212851983e+00 4.193783842240477594e-02
9.065187317570762016e-01 7.764113559282362687e+00 5.259020698297667273e+00 1.660610992006061881e-01
9.152993316710856808e-01 6.983873396246700338e+00 5.258053815384218233e+00 7.441991243544321399e-02
9.892613471599475128e-01 2.665937085056031108e+00 5.159492720675569188e+00 8.208845474830064881e-02
8.142027634834357874e-01 2.924017328451249398e+00 5.307559758048013165e+00 1.512880176109148711e-01
9.894812836479457419e-01 6.032158748509646173e+00 5.346625886519715820e+00 3.947497034899064006e-02
7.447310897014653985e-01 3.463362662450682805e+00 5.283420146466244915e+00 1.647479715848588488e-01
1.391824143861671415e+00 5.202946304760791563e+00 5.213056063298866505e+00 1.288864572833390287e-01
1.242080302534885883e+00 6.372352865618827522e+00 5.186367094769448904e+00 1.295150921434639057e-01
9.598747512419489869e-01 4.362128691957486204e+00 5.270352152365168408e+00 9.854016743715014737e-02
6.716432496356504744e-01 6.292864373190413474e+00 5.184177679816430739e+00 1.719040387574091722e-01
7.751116889499565232e-01 7.505833156131541450e+00 5.093496842478584696e+00 9.369024455116317651e-02
8.591913177266693458e-01 3.355261790064186567e+00 5.150405090497604199e+00 9.633095237834957136e-02
5.437996478686297763e-01 2.600323178143649105e+00 5.200191481062931942e+00 9.502675885463332528e-02
9.530870646984681560e-01 3.061132002958832476e+00 5.135603623702090559e+00 1.516414621735477919e-01
1.001694716448920719e+00 6.014924892915180621e+00 5.354535606474672527e+00 1.495230107497771410e-01
7.834783657344200902e-01 9.749591729345242541e+00 5.261664510953843354e+00 2.118664708291277399e-01
1.087871257290700999e+00 8.626878046697889602e+00 5.277690630584926268e+00 4.113273305492069765e-02
1.220965781470171097e+00 4.711865954396527556e+00 5.216675018621820037e+00 2.155194531588907891e-01
7.092873871876809178e-01 8.678134997171087051e+00 5.179283262040789815e+00 1.063285365905047020e-01
1.163576149446602370e+00 6.812946498945373186e+00 5.280703516276755494e+00 1.779737782235384924e-01
9.011986918180415751e-01 2.958595152545912654e+00 5.215478643736075171e+00 4.478884865939666837e-02
7.445141129359813537e-01 8.880507630592026302e+00 5.252925691746597181e+00 6.201140868053053173e-02
1.122552035022608141e+00 4.443078147041910952e+00 5.473330471674718645e+00 1.350617424965221136e-01
8.176908892029831621e-01 6.587966061718870669e+00 5.103015135955703663e+00 5.068920462585658343e-02
1.120791272078073275e+00 6.015514187624406262e+00 5.232666744454658847e+00 4.924674383305847891e-02
1.044782323242201771e+00 2.866451070152018943e+00 5.100297898326026313e+00 2.574933149635553198e-01
1.000194397662099055e+00 4.391651618916321276e+00 4.845394455762617625e+00 2.214999066707883935e-01
7.369376953795788721e-01 5.817242254496168385e+00 5.278540091380339305e+00 1.490362311651845517e-01
1.047316862025611250e+00 6.795905404339523059e+00 5.136928051616584057e+00 3.615796548039341696e-01
7.544513529020874243e-01 8.818617294683621211e+00 5.303011191978279193e+00 5.829433703345798107e-02
1.141723564637724619e+00 4.565999957034716061e+00 5.205381285586669016e+00 4.066673991058074311e-02
9.932071284094476926e-01 1.173198020911469719e+01 5.040637666899186797e+00 1.006161842061766287e-01
1.041000582756103521e+00 8.125523385528373055e+00 4.902723183899542647e+00 2.181157569123501339e-01
1.320220343152358700e+00 3.749497249727276937e+00 5.291447343959041483e+00 7.053312630707225805e-02
9.106254251097696262e-01 1.092548580821916815e+01 5.145941351702411737e+00 5.768906450368607719e-02
1.027754634322799232e+00 8.974294184966582932e+00 5.441831425618222973e+00 1.592190925214162223e-01
6.115742502118752810e-01 6.578820576642288032e+00 5.210540660653242284e+00 1.040545034905901722e-01
9.003487550854561983e-01 4.280438570321320135e+00 5.158640584476118285e+00 4.789721379469555340e-02
1.065400083040240808e+00 4.520298785340507663e+00 5.056786605193277495e+00 1.645092640669740813e-01
7.813085915816220250e-01 3.509290869632222254e+00 4.895270408817080643e+00 1.303153828007480031e-01
1.179929316973631792e+00 6.233344086650192573e+00 5.035164610533312768e+00 1.062862552695303664e-01
1.059191846428499950e+00 4.014156826940011413e+00 5.152794631052251439e+00 1.021494451718861357e-01
1.081228187054014134e+00 6.485587959519144796e+00 5.262816169723591564e+00 1.603885233580555070e-01
9.684921818954029815e-01 2.642401283041071025e+00 5.244127699685914301e+00 1.390876313610070192e-01
8.884394753550952650e-01 7.575210633109129787e+00 5.145567710017895813e+00 1.037377683337142864e-01
9.186607267025023171e-01 7.471620612949775975e+00 5.245820839500693111e+00 1.180672721942237213e-01
8.206363617230207907e-01 1.013991650533641398e+01 5.200368261518280910e+00 1.127009048407729558e-01
9.744547481316954141e-01 5.794871717310868142e+00 5.310513482108225602e+00 1.106954830332426559e-01
7.690666377115709107e-01 4.805236337108000022e+00 4.874767189086606223e+00 9.340816341819199731e-02
7.924554299025863280e-01 6.873240487371001350e+00 5.187736126676393056e+00 6.141173632161185669e-02
7.789012382580393634e-01 5.483041186004534495e+00 5.250014482727920040e+00 1.260228716642481372e-01
9.471211571975052257e-01 5.218730277946665552e+00 5.277431587882078112e+00 5.066320332583965080e-02
5.534949146148366861e-01 9.099854003375607903e+00 4.874999198486059448e+00 2.163094640644333821e-01
1.282363423680644932e+00 3.501544658015437239e+00 5.430808076396136386e+00 9.381963625312964017e-02
1.008998264425113423e+00 8.105959982172564082e+00 5.200353581295884986e+00 1.184674976111758649e-01
9.516374999450025740e-01 1.253967954378247640e+01 5.241440094123612781e+00 1.064308196974422110e-01
8.991790501272659553e-01 7.310963400372532561e+00 5.243502432387845857e+00 3.609987949628769288e-02
9.161227390291517558e-01 1.418651951682011614e+01 5.267610488555813930e+00 9.874876118473004116e-02
7.280588015194708884e-01 7.002049951736543321e+00 5.315398156580599220e+00 1.973451306024700813e-01
1.007238322107203432e+00 1.464258386851470384e+01 5.331662874899842919e+00 1.555956374298296252e-01
8.172277803537354446e-01 8.043764996809866119e+00 5.154892589037483930e+00 1.074169853507702388e-01
1.152418168678050803e+00 8.780538952330092073e+00 5.127224949481020921e+00 1.327112935151618378e-01
9.406887800739428540e-01 7.322666522742735218e+00 5.259586787212668035e+00 9.336255040753382861e-02
9.416541019263202639e-01 6.283557431801773063e+00 5.210005554281658569e+00 8.973389579976207009e-02
1.032649521186392638e+00 4.127507078792950423e+00 5.316031854522729638e+00 1.069703659454929040e-01
9.716085881865953455e-01 3.913330422786687190e+00 5.250455225544325977e+00 6.509078101073309530e-02
1.162582920499140249e+00 4.912050636535017389e+00 5.136617765167576621e+00 8.879542023365193104e-02
7.787756130372152086e-01 1.092750710713302276e+01 5.497482451469832831e+00 1.783270172218350824e-01
1.102748168356808556e+00 6.143749439274658997e+00 5.121612294868030268e+00 1.255186752481450285e-01
7.783976602875338768e-01 4.865122185296869795e+00 4.933303414425311395e+00 9.214883995148215323e-02
8.616587464096037152e-01 8.551450774207015826e+00 5.300254942212535347e+00 1.357747454184477509e-01
1.198263773314140357e+00 3.714445219437225276e+00 5.098793673004618832e+00 2.441273836382149010e-01
8.146509268946566795e-01 8.176880503493897834e+00 5.247323715689125478e+00 6.108253320592629820e-02
5.178005297589324263e-01 2.835819781937993334e+00 5.204962854727305022e+00 1.056814171895610333e-01
1.392953365972440238e+00 3.100350679330791781e+00 5.189389978485603017e+00 1.002418903314583332e-01
8.173892974468816019e-01 1.060260113176001795e+01 5.174888829860836204e+00 2.175610876677398220e-01
8.422126668022715812e-01 7.308582340228740648e+00 5.137320149232023070e+00 9.345014343110234767e-02
1.107701770582380174e+00 6.829785589329419260e+00 5.307763786673445949e+00 3.406355978165705872e-02
1.136222756945787893e+00 4.079317432471478710e+00 5.138004091918846328e+00 2.378680944570032429e-01
8.068968557773481542e-01 5.028448989735220032e+00 4.980301472572863375e+00 1.442870195089134000e-01
9.806752266367071424e-01 1.087851354430270945e+01 5.134936445036831110e+00 5.575316152715924234e-02
1.524557908485020263e+00 5.185200002641104255e+00 5.108169062868353372e+00 1.656688614199207377e-01
8.381975028225739921e-01 5.287728400513176830e+00 5.238064235651890499e+00 7.396228345953936856e-02
8.549327641155566315e-01 6.868622176870997187e+00 5.120748348535988370e+00 1.478779447579047224e-01
1.017704316554430388e+00 5.719127961106091895e+00 5.149762790685251446e+00 4.922355144785356407e-02
8.788390810592872082e-01 3.968115797241341003e+00 5.432695388133348402e+00 2.909408416018050558e-01
1.178309434822889967e+00 2.471985209052652177e+00 5.049729255912965620e+00 8.855472926787530397e-02
9.427089066534399819e-01 8.070138663431075443e+00 5.202952576262138251e+00 1.090489587509714253e-01
1.085876455131676410e+00 4.464801855232992445e+00 5.214072047456940417e+00 2.500646319175167664e-02
7.366792993232954556e-01 3.904128733495041192e+00 5.041919377360058796e+00 1.746367034972966525e-01
1.167275037199739129e+00 3.708219561831081368e+00 5.079848296515011796e+00 1.674811194519955082e-01
1.113742352390822088e+00 5.253243491181731173e+00 5.146621600380536066e+00 6.381452606523010940e-02
7.049116812314065728e-01 5.469084720060960692e+00 5.101130540040686334e+00 9.962032947201690525e-02
7.306724631482044430e-01 6.446376587271105407e+00 5.266513482898773191e+00 3.822707634004290228e-02
7.239756123003083799e-01 6.845458625986697854e+00 5.237146967447102064e+00 4.484387891427757400e-02
8.681216577092585318e-01 6.472755936073318672e+00 5.315161552109198162e+00 6.550582383422333399e-02
1.155121196714732568e+00 4.008084625216421060e+00 5.165275702584439799e+00 2.740224504180235193e-02
1.125684321530466159e+00 4.630837330350306758e+00 5.298317976709615351e+00 7.192284978814622587e-02
1.350719669234716314e+00 3.357829089793636257e+00 5.256569911744338519e+00 4.542235468941709792e-02
7.415904477270671702e-01 4.075352976460883347e+00 5.209688137512587858e+00 3.514060866713086817e-01
1.332823911321869170e+00 7.467221555697439506e+00 5.243214297692388115e+00 1.077043985542367327e-01
1.194597569444474816e+00 3.813322187237888627e+00 5.143024635539908296e+00 9.435934198027801090e-02
8.289865471224885374e-01 7.102945777691760831e+00 5.108774092116362908e+00 8.210697364025147660e-02
8.281551647733067512e-01 7.425336983540070435e+00 5.235093705478836235e+00 6.046742938753010832e-02
8.115159987413816944e-01 5.818981490311573523e+00 5.158632942204251393e+00 1.537066458481497755e-01
1.030352569601974189e+00 4.288359942242719214e+00 5.332371686996085991e+00 5.533332717048071447e-02
8.631226116432051398e-01 6.949987176787931986e+00 5.156240033832269809e+00 1.775326796521994321e-01
1.143604184134487944e+00 4.405474043229753001e+00 5.355755369742286831e+00 7.520587103440472265e-02
8.964779029856777548e-01 7.221951742491638626e+00 5.290894134541462179e+00 5.502862782075110953e-02
1.231699785659898350e+00 2.648935253351798913e+00 5.245898272654526906e+00 1.822698806505523850e-01
9.564123541219471392e-01 6.894769157666067017e+00 5.233436076048174179e+00 8.651841949154853717e-02
7.283234188422665900e-01 6.949248258531036448e+00 5.598581193484970520e+00 1.586504735849744441e-01
8.748194667781866718e-01 9.387838231214637119e+00 5.250206765532689168e+00 8.702749344832622080e-02
1.065963507295263790e+00 5.432222107820816603e+00 5.207501131325594557e+00 7.330566187610204620e-02
8.459717477787035422e-01 7.012636563801407874e+00 5.283897533944033498e+00 9.882055588046199934e-02
6.635855397171317449e-01 3.504854615615410118e+00 5.262370543308045434e+00 1.363170000375947266e-01
8.223442088353221102e-01 4.092467581214325634e+00 4.722051663633730634e+00 2.763885686877368131e-01
1.783537484969546894e+00 3.971740117209600740e+00 5.206777590512505327e+00 5.034435408058712813e-02
8.002108149858908615e-01 4.676888082820958914e+00 5.199999353047793704e+00 2.126138214106669255e-01
8.336172721488912529e-01 8.797360496403534569e+00 5.334966791017812682e+00 5.974600893715463490e-02
1.110841370313847332e+00 5.808793210079913116e+00 5.115327533712361152e+00 9.898504317891604343e-02
9.630558860297240287e-01 5.489132854086564706e+00 5.252670035794351655e+00 1.438975437439622973e-01
1.056314657270095436e+00 4.127200679862091270e+00 5.249610427689948011e+00 1.551891481831836894e-01
1.502397171029006939e+00 5.461152090892235300e+00 5.310914828317640612e+00 4.673030250095633331e-02
9.491018811463028948e-01 7.341896208419682601e+00 5.146205538340596242e+00 6.078676833827402481e-02
9.455338338325671721e-01 5.744903852692740287e+00 5.197377192305881799e+00 9.271057667107886202e-02
9.709867805310139488e-01 6.453652036948229309e+00 5.537461658889373695e+00 2.208367068003554978e-01
9.571830552175949469e-01 7.363076584216713627e+00 5.171382333832672096e+00 1.375260315411036549e-01
9.780853009005612275e-01 1.706358437198320388e+01 5.140670263340882506e+00 1.358526852494656989e-01
1.101103269324764877e+00 6.518316296405901156e+00 5.221637354425292976e+00 5.277636061940939316e-02
1.080336169005833513e+00 4.578149954810998068e+00 5.288922238744736326e+00 7.320177338972812253e-02
1.600784303785077967e+00 1.054107087028340395e+01 5.193087109679215274e+00 5.845169792708834744e-02
9.311254311759060709e-01 9.944382591547485717e+00 5.266424531384518382e+00 5.643668817525015341e-02
9.918206373701631273e-01 3.489259574574497869e+00 5.173877265588649799e+00 1.038992254915726693e-01
1.454671071540013960e+00 4.174809590794165359e+00 5.389534376933020177e+00 1.064856401249096723e-01
9.817009261701503675e-01 4.534615757901588218e+00 5.146307724563460084e+00 6.477005849212448541e-02
9.380287529568200888e-01 4.115097982079643835e+00 5.107854605741036558e+00 8.947481811446510169e-02
9.943619927113174217e-01 4.632982720249073871e+00 5.178226111142061328e+00 7.253381141901658891e-02
8.419739013307301345e-01 5.054526580674043146e+00 5.146288776526961151e+00 4.922493920703351067e-02
1.164277524179003542e+00 7.089088773085689077e+00 5.145158296437513101e+00 1.860225605888461975e-01
1.065786884701536152e+00 6.155923517735240935e+00 5.171663369476370065e+00 1.840179260951116114e-01
6.460978274295837709e-01 8.795282785055633212e+00 5.165377439909364377e+00 7.547390242643008118e-02
9.898207313060796153e-01 6.071694379740257830e+00 5.318638966904875254e+00 6.918360685752844574e-02
9.829785638117615187e-01 2.358781217690880005e+00 5.153602933869204428e+00 3.966889365759627972e-02
8.886983713452435429e-01 3.482863350923310897e+00 5.160445773804234193e+00 4.010936618752356658e-02
9.018145151611691723e-01 6.789338236748950095e+00 5.172445041755976192e+00 1.253328473074162841e-01
7.684833925378455888e-01 6.602797703005863994e+00 5.320496338461924601e+00 4.463560353669993735e-02
9.734030883535615963e-01 7.113209930476406484e+00 5.257609021758936407e+00 4.425929115496915478e-02
1.105829364947533699e+00 1.126092107350627813e+01 5.362496517003702223e+00 1.205194540973381218e-01
8.952415308107546377e-01 3.724687330934133733e+00 5.115795222563849443e+00 1.402654986047648378e-01
8.450477013359513068e-01 7.014217860277029537e+00 5.132918203714735839e+00 1.291518331549078580e-01
7.944506354523721559e-01 5.205012646268990295e+00 5.264404893318054057e+00 6.876396026766298797e-02
9.734450532104199638e-01 4.765210578078593606e+00 5.246442013546246841e+00 7.552114763596451397e-02
9.848083878453633977e-01 4.523840535357957826e+00 5.087463011772313415e+00 6.669875504962102797e-02
1.332831639249624889e+00 5.747261529572733174e+00 5.380348718843702471e+00 5.173769907712895411e-02
1.097258442028552050e+00 8.640464110633109485e+00 5.328389436036691684e+00 1.185045921069692032e-01
9.283888320825145479e-01 3.022932614014680386e+00 5.120723706445567736e+00 1.243560512406704094e-01
1.304897955979835489e+00 3.861384690031567146e+00 5.310441323138836545e+00 1.052028254758954617e-01
1.098343073807443337e+00 4.790952223190256376e+00 5.374017648003835745e+00 1.575621731609231913e-01
9.942500629153653291e-01 4.180449942870775537e+00 5.364795895759992383e+00 3.171058998785017402e-01
8.766149723216493106e-01 6.693282679062269480e+00 5.103410981865049934e+00 1.254758772698274238e-01
1.086098822315316736e+00 4.183382752020967210e+00 5.085031251323741230e+00 1.489794333142831217e-01
8.867165308436235627e-01 7.965415894217295900e+00 5.242130092279373876e+00 3.178641296036839314e-01
6.692847402911282773e-01 9.583187470613070857e+00 5.069530940208918146e+00 1.369173303403754538e-01
5.948787645186416340e-01 9.245918545834163282e+00 5.105852991008073438e+00 2.840422473299473727e-01
7.684833925378455888e-01 6.602797703005863994e+00 5.320496338461924601e+00 4.463560353669993735e-02
1.076939210604312303e+00 4.624837311365434189e+00 5.155368200728210226e+00 1.138566070878577197e-01
6.247121704745857151e-01 6.401286888383772578e+00 5.215259015058611780e+00 2.061115025785030530e-01
8.599407987358159700e-01 9.129396345341037389e+00 5.040408780070796624e+00 9.890117312819686479e-02
8.227198419766429405e-01 4.261040229452362382e+00 5.089783822807449454e+00 1.334723986805040341e-01
7.955991884902278155e-01 6.259292309424772327e+00 5.041889477577627510e+00 1.786159212591901801e-01
9.528599886885408266e-01 9.814794727154216858e+00 5.112599442719397480e+00 6.265705444818420178e-02
1.115930943292294586e+00 2.735999165330481375e+00 5.152827766279926003e+00 1.361579592759938895e-01
1.013832198981333033e+00 4.466282239688477596e+00 5.240321212958477304e+00 6.695416782289156932e-02
1.095769685646573066e+00 3.677630887187563147e+00 5.340655823103566568e+00 1.394910133884203762e-01
8.693639495354582580e-01 1.104232442692817173e+01 5.148377568607325649e+00 7.388059990710464653e-02
6.595888760314202459e-01 5.807740226980579124e+00 4.961329429754670173e+00 1.295137821766042530e-01
9.221463960742499744e-01 6.494737326253270382e+00 5.317001428895408388e+00 1.008996422540988647e-01
8.775354637001814284e-01 4.051570474412725886e+00 5.205234622626605301e+00 9.512528474021451907e-02
9.717232392095034310e-01 7.501378087241186599e+00 5.056819447804349110e+00 1.794743189770738323e-01
9.822255542021373076e-01 6.417328235986249574e+00 5.186766477094352901e+00 3.641761487947255127e-02
8.092492200087455512e-01 9.612507462034914241e+00 5.192832917754259370e+00 7.901684579701079292e-02
8.616607631860546679e-01 6.664694418068567217e+00 5.347242587267245106e+00 2.570299810278390273e-01
1.216113125005399809e+00 5.014681050202880463e+00 4.917273961292524476e+00 2.390496564399475221e-01
8.992325259833268136e-01 5.055278271274326052e+00 5.225697425811835828e+00 1.306366171374269136e-01
8.804787970043964629e-01 4.814547159208681926e+00 5.274908387472177829e+00 7.983754148654390037e-02
9.741322888571103400e-01 8.007303589290692969e+00 5.185067754050310285e+00 3.376349742934166981e-02
1.075106646915632513e+00 6.084429830831238561e+00 5.249086298907656101e+00 7.089412734836190999e-02
1.084946040397661404e+00 4.102816824618744640e+00 5.089976155934938795e+00 4.327730948911832215e-02
1.047379620981613302e+00 4.409592406510304485e+00 5.242733915417707280e+00 2.020977002898083075e-01
7.443060033272150822e-01 3.066686436471278476e+00 5.082156004977704811e+00 1.675269524557063128e-01
8.528347572684453759e-01 5.167008604154988305e+00 5.270201590600486874e+00 7.902877009060552127e-02
1.002743520018311463e+00 7.074744746329545642e+00 5.047333056482385949e+00 8.277472668375768228e-02
1.137908040179723024e+00 5.495101116885664716e+00 5.310497772768342450e+00 2.017354300718574578e-01
1.222029659546931102e+00 6.730553603638285587e+00 5.213204935830625608e+00 9.249651701614182431e-02
1.157502616581936650e+00 5.287067913576523281e+00 5.293261641893052705e+00 4.727645721898108416e-02
7.782300002045289267e-01 3.540456468352190633e+00 5.261583579122492083e+00 1.052396724252686461e-01
8.709543800679531156e-01 4.727378954715234727e+00 5.600356738770561726e+00 3.059718010086143747e-01
9.376080542408233853e-01 6.532285076450815353e+00 5.376917394016886398e+00 1.616230319267170645e-01
7.879671416382524329e-01 7.497759416239226482e+00 5.104350721106711397e+00 1.365256404993914763e-01
1.107458818783883636e+00 3.301078222491072189e+00 5.159159229006661462e+00 6.655423240466949719e-02
9.601398713887450143e-01 1.172635723034343336e+01 5.051230375615084256e+00 3.952235461438348418e-02
8.517891536044054357e-01 7.968013178168281030e+00 5.339260673693394743e+00 4.123667699798842790e-02
8.584633764161679892e-01 3.299414286925500317e+00 5.230004224972628180e+00 9.931586932781272248e-02
9.350236553486330759e-01 4.526083691090825312e+00 5.170837893170093125e+00 1.102015451647216093e-01
1.116672159296928646e+00 9.499056939381812725e+00 5.035854844942355690e+00 1.938262036497860885e-01
1.303734600693969181e+00 7.366862045493030919e+00 5.133319834834371598e+00 4.900684350479353468e-02
9.782925956057763051e-01 5.272820779745435615e+00 5.102212090587418203e+00 8.072063122765556209e-02
8.762691914563494056e-01 4.282474594652130762e+00 5.156797105569863149e+00 4.466077807789009535e-02
1.189871067639663771e+00 2.793738557576918247e+00 5.278581300934218845e+00 8.946271188130416885e-02
9.639674303813687839e-01 4.556361256602833087e+00 5.366860298168250054e+00 1.443212082945925234e-01
9.499191722112027003e-01 1.046421447896162071e+01 5.171860404178216797e+00 2.218533655783913039e-01
9.380749005740879332e-01 6.807966321057030257e+00 5.079670824643198301e+00 1.516085361703643497e-01
1.098719764005685384e+00 4.398199098563163822e+00 5.159752399685485713e+00 6.272009140797764337e-02
7.008000232355229286e-01 5.844925843218538475e+00 5.195832683001727403e+00 2.518651132046777902e-02
1.118902315778956380e+00 1.092696164317861651e+01 5.179606934599583212e+00 1.678366673740539772e-01
9.052981716188425176e-01 3.783948469642097301e+00 5.382351120661075683e+00 7.321693413430127584e-02
9.375372815686371375e-01 4.407415890658540114e+00 5.280525315881327231e+00 7.031428450176803457e-02
1.204987558481962040e+00 3.122386177035876287e+00 5.187866853327487426e+00 3.904607808368378702e-02
7.973749950718096446e-01 1.163468980162891953e+01 4.981845624179424448e+00 1.099092459513046904e-01
1.153889009884874195e+00 5.551368443005257447e+00 5.206576688634401151e+00 1.476806713598302623e-01
1.030905647170440753e+00 4.345219077353707604e+00 5.223284612770552116e+00 1.628526471462571623e-01
8.261481983126859330e-01 5.959985639902024346e+00 5.485294311083475094e+00 1.340427158419456588e-01
7.700276328918024271e-01 6.810301176612296281e+00 5.237641434887021497e+00 1.212803196890963747e-01
8.834677429635746648e-01 6.930735883092555838e+00 5.276393265753387851e+00 2.677088086138204939e-02
8.752622907140855668e-01 5.034590911658751722e+00 4.919452509809567609e+00 1.973140194160882821e-01
6.781086906515313428e-01 6.096501951775332273e+00 5.156312715991168361e+00 5.675615220085772350e-02
8.563423357018794535e-01 6.080339924947908870e+00 5.301113027470900185e+00 6.831099513696169134e-02
8.308278889025263458e-01 5.578810307146406799e+00 5.053106330206673213e+00 1.107575494027907836e-01
1.234002058579419803e+00 5.090732806122501231e+00 5.239988094585923406e+00 7.879879430476188773e-02
6.582453708567028716e-01 5.079236418518358498e+00 4.905212346566926840e+00 1.416587881755149159e-01
9.342674933878378773e-01 8.115462712152959668e+00 4.958020923848635242e+00 3.035946774442358498e-01
9.158791731068886000e-01 6.758411653599430302e+00 5.294853146757454887e+00 4.909394694226185130e-02
9.568385986829746059e-01 6.254027849756277568e+00 5.120779778950438121e+00 1.122437126197220608e-01
7.712116795463261898e-01 3.791004302074860277e+00 5.255593884403976901e+00 1.371591163331539742e-01
1.042945218004781349e+00 8.428182737415642833e+00 5.231895986996244474e+00 6.525757302520175662e-02
1.045748205141294296e+00 5.996231826842680412e+00 5.212679563005424122e+00 1.121256343402733530e-01
1.049541604695240160e+00 4.579029677042401048e+00 5.177016604398314570e+00 9.545365132424943333e-02
7.411896181163870612e-01 6.421027241968715771e+00 5.321160843569984422e+00 7.686058335854872858e-02
9.332172319506970570e-01 4.925259725906849795e+00 5.323389639209353597e+00 1.121995317107525453e-01
1.115760051509626427e+00 6.849004875779749035e+00 5.141088973445170573e+00 3.477245755569071672e-01
9.031516194102156003e-01 5.373010756971842383e+00 5.233202439005749440e+00 1.925717325059391194e-01
1.151488586208510689e+00 3.495738620592988344e+00 5.293710541771377898e+00 1.033985168965683155e-01
9.040994778791264785e-01 4.442457705095992360e+00 5.092619907146175962e+00 1.937711822537405149e-01
9.289416162475455652e-01 7.340803169593189459e+00 5.190646221416292505e+00 1.581344828595708796e-01
9.344471156115403687e-01 1.211068849865508845e+01 5.201271344484298176e+00 1.226882551204176719e-01
9.364681835808065236e-01 7.165913923037461331e+00 5.122005065195057938e+00 1.964599166468681268e-01
1.464287039037584837e+00 4.636365023290634824e+00 5.260713752188999948e+00 1.795254464359708757e-01
6.905506620854591215e-01 4.542318480417902649e+00 5.162718012890223918e+00 1.545462417456220094e-01
9.791614821817594683e-01 3.894228522103322376e+00 4.912203185351514456e+00 1.378986967971164435e-01
8.575004881077616936e-01 6.693782051002749256e+00 5.234650626919572503e+00 1.679389505720429721e-01
9.632336198313743436e-01 3.095265377667727247e+00 5.210499723485494172e+00 1.212537289764524934e-01
1.290403432879173584e+00 9.077503607134463692e+00 5.451320148429072532e+00 1.518825079958922020e-01
1.327793012939865180e+00 3.218885015571744113e+00 5.282963365288231294e+00 1.209008602979295272e-01
1.061550964982600043e+00 6.951907783143518316e+00 5.355196755859292779e+00 2.425329256165176528e-01
1.005752129824922347e+00 3.421810602764205456e+00 5.071720575632742367e+00 2.052614324640525956e-01
1.247831563351982975e+00 4.656146482820041399e+00 4.911851601664670497e+00 2.414364389872083461e-01
9.470218460792375614e-01 7.237926471916297899e+00 4.972981240590689467e+00 7.980271191177415457e-02
1.006956483387992929e+00 4.371907716392023246e+00 5.245080933367199272e+00 5.736227874486153622e-02
8.629804848683251262e-01 4.610081730892838792e+00 5.352089124619625160e+00 1.150053068885442953e-01
1.028907440460825606e+00 3.978537102352011967e+00 5.245366970589308231e+00 9.982940587103854291e-02
7.684516758858845886e-01 7.180953931625980502e+00 5.151194586815834420e+00 3.047963935043236650e-02
8.210627494175870567e-01 5.623575823652540606e+00 5.190429263835125262e+00 9.706540208146820226e-02
1.116526854068039531e+00 4.596310113575073686e+00 5.163258770264179454e+00 4.439533083316876683e-02
1.357546065078788278e+00 4.821826850009738763e+00 5.256886260097186181e+00 7.317984973751304190e-02
8.931750023772860869e-01 6.710608732418907429e+00 5.307436495759927375e+00 1.197564723713553381e-01
8.962544351229648765e-01 8.915238662474394005e+00 5.134749627569944685e+00 9.127383913136097315e-02
8.350145470990204544e-01 4.423913449400586728e+00 5.040943382496132941e+00 1.303598507114006599e-01
9.615629035178768769e-01 8.161200411761726059e+00 5.284930472869495688e+00 1.411856490213898030e-01
8.727273938931976449e-01 9.812666987072134361e+00 5.184622124827463985e+00 1.413773626134156858e-01
8.235248642815055087e-01 5.840256315432622358e+00 5.320896275414014553e+00 1.243063953287008999e-01
1.088689859545324712e+00 7.995618552769009568e+00 5.172665971426487985e+00 1.865310854143203689e-01
7.784983126321183278e-01 7.456699235025625150e+00 5.076268528938435054e+00 1.036898048259256716e-01
7.679781699023573438e-01 1.196798848511042834e+01 5.366077169734309926e+00 2.574145266715686942e-02
6.664435721670438628e-01 6.116335067204652809e+00 4.690458660640690169e+00 2.338916780867739686e-01
1.170784900730681199e+00 5.310771210254372043e+00 5.155065070867902222e+00 6.274507409606565334e-02
1.404655336556751566e+00 4.637401314402648467e+00 5.210535663963773878e+00 1.176153321605303559e-01
1.231962363138774608e+00 1.038925730595774155e+01 5.120785846549371634e+00 1.621018622062381787e-01
8.646238133268506765e-01 6.830130256441439229e+00 5.114496959996346348e+00 1.879991037896976691e-01
1.165297167849848492e+00 5.353479295623435164e+00 5.353950936161847807e+00 5.261386989111230261e-02
1.092368704220546327e+00 3.863946981417332172e+00 5.282916472941574071e+00 1.463004146138179029e-01
9.503876767337852138e-01 2.901086446941464114e+00 5.225992547407756206e+00 1.113009926419196299e-01
9.658301004836178372e-01 3.798212327253142284e+00 5.243484750734332067e+00 5.100475482118672910e-02
6.319392666027329186e-01 7.075861431380481292e+00 5.206616184179606144e+00 1.342339259863091772e-01
9.483400972020558095e-01 6.463426710415550502e+00 5.199979278189168497e+00 2.715796879161358132e-02
1.104855727869332505e+00 9.696437786536590053e+00 5.000609076719148227e+00 8.662403916846853069e-02
1.175919535323918907e+00 7.363072008899585796e+00 5.159511842448169183e+00 1.623375445935165973e-01
1.079874487406865313e+00 3.280693154065192907e+00 5.076527330995112663e+00 1.303974404019268563e-01
8.292862529239920510e-01 6.087000987913546268e+00 5.159934572432248068e+00 6.740146921397228985e-02
9.558741534723598221e-01 5.040263741878504788e+00 5.359270093841861815e+00 1.755155528551022581e-01
7.653081591302324238e-01 1.100968876916258665e+01 5.162456051437609439e+00 1.861117835262813269e-01
9.740359917603863549e-01 3.555695479198273112e+00 5.024592983324612128e+00 9.042769411949848346e-02
1.095708738827378070e+00 6.984931644538242779e+00 5.131865020597049742e+00 3.991885568192165418e-02
1.085498903519362068e+00 5.957103443851889502e+00 5.162742745174775827e+00 1.223420358432392857e-01
1.195841133108043186e+00 7.650863560111547557e+00 4.923995800679774604e+00 1.493640977553338245e-01
7.315204430419450787e-01 4.419945998832991663e+00 5.226081972781396523e+00 2.590623057119298411e-01
9.979786541725526039e-01 5.753921599388081454e+00 5.298215957128777021e+00 8.776557858251879396e-02
9.848068907709571773e-01 1.070222776912882878e+01 5.155206095577763215e+00 1.282507286447444883e-01
6.477203260346861002e-01 4.735403200111355737e+00 5.107104605758711280e+00 6.798204167788265972e-02
1.253777256615781432e+00 5.199712528378996446e+00 5.042592995010389600e+00 1.828202908076405897e-01
1.104717328199535720e+00 5.974861718713194492e+00 5.225375826489969455e+00 9.162211749680176931e-02
1.023274494877283392e+00 4.131369489674709961e+00 5.215609342201358523e+00 9.445980651396901351e-02
1.124933474931684607e+00 6.828135560096862733e+00 5.310767102389455374e+00 2.454652867470359379e-01
1.609102887158373907e+00 4.522010375994001130e+00 5.195927896645751609e+00 2.286186204853247472e-01
1.019234015042331798e+00 4.867115813757338039e+00 5.269757371396661227e+00 1.368740276831943437e-01
8.616791716714781169e-01 1.223369283082196723e+01 5.125967347821816844e+00 5.153603402755856100e-02
1.385802458480224875e+00 6.821592457881267002e+00 5.295996221303440166e+00 6.066242604210193845e-02
1.054077766275214323e+00 6.833106860961938089e+00 4.881102013707591780e+00 2.066593789129230474e-01
7.986512315121160333e-01 1.136343990883876032e+01 5.070918883186386950e+00 8.740787499142957384e-02
1.293239769601937317e+00 4.150780787945922867e+00 5.107765641469468321e+00 1.374205924341230511e-01
1.182504547284297880e+00 9.307852347823329708e+00 5.363384143194779519e+00 1.949525500408400280e-01
7.078437242671923313e-01 4.233253552636148775e+00 5.136857795692249873e+00 2.117054917088529442e-01
8.909632765825412637e-01 5.846957907446286740e+00 5.079488370696909172e+00 1.048180142880234811e-01
9.235213394040664436e-01 5.158531485551689499e+00 5.125490365315906516e+00 2.764028382247694093e-01
1.043696038824944106e+00 5.713616006163280581e+00 5.294690885888798881e+00 5.558815533003819837e-02
1.051302082189568665e+00 9.993693879960360960e+00 5.251804304860685946e+00 8.252920396363321032e-02
8.993224391113887606e-01 1.424135141929542314e+01 5.097621784179169779e+00 2.063422550216021528e-02
7.943139834720238657e-01 7.542885881367175749e+00 5.133738456191283994e+00 7.421388340793842742e-02
8.600195539856734239e-01 8.203830204219411115e+00 5.140687928639766646e+00 4.656867775214729860e-02
8.293211433163364399e-01 9.320601638071355666e+00 5.225298305084230321e+00 1.265494926176315704e-01
1.072422522245191523e+00 4.047879504594321887e+00 5.327072449928700770e+00 1.471055234486114693e-01
8.694969702582810989e-01 6.509115396636328654e+00 5.173815916043046137e+00 4.272551346617491086e-02
8.223002119184070757e-01 5.218990034617977614e+00 5.256117811183877997e+00 9.802240103394882498e-02
8.139238146151148712e-01 5.248105068939755036e+00 5.185942455022034991e+00 1.536715211714871354e-01
7.268130089502089497e-01 5.517070936527852965e+00 5.410420023635173159e+00 9.931032146472748567e-02
8.721036769094031582e-01 6.963388002760506623e+00 5.270387257795915659e+00 5.024343724034983916e-02
1.139481347689707880e+00 7.834912573950301606e+00 5.151301480391595078e+00 9.382437338116322856e-02
1.312362354095226280e+00 3.543300550559379314e+00 5.180608398598843145e+00 3.291289982537755343e-02
1.408234660851813924e+00 1.014990312323247323e+01 5.230708859032197289e+00 5.637592118947766517e-02
9.923935037734665787e-01 3.961550624408500365e+00 5.320631433051557835e+00 4.815265578991499706e-02
9.193954077148513981e-01 1.210943720616920594e+01 5.085500433870691062e+00 1.976341277126169027e-01
1.285842225394497218e+00 3.035619941518257647e+00 5.102143384350279476e+00 1.479611941205404846e-01
8.689377247567103835e-01 6.049046461669972174e+00 4.947482292624679090e+00 1.650619647502383769e-01
9.158740186042526599e-01 8.944334523171436402e+00 5.311578543366525906e+00 1.620171789843286025e-01
1.121048256710402757e+00 7.581643260768294645e+00 5.262127163469840774e+00 6.944019994226997838e-02
1.596866244851942618e+00 4.522238335026588452e+00 5.355281032951062059e+00 1.018922995838889983e-01
1.113654385596130947e+00 5.517689830019035568e+00 5.126933047309216285e+00 7.675566290722396490e-02
1.169660027589381368e+00 7.581058760633725413e+00 5.289820801846159881e+00 6.500675799691793544e-02
1.483868235622586296e+00 7.452715560970104569e+00 5.364988505937722252e+00 1.233249150674992217e-01
9.455084069337207353e-01 9.973015872830968576e+00 5.218024817738395882e+00 3.161114299695651914e-02
8.899836468789951160e-01 8.135250348948787291e+00 5.167236709943033190e+00 6.013109251764715141e-02
1.035437531886926887e+00 2.970070586285467940e+00 5.313610746866531009e+00 6.041530138032780856e-02
1.121669849994920032e+00 3.268801867747682444e+00 5.024738343028384513e+00 7.568100881045432271e-02
8.107890352983163629e-01 4.902677022345790725e+00 5.114463479172287386e+00 1.691539532234629939e-01
1.225950111802923681e+00 5.945139245976228004e+00 5.269382202636569090e+00 1.053314632293033820e-01
1.129609111694826140e+00 5.697918573691304722e+00 5.264167232327691792e+00 1.477405087135308659e-01
1.131913532373334252e+00 6.710298703019947908e+00 5.220285196610936040e+00 1.993478765750052728e-01
1.015618303893426111e+00 2.529080978766841792e+00 5.025432832103270187e+00 2.416765133557213230e-01
8.231438698951025756e-01 6.556876909620818594e+00 5.186298062128859243e+00 5.007631905890542329e-02
6.056280932218733870e-01 3.822121944057907061e+00 5.155130235389902893e+00 1.232327147141730750e-01
1.074453098497064607e+00 7.632302856122265666e+00 5.082300064250886429e+00 2.287616707710609099e-01
8.929271640054596837e-01 4.477571936898388394e+00 5.209704447061523247e+00 1.038256688530792005e-01
9.502902257627027227e-01 5.504153695649630862e+00 5.336130330593187310e+00 5.686541688168425535e-02
1.218904515592207582e+00 7.353700296407382098e+00 5.176961112357210126e+00 4.667526191516904732e-02
1.021305946193997283e+00 2.744200995603081950e+00 5.287642293308219443e+00 1.136720578314262542e-01
6.761371864874928805e-01 5.140322898341472602e+00 5.245330768540614308e+00 9.483677353441552493e-02
1.141258874479129437e+00 5.852219157608957723e+00 5.249469002783877514e+00 8.672241184541493175e-02
9.399168955887653443e-01 1.096543508047455973e+01 5.093085023948433765e+00 5.449424336949994230e-02
1.210700872415310991e+00 5.711025242589148121e+00 5.228963394765577810e+00 7.574355981086743073e-02
7.324399287682090698e-01 7.649630217253695186e+00 5.307817473794903762e+00 1.238734421642689876e-01
9.157720402689429884e-01 6.877410338207738505e+00 5.223217423516310909e+00 6.209996734076755898e-02
1.004224060981186550e+00 6.553771764618833373e+00 5.229080132781716017e+00 3.748803506684053599e-02
1.128711487693254911e+00 5.099640898443122516e+00 5.347273229113930881e+00 4.165675418329348179e-02
1.310700577560370395e+00 3.419576284012757483e+00 5.228027115592003504e+00 7.409808311391224978e-02
8.719365676460980596e-01 5.928466923678701761e+00 5.261547211163953186e+00 9.525964229853454979e-02
8.467704447540949086e-01 1.148854961506745909e+01 5.282797784078913317e+00 1.182735294108782365e-01
1.063725755626248048e+00 3.952203701522727819e+00 5.157307891084911056e+00 9.070161880488328277e-02
1.029460896234457357e+00 4.390423682880233436e+00 5.045294943471010818e+00 1.395535723542238871e-01
1.056579390241291438e+00 1.281701882766948586e+01 5.292759097805905810e+00 7.841429122838092236e-02
1.004679310319652519e+00 5.777371249269542375e+00 5.167047853543708769e+00 1.401019526228827750e-01
7.116502328117678688e-01 8.628285005689660281e+00 5.073074886199925970e+00 1.925764554939304041e-01
9.409053958308679633e-01 6.534946465950426386e+00 5.267528209836557451e+00 2.395893843320436034e-01
8.299311041582226878e-01 5.504218028678395491e+00 5.355403785945994422e+00 1.370371501026225458e-01
1.315444406137672440e+00 7.483161828565082274e+00 5.407287054614742239e+00 5.507405233456749011e-02
8.558818445844453837e-01 6.364285025445910904e+00 5.154559251550428378e+00 4.252065573911656404e-02
1.015280344772341303e+00 5.912281238211794410e+00 5.148802444284943824e+00 7.416374803271510996e-02
1.114074186480001005e+00 3.735519019544591757e+00 5.289304058695108779e+00 3.787337408858681975e-02
1.165581097651797515e+00 5.865863126210522971e+00 5.127484215168559345e+00 1.276481568137673439e-01
8.863618745960378797e-01 6.557640762652395594e+00 4.806062719974736552e+00 1.925878239447089690e-01
1.084547653591021454e+00 5.165369699707527573e+00 5.226927910422622503e+00 1.287141856944298279e-01
1.121840481841982262e+00 5.779172789583173042e+00 5.257916816469518473e+00 4.986293645485014719e-02
9.779906873516440724e-01 5.857211969075050817e+00 5.194362696198842499e+00 2.248589468071713060e-01
9.132710997882498294e-01 8.383788763769899788e+00 5.380067643841911718e+00 1.178685110739640524e-01
9.873043637451578425e-01 4.137873283721653195e+00 5.170305645455943733e+00 2.633017115000676478e-01
1.045656530733987788e+00 6.092562629070656044e+00 5.064564774873489661e+00 1.043929229560905392e-01
7.474611414568845813e-01 7.757670079008784469e+00 5.112897010469634296e+00 1.031841386860946758e-01
1.085570834821575348e+00 4.074755611294903268e+00 5.179480172316638154e+00 3.158851005363190467e-02
1.364853332169565503e+00 3.350325444016464260e+00 5.104824791189596311e+00 2.322740454519858500e-01
1.170320471043809096e+00 4.216184116048848018e+00 5.367971061191803450e+00 1.287317074632202685e-01
1.153320274547301016e+00 4.560432499832407061e+00 5.202361295714648115e+00 1.909185813327577141e-01
7.967087029845344448e-01 7.543069996476796213e+00 5.264643825523537046e+00 2.666164304467776719e-02
8.728791461083200698e-01 9.346940928251671110e+00 5.221372310532958139e+00 3.245489292166314071e-02
6.902437465489134061e-01 4.161632031243518881e+00 5.284351762347943016e+00 1.403637976767162510e-01
1.119409511956090286e+00 6.582813345234774793e+00 5.041215175985216845e+00 2.001710235211698885e-01
1.251021666271836086e+00 4.858022777672072579e+00 5.071800480896993868e+00 1.300742540185245155e-01
7.819798491075743430e-01 9.316204596319597186e+00 5.244341528117756113e+00 1.057358636474412944e-01
9.795828195067547428e-01 7.999489391732538479e+00 5.332630335217029227e+00 1.736567451836543707e-01
9.276297624642579898e-01 4.677383007235333068e+00 5.079058479238284463e+00 1.445324782423382803e-01
1.089607439089958385e+00 9.206496646139282092e+00 5.231736346800030191e+00 1.209065760829362013e-01
1.126761659894453427e+00 8.776270807941006780e+00 5.312614676505549305e+00 9.334441628516261524e-02
8.057059771484074151e-01 7.639739543951010070e+00 5.199330168124536300e+00 1.745322988515507490e-01
9.546600783417754643e-01 8.068000722361507115e+00 5.286820829170147285e+00 8.943530400790571100e-02
8.691226609382503021e-01 3.898456064567003665e+00 5.201147666406325420e+00 8.652490371774423927e-02
1.155015521202951811e+00 8.049752686712725591e+00 5.271511594447598981e+00 1.115662069565066805e-01
1.300713763288206648e+00 6.642785653951523095e+00 5.167550440022669278e+00 7.670021927617759472e-02
8.015266574721906512e-01 6.430958921798648475e+00 5.150072041994915750e+00 9.239037688018938987e-02
8.244597615878269670e-01 5.774403286600301222e+00 5.466870739793381340e+00 2.832661630680388121e-01
8.445850332245591341e-01 4.057862004617842189e+00 5.170791772588695601e+00 2.721918510738429581e-02
1.078812274518433423e+00 5.231834715565332417e+00 5.274135909068366601e+00 6.323817702601980395e-02
9.263149127843528507e-01 4.824058299517234083e+00 5.214709148195293409e+00 3.457065054434433488e-02
8.195179230923860247e-01 2.929735777807191077e+00 5.190387222736431383e+00 1.871730809249756711e-01
7.572367315770182072e-01 4.047249726783642032e+00 5.078965922526201382e+00 1.435662698315955110e-01
1.068144298572690110e+00 7.588205586738542507e+00 5.222777848674606815e+00 6.566217189949273558e-02
8.501456577167775253e-01 3.184928626592336443e+00 4.978352468039041412e+00 9.804166037062557459e-02
7.763513745822893108e-01 3.747722582011806747e+00 5.206081835109968914e+00 6.410451940222444689e-02
9.276641289918784450e-01 4.509021140610424361e+00 5.240517242976736156e+00 6.540146216378997512e-02
7.254203476239967641e-01 6.495380785119187372e+00 5.203686333804588671e+00 6.681148302195456801e-02
9.596628293530242715e-01 6.508133587252616259e+00 5.023633834412830623e+00 3.214479381604092023e-02
7.805921277430557526e-01 6.007014691519024119e+00 5.086212797482847492e+00 1.390287323582369838e-01
9.399194415003855330e-01 1.148061507832984063e+01 5.253385584857749535e+00 1.027951116936955678e-01
9.949339449348638675e-01 9.835835111241333806e+00 5.059990799658607763e+00 1.015648953122926385e-01
8.534456906125246212e-01 6.540289750993648177e+00 5.312681375334738831e+00 1.310368533551621029e-01
9.208392197034606097e-01 1.313498385880940766e+01 5.222776575782881459e+00 5.739525048657222184e-02
9.204547174335963033e-01 9.662329484779258237e+00 5.102413442855323389e+00 1.079412716172680892e-01
7.318865860813583701e-01 6.428395373256280187e+00 5.348471196086629575e+00 2.900986376660230626e-01
1.172562014553631515e+00 4.266654883046473223e+00 5.277634311533815570e+00 1.040651484171112306e-01
1.038969166387415655e+00 4.752416879764647106e+00 5.366714962897934704e+00 5.033776890811281907e-02
1.142903898069543844e+00 3.168787970154735234e+00 5.287293509891261678e+00 5.114342682440365523e-02
8.871709119751829409e-01 9.073721430194140680e+00 5.248945114345570317e+00 8.153358052071227324e-02
1.367972604041517881e+00 6.074278938132458450e+00 5.178567963371675908e+00 1.480052943124757214e-01
8.110285478521916946e-01 6.973388814151804560e+00 5.275187108880466269e+00 1.069985723365629582e-01
8.770418926181471342e-01 5.281219173121240118e+00 5.452286498032620443e+00 1.097491573089957179e-01
5.477944381774338956e-01 7.168610264176315638e+00 5.078967540735366271e+00 2.220797384267404195e-01
9.295674510039516614e-01 4.851230048392110028e+00 5.452006246665486167e+00 1.187388124032995318e-01
8.878505419737638960e-01 6.060988951692818816e+00 5.321320083274809321e+00 1.646781476641509812e-01
9.531043437608592850e-01 6.853016871987750669e+00 5.155309503877224309e+00 7.472502569324077082e-02
1.224394472885030893e+00 4.902039102300117968e+00 5.466476355848798541e+00 9.124609759556506772e-02
6.371085207849374044e-01 9.121525309943855575e+00 5.122101348662319253e+00 4.311592674544675180e-02
9.437814614123427592e-01 6.340149065770047443e+00 5.028966163037282833e+00 2.050894521290472783e-01
8.410539380924938468e-01 5.602712037764648656e+00 5.136133354448537247e+00 9.867579990943595170e-02
9.350292986646654425e-01 8.296458280140512898e+00 5.162652599803369213e+00 1.949381784147601049e-01
8.009396223143956384e-01 5.615557213259810609e+00 5.214351051590220720e+00 1.638455602874983874e-01
9.987924923970503688e-01 6.387824908743706231e+00 5.320979889520497608e+00 1.216400040401827837e-01
1.053040589558351225e+00 6.650438941027169371e+00 5.173022800294080348e+00 8.543998184909734617e-02
8.400269227385509518e-01 5.089022902002353632e+00 5.051902941469188058e+00 1.153868466408796839e-01
1.065106833978084033e+00 8.791741097209760269e+00 5.224273221657756316e+00 7.377721919010651885e-02
7.849263945642249718e-01 4.063028967004082226e+00 5.297119029832050963e+00 9.428047736336639395e-02
8.836790761933662752e-01 9.436687987184305015e+00 5.127277051809087105e+00 2.249440897968175979e-02
9.576782658227587230e-01 8.374420444250612050e+00 5.272415384157141283e+00 1.500022919352948236e-01
6.878049775061674254e-01 9.576314476862336278e+00 5.260085007075373298e+00 2.003797221221981784e-01
1.210905097698632193e+00 3.354439462572206931e+00 5.223426449622192713e+00 6.766021569492448873e-02
6.880673253537011869e-01 7.207522883975396866e+00 5.166957784323191305e+00 1.879748976463070376e-01
1.137573650021635574e+00 7.967283725856327159e+00 5.238534315390765528e+00 1.344225730550851761e-01
1.068188223372859458e+00 4.178993256901418540e+00 5.211648240600187165e+00 1.961755224381051543e-01
9.318836946604976967e-01 7.380132078465498680e+00 5.297225276479535339e+00 5.108042774512001200e-02
1.083061595987044212e+00 7.488228918699923575e+00 5.252530559553592937e+00 1.028030375924427753e-01
1.114832790835574405e+00 4.393095498884722616e+00 5.239769013358651861e+00 2.048309922392621898e-02
9.557430460610917278e-01 9.326542368820042839e+00 5.189208175021025049e+00 4.981920372933246882e-02
7.642935892372967333e-01 7.536906873875539148e+00 5.476580686947987608e+00 1.991971862450448993e-01
1.025444447789047198e+00 4.580328072408560658e+00 5.307380516203699550e+00 1.386862174540758330e-01
1.004183465947239284e+00 2.841575515072011449e+00 5.226281593122621416e+00 6.660210497234010651e-02
1.042783703237143200e+00 5.003937534182118618e+00 5.350946986642255432e+00 1.591810324990050596e-01
9.751939800668310010e-01 1.209426219675313696e+01 5.034252795290186988e+00 2.041672378434794544e-01
1.138415554559126353e+00 6.311369986969897816e+00 5.437568189231213545e+00 6.518684037847038981e-02
8.668240977785900414e-01 4.628671706293694399e+00 4.923953483052804891e+00 1.874781864520398689e-01
