# Hierarchical MCMC downsampled to get 500 samples: alpha, mu
5.825070726500399809e-01 4.459622900460426642e+00
5.513112266853937848e-01 4.530091127891500591e+00
4.652916654731454882e-01 4.112258935803740911e+00
4.944944517811442064e-01 4.485959117013377906e+00
4.962113751115345139e-01 4.625889977605448955e+00
6.780620232635774514e-01 4.625649997256243040e+00
4.381078589681475233e-01 4.504889293559251051e+00
6.298717452922462101e-01 4.715278846415725589e+00
6.411538583372248246e-01 4.599145783618967975e+00
7.177694742929030536e-01 4.582506849907615809e+00
3.862244864167644343e-01 4.392260426198285828e+00
6.168279730460124455e-01 4.479658531904005869e+00
5.740996264508638758e-01 4.571845494174894498e+00
7.447705585171643383e-01 4.676992278593262498e+00
5.574989032158089719e-01 4.523101383768332262e+00
7.311710605982170152e-01 4.747600432426214212e+00
6.854474872050184686e-01 4.751601501447736631e+00
4.339190024155927805e-01 4.289759155482936848e+00
7.119145124122974178e-01 4.794449896478591988e+00
6.558755254729748962e-01 4.561480020099195620e+00
5.930616282673371042e-01 4.466941381085480778e+00
5.230134101534799074e-01 4.430242991157188115e+00
4.121369136001344358e-01 4.350315166623399676e+00
5.002267992106340655e-01 4.500893576688230091e+00
4.518157292432665728e-01 4.695575395084361503e+00
6.708514168938706224e-01 4.704905001474465109e+00
6.896852363880041636e-01 4.585613610807285134e+00
5.666566597921307569e-01 4.613492773246060885e+00
4.773198065145197733e-01 4.513899087157165368e+00
4.893939761916867859e-01 4.245825519876258447e+00
6.336148639437295671e-01 4.594869403128908125e+00
6.792092371551308183e-01 4.542385598891395482e+00
7.376629858331997802e-01 4.627350898994376571e+00
5.688550113038964851e-01 4.588062069989617520e+00
6.481699125665396632e-01 4.802074268974989124e+00
5.006546200463346530e-01 4.453411986117910892e+00
5.679635323422826954e-01 4.410913392867540139e+00
5.880403446615134477e-01 4.503364350836940311e+00
5.430343132562325259e-01 4.476562522166245728e+00
7.431010882516135840e-01 4.474948085370463069e+00
6.446635605974738725e-01 4.894801121567110336e+00
6.368447308929278128e-01 4.638784496385626177e+00
6.295492041485898360e-01 4.589096207565187768e+00
6.218822789036818621e-01 4.451971340770876751e+00
7.798954019615108590e-01 4.752061022678781832e+00
8.040949266091137471e-01 4.454519534577374706e+00
7.025819010590474978e-01 4.787182400173763064e+00
7.841436817417833938e-01 4.686339566990951333e+00
5.370685615629493537e-01 4.823206571682017163e+00
5.409712687575575218e-01 4.424544121414833775e+00
5.188257901681896378e-01 4.416678568159632334e+00
6.012248099099877230e-01 4.519175167203964172e+00
6.391506644831407291e-01 4.604203083670881824e+00
7.101404025131896613e-01 4.589787415820947736e+00
4.732365809751061803e-01 4.580862860265483505e+00
5.399231290131114580e-01 4.656617322747773180e+00
4.720636169059347353e-01 4.666206190053452829e+00
6.299610463185115750e-01 4.749231584003532625e+00
5.595549008499348664e-01 4.558797820894214148e+00
6.212690059771188711e-01 4.530413497069444517e+00
6.358110945740770292e-01 4.968660259594383177e+00
4.788986799453222032e-01 4.365179655930166547e+00
5.757056365281122412e-01 4.646408506789667214e+00
5.637087528897410937e-01 4.505831201257855412e+00
6.136198434863209261e-01 4.401443343805996555e+00
5.674283246616720344e-01 4.668529919589807342e+00
5.580515901604891082e-01 4.326624121192351957e+00
4.998868792033342445e-01 4.397200321748511165e+00
4.717708374335973232e-01 4.590476590056209005e+00
4.199982724957957436e-01 4.487749048904287719e+00
5.237910885389959192e-01 4.672042606028855793e+00
5.282425389482369171e-01 4.475503312956800706e+00
5.748363654288149993e-01 4.486698768296258244e+00
4.425251293665898311e-01 4.419049665817154526e+00
6.670839903618696054e-01 4.883172417918034469e+00
6.393312158294461867e-01 4.659512858917691958e+00
4.732052035286665737e-01 4.449654598058700117e+00
7.152382055643394798e-01 4.712831751132399383e+00
5.901612290859277188e-01 4.594187651672449135e+00
5.427564671921081274e-01 4.527889663482214111e+00
5.474347903272342997e-01 4.499123940991167636e+00
7.094177878765823841e-01 4.558726612610207951e+00
4.567342862049356689e-01 4.311233276140273851e+00
4.579381850706298329e-01 4.154961078884239711e+00
5.266463703923468520e-01 4.517418376183646167e+00
6.745133992026247638e-01 4.264809591685157386e+00
6.015034712880946710e-01 4.641074269619009485e+00
4.372914901247190178e-01 4.205434498437928603e+00
5.055440496237265657e-01 4.617255894760575963e+00
5.248027116426041694e-01 4.390156240089114981e+00
4.539547661138207957e-01 4.338306990726422008e+00
7.840561086306075955e-01 4.555231014128126255e+00
6.751399888694736839e-01 4.520437229500873677e+00
5.107592632299913227e-01 4.471870099150071276e+00
6.918013076116563687e-01 4.774666291173184973e+00
7.778406280117947658e-01 4.752802485337118021e+00
6.493807119708117082e-01 4.555162159348280504e+00
4.893344928561021434e-01 4.527234126145877724e+00
6.256877075073037364e-01 4.772791804933283366e+00
5.181531891209532059e-01 4.462875389450007724e+00
4.771990511908074661e-01 4.360342716481489411e+00
7.722037493015472265e-01 4.443360876441997398e+00
5.335586716233060578e-01 4.351143211447059400e+00
5.244023297306463771e-01 4.377134519163649706e+00
6.522718148010829831e-01 4.651310271068706648e+00
6.363133328552753598e-01 4.510148042258358636e+00
5.010464493188317991e-01 4.825516741775732754e+00
5.230698961459141483e-01 4.521054601125189087e+00
6.402940611655285608e-01 4.419069693744240190e+00
6.217942922547309292e-01 4.536900052826191576e+00
4.226364605918867534e-01 4.256643063032022667e+00
4.897577643996475771e-01 4.373255180415041465e+00
5.701931844678623795e-01 4.640411232638676609e+00
5.650096841690437355e-01 4.485662073175207709e+00
5.293433574193115998e-01 4.403716015836693920e+00
4.669689219062547747e-01 4.413220627600653145e+00
6.533185227182033428e-01 4.477885262434626590e+00
5.190246337082419226e-01 4.250859193795376356e+00
7.610793845557296544e-01 4.829374117593165927e+00
5.530987403599029184e-01 4.369303388256773779e+00
5.958182240638132399e-01 4.597872599374825064e+00
4.397522833540268294e-01 4.383587568317525829e+00
5.017856433670035976e-01 4.569809715220709556e+00
3.658270451062902717e-01 4.381884491530877668e+00
4.366870567865381303e-01 4.499298508197555613e+00
4.317374656416251288e-01 4.716622727656607950e+00
4.752172168023675036e-01 4.536757601260585027e+00
7.425338812369847163e-01 3.956420133028020647e+00
6.765821619597051084e-01 4.544812174288917817e+00
6.847088605593167898e-01 4.727746402613425936e+00
4.073535035668254256e-01 4.354819274902829385e+00
5.248816637713227262e-01 4.623270043065853763e+00
4.728699315772474931e-01 4.487130253520255074e+00
6.203066645618884323e-01 4.700193795373359684e+00
6.281488049244472460e-01 4.555349109351740644e+00
6.335985809143476200e-01 4.697177188009537652e+00
8.250663568091696209e-01 4.456631629281675444e+00
6.516581104754826104e-01 4.689617325939530623e+00
5.520695902188067494e-01 4.740148766047196816e+00
6.724419471361025025e-01 4.409019851628903197e+00
6.202814159812399808e-01 4.553643495346807235e+00
7.872581741875563921e-01 4.603766201475354869e+00
6.989659293331849099e-01 4.243219901128580496e+00
6.531551973034414038e-01 4.376484987728900933e+00
6.948430097523766724e-01 4.910099192908034205e+00
5.792088675629305516e-01 4.701946070033828029e+00
5.798857570906194026e-01 4.779414181610978751e+00
4.158564102540096008e-01 4.484279936273320111e+00
6.075175186450104681e-01 4.684902599161307357e+00
6.584170614851128089e-01 4.595906133266074001e+00
5.713181195251656463e-01 4.508589758902045830e+00
7.213857884986042412e-01 4.834161966301822488e+00
5.688318836126230460e-01 4.504115634432175774e+00
6.176671266817793660e-01 4.564008622296514162e+00
6.134636679394375181e-01 4.699338732021949738e+00
5.500253289006780122e-01 4.683235018224540802e+00
6.117820087991818756e-01 4.589509331002349590e+00
5.759961735105513236e-01 4.612897971297827304e+00
5.359982610048535934e-01 4.391946372695758605e+00
6.297311318174744210e-01 4.413996364959977825e+00
5.033187581701321633e-01 4.490140464112635676e+00
4.664763272659345761e-01 4.198543267564714299e+00
5.384374723438045685e-01 4.518705538755236617e+00
6.365403824636920449e-01 4.529841663869715873e+00
5.643747524159208329e-01 4.342346017395620983e+00
7.254796931243659985e-01 4.395074718598647401e+00
4.779351189449689286e-01 4.551317569930228402e+00
5.435977870645504195e-01 4.332186330017581355e+00
5.234369573207254822e-01 4.386357754110560059e+00
4.593287293890233602e-01 4.404623934498462567e+00
4.612290578268066210e-01 4.454307252230052860e+00
8.706303996069921780e-01 4.598242815430226393e+00
6.890956431751522615e-01 4.385930799841948335e+00
4.259961955376106446e-01 4.087644441326228062e+00
5.992984835912537056e-01 4.455161317880749650e+00
6.287997191765708482e-01 4.336410515172554270e+00
7.154553467371724818e-01 4.709766313748119160e+00
5.717864318606326046e-01 4.653732711744565265e+00
6.258459148936850180e-01 4.701313327028153743e+00
4.824680437080986484e-01 4.170466083859357020e+00
6.359822258489705726e-01 4.444401151063982702e+00
6.173650039906953824e-01 4.862682231335731409e+00
6.481249189712406933e-01 4.545252080554852192e+00
4.773087832127221319e-01 4.332408328361513128e+00
5.995140204371588455e-01 4.505168481382351153e+00
9.933147609513849341e-01 4.687957763684138079e+00
5.179060229788661207e-01 4.382540036139561224e+00
5.270796170575898776e-01 4.895646884719836223e+00
5.478989334475482531e-01 4.592035808066338376e+00
5.270970357435340592e-01 4.403194199018392041e+00
6.941381149002920914e-01 4.597835242543982126e+00
5.782109547849938469e-01 4.638800116205380242e+00
5.546111870916218267e-01 4.732825368752193285e+00
6.138567649410737737e-01 4.640840341814994829e+00
3.431982974580028434e-01 4.426608137889835426e+00
5.434232288458357152e-01 4.559476766215368571e+00
5.763106838974088042e-01 4.862386318192601919e+00
6.401453703371150494e-01 4.629421185072704503e+00
4.397522833540268294e-01 4.383587568317525829e+00
5.897326313482323945e-01 4.433613177094751556e+00
5.880737067134538254e-01 4.549404280686307089e+00
6.468255622820379136e-01 4.549821391851369690e+00
5.400442810838674834e-01 4.646877759523215801e+00
5.652970268843264812e-01 4.317625787161958328e+00
7.702319310866297952e-01 4.478997593848187186e+00
4.693131854677500825e-01 4.417871351549017334e+00
7.876238354781580631e-01 4.708093943992573749e+00
7.841534741306954714e-01 4.555236263561801557e+00
5.574686319416811697e-01 4.546658200920448145e+00
6.123457546829613740e-01 4.595315719418229250e+00
4.399654165870995337e-01 4.557233279849091545e+00
5.076943935663513763e-01 4.732595487567263781e+00
5.937412300709535851e-01 4.502318212020186117e+00
5.480566537277546946e-01 4.447919335131875762e+00
6.978694517293982935e-01 4.541350882440387871e+00
6.189606873914399454e-01 4.733982686571999388e+00
5.714400387838413087e-01 4.484200153021787649e+00
4.678942316468374107e-01 4.641179012521043923e+00
6.269673187843506357e-01 4.587219889690075547e+00
6.185303472333206765e-01 4.441394427885413165e+00
6.323084465180347502e-01 4.710497953215806000e+00
5.868652561431583203e-01 4.472956219767337593e+00
5.948530480034551760e-01 4.648786715808562953e+00
5.713922851808518333e-01 4.458321515100309718e+00
5.295132047015479460e-01 4.686886437196032595e+00
5.398530813139970075e-01 4.325628620194885698e+00
7.594847168653533487e-01 4.380769438137776639e+00
6.536175711126936960e-01 4.469388844972787211e+00
7.443656863625343068e-01 4.558546288636387445e+00
4.285254142872718663e-01 4.123912177259706269e+00
5.195758143196451684e-01 4.521224706116436565e+00
5.070989297182413313e-01 4.561065936239919516e+00
8.643206794514111113e-01 4.675559452484742806e+00
5.948694508388306934e-01 4.618038161061038593e+00
6.796934510501486670e-01 4.620521734290194971e+00
4.441915268391639637e-01 4.217779873679895708e+00
6.167633835264610953e-01 4.255801471777969525e+00
5.054181909045474264e-01 4.268611815755703809e+00
4.243154270104943504e-01 4.586759909652418088e+00
5.870157681683492168e-01 4.519428765261428893e+00
7.050183887029061180e-01 4.799499676037862095e+00
6.538238529277934363e-01 4.642944998708510518e+00
5.149224963928339394e-01 4.587556282651863881e+00
5.679488719800805940e-01 4.428450724236582481e+00
4.491991054480212187e-01 4.439953534765391119e+00
4.340024733560304271e-01 4.634510130820888918e+00
4.767904520652158640e-01 4.417685618232682465e+00
5.399541152764120167e-01 4.425500294977431359e+00
5.698213539001901751e-01 4.739452278812144925e+00
5.652683668270104267e-01 4.693575420304285650e+00
4.583439675705433536e-01 4.281781315274698407e+00
5.733724874074743738e-01 4.475965368911421827e+00
6.570914830006666651e-01 4.646450836862711320e+00
7.952605753365645791e-01 4.480974364356091755e+00
6.469361624035743219e-01 4.513982939978182785e+00
4.359526336985476980e-01 4.227632304803973007e+00
7.372647521665999237e-01 4.727745548705399870e+00
5.560178365770929165e-01 4.531416365931265844e+00
6.149605709001525478e-01 4.926381531412661552e+00
8.398095452902021307e-01 4.777400559225746690e+00
5.330329647300144913e-01 4.400318506742751268e+00
6.012248099099877230e-01 4.519175167203964172e+00
4.299663074754956349e-01 4.257291970546511983e+00
7.207852227984343774e-01 4.663214054092729377e+00
6.928712139827158945e-01 4.699883961189570414e+00
7.150352873215214400e-01 4.636182846929742141e+00
5.774235992298480946e-01 4.415102818474228918e+00
5.798161980513395486e-01 4.528922534430034119e+00
6.547842703174862056e-01 4.591235019644035020e+00
6.300187235369729688e-01 4.444928186435600281e+00
5.320624146543907473e-01 4.438615753898139005e+00
5.620931049040432947e-01 4.655704196067539158e+00
5.086535344704653516e-01 4.393313125905552674e+00
4.364965364097196932e-01 4.347542656164249841e+00
6.099840877514107751e-01 4.659840129913146889e+00
4.495602613910822942e-01 4.215323041905690182e+00
5.919443837749065462e-01 4.623051539469103410e+00
6.161619176357527872e-01 4.649477988900127201e+00
5.753860304216703581e-01 4.421251418636800601e+00
7.420629243821136312e-01 4.890385462089771096e+00
6.689376490292670008e-01 4.462380771454983019e+00
4.898120456506764864e-01 4.422276596856921316e+00
8.421943091871590958e-01 4.799937178087104961e+00
5.328383914642147445e-01 4.674921647669159519e+00
4.926691885283082106e-01 4.552943193778840048e+00
5.975070733744217710e-01 4.559260241165659977e+00
5.469025117505444955e-01 4.622939072149274686e+00
5.919637567288230651e-01 4.455488471840055809e+00
7.631887507261243542e-01 4.509525365169980482e+00
5.823680119064380545e-01 4.459083968218008565e+00
7.987160544233360415e-01 4.745703226858910995e+00
5.278231352101284690e-01 4.570700756909471529e+00
5.388512230245273704e-01 4.627296116487593203e+00
5.203619276974879027e-01 4.562187961119544610e+00
4.910409315963134014e-01 4.699937857577809908e+00
4.985246818676811187e-01 4.444382250478600582e+00
5.958370493317467487e-01 4.518611433444499781e+00
4.836343088311035876e-01 4.705738652578284054e+00
4.123353397073291626e-01 4.500710834418055306e+00
5.172790299519200996e-01 4.317341561771981695e+00
5.809891169093341912e-01 4.576870024483966404e+00
5.286486465145082692e-01 4.301262748520007229e+00
5.352027163622907757e-01 4.717005798719465126e+00
6.164132654000881173e-01 4.658293820594770374e+00
7.071654409365444316e-01 4.424951685809871194e+00
5.498419979904394239e-01 4.507626210921111820e+00
4.905958190184583345e-01 4.552667165523887505e+00
3.615326362643878078e-01 3.914164001499077727e+00
4.980368108087087076e-01 4.368048283931580400e+00
4.460141908042489223e-01 4.554489625503941319e+00
5.444806969234888827e-01 4.401603943569054600e+00
4.893250233307552821e-01 4.594413672173310204e+00
4.540524433880686606e-01 4.489099272063918455e+00
5.679552352575558682e-01 4.515752148256409804e+00
4.620177321387463620e-01 4.210577243029916872e+00
7.170652478963580601e-01 4.638943615832782363e+00
5.783615268058314163e-01 4.643243631075018918e+00
7.902798905730384904e-01 4.460164177073026259e+00
6.447927159219707383e-01 4.504004749021794041e+00
4.135634375981958599e-01 4.457827405145023292e+00
5.662888086530928344e-01 4.423384117491715450e+00
5.416582796251309118e-01 4.572645424114097246e+00
6.551765392962307644e-01 4.566323416054609119e+00
4.933944225799145600e-01 4.263129636780814025e+00
5.240914752118542852e-01 4.186612534737463420e+00
5.391850162666727009e-01 4.397005056276155344e+00
6.113407206689039919e-01 4.447552324837379167e+00
6.208823097983346972e-01 4.572343210339645303e+00
5.123297715965475785e-01 4.341467486697919043e+00
7.118969256551734848e-01 4.681235082811811665e+00
4.285945452035703762e-01 4.626830357536832139e+00
6.898956202620113443e-01 4.665244688181688915e+00
7.896724980793087267e-01 4.815119862949305052e+00
4.383180611732705456e-01 4.452888158896991300e+00
6.439880303176683807e-01 4.311875679841305598e+00
6.390823380087747863e-01 4.516583866464682906e+00
5.312888095997916338e-01 4.270314151821632542e+00
5.823080240291841347e-01 4.266697460341386083e+00
4.325217623380589460e-01 4.452163730178811285e+00
5.605644186067841872e-01 4.506957839894524476e+00
6.801064776843561699e-01 4.483681313420902370e+00
4.471657758303806407e-01 4.571789242866711511e+00
5.799444615910060996e-01 4.706225152525500555e+00
3.739668356589277431e-01 4.408300925196976472e+00
5.690123632580914581e-01 4.608158290909273980e+00
6.466925577281400495e-01 4.791655706880218801e+00
6.119925439863317385e-01 4.534029495990047565e+00
6.742857673983837508e-01 4.404596702176410083e+00
5.041981498233817360e-01 4.384035962944279774e+00
5.180407959380527450e-01 4.469934371535242867e+00
5.267742321890152013e-01 4.321976897709403964e+00
6.555973207605795272e-01 4.438184329958213326e+00
5.712891054613673525e-01 4.646870112233267847e+00
4.948594208649594872e-01 4.522768679182989970e+00
5.475205323284954018e-01 4.450837988415181634e+00
4.667683899705818429e-01 4.548401227903263511e+00
3.876424584979304422e-01 4.744482409607102547e+00
5.805790592076882639e-01 4.698438216505234521e+00
7.014629369319795860e-01 4.682812150929621886e+00
7.802373136729759961e-01 4.463432844628741236e+00
5.432826444173572966e-01 4.393827377259365008e+00
5.846521882276703996e-01 4.461499653589846126e+00
4.763081028476139900e-01 4.307140690943021433e+00
7.306291512498139795e-01 4.503195023417498888e+00
5.509291565475958885e-01 4.485144334812499523e+00
6.822982567109786567e-01 4.597529707967336954e+00
6.762458648898416191e-01 4.455804586474248374e+00
6.975580494211915950e-01 4.389996509664948476e+00
6.432644018701804134e-01 4.130643247345285651e+00
6.100500512338919989e-01 4.561507705547087177e+00
5.542403938309365952e-01 4.390534047467564704e+00
5.569940288852528454e-01 4.533184142090245672e+00
5.228027818305913677e-01 4.182828462754912380e+00
5.504310796622583490e-01 4.455864879673113954e+00
5.048213279921267560e-01 4.729047521188325831e+00
5.011022834416355431e-01 4.542565072140359206e+00
4.758620947515140864e-01 4.395951589256456238e+00
8.028637374526977899e-01 4.570335444573938588e+00
6.414729344211081985e-01 4.616694187660822735e+00
4.800199838941424657e-01 4.617237147951875009e+00
4.616152897461379689e-01 4.322054057295586560e+00
7.176691906516411423e-01 4.579893467641054983e+00
3.939463990347842337e-01 4.425803275409360360e+00
7.059941777538611962e-01 4.496649572997260869e+00
6.309616582260935136e-01 4.744225702678101619e+00
5.520603512332555862e-01 4.517052962382561709e+00
4.633819597499473364e-01 4.351702705169524954e+00
4.470897697974219875e-01 4.467952961404092704e+00
5.222029214956456222e-01 4.442865383813375146e+00
6.319568625058201716e-01 4.589821981129718509e+00
5.947377208362689682e-01 4.471222235561208791e+00
6.041056491880524293e-01 4.602501966492196672e+00
6.067123502834790294e-01 4.380933861469315183e+00
6.551052749067278747e-01 4.558745484571244511e+00
7.872581741875563921e-01 4.603766201475354869e+00
3.659711827965758113e-01 4.447353723238256507e+00
5.869963184217775742e-01 4.536959240292572026e+00
5.120743714077912179e-01 4.594860957560219283e+00
7.082016961350908746e-01 4.317325427249109282e+00
6.028296239128482226e-01 4.524454551605958663e+00
4.578771188628742439e-01 4.622712056926340018e+00
5.032215692618131619e-01 4.431707235655412802e+00
5.909403377377877575e-01 4.861439131495821186e+00
7.285434047479241171e-01 4.603584412211148447e+00
6.211496723636453776e-01 4.603099099131525485e+00
5.302020449785975753e-01 4.328926062299016664e+00
5.789905550355410879e-01 4.817929855472003808e+00
5.196835321752788506e-01 4.571160565247597951e+00
6.818029479211979993e-01 4.840352877207634741e+00
5.192341178780416344e-01 4.500382625229839562e+00
4.214010375368957839e-01 4.459731222834564690e+00
6.294795862996782621e-01 4.608263502959744073e+00
6.058734496801323477e-01 4.468860451235434184e+00
6.341159753981843172e-01 4.475266794242660495e+00
5.790590850760509722e-01 4.523354035153764663e+00
6.562911196926426438e-01 4.426723086689664299e+00
4.637624742305646586e-01 4.445878321169319136e+00
4.412237813697690858e-01 4.631964005379628269e+00
6.178833062409390120e-01 4.517478025196899338e+00
7.790301510772610349e-01 4.706521160751608868e+00
6.162143448952707159e-01 4.575112367659535551e+00
5.486933260147217606e-01 4.230524521815579142e+00
7.452461843465051361e-01 4.618914459487297286e+00
5.682142462627565171e-01 4.608425265086943057e+00
5.715496048131588624e-01 4.357463371498601745e+00
4.795730407320596966e-01 4.282289261547698622e+00
4.811091587207974030e-01 4.576414434745347926e+00
5.863580079651474763e-01 4.463594148247892690e+00
5.819538091097853361e-01 4.261827867595624042e+00
5.685472926328110077e-01 4.520112266816354918e+00
6.770524023846852257e-01 4.568279281667806835e+00
7.603562049354853913e-01 4.746412341457585171e+00
6.790299654802001150e-01 4.529836136648513367e+00
7.497282473257187441e-01 4.620300609941596193e+00
4.962927557305505943e-01 4.090829697473354898e+00
6.856831238668396056e-01 4.745666042285259678e+00
6.870070062050149806e-01 4.375081498408778025e+00
5.094970446077938808e-01 4.345178725893731553e+00
5.194928773505426145e-01 4.271746663894578688e+00
6.195307287670783758e-01 4.284029607233519776e+00
5.926588218971884370e-01 4.577969808789868367e+00
5.835655109020098097e-01 4.508909075817703282e+00
8.140500802059288388e-01 4.612046350462476241e+00
4.616642126127138424e-01 4.054145782279826804e+00
4.795880681288487990e-01 4.611017468783846773e+00
7.462025050776148749e-01 4.607226071177382920e+00
4.543355906246290266e-01 4.465037569555251551e+00
6.478280061592153194e-01 4.394118376745497656e+00
7.158118414589290657e-01 4.544256788205391473e+00
5.280231171049166727e-01 4.598941122166129603e+00
6.049715258988269673e-01 4.665604393750744094e+00
5.184742332283961419e-01 4.581211317663349547e+00
5.673672478498021921e-01 4.565616934480192235e+00
6.596115817736347697e-01 4.721314064481914485e+00
5.673172897993005170e-01 4.481600540539663946e+00
5.552618941805107511e-01 4.555381830900546269e+00
5.840049273078592451e-01 4.612854151374956579e+00
5.545790458564963110e-01 4.623095881489602377e+00
6.118152393972565717e-01 4.577237869855294683e+00
5.963664632507906793e-01 4.644133405209232457e+00
5.063064332808775436e-01 4.501993559279490853e+00
6.045794204815561068e-01 4.384981621810425167e+00
8.753321767242691065e-01 4.494441695300448458e+00
7.278821339213412678e-01 4.349325264268961710e+00
4.655673055022557794e-01 4.571380260468020928e+00
5.201035482138428589e-01 4.415072299624311469e+00
5.335120275761546793e-01 4.358780933016847214e+00
6.395954511853199076e-01 4.542993173172103383e+00
4.502649138341623392e-01 4.512410460923744537e+00
7.778067291952711626e-01 4.781850751912278596e+00
6.583336802627539619e-01 4.547820811115971473e+00
4.850065205654173761e-01 4.571643397351317084e+00
4.513689896899995002e-01 4.484771803135385149e+00
4.125219651804150622e-01 4.328528694555740408e+00
7.107054428301778914e-01 4.437795340282128187e+00
8.116365877074219748e-01 4.734882255559695885e+00
5.918394091734755502e-01 4.374358067830821817e+00
6.505501907391543215e-01 4.723424213504515023e+00
4.871340852063682503e-01 4.617411574466014912e+00
6.274563531003121142e-01 4.623252077023300544e+00
7.790398740008616096e-01 4.533965072486044967e+00
7.311976251140659411e-01 4.649645772918614028e+00
5.614500337613687053e-01 4.381963220944252946e+00
4.461498697140625636e-01 4.720052012279899678e+00
6.118078551338461679e-01 4.488949817981878532e+00
5.338247119844644617e-01 4.499973925367094729e+00
3.797701360248958435e-01 4.364220019544875484e+00
5.829097076314274650e-01 4.646182345867379659e+00
6.079311720080757819e-01 4.959451595719428951e+00
5.798857570906194026e-01 4.779414181610978751e+00
7.561858887631972559e-01 4.529560772813853831e+00
4.671485452853372800e-01 4.410021412905975602e+00
6.615901132216267522e-01 4.458493416318222380e+00
6.199856056845469698e-01 4.459286023010962552e+00
4.502643180068868767e-01 4.599044076126668656e+00
6.726050549622176744e-01 4.405344908837600215e+00
5.860554128820988362e-01 4.485792542338430167e+00
6.633259083535433254e-01 4.621145343642202974e+00
5.349584535615613534e-01 4.350579497803561679e+00
5.770462714762831791e-01 4.501315463709271825e+00
