# Hierarchical MCMC downsampled to get 500 samples: alpha, mu
8.986638057344255026e-01 4.770888371936087280e-01
1.073812811087548447e+00 5.720755742746066463e-01
1.785800652392395493e+00 2.711943014233061611e+00
1.673721523188941740e+00 2.188249178419467089e+00
2.088385665430394500e+00 2.941636613897693486e+00
1.805758426704172859e+00 1.913927269605989023e+00
1.722683721083230424e+00 7.485377814786006168e-01
1.940397180776119557e+00 2.022508783148989853e+00
2.371907206436905557e+00 2.517386043266351958e+00
1.018558967869130916e+00 7.036493642308105922e-01
1.575731237818465358e+00 2.293342104142265470e+00
2.510796552599275255e+00 2.281767701099131962e+00
2.118358568260952701e+00 2.779061195502827264e+00
1.855055448652184413e+00 2.583380939479637206e+00
1.902046226949685170e+00 3.739568336976832885e-01
1.136432391398127351e+00 4.875133602932151256e-01
1.837446194821383161e+00 2.649296168576749988e+00
1.740848458002460131e+00 3.089324597258776617e+00
1.100468108631803998e+00 2.647422350400512769e+00
1.196653469890619270e+00 8.238446317349452652e-01
1.133034519095171389e+00 6.893927639238531802e-01
1.016417007676799100e+00 -3.960504764400900601e-01
9.588777537857940958e-01 2.491927347884851374e-01
2.421295692277374290e+00 2.674451909101240865e+00
1.220031625771230255e+00 2.221046595679252889e+00
1.886795831951496139e+00 1.565605187506418305e+00
1.131472252708719983e+00 7.740677635840227389e-01
2.169257794657688088e+00 3.219263402099620919e+00
1.721559981018940588e+00 2.686438964514214156e+00
1.819803393234392441e+00 1.925891398143328104e+00
1.478500024074877128e+00 1.625344113685983194e+00
2.200221890453624596e+00 1.072835864562168728e+00
1.142191139447119141e+00 2.133653961478477079e+00
2.391373200036941871e+00 3.351416641998520518e+00
2.867817406191905505e+00 2.462019158133873731e+00
1.222784271155775260e+00 8.451849967066273894e-01
2.216759650712555541e+00 2.744047120975391163e+00
8.432315444105759061e-01 -1.212769224396191614e+00
1.150835508060939594e+00 3.013161031822958691e+00
1.317763725187118817e+00 1.763019922615735036e+00
1.228503077105084884e+00 2.669477223052147519e+00
1.398115001748639674e+00 1.710675192224729191e+00
1.027583619393125591e+00 2.391085455888930511e+00
1.245298490369251887e+00 1.466741434097253993e+00
2.741942456654182347e+00 2.862715251702349750e+00
3.513279871742100990e+00 2.880982033876492210e+00
1.240280399612539997e+00 2.059913561238080781e+00
1.961191309094907576e+00 2.533182354889967236e+00
1.755101858699289252e+00 1.537975458230108394e+00
1.390234697182211709e+00 2.413128419487131637e+00
2.045553558412870121e+00 1.340568981002050464e+00
2.909720714512733508e+00 4.585301037416847914e-01
1.289256242336266789e+00 1.936509619719437580e+00
2.211566367425486401e+00 1.513324576878654293e+00
1.030220860544416528e+00 5.868757960299320064e-01
2.309880003729722908e+00 2.493057104924852663e+00
1.386500416119684997e+00 -3.431460800371827213e-01
2.403511203109459871e+00 2.549545981250640470e+00
1.761762592137270378e+00 1.962065655053138347e+00
9.276161904720501283e-01 1.429817553257591189e+00
1.398602955235713985e+00 2.339376276286102119e+00
2.089279605308218546e+00 -2.444541570768344885e-01
2.507017780905841597e+00 1.367823193258411063e+00
1.952030591668578952e+00 1.700341851313955210e+00
1.866875736103150940e+00 2.928496006963177134e+00
1.319281799556981882e+00 2.362264711089190339e+00
1.966252863621364755e+00 2.252598384310718238e+00
1.170853654852771264e+00 1.797428810022978718e+00
1.127572053414369391e+00 1.555558648955698287e+00
3.050950700670135962e+00 -7.986822904059076578e-01
1.357877949214317148e+00 2.586063405701700013e+00
1.711680941208229223e+00 8.934406268740938684e-01
1.551589217747242788e+00 1.774242710744890594e+00
1.324153966437350949e+00 2.109237178742349172e+00
2.158421579040869620e+00 2.123472000125195436e+00
1.183360374432843587e+00 1.740242380872036421e+00
9.687214571504754179e-01 9.207170418070542706e-01
2.027288991906501359e+00 1.867139946931017036e+00
1.369975714586457727e+00 1.687804334041334009e+00
1.113198402620301009e+00 2.593130934012776834e+00
1.652077256502026970e+00 1.591649404914937449e+00
1.446437123481364218e+00 2.027213521873721280e+00
8.062990642621910009e-01 1.743950487959193829e+00
3.226336877804500958e+00 1.416526268893329998e+00
2.074110728477862597e+00 1.449082327732456266e+00
1.141128890118392247e+00 8.986016882078924350e-01
8.915029446203608376e-01 2.041301836564104910e+00
1.712799716491513191e+00 2.511679291929902469e+00
1.680548305550488175e+00 2.617020387110851942e+00
1.597241121152827681e+00 2.877249575373436841e+00
1.261196201820391938e+00 2.960781025025807978e+00
1.550630586495396424e+00 2.395585169393951386e+00
2.745420372894080252e+00 2.076188793544883282e+00
2.138775727582471031e+00 2.683605901550047523e+00
2.797572050623359008e+00 2.472742344754983002e+00
3.809691660310249528e+00 2.861877940408810161e+00
2.823257421842247261e+00 2.857931101681565611e+00
1.962705425152817540e+00 2.931573504388058637e+00
1.488868950789155265e+00 2.502655300932574711e+00
2.314298320097928130e+00 3.180300825936517750e+00
1.454857699872847743e+00 1.144034995493239393e+00
2.634050165537397792e+00 2.177243671787362000e+00
1.219656705745826519e+00 8.010619227325092018e-01
1.061904518773505446e+00 1.433292893606106677e+00
2.571868559964150425e+00 2.905330164156287420e+00
1.265538917484020365e+00 1.028230889579811125e+00
7.511338484500684753e-01 2.166993713877197081e+00
8.523816636664407476e-01 1.740645166090005524e+00
1.366903057162965673e+00 9.031594308242937297e-01
2.104587184289979707e+00 1.898044773792536777e+00
2.371826638189825864e+00 1.384247439509104671e+00
1.964980217670217799e+00 2.778313674774897990e+00
2.304428664902462565e+00 5.321377413952650404e-01
9.234596257311532552e-01 3.705426727956310784e-01
1.865922302610645511e+00 2.620253172741058290e+00
2.709692600941581819e+00 3.122647583274007488e-01
2.417236906341170943e+00 2.900128783994135429e+00
2.054062919684154664e+00 3.030174533670226822e+00
2.175523051383140505e+00 1.320078192880553836e-01
1.944021391245287944e+00 1.399338106159210282e+00
1.397665753464283789e+00 1.516179705682839662e-01
1.744129977228710660e+00 2.120332424028267937e+00
1.983936766557456766e+00 3.016372916501179446e+00
1.850489714942233910e+00 -2.969206210893637343e-01
1.089400806347626594e+00 2.067919703028487266e+00
1.749185426443002900e+00 2.990453996134263104e+00
6.355703210211596232e-01 1.113379993202923413e-01
1.781541751696258169e+00 1.880014242216665021e+00
2.684463540847660035e+00 2.866245612070797311e+00
1.645943520851904873e+00 3.068775744632988633e+00
2.172999714800249116e+00 1.688666672771925725e-01
1.384138714402740167e+00 2.339410663825968406e+00
1.063921553311806711e+00 1.352315037481651272e+00
1.436737662402117088e+00 2.439210601960135172e+00
9.024120200738706687e-01 2.033237327020692931e+00
2.452431139117916103e+00 -6.109496785095509530e-01
1.619626430638109182e+00 1.599513012251071897e+00
2.144145533191579744e+00 1.482371989815027824e+00
1.147610323472692651e+00 2.321781008561920601e+00
1.425567701955686273e+00 2.196659281636810235e+00
2.065380467254139596e+00 1.520380453905691098e+00
1.488868950789155265e+00 2.502655300932574711e+00
7.765374930417507926e-01 1.770126113128660972e+00
2.712403290834404235e+00 1.645318023843742372e+00
1.007095932293099905e+00 -1.325125073426750344e+00
1.864212687045708305e+00 1.907663280526855409e+00
1.580546971466743944e+00 2.465726752576768099e+00
8.934025593207685079e-01 1.341669151630549894e+00
1.772685235174964014e+00 9.391558063302507531e-02
1.175251541795241828e+00 1.358713572663102997e+00
8.484978147194348619e-01 1.406462646295154384e+00
1.293164571261238072e+00 2.636657233467944117e+00
1.452646615167688893e+00 2.392723682562859722e+00
1.587877728994379734e+00 2.451063648601037759e+00
2.325771403320397557e+00 2.980994812039809982e+00
1.801490863764234174e+00 1.345361324301953765e+00
2.334876187192569841e+00 3.139219455255057856e+00
1.439296121382878324e+00 1.978601674029944801e+00
6.486440021227730668e-01 1.946848530934293331e+00
1.798741581643073628e+00 2.634655512774655151e+00
2.055512951262202570e+00 1.940285653261154764e+00
2.652664423257241388e+00 1.355520683603174348e+00
1.869146459237719604e+00 1.895071697350729556e+00
2.092191897440014881e+00 8.346928407898144275e-01
1.615879951627224864e+00 1.332649381262528188e+00
1.369261331869429332e+00 1.749469373123731630e+00
1.134342746048278894e+00 1.783263638528657102e+00
1.489275351902223044e+00 2.161207852920211892e+00
1.683234966310944936e+00 4.046462938234021145e-01
1.167668963956649320e+00 1.557100764774080437e+00
2.318809723552838875e+00 2.701283925851235335e+00
2.180468394040258939e+00 2.952377776572244539e+00
1.525810120683302129e+00 1.692199877222465565e+00
1.571719698218588146e+00 1.128301220391750403e+00
2.382175946989616655e+00 2.361659731710641363e+00
1.692490352200042514e+00 2.765685906774718372e+00
1.182985870960534758e+00 2.639287988693694853e+00
2.868001235345995603e+00 3.064617701651708437e+00
1.762450173286833177e+00 2.196752152534870550e+00
2.096577476524269734e+00 1.566732226585592747e+00
2.208336264647559055e+00 1.106516164076321029e+00
1.770543031415319879e+00 2.552890041815451205e+00
2.380198895118824876e+00 2.613422692886482768e+00
1.328759813819298641e+00 2.384973071581062420e+00
9.750388771440947622e-01 1.650825064616210591e+00
1.314400874399377583e+00 2.278434303966960783e+00
1.157765303959458647e+00 3.107548457382889762e+00
1.950216092132201817e+00 2.758156732531471089e+00
1.235325834596735284e+00 2.880117175385271011e+00
6.615876515107030897e-01 7.044597672800003707e-01
1.195485984104983634e+00 1.288626854359928409e+00
1.932381457326446395e+00 2.409129999145358081e+00
2.971954034899133124e+00 2.331962094346770265e+00
1.647388703771959007e+00 2.748861804260674280e+00
2.772086612452174581e+00 1.467266741205984326e+00
1.980471041107862318e+00 2.841085061910940013e+00
1.061873250505395383e+00 1.997373749859921332e+00
1.505675408597533016e+00 2.198909545165248058e+00
1.330988348012024591e+00 1.584224302251711070e+00
1.629188192215992537e+00 3.093414154477705846e+00
1.664508567794352079e+00 1.145140532274320666e+00
1.453861086038524597e+00 2.988138388137849599e+00
1.433899872078485904e+00 7.530721862189493354e-01
1.183769359095228735e+00 2.279200423315702828e+00
2.868696618403235199e+00 2.694648754137835223e+00
1.713856395121512888e+00 2.931881887473684500e+00
1.056839260262955049e+00 7.083819279751373266e-01
2.193461879808576320e+00 2.384217403167555371e+00
9.677881985937735188e-01 1.970778267601575040e-01
2.101330723697760305e+00 3.198996488382572334e+00
2.256587328236346224e+00 2.791618518303466523e+00
1.602843725792042928e+00 2.993520228523834703e+00
1.491837564945993178e+00 2.471688127921416012e+00
1.238859551708835216e+00 1.644669777856408110e+00
1.641178722844964799e+00 1.318759624833816479e+00
1.234430873680064877e+00 3.273505795515428973e-01
1.136621971724971480e+00 8.784841573112256441e-01
3.128689770573030771e+00 3.103419411506961101e+00
2.068212948843916266e+00 2.094040422968816539e+00
1.982978696733046942e+00 2.043177764414456643e+00
1.078499317684261216e+00 1.915731705688892506e+00
2.399615238151748375e+00 1.263570388050165860e+00
2.705393477575754879e+00 2.134752318222779000e+00
2.002146201874202447e+00 1.857876125428662206e+00
1.346804739970511644e+00 8.293280596122205583e-01
1.518319773547077478e+00 2.571779605284154169e+00
1.648682203591130158e+00 2.601606372776922527e+00
3.666819079358124345e+00 2.773862443077294682e+00
1.186738088728233498e+00 2.070844200281596770e+00
1.565161096546345831e+00 2.438587279355953541e+00
1.366010437047173287e+00 1.945608631764109253e+00
8.717301752162698314e-01 5.861071311315745325e-01
7.444834275939953283e-01 1.719063927273198233e+00
1.665045535077929184e+00 -2.538918416072445394e-01
1.090166849841442742e+00 1.167413149244151294e+00
2.250203162878638530e+00 7.409877847479574564e-01
1.861829249948343090e+00 1.454179287569222323e+00
1.512447549768928035e+00 2.039092305651597048e+00
2.326930946781168519e+00 7.549128581955276696e-01
2.373058096315963095e+00 2.744387912516139671e+00
1.412345239056288060e+00 1.021184516814451104e+00
1.966357934849183087e+00 2.476490493963460437e+00
1.989481796615411691e+00 2.661522149312120167e+00
1.441382897137634789e+00 2.670828305920516232e+00
1.529710294908534385e+00 2.739077597848863288e+00
1.150519028249613385e+00 -7.358973532900656700e-01
1.219842635534122754e+00 1.313050843066368767e+00
1.895726099019402922e+00 2.721999333506755825e+00
2.460616553152475294e+00 1.297130916410516033e+00
7.232090240912821821e-01 1.513491965092582880e+00
1.054431143577663876e+00 1.309527634272080743e+00
1.667859056477496216e+00 1.321624503331431999e+00
9.117909791847236267e-01 1.376389828607465837e+00
1.724994260274086200e+00 2.902840322631532466e+00
8.680055988800979838e-01 9.519911783069066047e-01
2.216425652913003308e+00 2.213467731363037760e+00
1.382938000261361378e+00 1.143895009257459794e+00
1.070636278468012348e+00 1.953922440605379007e+00
1.064456148104186317e+00 2.322495430598684685e+00
2.438841323325469546e+00 1.238968048965604307e+00
1.898816758243837555e+00 1.184865231777580963e+00
1.740587744635553769e+00 2.067494218106005199e+00
1.632109975239693034e+00 2.965495846271607672e+00
1.127968359522267150e+00 2.399279533765585448e+00
1.539870216354744636e+00 1.202834516618895844e+00
1.891849177208214439e+00 2.450731458126178985e+00
1.331967610292205784e+00 2.533526004536168053e+00
1.846080314452767324e+00 2.046752219629773162e+00
1.544696634735177598e+00 2.579784709684776356e+00
1.649225777658457126e+00 2.963949952679699074e+00
2.031976750720006830e+00 2.056168348200259288e+00
2.001353052051034087e+00 1.431229582023889169e+00
2.643005026574575922e+00 5.515851706362311369e-01
1.601078981287172631e+00 1.603957673881206025e+00
2.729402786774325129e+00 1.657528264615821589e+00
2.621555783259905237e+00 8.617112058604896596e-01
2.785082059535370469e+00 3.548080790686091723e-01
2.288176097985944679e+00 2.908592033667059873e+00
1.643649903602508733e+00 2.790776953917847303e-01
1.356400818155002908e+00 9.528154819783865026e-01
1.892711957646834309e+00 1.748212460509077859e+00
1.676548139150364269e+00 8.127635959734881288e-01
2.351004576366507504e+00 2.275412135883463804e+00
2.826191378662668452e+00 3.073031939676377444e+00
1.980407917335945012e+00 2.742747775405398158e+00
1.392586802400635593e+00 7.547597170546332945e-01
1.545680713528268635e+00 2.745503437437079697e+00
1.957536864578328650e+00 2.988211746436607363e+00
2.125703126046098568e+00 2.889766459677204580e+00
1.285069914940049074e+00 2.710651111516030110e+00
9.324999890648558720e-01 3.284902367801282863e-01
1.778008666331026166e+00 2.393397085307816585e+00
1.802788777126310915e+00 2.493206692376047862e+00
2.184402752889004429e+00 3.024403728753686238e+00
1.146640876866722225e+00 2.449750551820282674e+00
1.481973157998260460e+00 1.071485422113422903e+00
1.401288426666113640e+00 2.665642065881416389e+00
2.018425057940687051e+00 2.670603595244491757e+00
9.732539841331422359e-01 2.494506952348920947e+00
1.481352249536405097e+00 1.918816638791775109e+00
1.360911212410175208e+00 4.643226328832463223e-01
3.408949861147206661e+00 2.467971880366315762e+00
2.609890624978896234e+00 6.108047290781520866e-01
2.350654140674987680e+00 3.218654383787835638e+00
2.080471111136767526e+00 3.029142347869583585e+00
6.006218336515249945e-01 6.533724963461960966e-01
2.480779205107321861e+00 1.480137455660180734e+00
1.867848539972375654e+00 2.062777311137204528e+00
6.733266322815980587e-01 9.117847339184357303e-01
1.347041792282595241e+00 2.133820549432345448e+00
2.862868618999537151e+00 2.714459005648224732e+00
1.457774801754782468e+00 -3.692705884312347253e-01
1.587858775092503727e+00 1.643896854983099676e+00
9.507934137348241777e-01 2.074174379990915806e+00
2.051094571352535034e+00 -1.625128351767770596e-01
2.280201093860648953e+00 2.792253029636623030e+00
2.282615185162458094e+00 1.710419853325450212e+00
1.898169650884534931e+00 1.260215712286079759e+00
2.111480288388986715e+00 2.900106334595171198e+00
1.784811760100294187e+00 4.833667565015853373e-02
9.830130303578098472e-01 9.645617666598956808e-01
1.779362903388062023e+00 2.247754550826789099e+00
2.062624902014510209e+00 2.011597860662621251e+00
1.111009199059888264e+00 -1.652622091028459472e+00
2.071990574127540619e+00 3.373744479619990688e+00
1.594262293836707700e+00 2.475898767828899505e+00
1.503322363518029281e+00 5.861092518588187916e-01
2.051049855573786385e+00 1.348478695388151349e+00
1.575996705085051186e+00 1.918847957895502887e+00
1.271071839366006095e+00 2.567882455945156295e+00
1.707933414920806969e+00 1.007017148294427455e+00
1.396887413226436836e+00 3.404197601176981003e+00
2.304930855309104132e+00 3.399212227283970655e+00
1.231053418099693930e+00 2.495685249910409187e+00
1.656500397355856302e+00 2.310984080262873164e+00
1.330573376019168919e+00 1.912329133396623915e+00
5.686767574117880253e-01 1.048380633463538159e-01
1.116924245694131956e+00 1.760987635683178398e+00
1.394913759624413885e+00 2.167300157325219079e+00
1.854911142160816429e+00 1.623737825606246243e+00
1.446327996728171250e+00 2.395855522633349999e+00
8.800160801074179417e-01 1.458278046176515019e+00
2.080761854453824444e+00 2.995828584088883417e+00
2.197101391877090748e+00 1.328332792846465216e+00
3.239376488909869067e+00 2.884838016345675271e+00
2.628072016581297632e+00 2.710334131513095546e+00
1.258591335756372054e+00 2.661155721333950286e+00
1.943761059936338409e+00 3.101986626849705164e+00
2.224018747433578191e+00 3.255691400325018137e+00
2.763689451199959013e+00 -5.728134640755311313e-02
1.525206524400426034e+00 -1.727185894255800491e-01
1.695062169187721679e+00 2.582570593117615054e+00
2.394933970517135080e+00 3.121559632770150028e+00
1.016587879839906394e+00 1.915875346178283145e+00
1.269985043994546592e+00 2.663616270360611882e+00
2.473459720137254791e+00 2.876400504222784704e+00
1.304619301929007102e+00 2.590805717679116160e+00
1.572567101205613271e+00 9.775787710339911563e-01
2.134211972820456715e+00 2.608057195534886130e+00
2.428403731210059036e+00 2.796727810414632476e+00
1.594243484809380051e+00 2.064248829924641537e+00
3.242064282677482812e+00 3.110992866526013145e+00
2.198867595469741421e+00 2.026349202846764008e+00
2.124067803846586333e+00 2.671188393454285048e+00
8.153506947203680300e-01 1.478979498375063928e+00
2.339323101293657281e+00 2.501575227409120750e+00
9.218513887169954568e-01 1.909668649006177610e+00
9.698349236903287540e-01 2.933034930894462100e+00
1.603310234766687881e+00 1.204626355457571796e+00
2.193417419649400291e+00 1.890356028025534929e+00
1.495847025063872682e+00 1.588730915896539919e+00
1.964520961386566400e+00 3.278666155449603714e+00
2.197398870439494889e+00 2.053017794131157370e+00
1.208177446046268422e+00 1.425309381773320672e+00
1.524151681515945711e+00 1.236388322298727527e+00
1.665638840471241666e+00 1.307185391595579560e+00
1.933025319438489209e+00 3.696553753362081252e-01
1.932103486967092998e+00 3.134876668300198066e+00
2.833190492925244275e+00 1.543845970358674213e+00
1.097666804886882286e+00 7.679365992677167352e-02
1.412869495117125451e+00 2.255182916683381666e+00
9.593865538773156398e-01 1.031053734166615499e+00
2.040427275170457744e+00 1.615983276379505007e+00
2.412484416320322733e+00 2.386570659680553153e+00
1.233785722505147842e+00 1.371799908161610571e+00
3.582082517803971911e+00 3.249908720942478624e+00
1.225024150613403418e+00 1.708651186197836180e+00
1.286102537607556773e+00 2.488596218549699035e+00
1.623569343310112600e+00 6.378939089383799388e-01
3.059269471744919144e+00 3.272890593287001160e+00
9.959961470955557283e-01 1.104440687240741514e+00
1.865142601022471647e+00 1.502314448524668666e+00
2.505625776100357971e+00 2.993054663768652368e+00
1.709327594873376377e+00 -7.835309612630436682e-01
1.434617653828146766e+00 2.498023486948878435e+00
1.776531964366273808e+00 2.662999723771450444e+00
2.020657289938048606e+00 2.693984897112459809e+00
2.251136609522943477e+00 2.773185639357384602e+00
1.625020507647136681e+00 1.110170647527366938e+00
1.977074359956843219e+00 2.946026113913882583e+00
3.473176836488033103e+00 2.601820207068622270e+00
1.570670623629259577e+00 -5.868605771188800668e-01
1.790928965663928674e+00 1.331614749669711717e+00
1.180843879410405917e+00 1.564291960381268831e+00
1.627883312285800521e+00 1.768739652016878550e+00
1.628125369771606046e+00 2.414197680235253163e+00
1.105208659390963577e+00 9.485977465049747481e-01
1.267982853816832511e+00 2.744031591841196160e+00
6.933679291054706262e-01 1.347758869556229033e+00
1.273979859036156626e+00 1.925311751945263161e+00
1.581099168524440213e+00 4.257290236566109720e-01
1.845821963876034699e+00 2.334881790288459769e+00
1.408457289546718005e+00 2.167991193018898421e+00
1.462342327356033644e+00 2.750564616152701092e+00
2.369888327035893472e+00 2.977746963022127602e+00
1.394794905826340914e+00 6.871819454204877164e-01
8.920756674883736359e-01 6.357695543501369340e-01
1.029451604545100540e+00 1.965174637096721799e+00
3.269602703255316101e+00 3.213321507898770246e+00
9.116104007274921095e-01 1.126559691823369791e+00
1.281785322352724910e+00 6.316480799701017501e-01
2.038619354545718743e+00 2.260599146980969643e+00
1.365412618659868960e+00 2.428710749940372171e+00
1.988878930501549958e+00 1.999894243375927916e+00
2.516165433843405630e+00 2.836879625881319811e+00
1.734983191605442343e+00 1.889698626207813703e+00
2.439880723886066249e+00 1.191178209119454490e+00
1.522229256973265166e+00 9.495271297671632471e-01
1.694606045168550512e+00 1.811620921896519354e+00
2.461585486473479190e+00 2.022601158307232971e+00
1.112288961489208416e+00 1.936905458799468516e+00
1.603294555033712543e+00 3.088981116507954816e+00
1.047860301681282635e+00 1.449756458865348208e+00
2.140550697832427574e+00 2.799337152171788023e+00
1.212676366963613361e+00 7.973915882287965218e-01
2.279150166331000982e+00 1.045229157788429175e+00
1.505274547808242103e+00 2.260936996092164808e+00
2.663005772263332904e+00 2.990750435861131429e+00
1.586809133402814931e+00 1.283862306742068693e+00
1.397454757640474998e+00 1.836565471604168609e+00
2.249522675315230646e+00 1.622643593596399869e+00
1.304543187571874929e+00 1.316545496860156428e+00
1.282698262743085182e+00 2.140850996367630543e+00
1.771145596122984056e+00 2.671638734374939261e+00
2.014363641381842651e+00 3.178390947883583895e+00
2.318883876693383250e+00 2.268964936879412697e+00
1.885446448751305182e+00 2.746843616235076446e+00
1.906992895903383278e+00 3.228968188192551825e+00
1.356400818155002908e+00 9.528154819783865026e-01
1.784142344253890400e+00 2.418561117406093253e+00
3.216463578237077403e+00 2.744535568612677334e+00
1.373748418632865231e+00 5.136082087767603888e-01
1.527484188187386183e+00 -5.897476324815602577e-01
2.511701696222220725e+00 6.663120602945066251e-01
2.081590964564019597e+00 -5.436940547444972793e-01
1.467887920639565413e+00 2.678411750016125303e+00
1.719401662135687570e+00 1.888275235961723864e+00
2.002117620929543484e+00 2.822678309180902456e+00
3.239376488909869067e+00 2.884838016345675271e+00
2.364259008825675856e+00 2.513622847575217811e+00
2.177692023438604796e+00 1.018935203974292936e+00
1.092273344145949565e+00 2.389488633792363981e+00
1.285988931141813119e+00 2.346383566155587630e+00
2.136763584376211611e+00 1.659929780958907752e+00
1.235325834596735284e+00 2.880117175385271011e+00
1.181514947453882192e+00 1.114329682866483040e+00
2.097575701066336507e+00 1.386204951764821391e+00
2.336883565397660956e+00 1.987010289523396089e+00
1.470964229711152482e+00 1.157451477184389566e+00
1.185962927919033572e+00 1.689676850616128823e+00
1.226945362011920837e+00 1.181697475223615346e+00
2.092304309297935649e+00 2.967441447114762987e+00
1.776980009396068816e+00 1.637677790125868782e+00
1.916203351871201166e+00 2.297227806345499557e-01
1.940413237257968770e+00 2.194192266078903053e+00
2.503461311492916952e+00 2.443830743442188869e+00
2.168676264853092839e+00 1.667087920349312746e+00
1.231273939013751262e+00 1.312100419083889857e+00
8.102339629437523838e-01 1.907230424060959439e+00
9.913463247891509678e-01 2.283379775111701093e+00
1.112288961489208416e+00 1.936905458799468516e+00
2.564044442861251216e+00 7.988381670408102320e-01
1.900266131498280497e+00 3.163543453953602036e+00
7.548347221643162408e-01 1.355395226408490750e+00
1.106508415558096647e+00 2.234387618609304127e+00
1.203444674802079506e+00 2.114414427936791796e+00
1.078729966694997655e+00 2.068947519396517443e+00
2.190703682152078002e+00 1.997991612748026835e+00
2.511315226076618501e+00 3.211960054362271055e+00
6.907531137371759611e-01 7.551846236301110737e-01
1.654670295751601961e+00 2.912753028404521771e+00
1.663639709450950077e+00 7.301711116046287753e-01
1.749911177014042307e+00 -2.979141912567097039e-01
1.079905134926166799e+00 -1.206516333452599676e-01
1.488806023186209693e+00 2.723921056042720057e+00
3.018886814389166950e+00 2.728163819449592520e+00
3.231016488671598630e+00 2.764118985357767233e+00
1.807921735045189493e+00 2.940578982615389858e+00
2.858077611216845781e+00 2.785279181138922144e+00
1.663776346565553066e+00 8.392532748543999332e-01
