# Hierarchical MCMC downsampled to get 500 samples
# alpha, beta, mu, s
1.909595853789095576e+00 7.884480003631375133e+00 -6.296024485475988364e-01 1.491296419536427553e-01
1.195037320134255898e+00 3.743497215045383797e+00 1.125708563678285534e+00 4.803109612411168849e-02
1.798386693225944244e+00 4.225521348372377695e+00 2.430460333509564030e+00 2.253812450309326532e-01
2.450080944446471065e+00 6.985780913304353135e+00 2.867481284715700074e+00 4.114699101623573996e-01
1.497065887217877478e+00 5.591566062936273340e+00 -6.304244183461726880e-01 8.723156837522626217e-02
1.117065657023087910e+00 3.115518979315763382e+00 1.840299471722932623e+00 2.672677526034922812e-01
2.780678448759700050e+00 8.028332077868245875e+00 -4.618780893074215799e-01 8.555908063378786510e-02
2.015466756912274615e+00 5.661709962456866307e+00 -1.351462269132440941e+00 1.746826477151994239e-01
6.805895371216931222e-01 6.720692042392531818e+00 1.711153624826892816e+00 8.302403867526417236e-02
1.001238899786414560e+00 5.887643089093043791e+00 5.141237160784815075e-01 1.937467781407909428e-01
2.254609403051639038e+00 6.750009448707095849e+00 2.861463842440384653e+00 2.335486703665479169e-01
1.505233243647859709e+00 4.766328424111057060e+00 1.643958793020434683e+00 4.839833584104750730e-01
1.543158923823598538e+00 4.787266340314245028e+00 -1.813794093227619975e+00 2.139219743421777453e-01
1.773594352964249721e+00 1.047365969770430816e+01 -1.377024504106707070e+00 1.877993232206566498e-02
1.614611235153729174e+00 6.462614047670192541e+00 2.143653971525718571e+00 1.306093864001228178e-01
2.485886480585135505e+00 4.051435948931280784e+00 1.824693580115122504e+00 5.316069288852171004e-01
2.538013553779815190e+00 6.608324838721291172e+00 2.315074683660418575e+00 2.792449281160849783e-01
2.037832817789818840e+00 7.393384079246795970e+00 2.323305776958556557e+00 4.279256183666068081e-01
2.397365275983680544e+00 7.685243197933194992e+00 7.828917760346371102e-01 1.761616703778293991e-01
1.325564283121645870e+00 4.290507705020790041e+00 2.140907208989160537e+00 1.198701075488519258e-01
1.632802389616363703e+00 3.138885953123753403e+00 2.264479635437705030e-02 1.318177525651751114e-01
1.145183101508871371e+00 5.498349007207447237e+00 1.789149185983219148e+00 5.131194328821943318e-02
8.495129901635816161e-01 4.679220954651886366e+00 2.191544560328112512e-01 3.337179914645735934e-01
2.008096263726022901e+00 5.318660426696793841e+00 1.856938637043304752e+00 9.764539456350183888e-02
1.873497753453796433e+00 6.665230151652663970e+00 2.785275861374267414e+00 1.710417804205263681e-01
1.297971969741453346e+00 7.068662743430566664e+00 -1.018996423247446437e+00 1.673116496580561996e-01
2.062671209527024985e+00 4.965984168170002988e+00 -1.423182834809980424e+00 1.607905012602314776e-01
2.671761963952949515e+00 5.715144312628101630e+00 -7.559879791129533455e-01 3.314466207039951096e-02
2.007736962878544418e+00 1.003823076878864562e+01 8.468841130991291433e-01 3.756125650013211192e-01
1.575269065121800871e+00 9.726290939281209802e+00 5.507009959914763719e-01 1.777805421181609669e-01
2.732630047525362649e+00 4.777591366787961924e+00 -7.705970878006186409e-01 1.464643878331247928e-01
1.357290182890822816e+00 3.217732739599184377e+00 -2.244461775988254582e-01 2.503690817621104792e-01
2.463609606457191958e+00 5.357328553683301742e+00 1.106275510139418383e+00 1.575382086466801668e-01
7.945718098316512101e-01 6.209052645243117396e+00 4.156276484197191090e-01 3.946228623669028601e-01
2.382793076963468870e+00 7.542800948836170249e+00 -1.772122439516957915e+00 2.907891337897121065e-01
1.486586142114200371e+00 1.215432521414687983e+01 2.265590558889932993e+00 3.646999749263297730e-01
1.987194634383468328e+00 7.136214841876067361e+00 2.932232991278285184e+00 1.565374772528381198e-01
9.535469033853199994e-01 3.121412331031564236e+00 2.132294733998532088e+00 1.652748830127565294e-01
1.566970161492669655e+00 2.933730102678866913e+00 3.547835178483471630e-01 2.633223701876838962e-01
3.182334824119326555e+00 4.747843893109441105e+00 -9.048548303780490354e-01 3.469533184194759645e-01
9.334811776955228568e-01 4.077452709716768986e+00 3.232378790882399211e-01 1.535369317620235985e-01
2.476823966311940683e+00 6.543272354062469987e+00 2.549402460771634793e+00 3.444587915805992218e-01
1.537246208498649569e+00 3.178932200816321885e+00 2.375955434115223586e+00 2.445730286862005665e-01
2.574269585258294857e+00 4.014670619582810573e+00 -1.875870774730472368e+00 2.610464268879084115e-01
7.938882126230124570e-01 4.756535939484720643e+00 -7.431743712791981649e-01 2.394475975422801495e-01
3.376913917056575176e+00 4.503351348843786184e+00 1.632583312433756317e+00 1.633300229282070304e-01
2.045816743402603777e+00 6.485058917237467746e+00 2.745954565333539765e+00 1.123575152795710519e-01
2.009694506467258002e+00 4.229203984642848191e+00 1.298332611989879481e+00 2.185734106321063075e-01
3.469000752318391001e+00 6.824814751413819103e+00 3.081356526043725896e+00 2.039847088334315328e-01
1.334422320342565360e+00 7.849572745108972960e+00 -3.310316759488034499e-01 3.977677011631703952e-01
1.228103816829925865e+00 6.737275359257155927e+00 -4.942894658526678087e-02 3.820688906789646566e-01
1.649146878794816473e+00 6.773402608283787707e+00 2.813030699586259065e+00 2.848515183260226791e-01
8.142740968563936255e-01 6.781753932772302207e+00 5.841330756118517931e-01 3.184061356608537952e-01
2.159923304470684258e+00 9.901805136901886684e+00 1.947478258294729425e+00 1.630995596299202877e-01
2.109283906630093686e+00 5.566113832269146577e+00 1.603835644266100147e+00 2.436201284177720028e-01
2.006919245033871757e+00 3.403377639571158575e+00 -1.355723878084177825e+00 6.747243666386566752e-02
1.358494826734306882e+00 5.750635248539697209e+00 2.713451231157725463e+00 1.681267940219127732e-01
1.554999253529450787e+00 7.363864238326669032e+00 -7.938783853507227484e-01 2.636484220742306706e-01
1.598410931738466934e+00 3.980827990909101999e+00 9.960910549344698106e-01 3.058296296637976197e-01
2.059700002017205822e+00 5.083209299167477546e+00 2.270121281398236768e+00 1.296502306975710617e-01
1.228825646378066017e+00 5.513711021915598920e+00 1.186490115917211874e+00 2.518655627347102799e-01
1.776258062661232984e+00 4.570958858436966921e+00 1.975334982029547382e+00 2.736893647019820741e-01
1.878667973954720960e+00 1.151659689784851892e+01 -4.749333075612637289e-01 2.877092970556423546e-01
1.724187772680235708e+00 4.941503380193667638e+00 5.421728510190436667e-01 2.452243156397712343e-01
2.963130382043140720e+00 8.829688827693994213e+00 1.063040933737722238e+00 4.275744102534366209e-01
1.883619213144537730e+00 4.862392440884200084e+00 2.113415370022158513e+00 2.022261910197710455e-01
1.624424300232917284e+00 6.658122930629341241e+00 1.891098991048263622e+00 1.616531915329227354e-01
2.576431799614411045e+00 5.972461178139142568e+00 2.568531513411465461e+00 2.022341603020451628e-01
1.566572313233613345e+00 3.275183073081582741e+00 -1.350675591467908498e+00 2.351648013823515737e-01
1.572389715717513070e+00 4.947876587245277236e+00 1.623718673311841387e+00 2.950115694867216365e-01
3.481826561271594844e-01 7.538383511836854289e+00 -1.761702159823413938e-01 7.594895112845401197e-02
1.495430783999913693e+00 7.922106377674970723e+00 1.832748007848226113e+00 1.940124221682078542e-01
1.608343638691233535e+00 4.967912722309810292e+00 7.824180807735997556e-01 2.417708727858988993e-01
8.431933327333875905e-01 1.082391758344639143e+01 -3.388071868008721843e-01 6.418155558962973517e-02
1.864547234439722478e+00 9.827157624944359071e+00 -1.657781338648195435e-01 2.359371829326329939e-01
1.421598267056404907e+00 4.208552782232525047e+00 -3.801315119294702005e-01 4.010532049592397952e-01
1.409346631641655634e+00 2.709036135656929023e+00 2.214250532844604713e+00 1.769085064913847316e-01
2.285524258443570211e+00 1.362887712211619196e+01 2.718871040049037013e+00 2.052394083774410904e-01
1.107095528887426905e+00 9.623650413215731447e+00 -9.345783806126044535e-01 5.914077230090167281e-02
2.058694019481317916e+00 6.217085696244161852e+00 1.134400208271090449e+00 3.134340542327075929e-01
8.530305330359586602e-01 5.666895095835866591e+00 -1.624933528913533820e+00 1.009372451477096450e-01
1.670697824495386730e+00 1.517663792703030445e+01 1.080597026067918964e+00 4.887637135510708442e-01
8.238712677531894180e-01 3.789620931534330328e+00 -2.825346007403326531e-01 1.504935389121876965e-01
1.028005903027899182e+00 1.036361955868134288e+01 1.949496697595231254e+00 1.035336025995466924e-01
1.201704537151935481e+00 3.653946621215548252e+00 -1.689209272076858115e+00 2.762130256055208566e-01
1.195085285777766515e+00 2.941368113434667642e+00 1.724546988276436377e+00 3.363526782424338113e-01
1.051379948968276690e+00 5.956826659267133728e+00 -7.044717660127863823e-02 2.496607767775735065e-01
1.250859363027207127e+00 3.528956639150000463e+00 9.712108624318538386e-01 4.595042155108535198e-01
2.763449643290326829e+00 6.615237703583232154e+00 -9.462684938904990517e-01 9.491184083467484045e-02
1.838132169160567431e+00 5.099437924120456600e+00 6.489822892730906512e-01 1.573410933406020618e-01
1.634313499823934812e+00 3.347140863169252079e+00 -1.365820442006026036e+00 1.342460356769356600e-01
2.015792324276080016e+00 3.598409046636372732e+00 1.787166930510351470e+00 2.615703199981912475e-01
2.453274832341137746e+00 5.064621601398650697e+00 -2.502321935543427855e-01 2.411720726063078524e-01
1.366217148426241534e+00 1.030619842016294641e+01 -5.014770431961477204e-01 1.946681215595474079e-01
2.297178923074508994e+00 6.027921092961081584e+00 -5.015988804001809687e-01 1.343706912176818313e-01
1.397975701323373565e+00 5.456537792699268863e+00 1.981693346158186486e+00 8.226955295349809572e-02
1.016243832457525587e+00 4.019703025367023841e+00 -8.751187977008472174e-01 3.097008088445513674e-01
1.917373459649233336e+00 5.051841408901479369e+00 7.498928850901067644e-01 3.912491336545071974e-01
2.612980894991657976e+00 6.148859463756399357e+00 -1.776666448808327248e-01 1.359053880182353735e-01
8.200353189036717616e-01 9.909676105271364221e+00 -7.673228961657514446e-01 3.943590080618296634e-01
1.754954772494186521e+00 6.789839121317033488e+00 7.729718918154714347e-01 1.822950079820706282e-01
1.591400690145635011e+00 6.726637541301065504e+00 -3.737177214464392216e-01 1.856756259828717115e-01
2.279323817996193657e+00 9.403758622383039167e+00 2.548601153179427037e+00 8.216556491020174380e-02
1.496719091629853171e+00 4.662676694282502865e+00 -1.308347994086831001e+00 7.520166028957619986e-02
3.047964143592690966e+00 8.093429673102331634e+00 2.309701222058311743e+00 1.427770160450071713e-01
2.089647568209123119e+00 3.694077799988404465e+00 1.809827109024482406e+00 4.086886647290597363e-01
1.915306772649642664e+00 3.143354262800140297e+00 -2.196532092978890627e-01 2.305182910171419963e-01
2.254336875828202302e+00 5.074406626413573207e+00 -2.362913460790208586e-01 3.364118467833720483e-01
1.185286471806105357e+00 3.250797694012401706e+00 1.154610179793987834e-01 4.708060375596598290e-01
2.439172737241784183e+00 6.366721147928544156e+00 -6.947700189418860584e-01 9.838424686842332789e-02
1.280221694915430586e+00 3.544364465328023961e+00 -7.822694061079620287e-01 1.279860659995905037e-01
1.111874938150595238e+00 5.089661290014779738e+00 -1.478578900301566579e+00 1.169066362392011948e-01
2.811111685656399128e+00 3.232269610122149306e+00 2.531383528517158421e+00 2.468772508194543303e-01
1.051497612977486229e+00 4.618044781330910453e+00 1.448677967357602903e+00 1.359898235299020486e-01
3.065963630303409460e+00 7.416000080215678025e+00 2.157795696557864851e+00 7.926142371462363556e-02
1.025370854548357968e+00 4.255572287341490068e+00 -1.325653523840484960e+00 1.735928983338748122e-01
1.480066056221355453e+00 1.104312740685393734e+01 -6.000128171045144843e-01 2.165659052449263600e-01
1.684655598281860955e+00 3.647271470851892516e+00 -1.374249798167673786e+00 1.043406750321255738e-01
1.502613247112006389e+00 5.090881035471184646e+00 2.468533736569236581e+00 3.323321255726468526e-01
1.762775227054402150e+00 5.463859413199260828e+00 4.835872390789467956e-01 6.215199971495460884e-02
3.053116877573136101e+00 7.778722790669263532e+00 2.680163437473928489e+00 2.326095835632583930e-01
1.311821040280648720e+00 6.436452041133144952e+00 2.046535377616872431e+00 9.523116384982317773e-02
1.362268527545021479e+00 8.729270931862570748e+00 2.166267024285982057e+00 3.107377971259125404e-01
1.629783530733444064e+00 1.064216674722982603e+01 2.798251406589380430e+00 1.769594416517640822e-01
1.585045291696999037e+00 7.132676381477203620e+00 -9.986803783427784520e-01 2.185950000665001780e-01
9.113177869647900442e-01 8.033300639566508750e+00 7.828241049659101503e-01 7.759910188171488532e-02
2.014893102276158920e+00 7.411131242305902589e+00 2.355217954246088041e+00 9.192741548040583854e-02
1.497818198712991267e+00 4.651629493826035855e+00 5.331656512776306034e-02 1.942525025733199406e-01
2.357591511019231145e+00 8.058479766345245210e+00 -6.888955107886840512e-01 9.720155348212997093e-02
2.444008361372979277e+00 5.513847254724288049e+00 1.110074811956305307e+00 2.672230717457416693e-01
1.159767812779500140e+00 4.440519065971953339e+00 -1.137921831783423876e+00 3.720110036701610584e-02
1.236649019524034276e+00 3.147501497946120885e+00 2.182809432168588248e+00 3.349498773079203073e-01
1.497629228056085893e+00 4.730241847667782551e+00 2.772310322613681599e+00 1.315484477200776492e-01
1.532017504065858571e+00 6.207732636013830074e+00 2.970216625668605781e-01 1.119915837213580900e-01
6.001284270937161658e-01 4.990673248167137643e+00 -8.192980077776712555e-01 6.558952170237133950e-02
1.675112266338621758e+00 3.719133773012048838e+00 1.718570379793903591e+00 7.781791340854726791e-02
1.710388974327182066e+00 5.808709069230270750e+00 -7.453960329506514881e-01 1.642583767339133027e-01
1.977688161331845773e+00 6.274033810748660400e+00 2.845341209170938246e+00 6.633124204530400914e-02
2.290238799204131315e+00 7.777833427876663208e+00 1.820761907803367663e+00 1.201609928131684990e-01
1.294340826442452075e+00 5.765237167354147374e+00 -3.391820895415221804e-01 1.559581206862498404e-01
1.868109594064494949e+00 4.769738644051997767e+00 1.050817639139812965e+00 2.400240045472470662e-01
2.665188367410266768e+00 3.990950413816898301e+00 7.726051164486458234e-02 7.661203827758220064e-02
9.438589226132554355e-01 4.360438220033429069e+00 -1.657579084772876188e+00 1.730932662843574499e-01
2.039063430529121757e+00 3.533214262911618775e+00 2.460281536903070887e-01 2.402286313086733072e-01
2.073794074339516236e+00 3.371369670750191894e+00 1.245734662132617077e-01 4.147555032459542268e-01
1.515262583441993716e+00 5.713492378175337727e+00 1.284886431338688517e+00 1.778650845368035527e-01
1.421806429477260991e+00 7.899663536396938746e+00 -5.395942006998031282e-01 1.533202286385101920e-01
7.795759393512399216e-01 4.767163164667348241e+00 -1.182453226106235711e+00 1.321321390006007235e-01
3.035064482318713175e+00 5.624844126461690408e+00 2.624673990630681519e+00 2.521361105142177483e-01
3.118517237552131505e+00 8.030553722211552170e+00 3.024953665584816598e+00 1.745600015227600776e-01
1.049694558039932391e+00 4.128705525334622983e+00 1.124897323116343717e+00 4.299511971658591392e-02
1.973307261223709252e+00 5.201470537589132803e+00 1.956417183328197584e+00 1.053868851515216559e-01
2.220132955854444035e+00 5.202154962817393091e+00 -6.151814276765514844e-01 2.091181842477290997e-01
1.099252423679654589e+00 6.158649395064984766e+00 1.456073598067642028e+00 1.021158936849495269e-01
1.120665077512228658e+00 4.685877323284802110e+00 -1.136735302355405208e+00 1.749031159299006544e-01
1.673260002268539992e+00 7.434503611034322113e+00 1.825012123035409939e+00 1.798715360273950015e-01
1.221536345524738554e+00 7.726237329609359605e+00 8.179169916959099229e-01 2.390092388774634202e-01
2.578425451300349280e+00 7.296842912045304885e+00 8.349092492255261178e-02 1.483050687532982415e-01
2.377923560439105799e+00 6.465088601881435082e+00 -6.928854978433858225e-01 6.669520945547266488e-02
2.898995505740930234e+00 5.976301296585916134e+00 1.671128049132957760e-01 4.982901978101241247e-01
1.455885956883523180e+00 6.401586181470504400e+00 1.627247992620197259e+00 1.165606171504505184e-01
1.736987870369792963e+00 5.094088219240405557e+00 1.616445886469200177e+00 1.284891186841909116e-01
1.396629879668181751e+00 6.725162726726384932e+00 5.959386571061127125e-01 1.434481568692419495e-01
6.984382484787028389e-01 4.397973543864777568e+00 -1.466692882010255161e+00 4.476280296210877752e-01
8.558544109957277879e-01 4.763342385658700273e+00 1.776646014443234445e-01 1.338902863352663952e-01
3.692514521195710664e+00 4.742623365541587255e+00 2.727870673500162102e+00 1.613804094447861548e-01
1.295892961329884185e+00 2.688144570190059923e+00 7.852143485812652646e-01 4.733400263981706879e-01
2.923345504856833976e+00 1.629568923596315955e+01 8.241150888541994846e-01 1.571063200135581206e-01
1.075035387904092143e+00 8.179454876879811209e+00 -9.468906665470088191e-01 2.767405700421043946e-01
1.719509703518928179e+00 4.653437242620007908e+00 2.682113147614590520e+00 2.290569892084501069e-01
8.842900485862605908e-01 5.370898365532460694e+00 -4.613443749188798071e-01 9.924021747121192227e-02
1.709923879856704465e+00 2.109035415118344581e+00 2.425957926376375029e-01 3.665276496275123308e-01
1.257229032727757323e+00 5.196983655792152490e+00 2.154252855166983061e+00 5.224435460246881768e-02
1.436541131217286660e+00 6.930011536026840169e+00 -1.229917646429465439e+00 7.310595922854749851e-02
1.633778976307662889e+00 5.164333953192476123e+00 2.632021172172609447e+00 5.823606595407596759e-02
7.592318453247843824e-01 6.613326195450184741e+00 1.440597496953485379e+00 3.952027949625604997e-01
1.674653023772576965e+00 4.179742126709961703e+00 5.243660520636139744e-02 1.947628390554886901e-01
2.165731360700230201e+00 5.355096574637240536e+00 -1.209610694333104863e+00 3.947732895796231545e-01
1.062885297205458324e+00 5.941999654264951580e+00 2.029013897647217401e+00 3.079832160042509509e-02
6.354636058615410477e-01 2.966448159695334041e+00 3.352600612469986974e-01 1.591538353903881320e-01
1.087119568233573030e+00 6.033380534464214406e+00 1.738524687167501748e+00 8.783144437018051975e-02
1.888537932809722930e+00 6.948027700051813582e+00 1.608504803455227616e+00 3.100307005429894236e-01
2.166634244248376362e+00 1.142852318098397291e+01 3.032247870845842241e-01 2.873801321885449678e-01
1.884953027106107015e+00 7.608791083016877899e+00 2.234714486793261123e+00 1.636758201768000465e-01
1.490866456412999863e+00 5.616585006481550124e+00 4.968677517709090274e-01 2.352265786806977121e-01
2.213478756583551199e+00 5.154384863234744429e+00 2.748519319238628356e+00 3.103396269806367735e-01
1.151280187315079306e+00 5.194131083024669415e+00 -1.127311808343168131e+00 1.611722745276852053e-01
2.985229551917715440e+00 7.099079573737190785e+00 -7.780494598054482625e-01 1.745259315138551204e-01
1.380526987186049714e+00 7.336852200108234356e+00 2.467830115899281473e+00 1.747531439547968524e-01
8.676532694593374062e-01 6.490110109717815767e+00 1.881001683736247099e+00 1.096780894150901631e-01
1.615634194947064728e+00 2.325665551429579647e+00 3.587896220446751272e-02 1.370987709031086244e-01
1.263478073910618171e+00 7.705665682360351099e+00 1.837377062765225055e+00 3.230572905095169256e-01
2.129493870862948501e+00 4.818594292638516130e+00 2.024978345190920237e+00 3.337998319498104993e-01
9.659457309118806290e-01 3.311116513867599309e+00 2.037926766254981814e+00 2.852420248219018073e-01
1.244812789770550543e+00 4.548782580467499947e+00 2.483148120549468096e+00 2.704335004879939719e-01
2.490546602029782619e+00 4.225734131074328381e+00 2.559283623104561034e+00 2.364468795400563317e-01
1.110575889366977709e+00 5.374411248414430631e+00 2.621014138956113015e+00 3.249940370746379203e-01
1.245614099007965381e+00 1.146169663072994105e+01 5.755391911810032735e-01 9.824852438077004424e-02
2.004467248922608746e+00 5.753293028631935258e+00 3.284131214793108544e+00 2.571367449659515692e-01
1.802743007940839082e+00 3.365609553585556135e+00 2.689869318262443798e+00 6.693960239202632889e-02
9.314481564297186766e-01 6.636738494973558389e+00 1.701932378398499646e-01 9.380218317972276176e-02
4.374486325795188257e+00 5.843950542240988533e+00 2.084252087368049011e+00 1.205490085685578250e-01
1.028694017276535089e+00 3.356353718196927183e+00 -4.438820264785356962e-01 2.150297881149368928e-01
1.908606123446665581e+00 6.571706437373036280e+00 2.658269203665950986e+00 8.569034601980494992e-02
1.546889172755173680e+00 7.096424971896516887e+00 1.313360276824271811e+00 1.574795413272687683e-01
1.632447916180907788e+00 2.475635129056944272e+00 -6.540704772868466410e-01 1.415956914288880042e-01
1.333227412587896676e+00 6.617246623314862575e+00 1.842680312098056383e+00 1.359705009159454248e-01
2.384411774252727767e+00 7.256474699885516522e+00 1.190672299882709062e+00 2.297507931755151944e-01
2.120084456097003578e+00 6.407962245609126306e+00 -8.033914766565346532e-01 2.760066737979190443e-01
1.728002040370586467e+00 4.769998435607627485e+00 9.907689035842957015e-01 7.530385139592654653e-02
1.186124350963889462e+00 4.757211537404571366e+00 1.682596858854163324e+00 1.469226774773795541e-01
8.777037457624763395e-01 4.802427101114506769e+00 5.772850326450847946e-01 4.325825508123743585e-02
2.130910323181297805e+00 7.936606330843161139e+00 1.501103037816916119e+00 2.767698868564283377e-01
1.314599354484147664e+00 7.619776490758493281e+00 -4.498910135609190952e-01 3.133954551824248425e-01
2.005235384771240970e+00 4.535810038345341688e+00 1.697699551507357851e-01 3.537704201673049775e-01
1.945113941528084034e+00 2.864291718139802434e+00 -5.978159916345415770e-01 3.325798945743699830e-01
7.084527123472075250e-01 5.230466766291472780e+00 -5.695283427387547448e-01 2.370948927166878495e-01
1.425485581504197796e+00 4.643431480896421881e+00 1.149545333015904669e+00 7.306968234466715284e-02
1.773457456478805039e+00 1.140922742830637659e+01 -2.295974927862542980e-01 1.788604974708079831e-01
1.826600739450898070e+00 8.213401731157432550e+00 6.520511290009448624e-01 1.464695921019807112e-01
1.619724714620412342e+00 6.881228543912031981e+00 2.036489726643689213e+00 2.187150458710897805e-01
1.346265233966249086e+00 6.851833703195173264e+00 2.612772111491547200e+00 4.556548478808611358e-02
3.035169708925180565e+00 8.136514521183830340e+00 -3.708151441750999755e-01 5.540895487048053125e-01
2.768760612886559613e+00 8.502498450285170151e+00 1.138787373202414077e+00 1.427167808205157262e-01
5.998620609386565716e-01 3.728358363561964151e+00 -1.065029616567356507e+00 2.219167944392725633e-01
1.342373516744416406e+00 5.167109177634754857e+00 2.683316705124228374e+00 3.236221441898009532e-01
1.398410433057605040e+00 6.310931105946981035e+00 2.288632969947718698e-01 4.376945536435589701e-01
2.440780175988539025e+00 7.536257462577633959e+00 -5.468027391398353476e-01 2.046510615233545771e-01
5.867429222696427527e-01 4.310783255073999065e+00 -3.665552383624320898e-01 4.170472739607595236e-01
2.208331270928234336e+00 4.459465274035090410e+00 4.712700412928410021e-01 2.542010622972554756e-01
1.885215167659041846e+00 7.619377980334501643e+00 2.470527708711660608e+00 6.054599992093082778e-02
8.030785429642075535e-01 2.467225835118626698e+00 1.545938764371962204e+00 2.301517087693044084e-01
2.321308478685997212e+00 7.729163915174284583e+00 5.228288975681996131e-01 2.516054004656402832e-01
3.008464601304334352e+00 5.353940975404264613e+00 2.208444514898719291e+00 2.726341048624878471e-01
1.122607552724248059e+00 3.295651930836441146e+00 1.682998080106551386e-01 2.182692732959613524e-01
1.454207425555935407e+00 5.177058110909380950e+00 1.134198800735205293e+00 1.353406362340150715e-01
2.037657970456968837e+00 5.819104038705098958e+00 1.250242740179356993e-01 1.848492269921739317e-01
2.785414716049563033e+00 4.035285513956107906e+00 -6.572840961964421247e-02 2.102305696379913602e-01
3.066543465534756763e+00 3.243178612864012766e+00 2.816472954174976451e+00 3.525833729049405174e-01
1.681636701204708872e+00 4.225760902603363789e+00 2.115186241880137263e+00 1.990488151396299088e-01
1.852952632713581682e+00 6.664704174303624384e+00 -9.189560092960253890e-01 4.461741429023268202e-01
8.862267885322625549e-01 5.731763531386135035e+00 -8.655526262904428281e-01 2.013950193680451584e-01
8.168165899631627536e-01 3.785419585618072347e+00 1.232247450388057164e+00 2.565037969116009120e-01
1.158554963136131155e+00 4.404745736661521249e+00 1.886935919686743901e+00 6.246562003202881241e-01
8.133888884739681746e-01 6.067230486188385008e+00 -1.636972177932679573e-01 5.749778511522914137e-02
1.699048830407263511e+00 4.280440285775344300e+00 -1.219549377400980905e+00 3.312457946665959274e-01
1.107262256903925213e+00 4.159172457164189041e+00 -4.833216989086264181e-01 1.470168924154728607e-01
1.258528164913799152e+00 7.232186679806646978e+00 2.498436160939336403e+00 2.882739541639191272e-02
1.526420726388618698e+00 4.756463244003134250e+00 2.552885326601516347e+00 2.498396591136158307e-01
2.143417102082830983e+00 7.494422351347674649e+00 2.390236944216725945e+00 8.938882664985603466e-02
1.646358039534799866e+00 5.380744565669285606e+00 1.395224402253006923e+00 4.494572099734807646e-01
1.926540256840463927e+00 4.839928233341190378e+00 3.917240973868582055e-01 2.328079196440702436e-01
1.518584507131721661e+00 1.329130785208568710e+01 -1.252030165496776926e+00 1.728983381402716957e-01
1.028855908148655462e+00 7.432951526157551392e+00 -1.504615263003157288e+00 9.476939976282311440e-02
1.035470908709413385e+00 5.371132344615304532e+00 2.524748243732490849e+00 7.375122977105885713e-02
1.609294789484568611e+00 6.483621832539264496e+00 -5.714500318954089941e-01 1.676115717879997080e-01
1.253345665816472776e+00 3.777573485751546833e+00 2.208945405773621751e+00 1.752664823380979398e-01
2.054808207738319403e+00 3.898901202308714620e+00 2.911724538232263626e+00 8.741416400420337629e-02
3.163073004545061906e+00 7.794287452603968269e+00 2.705384771058637394e+00 2.554675752112445242e-01
2.350298288245026068e+00 3.170151193122783706e+00 -1.206109784596837375e+00 7.868411720321502600e-02
2.046171496331684381e+00 4.726320843621438783e+00 1.101771638711245505e+00 3.166934149918428365e-01
1.555798431599154208e+00 4.464873985092946640e+00 4.739906150248681671e-01 2.160818619462166190e-01
8.933723353456700655e-01 5.274945315675108937e+00 -6.858561711870872490e-02 1.258899156756959070e-01
1.209027499317222087e+00 5.327804321200181548e+00 -1.203675258285039407e+00 4.375521114200117689e-01
1.219632150202504484e+00 8.586618240996967799e+00 2.281714270569001446e+00 1.009476336775030070e-01
1.799202383439707509e+00 8.355895435985893016e+00 2.030611046083516058e+00 4.091398327013287539e-01
1.710092901928487841e+00 4.375029004426112422e+00 3.645777447510435976e-01 2.327386117592937231e-01
1.506365131248480926e+00 1.148330527521630451e+01 2.657747480128151540e+00 3.487078596558468857e-01
2.597877047253062788e+00 6.812508172244950977e+00 -2.167336611296794557e-01 1.131109126283630500e-01
2.920911486647966626e+00 6.645366193264278465e+00 -7.035336647900354290e-01 1.398469504800732288e-01
1.156324928686877529e+00 2.567865762994697487e+00 -3.791525375609698933e-01 4.231157188556857185e-01
1.345303429675565932e+00 7.833965452511527872e+00 -6.593976388124043186e-01 8.047070882643858614e-02
1.235911078869216251e+00 4.407130203914734423e+00 1.368976486381020985e+00 5.358243591230778258e-02
1.677245204031794001e+00 5.152771345793565771e+00 -9.270857688755917980e-02 2.066336935788765095e-01
1.741547864348427677e+00 6.856815884705959263e+00 1.258118027928484706e+00 8.837643871240247195e-02
2.637611805983662627e+00 6.750744361321148190e+00 2.614026252750667023e+00 1.805316701414357294e-01
2.125399144509714677e+00 7.468393261041043729e+00 -4.347561864090704331e-02 2.672963518579111741e-01
2.124667545070459074e+00 5.248564751711935372e+00 1.266817756163986619e+00 2.331275093100169116e-01
1.236775887230640691e+00 5.602715846991356941e+00 -1.074905038068280749e+00 2.552208189299344232e-01
2.103013104122049892e+00 5.818488952718197105e+00 8.165903934577185552e-01 2.930364656522843059e-01
1.493256236073638998e+00 5.331909436163537741e+00 2.584891735585387984e+00 2.392935970525225386e-01
1.541184477045522083e+00 4.912056943669357523e+00 2.407189364546108212e+00 1.372213411600765043e-01
1.586594110402869573e+00 3.346350039904434137e+00 1.476241219429413887e-01 1.502079659738114192e-01
1.538676685474079653e+00 4.270655422972652104e+00 8.431706346920302408e-01 1.063975813788145264e-01
1.976267441447113971e+00 5.316732859950492163e+00 1.558262934254780463e+00 3.488483872903769267e-01
1.768381522391788918e+00 8.492500822759280865e+00 6.973343465776677963e-01 2.946284505628614658e-01
2.114333155879953630e+00 4.007116849671029435e+00 5.084581463465360773e-01 2.412327134217316926e-01
1.738127442859513261e+00 1.137687476615005622e+01 1.336646178052670386e+00 3.543482585478699431e-01
1.407723423323432588e+00 8.408997066134055842e+00 2.509936539956487245e+00 2.046614966100248900e-01
1.641292466100112479e+00 4.331205419813543678e+00 -6.704176403807778906e-01 3.648254366130215809e-01
9.542543809116486031e-01 6.060184048944153190e+00 1.661439892698729492e-02 2.001225233596141684e-01
2.063300272105055289e+00 2.629944826824163862e+00 2.237512141534616195e+00 4.380480817106271463e-01
1.568799797683301467e+00 3.244405518816551925e+00 1.129777108431411436e+00 2.637862810582681794e-01
2.496433739881820379e+00 3.368420963228365483e+00 1.616456207743297346e+00 2.144343108424869720e-02
3.104854643518907942e+00 5.869926883118594674e+00 3.225162987477634857e+00 2.602066782329687800e-01
9.485380605432106593e-01 6.340459943444441748e+00 -3.924144198516889559e-01 1.068330068864989379e-01
1.158855195037403973e+00 5.249219206310722363e+00 -5.698015147825959970e-01 2.070856156124819825e-01
1.630833353822011222e+00 6.313822207758660099e+00 1.392734855369680780e+00 2.434281609780518663e-01
1.338601365402514176e+00 9.182790868712304544e+00 4.642673567786795852e-01 6.763130176873688448e-02
2.425038316507292624e+00 9.491201784843386946e+00 7.661582192095282018e-01 1.402275306619272244e-01
1.098353122038915552e+00 8.390565741520971343e+00 4.059631057595869952e-01 8.416617858224961779e-02
1.357123381763298831e+00 8.415530092728429779e+00 2.766079291015294039e+00 1.998775398925723701e-01
2.163763471489819512e+00 1.201000848079661587e+01 8.491127922707006892e-01 2.487088795200826929e-01
1.556640486242475863e+00 7.530373912798114411e+00 -6.090243803852790627e-01 2.454160331089211555e-01
1.387041192061305939e+00 8.965930035307309254e+00 6.841248564334979632e-01 3.406392099674326879e-01
1.243851702666410874e+00 4.591373378265435790e+00 1.820504060720701478e+00 3.964117049010661142e-02
9.642233653375531510e-01 3.852301392989322615e+00 5.044579303438809781e-01 1.767344801554071587e-01
1.443451266642222564e+00 8.008163431718170244e+00 1.498576114039977591e+00 7.173281838430761725e-02
1.329276975696014107e+00 4.801169314847173908e+00 1.167346688530276122e+00 3.825341295582502799e-01
1.174537394577205962e+00 9.687596078387844756e+00 1.132666083500625698e+00 8.259686625512976943e-02
2.247555396219236723e+00 6.745879454466054526e+00 1.968360980441852037e+00 4.965565140240567332e-02
1.255864000940960068e+00 6.716798824428765080e+00 1.823139166766109875e+00 4.435285500210567333e-01
2.006078619921947137e+00 4.091338386756057766e+00 2.752021091721453150e+00 2.102760550703713094e-01
2.009851327300468782e+00 4.655278628492535375e+00 3.025669300360151137e+00 3.890772368889904853e-01
1.293519323548256938e+00 7.079991624857346011e+00 -8.668751601947718433e-01 1.741525819508563944e-01
1.577063206128139328e+00 4.523193143207990374e+00 9.257163045885818953e-02 1.651977397018999094e-01
1.791312298354415855e+00 4.748820328520869438e+00 -1.272031058066129594e+00 3.221552139455752251e-01
2.135885325865257034e+00 5.930150008432545583e+00 2.917412443021523138e+00 1.741238389910011730e-01
2.501153293683492151e+00 3.754097315833031079e+00 4.769709770554618755e-01 2.981102804036637188e-01
2.187838969847357262e+00 3.533249894514280065e+00 2.369557954302816238e+00 2.841686160056310362e-01
1.070221269326384395e+00 7.286625087316302540e+00 -1.883327970791786266e+00 3.224474965079560107e-01
1.850907781153311893e+00 5.094501211328110735e+00 3.183012636446819421e+00 2.689707322353347418e-01
1.498836483828968058e+00 4.656398418760792524e+00 -4.064039855776655497e-01 1.699128447474375636e-01
8.814959411815206369e-01 4.895578649830635953e+00 1.309804512437183766e+00 3.657333530299972657e-01
9.159184396682613638e-01 8.023300649617878477e+00 1.885597491220316613e-01 9.915338229619299892e-02
1.042547267333532979e+00 5.461128220479743334e+00 -1.386312803578943154e+00 8.970672101664101117e-02
7.982355540160850360e-01 9.306034260213657205e+00 -8.069800256050574383e-02 1.354468233212034745e-01
1.519912935006406896e+00 3.940805079023152580e+00 2.585003804051891674e+00 3.648912124833952331e-01
2.413206038954589072e+00 2.485488218672893712e+00 1.238709008138954015e+00 2.537594010652846621e-01
1.553063247473718711e+00 4.060236735766323157e+00 -9.178568942107588891e-01 1.220314151772104727e-01
1.216539737625250028e+00 5.401341431058671816e+00 -1.087439750777969838e-01 2.475542415546214958e-01
3.391341687252707793e+00 5.257194128653321030e+00 -1.692497666621216590e-01 1.599602601405303304e-01
3.880739265892813261e+00 4.696418724018197821e+00 1.993955264274323458e+00 2.576277073581960675e-01
3.261579913783530849e+00 7.454157383860954056e+00 3.016227151080026481e+00 1.224449458667472568e-01
1.870097820465414840e+00 4.940374266693070560e+00 2.240398928114443411e+00 3.577041643663516068e-01
2.064671117873215778e+00 6.869072219512376343e+00 -5.496006843409723119e-02 3.190295279475072188e-01
1.339992605830116368e+00 4.847522902743261142e+00 2.854235033217491502e+00 2.599952631193827024e-01
1.888130726823647354e+00 3.477143386391255753e+00 -1.785680010252661321e+00 1.252345463588345753e-01
2.421824308654924707e+00 2.904400448297448811e+00 3.034314780149247159e+00 3.876746461724119852e-01
1.632655353649661079e+00 5.049210731099021743e+00 1.670953995432474803e+00 1.806605827673293807e-01
1.424635212404766538e+00 1.002719667872225884e+01 1.351689254188926936e-01 3.945097509438795225e-01
1.227183089842450947e+00 9.042716933087827869e+00 1.194282916484496360e+00 3.289369790126845938e-01
2.080490724430178684e+00 3.893549838733075141e+00 7.688541384418210445e-01 5.774030145694715177e-01
1.964538541911043046e+00 3.438784866644517546e+00 -1.002500006953900957e+00 2.736916338161896056e-01
6.968206922766678746e-01 6.303152133970293391e+00 4.541438149065094576e-01 8.691359272399262759e-02
2.345276476517745401e+00 4.451780150123074264e+00 -1.518913617253445092e-01 4.209628635099822019e-02
9.605056784180558971e-01 7.051574514429459484e+00 -1.140926701761450168e+00 7.203814836917701858e-02
1.612136437330075722e+00 2.401323187991005526e+00 1.055578736812243568e+00 3.232691229637386643e-01
1.361675163618335516e+00 3.723793734658018550e+00 1.373867104000485728e-01 3.372045968355458223e-01
1.086160967369914188e+00 7.960239923846558874e+00 -1.730861625708528972e+00 7.152517924504940561e-02
1.221351538316980623e+00 6.375470056125047691e+00 2.594495149689541869e-01 1.798949074177749741e-01
2.224888066460863012e+00 1.198553570851178129e+01 2.678567501473546830e+00 2.881703043475925541e-01
1.420464839771876431e+00 5.386371263011460186e+00 2.085586930996935262e+00 2.849309417583753556e-01
1.133250482073901555e+00 3.590677488138959816e+00 -1.136827849594141293e+00 2.177428479454873167e-01
1.122664364302581985e+00 3.840254357606333269e+00 1.595831724644908522e+00 8.288700578791038942e-02
7.360438517550913495e-01 7.571222349316825806e+00 3.486362959143505247e-01 1.513036017821496326e-01
1.383918643961213890e+00 5.362066966801517509e+00 -1.120891817933613810e+00 1.222483603527134283e-01
1.347126941411327827e+00 5.268146193177203784e+00 8.804604197170322610e-01 3.011076656566993859e-01
6.921630640671998513e-01 6.540527117439438598e+00 -3.271008077743404741e-01 3.038255362089288258e-01
9.556386237906695502e-01 3.543346532446863595e+00 -6.701120296893339212e-01 3.611409342992484284e-01
2.073150174629768472e+00 6.112418996929584125e+00 -1.765627365624917733e+00 1.263577730019168344e-01
1.568765951226978039e+00 5.235142603960792229e+00 2.358661943350659485e+00 2.320543684052849831e-01
1.505250246873938380e+00 4.574530492328228171e+00 2.651671056523061676e+00 2.244753391255914221e-01
1.130947985588053761e+00 4.484464321026652378e+00 2.514643631436635829e+00 2.334910156699459283e-01
5.987223690809538867e-01 3.304896273259959827e+00 -2.643558742423319785e-01 3.880585432139072588e-01
1.301403514895402624e+00 6.757361808876940934e+00 4.897534811807058297e-01 1.381747108192628304e-01
1.661954437556517172e+00 6.946739168215770199e+00 2.855682788706400910e+00 3.923161635988688944e-01
2.433423567671022969e+00 8.858228582976600762e+00 -1.395841968048247672e+00 9.214680623021825889e-02
1.428870409416372445e+00 8.813678271192454616e+00 2.643295676104158165e-01 7.742645698447173097e-02
1.953901281719707450e+00 4.373675700775391029e+00 1.026784920590943173e+00 1.948354230055600045e-01
1.762567925699836113e+00 1.012208735369634560e+01 8.042922474759048868e-01 2.289166485714987931e-01
1.607143011391088949e+00 7.525932475158731982e+00 2.961961832647978188e+00 1.950471608274853830e-01
2.085253574509397190e+00 6.701737222089516166e+00 2.798285353552552479e+00 5.265601425006124353e-02
2.466548189146079650e+00 4.233336337467835442e+00 -1.304227778610734245e-01 1.326168984763788083e-01
1.096894702549719991e+00 7.969205789739513435e+00 -1.991608477128861576e+00 1.950275491885636037e-01
1.716101466120275809e+00 3.028627768526234831e+00 1.205372092397730910e+00 2.123618306656897825e-01
1.568221626993690387e+00 3.839215554968711253e+00 5.304442975270171612e-01 1.650822130943168653e-01
5.062197220388310326e-01 3.983549180328172845e+00 5.324951063743121882e-02 1.761557771619748913e-01
1.595072838521235825e+00 4.630784127169296660e+00 -1.451299350401488608e+00 1.545645943867289540e-01
1.012598317678254256e+00 5.867273518104615171e+00 1.954877656006920983e+00 2.429666985755348785e-01
1.385357030422099012e+00 3.162630149113597522e+00 1.527942422436987080e+00 4.883801881473778250e-01
1.176036615799710638e+00 1.459964547956210801e+01 1.864675163348127995e+00 4.542212628113225792e-01
2.221096718738269082e+00 7.047775488311120995e+00 -5.594571474391344390e-01 1.525112009322555640e-01
1.559859896228711351e+00 5.903595571130650477e+00 2.096935231349412732e-01 1.955594266538557002e-01
1.979133240877330113e+00 7.800096184634621288e+00 1.685525561775444991e+00 2.287714247073048823e-01
9.774352506110823846e-01 5.969194600025713449e+00 -8.904120408131778186e-01 3.413022245061990145e-01
1.750602121033329128e+00 3.100911296709486287e+00 2.536667254319957543e+00 1.311207648133461412e-01
9.156108091575035912e-01 4.335486104958324205e+00 -4.031356230272182262e-01 1.237652645507486548e-01
1.297142883715719286e+00 5.815488934913218166e+00 -1.993529462641300265e-01 4.368268645191807353e-01
1.120981362030135653e+00 5.731361218895924203e+00 -1.284745195418687924e+00 1.083177118809519612e-01
2.405753413834047727e+00 7.537723459944581705e+00 2.321946074276989069e+00 1.751948609886451735e-01
1.194595533917833574e+00 2.919979069278789474e+00 -8.625013622680766101e-02 2.105154607191597749e-01
2.106222778522675920e+00 4.305037263312643248e+00 2.137563980347314541e+00 3.502467492080135747e-01
1.074548792956102838e+00 5.449536713988055503e+00 2.300843447491911942e+00 2.777853435019276285e-01
1.956235663595952801e+00 7.219948926650962662e+00 2.174085293400601637e-01 1.662956346048186651e-01
1.351197384240919730e+00 7.060189939821058580e+00 1.813025435469439284e+00 2.299894860593747759e-01
1.459798677626654939e+00 6.127668201725376740e+00 1.792998340292391468e+00 1.359849665041271138e-01
1.074399845616076821e+00 6.135454356997141367e+00 2.059113778291308705e+00 5.818217691583307261e-01
4.584401751440327355e-01 3.974534439294483690e+00 -1.064040043509551170e+00 3.667554588907182000e-01
9.802753820467067225e-01 3.772735929503358676e+00 1.374868189550547237e+00 2.242285380508751147e-01
6.318485504094639715e-01 7.340394919971836352e+00 1.282977415763553175e-02 1.324429042989061223e-01
1.202465520924578035e+00 5.360240706565200242e+00 -6.227015544222475052e-02 2.155357519976361380e-01
1.662816349403443139e+00 4.818671801536154931e+00 -1.978186952593523840e+00 8.366556531780289241e-02
2.335751513720911721e+00 7.675266308163835483e+00 1.121147852123186794e+00 2.402563183725263396e-01
3.042330926443688632e+00 3.079395550705228413e+00 1.512093222348694699e+00 1.567413455461789118e-01
1.530440322452499391e+00 2.679578264678152522e+00 2.139893755857831259e+00 2.431924721830702740e-01
1.228316291877349586e+00 4.330446202347200568e+00 2.031810172817773541e+00 1.056968980627781274e-01
2.240904596175729679e+00 1.173673996186634838e+01 -1.282050601868448103e+00 3.059731699842968555e-01
1.116865532644016445e+00 4.646574798054402322e+00 -1.133704141364885176e+00 5.389086937002318667e-01
2.483062921931233458e+00 5.153746087789203401e+00 2.783202792514131385e+00 1.971232740387706961e-01
2.316282747695690425e+00 6.010960988134633531e+00 2.144659055986590346e+00 1.961273307306062863e-01
9.692672716898851348e-01 5.650061215402836012e+00 -1.768074575033097950e+00 8.804107413717321418e-02
2.900947433693205735e+00 5.151258243814871740e+00 -6.631424384875767020e-02 1.962441642384946394e-01
1.716900087862278435e+00 4.680512693173827010e+00 -2.461772727637974723e-01 3.101747139471166537e-01
5.982115410351579454e-01 6.536170130551043123e+00 -1.461748884216663269e+00 9.814857390716812124e-02
1.297550278490509745e+00 6.819924270619353024e+00 1.649771353537821117e+00 1.357145752306002651e-01
2.027956490395448785e+00 3.651820303292648173e+00 1.658723590250869684e+00 2.226966119913570963e-01
1.271261484891150095e+00 1.418733819607089863e+01 2.357273126898128623e+00 2.743356774647963126e-01
1.610275712621297428e+00 5.058587664008462603e+00 -1.484863620156887887e+00 1.626677983817468032e-01
1.946515758713836197e+00 9.025957489113062948e+00 2.690505495319506668e+00 1.523693075139481989e-01
3.131810690260763419e+00 7.713052991204206954e+00 -1.902910608537735360e-01 3.301979202694124704e-01
1.148195294598596705e+00 9.754191385264475045e+00 4.396567345144284378e-01 1.941397750813681211e-01
1.850449545850916255e+00 6.355105173104055538e+00 2.662272574645360379e+00 7.579467364808305241e-02
1.950820157381708331e+00 8.181584344753435545e+00 2.208675571886380418e+00 9.099974437673898076e-02
3.020495899022468400e+00 5.781779709611841511e+00 9.331598252432133922e-01 1.441439138950984522e-01
2.021430407838934240e+00 8.487180942434171982e+00 9.149614051103012180e-01 2.068032781623154459e-01
1.662696082118638952e+00 4.503945042721738012e+00 4.523682909464516455e-01 1.166539040172294012e-01
2.299444640617355429e+00 6.680590062909078419e+00 6.824903157647310703e-02 1.732187022671640431e-01
1.464010439534232377e+00 4.302547710427215399e+00 1.324138403786741414e+00 4.004939939687373052e-01
2.245487994654026487e+00 5.749965978421121449e+00 3.111375592602216855e+00 2.701802681115354487e-01
1.158066937706854871e+00 4.617606248928927570e+00 1.345392548765155016e+00 2.199721525795644284e-01
2.465070022134488337e+00 4.908137697932158261e+00 -1.441611761161165406e+00 3.422570797150788491e-01
1.387900312623514765e+00 3.380591748601029067e+00 -5.796545906621828337e-01 3.009659833910143800e-01
9.785810759270089365e-01 4.766374715968488829e+00 6.512560928665629412e-01 3.237896718341482516e-01
1.834593741190051253e+00 6.200672671792631263e+00 1.935563195172751660e+00 1.776155223888677137e-01
2.550077213775376883e+00 4.334596952012156557e+00 -4.290731092032801230e-01 9.600161349527711052e-02
1.999776015277767272e+00 7.983644537528701512e+00 2.016839472948040335e+00 1.382014678640399730e-01
2.706212487285966084e+00 5.418012229787104062e+00 2.653859176074718107e+00 2.035517426121986606e-01
2.355190963825652517e+00 4.619056437314959851e+00 1.754617026630630017e+00 3.051448901196027186e-01
1.331370811830380418e+00 4.003468970921957748e+00 1.386495925079654690e+00 1.270744632982839240e-01
8.168165675092007305e-01 2.715037467584524578e+00 -2.464898312313534845e-01 3.029070510556526319e-01
1.821886937810915263e+00 7.111484489719464008e+00 -8.366578091547639540e-01 1.334010449496727813e-01
5.632028224479813661e-01 9.375875941292928673e+00 -9.726978071148826288e-01 1.285455505939360199e-01
1.465751732226186155e+00 5.797738245426283576e+00 2.781857453043573347e+00 1.243552057799292287e-01
1.616490367667878791e+00 1.277644220277403697e+01 2.339579685284495891e+00 8.566573659301138233e-02
1.141442531049710940e+00 4.475783969646935034e+00 7.934669675582310955e-01 1.374885146621405707e-01
1.299785825412022255e+00 3.911365218168077362e+00 -3.900587218634348208e-01 2.149732016819879410e-01
1.233673929650237922e+00 9.551920686727765286e+00 -1.174929635215803403e+00 5.215247921597866709e-02
1.566792935633509742e+00 5.712417315380237781e+00 1.834704316810759628e-01 1.897654974749476420e-01
1.956235663595952801e+00 7.219948926650962662e+00 2.174085293400601637e-01 1.662956346048186651e-01
9.162437031118860764e-01 3.035357708489923478e+00 2.396686422785956339e+00 1.524196965102914136e-01
3.393465268732660967e+00 4.838318038778750108e+00 -7.852743274706495136e-01 1.683434598759778467e-01
2.090358854408909117e+00 2.811629610598162632e+00 1.502012336376502333e+00 9.660230985930712277e-02
1.981938186657804746e+00 4.137949475528070131e+00 -1.012349223310156088e+00 9.250998589021425245e-02
2.245456152548044315e+00 6.452476478839692220e+00 2.143845620121318074e+00 1.475796610121642150e-01
1.263172406849472074e+00 4.027071526482233210e+00 1.155425664978393607e+00 3.404304408013714700e-01
1.645274886843196338e+00 5.527119645198995457e+00 1.271798003354763118e+00 3.511391657540585687e-01
1.551069472359735801e+00 5.378849410443003798e+00 -1.401622148929127842e+00 5.967425902409994043e-01
1.416849182715782973e+00 2.989060580274522483e+00 1.457700234359361247e+00 1.252960645537380402e-01
2.826362062970054989e+00 3.541489586751878527e+00 -2.213459156682326956e-01 2.419480631309493257e-01
2.445032449919213757e+00 4.349974241790064866e+00 2.397331994828646451e+00 2.827333482285034338e-01
2.139446138598209757e+00 5.915426894479476339e+00 3.820580611956264416e+00 3.626558618831363656e-01
1.086850475149282680e+00 5.347709400562745685e+00 -6.464157386958377938e-01 4.257486139489797816e-01
1.634705046131404327e+00 6.565871653043677370e+00 2.717611145942179451e+00 1.283723137694784133e-01
2.923882566849453024e+00 3.627049566086826271e+00 1.873729265634829666e+00 4.210282667991548378e-01
1.314563647829191995e+00 5.574013510823433215e+00 4.576845156356980082e-01 3.489783071869778652e-01
1.472486599894763826e+00 4.893583068905127398e+00 -9.591520581922043931e-01 1.135719710493701406e-01
1.682197034559092419e+00 2.741430244124103854e+00 1.359562917002965499e+00 2.521280248051177564e-01
1.137855184375735407e+00 5.530467926650373123e+00 -4.634935012904115026e-01 1.045303627178445632e-01
1.118092818592836046e+00 5.615805272469439835e+00 2.159335463872179783e+00 4.377499879011592654e-01
1.694004264671620685e+00 5.860005380910403794e+00 2.487159153154042901e+00 1.187120584216029562e-01
1.122107492242490068e+00 5.939682338950421858e+00 1.893102954618178790e+00 1.363170138870501702e-01
1.657852862944686922e+00 8.594549401878600392e+00 1.566847300167295565e-01 3.153861480980017507e-01
1.100857457544820228e+00 9.716473912837010118e+00 -4.975922122839138151e-01 2.182635140928436412e-01
1.626991778809514955e+00 7.081658967651486947e+00 8.190693460321929464e-01 2.285903026134574190e-01
1.450684739538574686e+00 3.466923455009036203e+00 4.712123730825243384e-01 2.635519648105782431e-01
2.414267075281923525e+00 5.816631942974429315e+00 -1.225830728351082088e+00 2.686724135229658361e-01
1.612803085625167832e+00 4.349135013149629359e+00 -8.585436034645737013e-01 9.610015706067781549e-02
1.058085263699325207e+00 4.083734098048920735e+00 2.465214815205803323e+00 1.941313693283766295e-01
1.891336585647662716e+00 7.348353916631293892e+00 2.683205694109979111e-01 2.039695482096647583e-01
1.709964084658464278e+00 4.841370288302440095e+00 4.852448446910559432e-01 1.796743817364769569e-01
1.727859534226371174e+00 4.923940889470074467e+00 3.405517149686842160e+00 3.062130428135315663e-01
1.394945068801619392e+00 4.207552399720576375e+00 2.625746140789974703e+00 7.382860009644161281e-02
7.250752736103871499e-01 4.830125471735764897e+00 1.320916095814619329e+00 1.572779030522344912e-01
1.794593788194194461e+00 4.186880295283996745e+00 -1.605118038815475989e+00 1.809896016767450766e-01
8.298685487390086157e-01 6.143825634959946491e+00 2.301647932485560766e+00 4.622515443993177042e-01
2.081192230311937674e+00 7.178180694124410621e+00 -1.099770495034532392e+00 4.393908063497462685e-02
2.375318856924757860e+00 5.605283208066833112e+00 1.961722628534877222e+00 2.373052263988938981e-01
1.079125186943997061e+00 4.450447091577830250e+00 -1.739437301049579387e+00 4.910806422491654361e-02
1.803398280824398681e+00 9.322674965523585655e+00 3.961959573273537427e-01 4.427017442714650253e-01
3.028252830458160627e+00 6.407709594637155170e+00 -1.316404519858098032e+00 1.179514246309290304e-01
2.725876444555598521e+00 3.468213601322939432e+00 8.032649827372884133e-02 2.883952596423732806e-01
1.474069967586242536e+00 4.505366834887333027e+00 2.700292350918058748e+00 1.669193793653485081e-01
1.699768723748583010e+00 5.831536892222882074e+00 3.900067590641057569e-01 1.689432308168977159e-01
7.584970061307584333e-01 5.389603152902967764e+00 -8.420268746152662631e-01 1.887005293630689140e-01
2.638593356584439054e+00 6.188951034579929456e+00 2.418593944588716127e+00 2.138786593514183099e-01
1.821123125151141942e+00 5.759784845950616017e+00 -6.933651076850606554e-01 1.358907784878417568e-01
2.653492716684339836e+00 8.971616541405984080e+00 1.934955177370619728e+00 5.289706909488929576e-02
2.012272090510456746e+00 5.801453124644086579e+00 3.041122853078768618e+00 2.970717500432245028e-01
9.127104632086624481e-01 7.833908596367884947e+00 -1.585422569436901519e+00 2.183606880480168377e-01
