# Hierarchical MCMC downsampled to get 500 samples: alpha, mu
2.515662181254173291e+00 6.463398085024985029e-01
9.620868296100372197e-01 -1.144056845225706942e+00
1.879857518627833679e+00 -1.297425436719341629e+00
2.698329363285520088e+00 1.093241831501479133e+00
1.836077410173660551e+00 -1.073873529562625162e+00
1.813277176375343247e+00 -7.567109049729339176e-01
1.808085087611211561e+00 1.314952094612893863e+00
2.630459920314436317e+00 1.109479456735484204e+00
1.490036996107195755e+00 -1.056778660601954911e+00
2.612215020494469631e+00 4.528146803654189423e-01
2.159854275058649797e+00 2.584845116227119655e-01
1.800674521493776714e+00 -3.919878500946841760e-01
2.914295910788288424e+00 1.224720891905137637e-01
3.120788129126117472e+00 1.682816192370231168e+00
2.223521391470484776e+00 -8.413050017322326601e-02
2.270501653561313393e+00 7.138011247352445965e-01
2.566026612160435150e+00 1.626043777187723638e+00
2.810305005075717677e+00 1.512029350723373411e-01
2.301072669712423746e+00 -4.651139707563627934e-01
2.605412701248751350e+00 2.833970743043416896e-01
2.616814581026824627e+00 1.609923222182696234e+00
1.504120470082359162e+00 9.365201565848336740e-01
1.631173926768503923e+00 7.095995208092358009e-02
1.835859771679036134e+00 -1.126916864362726756e+00
2.269034362469772415e+00 5.998361222677517368e-01
1.756453609143134642e+00 1.154524487877718331e+00
2.232365883353069069e+00 7.117820613501031346e-01
2.076323124269862319e+00 6.744278772936442845e-01
1.847085239703550874e+00 6.753216516395925684e-01
2.239431213504326834e+00 1.661413719844255343e+00
2.336160313521046472e+00 4.556453355888386292e-01
1.640245072497689138e+00 6.681002195725697090e-01
1.649775470525167931e+00 6.742916639697129622e-01
3.784932899903397541e+00 3.922958864798522516e-01
2.879449328141740150e+00 1.605449006938463041e+00
2.107031611538496385e+00 -1.181778600114274713e+00
1.550310256135931208e+00 6.485578625335264302e-02
2.164182116060366479e+00 -3.083606806161869052e-02
2.265150450503543578e+00 -3.237084258977125928e-01
2.379300145856155790e+00 -1.235460108857055150e+00
2.904340930744898852e+00 1.561513855622714386e+00
1.783039859238604086e+00 -2.823820614040468691e-01
2.205898266168831334e+00 -1.031981836413797815e-02
2.449068568124430190e+00 1.925490572552319146e-01
1.887503340465867874e+00 -4.009508559438640374e-02
1.979154878363357906e+00 1.780504252526022402e+00
2.176854755568791600e+00 4.586519845864086564e-01
1.508422360761947134e+00 5.185761448095811410e-01
2.107773900909963860e+00 -2.930091235328424193e-01
2.091927647014866665e+00 3.742299624623758314e-01
2.209278923057409472e+00 6.757905259773908657e-01
2.762118317672415113e+00 4.797418431583899689e-01
2.844418286163740373e+00 9.116954123292934087e-01
1.719961675082203545e+00 -1.076104535355669523e+00
1.798378916917031001e+00 -5.512299008225733932e-01
2.072785220131170725e+00 -6.650986311856912359e-01
2.156461433058018962e+00 -8.626406157370741790e-02
1.517898462134671167e+00 -1.619751086184378630e-01
2.678534809540733974e+00 4.185310029366456352e-01
3.156239221902639169e+00 3.162554959970498847e-01
2.481093836832696908e+00 1.767075094083074283e-01
3.613099254244341640e+00 1.827900896820084053e+00
2.250588354596001484e+00 6.805234219941412865e-01
1.581630419815758914e+00 -2.514210033133366662e-01
2.622107670210305663e+00 1.104577481187815291e+00
1.898894424041596585e+00 2.403943494864926866e-01
1.368185203749046064e+00 -2.536465160301519250e-01
2.076594913414525401e+00 1.420244159269013595e+00
1.810249986752942242e+00 9.517344512565837356e-01
3.043143687376201001e+00 3.727710400752741737e-01
2.362948171904041494e+00 1.162989452612307906e+00
2.200732377392109473e+00 -2.589435453132674647e-01
3.552548752620000805e+00 2.131026378173544789e+00
1.907597948249031283e+00 6.172262533608418034e-01
2.976236645173030215e+00 1.544630334925773285e+00
1.143104298517469530e+00 -4.107742599538369843e-01
2.130675482187822656e+00 -4.311789171424314504e-01
2.247914487120860727e+00 8.634627745272192012e-01
2.271782297753734081e+00 1.710127724409580940e+00
1.463967135266643904e+00 2.160398411127239793e-01
2.819523865181575495e+00 1.054841965752564725e+00
2.402197121567443361e+00 1.696571159585450905e+00
2.431086814609263236e+00 -6.931833714874553465e-01
2.726246686787143769e+00 -5.998275625881399620e-02
2.641539899572909356e+00 5.503588309263487410e-01
3.289449571338909362e+00 4.139542771925288633e-01
1.769493650911405647e+00 1.094473016689618383e+00
1.967327521589187445e+00 2.446581585825096106e-01
1.045237503232727239e+00 -5.123745166260855743e-01
2.050589759179394900e+00 -7.072725098933341226e-02
1.987816094796501565e+00 1.007411019450389578e+00
2.243250111890058740e+00 -1.084826686054690681e-02
2.601838074474117857e+00 -7.955035016928716507e-01
2.223938643459265396e+00 1.531844018508701222e+00
3.131221825433831540e+00 1.004632265819818349e+00
2.585111504917848801e+00 -1.793323537896143738e-02
1.121413006551750913e+00 -9.009586637064083137e-01
3.057517503017746385e+00 -7.814235379092492328e-01
1.589612875090130828e+00 -1.389179607729958521e+00
2.052501876026472605e+00 1.595796527712189272e+00
2.352147298384367868e+00 1.371771129610942941e+00
2.272593242433519123e+00 1.471020866965251361e+00
2.822096243993101439e+00 5.828391968914128363e-01
2.433851050079876455e+00 7.186915173852610472e-01
1.960569217579056112e+00 4.288208016371429787e-01
2.171648400252678357e+00 1.077149639058673891e+00
1.205333120903604227e+00 -1.578295621446791919e-01
2.457031287968262312e+00 -2.063778183075942185e-01
2.208780654048051684e+00 9.485649389077229765e-01
2.101524637303586740e+00 -1.244413664528907004e+00
1.401049616619210791e+00 7.576431582331821790e-01
1.309572370129995944e+00 -1.991204582968819359e-01
1.636279752349502736e+00 3.420243229746837699e-01
2.497475827623373945e+00 3.608636851514396282e-02
1.431393507730432280e+00 -2.650492468163483384e-01
2.562275001157046095e+00 1.629717991672391397e+00
2.317573152278421755e+00 1.000999284652180910e-01
3.309805833610117709e+00 1.658335614637448829e+00
2.845280444190077418e+00 1.142854253417401988e+00
2.050508892900312574e+00 5.460509849640861335e-02
3.812101789375680561e+00 2.363810554163072730e+00
1.806921594155882271e+00 1.173203685306911881e+00
2.477920161961299161e+00 9.132509287384082963e-01
1.615454323437717887e+00 -1.444703124272159300e+00
2.185606398012557516e+00 -1.214214920440963796e+00
2.462081804907871430e+00 1.926403008859012278e-01
2.477743104918794348e+00 1.197573190556065592e+00
2.576203670156490766e+00 6.472416145192559922e-01
3.462420934117055538e+00 1.168207558200662577e+00
2.371217175148529144e+00 1.579946291573928630e+00
4.354665079792543914e+00 2.327989311660163096e+00
1.947339445520105405e+00 1.555367651732424417e+00
2.133513377855277948e+00 1.027156617762722268e-01
1.799483199434543712e+00 9.637158857362345676e-01
2.407483913210106685e+00 2.171526239457931329e+00
2.629963307937476902e+00 1.029226377563938088e+00
1.702001374808035150e+00 -1.198637216652558735e+00
1.046920469169924317e+00 4.664474727602221371e-01
2.693472379390705829e+00 9.988675596497706977e-01
1.710431865642179527e+00 -9.982317380224026149e-02
2.631084528734681349e+00 2.394950794792576332e-01
1.616945765691683912e+00 1.267210047796874850e+00
2.433098952217132016e+00 1.138158137375991918e+00
1.371015885210181695e+00 2.482895245521619110e-01
2.962747451682325117e+00 3.195265416588665142e-01
2.874499208348237911e+00 -2.919348595517388678e-01
2.134085301559278225e+00 -1.922583645940271757e-01
2.143960494981705267e+00 1.024869454983504902e+00
2.190304409135711339e+00 1.467928175578987027e+00
4.790276066452114456e+00 1.113733903074898723e+00
3.348601880291922850e+00 1.697088874984072904e+00
4.283489077577391058e+00 1.136869988781385565e+00
9.265292964971479917e-01 -9.446336388247273952e-01
1.715993525035738543e+00 -3.647500936170208208e-01
2.157635153701519481e+00 8.805070064847309030e-01
1.456720607209492258e+00 -2.058357454304470813e-01
2.067306305177679437e+00 1.259677830417143873e+00
3.455397887936065615e+00 1.903429954820868186e+00
2.493617843019077185e+00 7.201499781850919657e-01
1.360598516853762208e+00 4.699733732920762241e-01
3.403485378793421390e+00 6.722602149496570423e-01
2.070365807573498529e+00 9.881376832012281342e-02
2.382765661307452376e+00 -4.573073555075355401e-01
2.132370452795101290e+00 3.139985452388455167e-01
2.068859878645537442e+00 -9.123239284314849096e-02
1.699264283155674349e+00 3.167929022627190561e-01
2.627082358682186314e+00 -2.779284608450174887e-02
3.076006948126954299e+00 7.688287042801432714e-01
2.065905463790976171e+00 2.969743543273847264e-01
2.009221409252079482e+00 8.847398803211088403e-01
2.576690055731125639e+00 9.138641700956946501e-01
2.337938459699697269e+00 1.770292522917245037e-01
2.493192126416423182e+00 5.033208948947726080e-02
3.276011824567953479e+00 6.069351012991258676e-01
2.639381021074901135e+00 4.601879489482335051e-01
1.599354841010498518e+00 1.847844955571343595e-01
1.912527341905840839e+00 1.224203220310223772e-01
3.915752929618353750e+00 9.969113213975562271e-01
3.101612120689924090e+00 3.798040477064684728e-01
1.685703090308650065e+00 -3.991397245494917589e-01
3.848892816115971005e+00 1.490121277278211975e+00
3.126330278116875139e+00 -1.298988569950450533e-01
2.670502297740429576e+00 1.473618887250678355e+00
1.573381650793635123e+00 8.115861895814593385e-01
2.079991980350142100e+00 1.075267987197090491e+00
1.297285338412541345e+00 -5.698283132197266010e-01
1.848538375143488954e+00 7.912125264457523510e-01
2.918630647902521247e+00 3.621038237422333772e-01
1.810442491825455580e+00 -5.202402131712269284e-01
1.830296994107102559e+00 -1.707883880961021117e-01
2.639684190327051816e+00 1.225003741151924563e+00
2.048914042382018241e+00 1.092492914631671308e+00
2.039050769383573325e+00 7.772398426616939915e-01
2.966643211193809915e+00 1.231833096859576093e+00
4.106184587302478484e+00 1.335483818133681444e+00
2.666340215856905616e+00 2.021770818820544324e+00
1.807294487261325466e+00 1.888200707380272014e-02
3.119243302763407222e+00 6.147061539430567212e-01
1.998979232798456573e+00 1.296146716268506305e+00
2.701583931862811649e+00 -1.395124294431018486e+00
1.353910104302667339e+00 -1.034760129391380179e+00
3.378855604214567876e+00 1.211522242043997916e-01
2.170340784165173176e+00 -3.803695090398612200e-01
1.887623094060858042e+00 -4.244370534060505351e-01
2.268763081277936688e+00 1.034317070738448363e+00
1.250336914424197809e+00 -5.642111089051387030e-01
2.252596218706651054e+00 -2.387746178170547795e-01
3.213341254174328032e+00 5.187276801044008456e-01
2.380443814225083443e+00 1.547108302613011244e+00
2.224193426109103644e+00 -5.537131832033737044e-01
1.891726355010276306e+00 4.195267653532909202e-01
2.320055702820699395e+00 1.613263807436790875e+00
2.078314176815574843e+00 5.981384729198996331e-01
1.611197993111743942e+00 7.428621316427246324e-01
2.045111875878286689e+00 1.143849862102242376e+00
2.443401649148413846e+00 7.181637248974300780e-01
1.978761665769289246e+00 -5.753930905867874479e-01
3.258288169611659679e+00 2.146014762583369873e+00
1.667599003678103431e+00 -4.667025736921481816e-01
1.455519295934729618e+00 -6.253989006183522381e-01
2.516716099986678223e+00 1.273758220700118571e+00
1.968672521971926326e+00 -1.491039100427746789e+00
1.037892377046632175e+00 -6.184569024176652663e-01
2.518275284790786106e+00 3.573124781131449823e-01
3.893420839570175040e+00 1.475251865806622487e+00
3.390800304267290954e+00 1.690944176550939204e+00
1.412496989341103015e+00 -4.837675950629511390e-01
1.632551521534761685e+00 -7.185125754152161814e-01
1.064963251905554520e+00 -1.780999011621996475e-01
1.527213920125458202e+00 -2.172568095321642523e-01
1.381317749318089039e+00 -1.026735241511393504e+00
2.477704742961842399e+00 1.440755376931363685e+00
1.434278620148931926e+00 -3.568463233007774793e-01
1.366944728998152891e+00 -6.623717344031484489e-01
2.591388855922450940e+00 7.662739303017161996e-01
1.579373720606463527e+00 -6.632114336519226994e-01
1.399798206624086161e+00 -1.283901538654920849e+00
1.528282722667765992e+00 1.736776893571223557e-01
2.168884942538282790e+00 2.550092148759695587e-01
2.773811867700669787e+00 1.948440959057954558e+00
2.243250111890058740e+00 -1.084826686054690681e-02
2.695605406863102349e+00 1.084804105370233529e+00
1.795501618166169377e+00 1.018464137455160179e+00
2.331649855258979720e+00 2.461407773925017306e-01
1.142008462351132403e+00 1.918309191471969433e+00
2.230646104826445431e+00 -1.850053027215436408e-01
1.759202016447030115e+00 -1.349463501165031887e-01
2.145594548391100975e+00 7.516956890441437444e-01
1.681935364086572182e+00 7.196897269268296427e-01
3.512738117072327526e+00 1.292775657574005255e+00
2.607798990807745909e+00 -7.824911499825756289e-01
2.270706245040199800e+00 9.914635889903398169e-01
1.893713813290106573e+00 -1.166629829165440668e+00
1.708242741688436483e+00 -3.997870329442796411e-01
1.997203329758412416e+00 9.875635346896718403e-01
1.657689545456852986e+00 -8.464208766836301967e-01
2.248193680090505353e+00 1.574124643318230432e-01
2.026337003690620087e+00 -9.673700766171187126e-01
2.131527699155524314e+00 -4.437375794826762254e-01
2.665025957220517494e+00 -1.066464945555842592e+00
2.785391897601215749e+00 3.885760007601327115e-01
2.762118317672415113e+00 4.797418431583899689e-01
2.413346060686499595e+00 1.431156066042634345e+00
1.534248976813591625e+00 2.465458588036157916e-01
3.247637004637305314e+00 2.078227661966007278e-01
1.594112377224094157e+00 1.310909970673146407e-01
2.043762921776798969e+00 9.426244903920565354e-01
2.905761285451253340e+00 1.311510542301348003e+00
3.398380115445411409e+00 1.553125161178007918e+00
1.626097831402453675e+00 -6.825961406183270741e-01
2.225583672528932855e+00 -4.299663508001413392e-01
2.124187653818642829e+00 1.351007861737333782e+00
3.840088572248700594e+00 2.245357712809633810e+00
2.893535924702467899e+00 1.604592587743976395e+00
2.145792020115704801e+00 1.077307885412747135e+00
1.894762450489448691e+00 1.069768664490466703e+00
1.188045360773612780e+00 -1.161039808675429441e+00
1.427747579789266474e+00 -1.412746855045710070e-02
3.683105629084345356e+00 1.658239751683126650e+00
3.368450912407037645e+00 2.042960414808030478e+00
2.270124880472663254e+00 1.044761867929605570e+00
3.464214644783643937e+00 -1.793757649591567471e-01
2.231781629927460653e+00 8.089617869519100113e-01
1.307628570021523107e+00 -1.218392442234045525e+00
1.686098684052917962e+00 8.985036781388848759e-01
2.815804014514152964e+00 1.331581081767003294e+00
2.429735164972983252e+00 7.566040811053511561e-01
3.514219715012084855e+00 1.975153432143118337e+00
2.920076738160359398e+00 1.336975583335360485e+00
2.060626549228810944e+00 -3.029975634230605008e-01
3.150626653432887281e+00 -4.053019060708687449e-01
1.988422083022132192e+00 1.424128423054425774e+00
1.568145306788501836e+00 -1.633293172862449127e+00
1.348339411407251553e+00 6.436955931828870492e-01
2.014879804603157076e+00 1.706801592393202949e+00
3.566241028302986837e+00 1.125231422418052407e+00
1.726601117132547270e+00 -7.114710665393698674e-01
2.039021941967584794e+00 1.074716008095484149e-01
2.038928100400466903e+00 9.848304605233635378e-01
9.351066559694244384e-01 -5.695883455648406146e-01
2.599839412095360291e+00 -1.863869891507868859e+00
1.954888504330237975e+00 3.956538655985429864e-01
2.600673260587623048e+00 2.461289207203609108e-01
2.615455785784804643e+00 3.868902463739695152e-01
2.381172328106156311e+00 1.477478908992472695e+00
2.362228012731980797e+00 1.655782917678969790e+00
1.116288372233449344e+00 -3.281771316677165595e-01
2.577020720463642611e+00 3.764629563126587475e-01
1.668657645561877789e+00 -3.571780580932799598e-01
1.647091549595499860e+00 -2.449864818059052096e-01
1.793105997148551900e+00 5.137000936845236287e-01
2.371828617229351899e+00 -2.798066629751266854e-01
4.092243996044028442e+00 1.304259460266455672e+00
2.688114433868515452e+00 8.400452887409024516e-01
1.198189213840143985e+00 6.467005445654491202e-01
2.283785649728935496e+00 7.611472067774739392e-01
2.564305632936557888e+00 4.051555122331371717e-01
2.173024776940882141e+00 1.751236077735930374e-01
1.132251464937251040e+00 -5.805664541361187370e-01
1.926445117432282306e+00 5.899816677234978601e-02
3.161321636248679123e+00 7.863470273805208688e-01
3.712620995972292004e+00 1.831049547746903761e+00
1.993865116919106617e+00 2.098309642766258420e-01
2.270425862408167461e+00 -1.009334382217282666e+00
1.479041726595946571e+00 1.402347949609778377e+00
1.855503416826135288e+00 8.566205719578667832e-01
2.062248570738019815e+00 7.673164428720189445e-01
2.919477736981298310e+00 -2.578116766521067471e-01
1.785582100751771151e+00 3.959562478151184006e-01
4.377771755009934651e+00 4.072606806360973275e-01
3.107694811235318433e+00 1.594379429695323147e-01
1.767662229962525311e+00 -3.360023486000932591e-01
2.116359808696077760e+00 1.640637262740958224e-01
2.002599772481359786e+00 -2.163739627422076039e-02
2.886444953695528781e+00 1.582834610824499499e+00
2.124995104386766087e+00 1.089640280023887464e-02
2.792422857559380578e+00 -2.668238356955288659e-01
1.549139378361776842e+00 9.647415314565899180e-01
1.315089780975458034e+00 1.291983944362887327e+00
3.001807685959756888e+00 -1.236276122972501390e-01
2.417080080628864813e+00 6.849656777517869610e-01
1.546947916415758684e+00 1.035425984151007839e+00
2.998887124274376426e+00 1.608053416321884255e+00
3.955891723551082872e+00 2.537726468278403757e+00
2.185642263003727326e+00 1.449614889018824515e+00
3.007045480973711271e+00 3.843546169772667498e-01
2.412269987541112215e+00 7.602614079662320945e-01
1.610134146916582631e+00 7.452771667584492388e-01
2.081393285401574644e+00 3.388739638708389013e-01
2.257273657223146657e+00 1.655965992235292727e+00
1.587179329451638532e+00 -6.736725575009070432e-01
2.086856952169664048e+00 8.794736820925816989e-01
3.119093255603385462e+00 6.348756495492128282e-01
2.582296154160800938e+00 8.230405100032828214e-01
2.417999523504927861e+00 9.153169595459977881e-01
2.970527695064270723e+00 6.626010022902674157e-01
2.390670486500554581e+00 9.052914218340669672e-01
1.763501020191522439e+00 9.940864232050636851e-01
2.245754939821212659e+00 1.149542336168821510e+00
1.776364440112336629e+00 -4.767263361944445998e-01
3.546915112418603577e+00 1.350321902702847687e+00
2.687468083895420801e+00 8.845114557823761103e-01
2.071501096911530393e+00 8.784678131715002447e-01
2.326221810463098283e+00 -4.643330184505658487e-01
2.534324814211708077e+00 9.612501086123861338e-01
1.090587267395763282e+00 -1.038557315149502891e+00
9.225536499731312734e-01 -8.659384935659426574e-01
2.969657943406353695e+00 2.267369644144937357e+00
1.888749522222112454e+00 9.180379301351717647e-01
2.879355243086883842e+00 1.249124927031527221e+00
1.343188998903865450e+00 4.355718688315337594e-01
2.048915912482518475e+00 -3.909479869361223159e-01
2.371483746101121337e+00 -1.024340480055459413e+00
1.335784379690729606e+00 2.791884064179908642e-01
1.441656586422173758e+00 7.412459020205233173e-01
1.761857646694110491e+00 -1.366181686114517069e-01
2.877100112379471497e+00 8.400663070096312524e-01
1.673143752870977830e+00 5.040418331626113080e-01
1.063006773322878074e+00 -1.314182604231767693e+00
2.230101285094265418e+00 6.836176525149983974e-01
1.460790360530175303e+00 -1.101144900925294712e+00
1.983835077465742280e+00 1.114382201143136131e+00
2.173227552448089739e+00 1.110808936438145933e+00
2.240957290959631365e+00 -3.369705640890965914e-03
1.809714239088946020e+00 1.512939176922214191e-01
2.429957330521296033e+00 8.679464582872247203e-01
2.723936443132115137e+00 1.650152277626197872e+00
2.893390641610558145e+00 2.115162031668392506e-01
2.144243858289305749e+00 3.773768729277274803e-01
2.256885280823290429e+00 9.108126576732672453e-01
2.530686943492630903e+00 3.192245361068855036e-01
3.152004828250008384e+00 1.864253420605860745e+00
1.919302773218936720e+00 4.346290413314176093e-01
3.180967838811403325e+00 1.599232023636098232e-01
1.616945765691683912e+00 1.267210047796874850e+00
2.424184451989125577e+00 1.044656435974582687e+00
2.132807608356671825e+00 7.623804705124171965e-01
1.297845376331947964e+00 -1.003659176059440883e+00
2.787565299412763320e+00 -7.741013723703948912e-01
2.273069488785176784e+00 6.602525762742758042e-01
2.698925291215171551e+00 -1.067017206289850306e-01
2.660948364071190397e+00 -6.723233779550404909e-01
2.155437959835638573e+00 -9.577519938250114162e-01
2.316347696094303465e+00 1.084246307972570600e+00
1.929682859924107818e+00 -1.772966166120674703e-01
2.201890179099768474e+00 6.578846668483621096e-01
3.016713425642788327e+00 1.289507268091701908e+00
1.746880340775233575e+00 -1.662109394521236322e-02
2.559621626349187107e+00 9.433978829963859392e-01
2.206016596675016039e+00 -3.431960100992340057e-01
2.049565274571839790e+00 1.009010385244227592e+00
1.889436416872658953e+00 1.096144371712735710e+00
3.261631884763269706e+00 2.143734660579324824e+00
1.855461592021321549e+00 7.539752863261318661e-01
3.098120627781370651e+00 1.611186704898910804e+00
2.272617643728339409e+00 4.291762603279170030e-01
1.082929049278143152e+00 7.202270143006868075e-01
1.983196954074517127e+00 2.250641359437035582e-01
3.807424978654387004e+00 6.218213158517105210e-02
1.987090883183458168e+00 2.932949772579622749e-01
3.771541704355575675e+00 1.855486586277457661e+00
2.110855384770013554e+00 3.098152971479244400e-01
4.028305525703983037e+00 5.809454134368826628e-01
1.556551994666232730e+00 8.350990432394020946e-01
3.766864960308568655e+00 -1.052856590878243015e+00
1.709396231908796304e+00 1.425640478656149956e-01
3.138394055392028203e+00 1.296085813279655330e+00
3.103305635674371565e+00 1.514347505821326045e+00
2.083086704325074923e+00 -9.546141362192297475e-01
1.205013609136782904e+00 -9.826376181788687436e-02
1.307760411816556001e+00 6.707715127926625609e-01
3.454579804676924493e+00 1.901666623082017837e+00
1.908735904774734538e+00 5.990949881139875366e-01
2.344521052145192908e+00 1.712996576990054365e+00
1.753485580486806139e+00 -6.148186651725278118e-01
4.522270209040858191e+00 8.372609056179568521e-01
1.666825443336953150e+00 2.231927989625844821e-01
1.954250536115618164e+00 8.799533764516367373e-01
1.447267219247085457e+00 6.134829767057353722e-01
3.292047611897706005e+00 6.873628783636769324e-01
2.248976843518224467e+00 3.270036995808298652e-01
1.858040819500136109e+00 7.095010676501880553e-01
2.970968257853936922e+00 -1.253791192103946406e+00
2.332561817240882185e+00 -7.589439427714617104e-02
1.693370632404408438e+00 1.056384164298068917e+00
1.120142972514821089e+00 -9.984316881114968512e-01
2.886742889910545617e+00 1.758883341357416308e+00
2.977105291728411984e+00 7.242607551034599966e-01
2.055564372913352589e+00 1.093378685742196987e+00
1.770629386935785865e+00 9.304062892992390199e-03
2.202511796015225176e+00 1.485519280842563461e+00
1.810048281460560515e+00 5.531407497399580819e-01
2.138854629517855432e+00 1.714583742931719890e+00
3.227422440020379035e+00 -3.575040685185861267e-01
1.955128345256986977e+00 5.577637746965864451e-01
2.523286258192808607e+00 -2.780886479078137352e-02
1.849072935193723843e+00 -7.235626413316849082e-01
2.070615443099645514e+00 9.790655255178254412e-02
1.349056145929980577e+00 -3.594237424374332468e-01
1.437907231925069196e+00 3.095322942384266529e-01
3.432714282774438352e+00 2.410384047977295330e-01
2.002763144002067897e+00 1.990467193176549687e-01
3.695265507156239693e+00 5.472005012807386048e-01
1.624999265377461866e+00 1.387274946994684344e-01
3.336521971262164321e+00 9.121527800045206025e-01
1.440079173702993653e+00 4.798863167678134034e-01
1.845666842463701940e+00 5.884361263266536524e-01
2.248771205769131587e+00 4.997681330317643722e-01
2.173040287142272931e+00 8.607406121840317503e-01
1.682528022250863620e+00 -5.433554200234813614e-01
2.064545911980107284e+00 -1.823541740397983391e-01
2.189261192389693189e+00 1.628441873753962987e+00
2.540301729442994372e+00 1.137925722344035107e+00
1.782094594830309076e+00 1.448453616150509271e+00
1.384921507048456624e+00 -1.242543289158508868e+00
1.945743745407925163e+00 2.060696325626835135e-01
3.598307504982225957e+00 2.301998466323298409e+00
2.271916253220415349e+00 9.925271665672283916e-01
3.609348423718460097e+00 3.266940186487413827e-02
2.338190842543346637e+00 8.704615869778137283e-01
2.581061667681772587e+00 -3.265225438179113482e-01
2.091183294139504767e+00 1.729128647804544672e+00
2.017154145253388542e+00 5.166697148729375577e-01
1.510745567977392234e+00 1.511651419486906012e-01
1.987087944806868123e+00 1.072801300180489470e+00
3.839852750940297099e+00 1.700713063195097297e-01
1.633753266555798778e+00 6.052418706294336592e-02
1.769801332762038992e+00 1.919680433870045166e-01
2.450165779496225049e+00 2.502353884842551057e+00
2.134085301559278225e+00 -1.922583645940271757e-01
1.131476225586639961e+00 9.198864799913772927e-01
1.485950667694194927e+00 -7.793541281262044151e-01
1.428380385885286152e+00 -2.447024364831260068e-01
1.845764622012861178e+00 -9.459762536348388373e-01
1.967084866907812035e+00 1.444158690022017577e+00
1.745460850733106195e+00 -6.291074738818271950e-01
3.447134690134888046e+00 -1.843112059910215761e-01
3.551229115360901467e+00 1.893010992391868097e+00
1.884693807611174332e+00 7.149659123126445026e-01
2.837818349917975880e+00 -3.960587909498212156e-01
