# Hierarchical MCMC downsampled to get 500 samples
# alpha, beta, mu, s
7.769236811392359332e-01 7.122853993345555246e+00 3.333593786994387020e+00 2.638448904803663564e-01
8.640074897785112729e-01 8.710871474271359105e+00 3.582846460715730874e+00 1.489804177148773834e-01
7.267718851470397201e-01 6.676756536493577698e+00 3.592124331006508964e+00 7.097451088282606679e-02
1.068775739934550328e+00 4.340362450956949836e+00 3.320106509850410337e+00 1.087335272277011600e-01
1.744061426849275787e+00 5.405368476714608406e+00 3.598521994162672932e+00 1.365702133010035235e-01
1.248960918839097323e+00 5.871588276275879537e+00 3.616255132349072809e+00 6.736148678073065887e-02
9.799265703405426464e-01 7.422156057633188198e+00 3.642669783847480414e+00 4.548608968679328235e-02
1.483936827522675195e+00 4.037998740893738336e+00 3.662157327159520026e+00 5.678948463290144077e-02
8.508119752192576657e-01 8.036287679201898015e+00 3.597150237574194609e+00 7.710979483330039630e-02
6.053394506002274245e-01 3.466232551536004181e+00 3.319443525792927563e+00 1.033998473983287897e-01
1.286214678166913261e+00 5.518241420788047691e+00 3.543882003689962090e+00 4.762661907440251391e-02
8.505209742885815327e-01 8.582701266618649072e+00 3.557651460308871805e+00 2.934498129314807094e-02
1.262765964106829397e+00 8.013632222135305128e+00 3.673229350077514610e+00 5.798899848111494643e-02
9.784023141368003440e-01 3.900811903175416706e+00 3.594852496745164050e+00 1.010211024779856803e-01
8.756654066525213498e-01 6.068321682330823030e+00 3.565998132974408819e+00 2.015429019956968548e-01
7.709770202129951899e-01 2.928699442975759126e+00 3.369579939025880488e+00 6.443474661587707264e-02
7.783275896091375046e-01 5.639877591654908429e+00 3.699797069733095523e+00 1.353449648827172447e-01
1.281253674915823204e+00 5.952486321010082015e+00 3.607624259363560348e+00 1.425120047518516342e-01
1.265114918423930312e+00 7.357179750463787471e+00 3.617322370771373308e+00 6.121129374677005547e-02
1.037288835386946051e+00 7.929756287060644837e+00 3.429493566353267298e+00 2.819389011180328253e-01
1.021973917557188916e+00 2.748721331766464715e+00 3.469894826278361766e+00 4.935188493442559110e-02
1.212078018127678014e+00 7.121260461208093417e+00 3.697086358540691897e+00 1.315965198883197462e-01
8.620945736346661281e-01 8.114579017028422214e+00 3.439025199459215809e+00 1.757669394615366254e-01
6.353608833655952637e-01 5.941994502206800810e+00 3.544612257227317098e+00 3.226026704961643121e-02
9.865757654290617795e-01 7.306989027440584650e+00 3.547536160344306744e+00 5.933484051844713919e-02
1.124688036866374530e+00 3.154337219258996683e+00 3.809448406685514321e+00 2.384814510655229314e-01
1.244711319012809403e+00 6.607256247958509299e+00 3.528698191330926104e+00 5.234849244858141848e-02
8.564368811633790157e-01 7.079850189154694995e+00 3.504599862332491433e+00 6.122094680768104535e-02
1.056250509308670482e+00 5.016034132920074384e+00 4.033163745254620736e+00 2.502859953273303684e-01
8.557876929373527952e-01 3.176967375327205190e+00 3.530829712749113725e+00 2.962454747147047485e-01
8.740113337999197984e-01 8.016849502556828710e+00 3.588786586771481879e+00 5.167478936735336870e-02
7.946408982752749539e-01 9.771347478419642130e+00 3.435313895229803016e+00 7.546816355107499596e-02
7.718660655809319593e-01 7.296149530356865753e+00 3.561769835378887805e+00 2.828706940365340733e-02
1.204926117395018537e+00 5.173326418625791234e+00 3.598257538701841174e+00 8.701324587022050971e-02
1.117085219922600459e+00 7.155015608475294719e+00 3.601549429633330135e+00 1.953637416956304496e-01
6.275828054858321181e-01 8.588612677541668461e+00 3.600427294524183974e+00 6.145569945645946996e-02
1.180031860963833612e+00 1.018745572351075168e+01 3.326813759990624231e+00 2.142735103634451355e-01
1.242964573939971729e+00 6.083882746486156456e+00 3.495995152569036257e+00 9.530950600157325758e-02
1.319938155483415976e+00 4.290994939357275051e+00 3.805342671259418275e+00 1.182542386707867710e-01
9.637631314234910151e-01 4.551149263539752354e+00 3.522907356320821748e+00 5.191913361131826610e-02
5.699665481325637550e-01 9.388879516181486196e+00 3.389383270446253871e+00 1.619751293715328555e-01
1.139183072382643935e+00 3.599226051709544461e+00 3.648199958179171531e+00 1.138120151667094265e-01
9.954281799469710812e-01 9.072729393961251887e+00 3.443618758195698515e+00 7.051919422791985692e-02
9.440899972799284834e-01 1.013548177143789175e+01 3.599414937592312125e+00 1.279101697948121508e-01
1.041477666981486916e+00 3.861089341583578527e+00 3.592332862424811868e+00 1.431182712375056454e-01
7.892506108281651667e-01 6.684769340763873302e+00 3.502729383443785149e+00 1.858959155452466483e-01
1.219176293247520970e+00 5.515554956024154798e+00 3.629285233458492410e+00 1.419484480228291046e-01
8.680894638011080744e-01 7.373554857335005153e+00 3.541660667559554554e+00 3.819340996974919522e-02
7.353623435820211274e-01 6.161875693771508899e+00 3.535879630534628504e+00 5.230041980116039574e-02
1.210822496582690366e+00 3.134409205876302451e+00 3.383939760507316930e+00 4.342620161034628501e-02
1.528239075192169061e+00 5.973091202068610883e+00 3.481385105205828001e+00 8.094244313751461362e-02
1.179702347895488446e+00 7.527927945180304725e+00 3.631346779687404158e+00 1.118518528436596715e-01
1.095989677809209750e+00 1.562500540150689510e+01 3.604909827841396908e+00 1.970985504838706770e-01
1.011399738061371290e+00 7.642076069296917851e+00 3.655114073255156804e+00 3.105058241208790565e-02
1.124279849908766948e+00 4.361823091877718106e+00 3.519425049058407140e+00 1.401439625040324932e-01
9.867215536400779641e-01 5.570964037270098146e+00 3.837971523683625819e+00 2.057391544091403679e-01
8.195740651746542538e-01 7.961151238386958262e+00 3.720674082315380105e+00 1.842357361438548835e-01
6.308879113807488448e-01 6.029247886707001847e+00 3.314270038948101238e+00 5.805175548667289992e-02
1.278026657405449962e+00 2.848579542363713912e+00 3.501864903787378580e+00 1.292691805005769246e-01
1.007111303162368632e+00 4.327383834393208062e+00 3.595954760411518958e+00 3.544133059636266070e-02
9.106208052938330466e-01 1.221019654549991706e+01 3.665382039162011552e+00 7.276387788300238413e-02
8.259340532365982979e-01 6.778431807411271492e+00 3.614919586081865255e+00 9.033844954637477997e-02
1.085111736020001549e+00 4.424166063268444304e+00 3.499001612330107758e+00 1.165010612432917092e-01
1.358728399278881893e+00 5.574479570545531004e+00 3.573156213308764872e+00 7.323385948275400181e-02
6.751730092565689789e-01 2.541256194133805213e+00 3.665413144096387743e+00 8.005916613137091520e-02
7.686161268946755110e-01 6.429324157602576584e+00 3.371115800050019651e+00 1.935954351316014899e-01
1.068801138529373640e+00 6.116694867269758973e+00 3.676914881333189999e+00 8.202056490630008079e-02
1.240606347130502218e+00 5.382414729422940525e+00 3.822768200535809235e+00 2.111873279162044537e-01
1.006128477082893324e+00 4.986064378943501296e+00 3.561449418298110015e+00 9.086644022646125918e-02
9.812623281498005223e-01 8.381585201816790232e+00 3.679450298785938767e+00 7.484085274244814401e-02
9.536232756036040481e-01 6.290218670245711685e+00 3.592919200902149335e+00 4.275758263959290872e-02
8.492950655842317342e-01 4.242348202943495572e+00 3.573404261746723432e+00 4.786033116635490803e-02
1.174435863408425762e+00 9.835618468039870166e+00 3.503051595058705114e+00 1.720314242066766086e-01
9.458642537347671242e-01 6.233617063570418004e+00 3.447045038424787045e+00 7.202808544955685566e-02
1.112869367376976948e+00 2.860373137538720023e+00 3.663621554770653876e+00 4.266834855304151020e-02
1.135691935650978035e+00 3.580775967281613514e+00 3.548614216991204273e+00 7.147215577343622728e-02
1.310368050557509267e+00 6.116256118676909992e+00 3.622133136398340891e+00 8.475467982275622369e-02
5.878979296370645535e-01 8.586992952260990464e+00 3.536853676131098467e+00 8.116353401575854276e-02
7.009542989521997391e-01 6.831390302709208662e+00 3.602412130880623842e+00 7.512760099167278827e-02
1.049832399588212395e+00 8.533818141587506290e+00 3.590950276453911627e+00 9.120387769320963123e-02
8.509634714229391550e-01 3.152153093349348012e+00 3.616182491631608542e+00 3.735237318387181482e-02
7.919265999795866984e-01 7.186769120965617930e+00 3.578424209140363299e+00 2.094043902434884752e-01
7.481936283058662207e-01 5.584232312218623484e+00 3.565383508285020930e+00 6.418578497987983966e-02
1.046493178972156102e+00 5.972677976201412164e+00 3.428525019755950698e+00 2.052747099602587888e-01
1.436300280247189587e+00 3.984101828118803645e+00 3.670330875607586307e+00 5.091909495405382013e-02
1.263388777767521454e+00 4.590569018744581342e+00 3.455154578130880783e+00 1.641877105931509873e-01
9.751677502785219831e-01 6.178222479806163570e+00 3.567993744118445942e+00 7.603314901677328541e-02
1.000052401548799930e+00 8.517211896861317300e+00 3.533023229264534493e+00 6.213290115101901406e-02
1.120233394066740829e+00 5.016374879589657887e+00 3.573175747203429342e+00 7.273702859486483319e-02
7.366410354207085787e-01 5.540547834726700316e+00 3.477387750833746516e+00 5.532120367403865757e-02
8.811177006497373787e-01 7.868700819849641981e+00 3.461889513445610245e+00 8.047951929461891196e-02
7.166744280667272093e-01 4.570818316670977488e+00 3.490515773395030052e+00 1.495518569782332552e-01
9.668431464886043658e-01 5.713519088220969877e+00 3.398633760527548286e+00 6.408910111693377765e-02
7.550386357436308371e-01 1.149647483852243468e+01 3.640353835906849689e+00 4.632651693805729665e-02
7.602101627117172633e-01 4.415613382501733852e+00 3.533302608813858381e+00 1.126052055024980847e-01
5.810899024351976472e-01 6.436345548316206866e+00 3.624884056570086166e+00 1.541602902175465695e-01
9.960524407896249599e-01 6.063304951514568941e+00 3.704124211174009584e+00 1.159172286894171733e-01
1.156697517516575680e+00 5.203921170294249166e+00 4.030441060572345080e+00 2.820816386806149767e-01
7.631559876806812692e-01 9.318140233437253173e+00 3.851849650671491876e+00 2.290422555318850639e-01
1.005209603909183569e+00 8.206837553599532598e+00 3.581911219551114023e+00 2.617040043877506134e-02
6.718031006975370145e-01 6.828315000144744573e+00 3.543901290891496192e+00 1.257547416339112878e-01
8.884665338671109414e-01 1.113797034611451409e+01 3.642487690839030900e+00 1.152985981718865904e-01
8.524683656661502518e-01 8.838449178636389902e+00 3.599369903462665388e+00 1.366510274633442878e-01
1.127984236153320774e+00 1.118284719789050641e+01 3.609826725180269147e+00 6.144973238338626714e-02
6.191115154853285008e-01 3.519423861352849681e+00 3.488244150876043115e+00 3.730080875530952800e-02
7.342972198664071692e-01 2.913379925897553679e+00 3.447459207281098781e+00 1.430290969845277038e-01
1.088642079266746610e+00 7.691206611005377169e+00 3.555457736074952635e+00 5.710789587476557128e-02
1.140052704705411424e+00 2.686197975915677549e+00 3.626785871238058956e+00 1.422997224509541525e-01
8.670917517881776559e-01 4.779548466000178131e+00 3.529414550586092325e+00 3.620613425533278362e-02
7.821148071094536913e-01 8.069975654674184540e+00 3.424981855529508845e+00 1.036834871507961858e-01
7.199429325366604182e-01 7.043478681280209486e+00 3.482619863572418595e+00 1.321604541676455191e-01
7.792575491083799655e-01 6.519164769744021370e+00 3.611506264296552970e+00 7.996056887137698022e-02
9.878454837425817425e-01 1.034451217233453413e+01 3.503776468511046183e+00 1.286920975607914186e-01
1.173635360579456499e+00 1.152230826883713277e+01 3.576574149383963341e+00 2.471849124032900191e-02
1.264078674498139376e+00 7.689320618723076706e+00 3.630326506778850604e+00 9.239799815336866007e-02
8.122545708130394226e-01 9.421234216777969905e+00 3.470532931425588608e+00 4.075728672522530016e-02
9.571446830778377324e-01 4.298439019672189332e+00 3.652234060912836977e+00 2.528635546312555382e-01
1.303609579194694668e+00 6.122049358571983291e+00 3.486863616783935527e+00 1.003374767811829466e-01
9.655478914071320418e-01 7.744030194583553239e+00 3.568837604619316650e+00 1.906677219085550767e-01
1.343297860768804419e+00 6.952878996338279549e+00 3.624058021857571532e+00 4.162023379852088090e-02
1.224734544354329602e+00 6.985702055818105549e+00 3.452809100752174842e+00 1.677291780926706555e-01
1.488133872609227026e+00 5.205107330281096623e+00 3.550867715560340088e+00 1.094372967873550595e-01
1.317827665014369432e+00 3.345835300202791629e+00 3.622548179405113977e+00 1.299398658120770045e-01
1.072388594877209389e+00 4.668560190451310099e+00 3.524338989990024373e+00 4.843047809564452605e-02
1.308966783141482404e+00 7.985651568216792562e+00 3.647837287758127989e+00 6.046822397576739200e-02
8.116800832013051359e-01 8.490513757397273764e+00 3.557863245783122963e+00 8.334061054639947674e-02
7.261570124106567770e-01 5.753460053075320602e+00 3.511892310932754668e+00 7.580577605705599020e-02
9.756643448841717525e-01 6.932023153195501664e+00 3.539100991425149889e+00 8.290741228899943527e-02
1.070821528731856320e+00 5.107073886377913041e+00 3.508076873093211479e+00 2.696153682349338582e-02
1.139586430786167615e+00 8.659756026538122597e+00 3.635369752161486279e+00 5.147084587592633265e-02
9.788018742132843508e-01 3.190386144855240858e+00 3.478537775210500893e+00 7.063568821543173004e-02
9.627894266478860263e-01 5.280838827367532851e+00 3.671279034914122441e+00 6.292325067246244685e-02
1.147412847218366005e+00 6.763741205173682047e+00 3.625283476470315680e+00 4.163039139334052952e-02
7.796216319814157636e-01 1.032518604742082857e+01 3.535426283399845104e+00 6.045370239290986936e-02
1.061723239098172789e+00 1.051462261913975738e+01 3.655314177895165439e+00 1.162629796109279912e-01
9.748184649468540908e-01 4.609541636938246256e+00 3.649686313247082037e+00 2.518795664070328649e-02
9.970199435171454017e-01 4.624757597435871226e+00 4.091577185901111413e+00 2.061349099121622952e-01
6.610861449679369395e-01 6.968663802402147667e+00 3.567467558546077555e+00 4.687469727000036224e-02
8.004574879710480984e-01 3.921760532086299822e+00 3.582306733367212725e+00 6.226109622393009857e-02
6.657094619980786776e-01 6.069288614849507546e+00 3.343766819866381468e+00 1.665982637205488948e-01
1.340704543939552407e+00 3.591259079158779510e+00 3.599431902857639809e+00 6.475925942438606753e-02
1.154729772739080840e+00 4.450944942422841777e+00 3.609372897510096934e+00 8.530098725294688045e-02
8.255713419013386289e-01 7.466895145061300809e+00 3.549795242170172394e+00 2.007691343794372751e-01
1.311703925676134919e+00 2.971037642173599114e+00 3.734048105909309356e+00 7.064586053757641870e-02
9.432402559474201142e-01 5.513481918266106341e+00 3.559111949176952283e+00 5.113606008989118185e-02
1.070606734056037457e+00 4.671039222755730691e+00 3.533421257835608564e+00 5.768063395597676501e-02
8.824583811185984228e-01 7.627462825912564526e+00 3.583988596713985952e+00 7.450400095098240472e-02
1.346778970658285113e+00 5.287247211606682207e+00 3.546649695248280665e+00 5.939768605293386378e-02
8.521567853607567855e-01 4.764305270320888575e+00 3.621708824480041500e+00 1.098784391757533507e-01
1.090285352485335535e+00 4.888485423870344349e+00 3.498186802525313333e+00 2.174619721219935298e-01
1.105879365205388654e+00 7.229206411392893550e+00 3.558611431837752637e+00 3.300060985628608390e-02
4.901623855459402157e-01 7.198446321839886863e+00 3.431892043930464098e+00 5.537490926980272871e-02
9.141321406103271041e-01 5.307925807104215465e+00 3.794145881799873887e+00 1.016501668651136614e-01
9.873995406460777113e-01 3.738408447300154425e+00 3.417123838575886641e+00 1.135444523796432931e-01
8.440365560295922664e-01 6.211928480424805166e+00 3.615129422897515266e+00 2.704359474785037257e-02
9.113393135887885022e-01 5.983122384088738421e+00 3.521564790616995122e+00 1.231072239724953221e-01
7.946877449487397271e-01 6.803679502749768737e+00 3.437891591352776111e+00 9.888799936340993135e-02
7.964990063581831592e-01 1.172230934124030632e+01 3.581556566708106182e+00 5.483387608553622755e-02
7.758758318925305097e-01 3.141886957651365719e+00 3.591567523373881077e+00 2.867188863870306914e-01
9.108526705438783067e-01 8.713033569237698117e+00 3.454142245044256487e+00 2.377329815864891865e-02
9.502661083151454635e-01 8.518904635319284324e+00 3.483217019798901859e+00 4.020749616866686749e-02
5.260894642038116409e-01 4.119415390491292683e+00 3.549857592200334366e+00 9.075905110434595580e-02
1.542241108887977052e+00 4.931131725036145497e+00 3.511194755623732178e+00 8.126064934295051945e-02
5.775892410285249357e-01 8.301325391392140318e+00 3.484467467063272039e+00 7.815528874027369288e-02
1.288619755119079002e+00 7.691605817531030453e+00 3.645611898018248365e+00 5.050071498436969203e-02
7.969601209867359648e-01 6.672749802443937561e+00 3.440185225927623769e+00 1.261461434343096322e-01
8.520046578587739949e-01 8.271043392502651415e+00 3.516609021652930434e+00 6.883908715071583584e-02
7.886709844160171290e-01 5.463958880481277092e+00 3.712568383830504803e+00 1.710082449411362837e-01
6.094425824901074096e-01 6.987567530335562438e+00 3.250849892853716394e+00 1.281649505297167979e-01
7.188474192503857552e-01 6.829285766347939379e+00 3.542316778566839464e+00 4.641195044860881025e-02
1.287570593308805522e+00 5.860343938895670846e+00 3.598955351068035213e+00 7.262667174522968727e-02
9.073768439303383504e-01 9.720907011798882280e+00 3.801007613093672077e+00 1.701728019377156953e-01
8.878213545968601794e-01 3.338546304128241715e+00 3.300312639271246073e+00 8.082525602507287243e-02
8.565304726015351422e-01 4.357300165748299037e+00 3.542592195316550896e+00 9.179849638752356211e-02
1.301875588078057699e+00 6.200021704705029890e+00 3.680320103433856183e+00 1.443636138768327193e-01
1.469258250077459360e+00 3.409425400687931429e+00 3.540535552003984066e+00 7.333923546486834089e-02
8.235008522388642671e-01 9.540062759777356405e+00 3.544320056211350156e+00 6.223014068655838282e-02
9.352802656820788929e-01 9.532944481678244486e+00 3.588303065843588158e+00 3.982620832499952912e-02
1.184240547528913057e+00 6.051643120214604821e+00 3.357755406795215780e+00 7.977624986678283348e-02
8.862240320099826763e-01 4.941871500492712066e+00 3.602440775546707830e+00 7.761585650117140689e-02
6.584639288899070131e-01 4.709202568337233608e+00 3.457909094187301857e+00 7.779290278125924885e-02
9.859810576089862444e-01 3.007855341150275308e+00 3.574635012892017460e+00 5.744650670249913660e-02
8.882650312594981834e-01 7.540435426325591273e+00 3.553559389239489441e+00 4.850274707088512993e-02
9.247792537306893657e-01 4.920745481938583410e+00 3.518847862262558301e+00 5.991821419801683646e-02
1.012422221197921246e+00 8.530939230928984429e+00 3.580394267624972038e+00 2.921638544714545704e-02
1.028688630461759068e+00 6.531872038827642335e+00 3.475456354779541179e+00 7.014442045518204383e-02
9.973136175326865471e-01 4.620993406909471801e+00 3.476127352518885161e+00 2.495937516095907416e-01
7.979490405317025692e-01 5.793195195619735394e+00 3.459311553108254333e+00 6.160243662753778215e-02
1.080162487096965940e+00 9.577078845449150890e+00 3.784634177796448729e+00 9.971691453424084972e-02
1.201764650794060918e+00 4.320650540450271748e+00 3.815123295336033671e+00 1.853130400493084862e-01
9.752340423981646911e-01 1.023378884081512474e+01 3.519373609543597681e+00 5.434279904057163352e-02
9.680678162891553917e-01 6.680410824507052148e+00 3.595641591381993241e+00 8.356614092873437816e-02
9.100689992473948164e-01 3.796537475164028841e+00 3.525341967639135099e+00 4.945846453145614358e-02
8.211400919653096819e-01 5.133023767135559190e+00 3.669751113068311366e+00 6.112709072950955891e-02
6.143333574499576510e-01 6.070994506478936792e+00 3.524925022918429462e+00 1.823173554261091345e-01
1.068101940981271092e+00 5.266644683463367116e+00 3.606663334913531749e+00 5.496951311451975242e-02
8.406292449985750537e-01 3.874599364875826346e+00 3.617765511594458694e+00 2.657317102666074959e-02
8.639762530283308095e-01 5.460226938446070655e+00 3.456760071823330449e+00 4.005713619491170496e-02
8.751969770727341391e-01 1.223253054854528799e+01 3.691342427748659283e+00 2.436183467535310565e-02
6.927849208278662463e-01 7.257457474503481443e+00 3.360285805908410417e+00 1.253065224999909966e-01
7.799400919941017474e-01 6.195135765838776898e+00 3.592709328736818364e+00 1.411073326195892985e-01
8.509166430334595965e-01 1.207068435403391859e+01 3.391854203475870744e+00 1.495853926575930193e-01
9.727469403487025712e-01 9.382005788055403528e+00 3.524629634559651059e+00 1.603489972834548083e-01
1.083379198332316218e+00 6.272584983455854690e+00 3.274736936383528363e+00 1.541488462285637018e-01
9.069324502912379238e-01 5.147374363610503600e+00 3.535941240852946699e+00 6.337045050515274780e-02
1.306660706192447119e+00 4.135147455257166982e+00 3.499364440517641395e+00 1.667266307029432737e-01
9.097504016045852016e-01 4.323458444106655918e+00 3.518013237176765617e+00 1.500738936391476097e-01
1.102449507668413320e+00 4.948531550968933601e+00 3.614105702258640029e+00 8.870930217660023820e-02
9.823712738558645352e-01 8.331284751381966558e+00 3.459916110854235782e+00 7.259817082362005070e-02
7.570141551806213176e-01 4.591621572585575350e+00 3.161218836037708257e+00 1.089150341762531449e-01
7.825997089027761922e-01 6.626152740137605690e+00 3.563153178346669669e+00 1.030640165380962148e-01
9.372647032148007096e-01 6.762661833158970737e+00 3.658657138796683306e+00 1.169978974541383276e-01
8.347278548876260196e-01 1.112786093714648850e+01 3.426972747245703665e+00 1.366114356615772962e-01
9.668539439083491116e-01 1.044948543791835149e+01 3.649241169839403387e+00 9.824420356271286459e-02
1.022551316715829328e+00 5.637770841073150407e+00 3.570090452123522606e+00 4.145149943049087488e-02
7.861046368031450182e-01 6.570577820853578999e+00 3.454015552799308164e+00 7.839992973606363380e-02
1.303046185921665545e+00 4.396310233520925870e+00 3.579945862087145603e+00 1.058954763366342089e-01
6.285477302178632542e-01 3.366159969250236195e+00 3.708486498069512027e+00 9.802750264051461604e-02
6.102801916549646100e-01 2.810033750172547418e+00 3.345430321638200422e+00 1.683412714523870868e-01
1.710828073745923827e+00 6.307544396689939603e+00 3.591978866331476006e+00 4.655294048147594344e-02
5.333390153698143177e-01 5.948497282567327460e+00 3.433226059733691660e+00 3.377095356672845106e-01
1.165479104497000318e+00 7.323474947448852745e+00 3.637078236198455716e+00 6.063499470202694808e-02
7.451780533408671747e-01 5.635575607993329683e+00 3.507089707973888526e+00 1.561637115875224302e-01
1.661994530690797056e+00 3.355903353307640113e+00 3.616318082730872518e+00 3.410240872764515596e-01
8.046268644463262509e-01 9.442959667321442652e+00 3.722440300024101756e+00 1.194862237134281940e-01
9.294292097258336494e-01 8.561998484890908756e+00 3.587996350417972380e+00 8.904319439954305748e-02
9.055933945237710780e-01 5.262056913392933133e+00 3.562873644567095877e+00 1.057297303824961954e-01
1.128448963002845362e+00 6.201334734112433189e+00 3.413421217939016650e+00 7.620661081237473100e-02
6.936148028613458028e-01 5.182376985842584993e+00 3.218826562998776453e+00 1.490900180080762250e-01
1.191736973997230775e+00 5.394640481007584754e+00 3.558057698736164287e+00 2.921810266676325499e-02
8.364127552976338142e-01 8.591210992235431831e+00 3.493298150444549943e+00 6.019460407043420586e-02
1.126857700065019507e+00 8.022989078925801820e+00 3.578586800362662412e+00 1.837146097263929190e-01
9.592648977966622414e-01 4.927540618048888987e+00 3.528478354868859856e+00 8.775887229229369091e-02
1.102647238467150181e+00 4.883631371772262142e+00 3.353995252366707813e+00 1.943209013751152625e-01
7.058621324000990960e-01 6.827084430880015375e+00 3.345451594572780518e+00 1.534417381565551242e-01
1.935436573384634151e+00 4.037374449595303894e+00 3.624930067805649969e+00 1.593682836660667845e-01
9.775328740579043441e-01 4.626889642172896444e+00 3.537705725217192843e+00 4.809178218674266952e-02
8.021470301369323375e-01 6.168339622951907408e+00 3.505510859618646613e+00 1.015571353671163024e-01
1.268563690881706396e+00 4.866750635137139014e+00 3.566016145238339430e+00 1.052696863609366151e-01
1.028465846702739439e+00 8.826480128572642414e+00 3.436739849829909321e+00 5.238821877800452498e-01
1.139434876619611181e+00 2.954474556687226361e+00 3.605167690770985978e+00 4.063293032626068280e-02
5.391930711372604490e-01 3.880736516589814666e+00 3.537935386161462858e+00 9.025003040727425097e-02
1.266931465878711194e+00 6.964212320407729528e+00 3.614802818254664984e+00 1.437579542615481931e-01
8.437063364641335106e-01 4.888443560147360145e+00 3.622255024006353796e+00 8.281997340874805436e-02
1.262237197230901442e+00 6.359932120974254310e+00 3.447902897606485162e+00 2.271165705455509276e-01
1.351695271597226577e+00 6.408974259058299872e+00 3.679248310514783959e+00 3.347553223105767528e-01
9.173018527497667218e-01 5.593754962505784079e+00 3.584424541039059608e+00 1.733212823046516859e-01
9.940111962290796299e-01 4.812745564018291233e+00 3.549418631439058114e+00 8.978212075635241818e-02
6.334316271250810537e-01 6.846227611348072450e+00 3.548939477955180610e+00 2.051314682952146695e-01
8.155856277908493102e-01 6.782118873074707288e+00 3.522199430316082402e+00 6.226751785027599684e-02
7.732656139454693323e-01 5.350763476059579915e+00 3.572454549224658660e+00 4.518158992671611474e-02
8.659624683069411244e-01 2.918943814913982582e+00 3.546800478024070724e+00 8.295746066492595827e-02
9.838323896794437529e-01 6.649658171179408939e+00 3.796450872310023428e+00 2.572237913689612854e-01
8.472864379783177080e-01 5.774143652734413656e+00 3.356690568803823549e+00 1.480978181954218376e-01
1.095790805895423992e+00 1.075427558392218508e+01 3.605705827094388471e+00 1.623684775022270210e-02
8.611804162817259245e-01 7.916170625058437160e+00 3.622364279943540488e+00 1.870765057887768812e-02
1.150318568450822809e+00 8.670899204816759465e+00 3.518451777370593447e+00 9.729672322515113547e-02
1.135439641379371256e+00 5.784950241881601229e+00 3.575414588012043371e+00 9.392290370200398475e-02
9.201522014025601548e-01 2.785346371361205442e+00 3.389532714107100553e+00 1.353521595793557852e-01
1.276586109598871310e+00 4.342086015061646265e+00 3.554696648814283932e+00 2.144086510498276477e-01
6.740535063940151783e-01 3.522055295895670568e+00 3.242323942787631363e+00 1.902820059080050918e-01
1.155673339646330344e+00 4.450137651694960894e+00 3.634357288750940551e+00 3.439766971613726632e-02
5.459263323132768075e-01 4.630704894511336711e+00 3.480404025705852167e+00 3.192440680585066359e-01
7.469229462260608132e-01 7.649288290374141042e+00 3.534857617159989029e+00 5.454787254039850097e-02
9.427477448472777466e-01 1.078489264345546239e+01 3.720375356946668877e+00 1.026839158977463917e-01
1.272036311439607825e+00 9.482139023750775664e+00 3.590848263991611500e+00 1.805681382392820555e-01
1.200214145481228956e+00 7.206182614212050197e+00 3.646618054264754161e+00 2.880046539374143261e-02
1.105957620705628752e+00 9.724545635460255966e+00 3.813706684797908419e+00 2.548725167007540038e-01
8.945920595969653055e-01 3.141087701383723729e+00 3.520630318813421145e+00 7.504160802386736218e-02
9.001508444377279705e-01 7.351324883169378488e+00 3.604860377049332154e+00 7.958828328193795487e-02
7.202889468601120226e-01 4.966439299306030897e+00 3.544853159917887631e+00 1.941185883368450049e-02
1.239935153548434421e+00 5.384615057867850219e+00 3.484508472004065993e+00 9.871536532256389163e-02
1.066870902033700164e+00 5.788090105591431112e+00 3.572482828055762560e+00 2.115789551396087681e-02
1.278647082795801415e+00 6.109302348507118730e+00 3.471398723831931044e+00 1.593349277206321246e-01
1.458079896633671879e+00 6.298614616990087178e+00 3.278224112895581133e+00 1.116436411486253083e-01
1.154265092535792014e+00 7.401081015287152454e+00 3.535537509084192731e+00 7.398165425773869930e-02
1.140738987855278941e+00 5.151948132796107416e+00 3.629816944376166532e+00 2.148161390719890984e-01
9.935287099354250806e-01 3.678324564696615173e+00 3.460087827375237346e+00 2.829388959717539231e-01
8.862091525978211815e-01 1.130366541163305527e+01 3.545120530908873135e+00 8.815334211733644176e-02
1.064877591496206977e+00 6.913297448844764936e+00 3.682724044676634279e+00 1.012876849823357156e-01
8.847050165501840757e-01 7.861859604031025128e+00 3.567996440169735717e+00 3.096839505695998113e-02
1.077212320455115835e+00 6.583184789851901364e+00 3.510709609992948010e+00 5.755151220492724096e-02
1.456226080403195899e+00 8.465248320795939918e+00 3.812971621086176821e+00 2.432925338033838647e-01
5.564714524085877523e-01 6.834897105577353749e+00 3.576379440966436007e+00 1.811147596421852357e-01
8.244172893473670216e-01 7.800984047088986628e+00 3.479764864294992321e+00 1.068443291021471536e-01
1.124468431249310729e+00 4.759807276919536534e+00 3.570773151462061090e+00 6.434195920491245224e-02
9.658492197291055348e-01 8.485052003884041127e+00 3.668929312444514146e+00 8.304482456451171835e-02
1.243652893173513352e+00 6.402033105617908504e+00 3.584013506432893514e+00 2.457313369577911882e-02
1.521914433463451344e+00 9.752840691074071700e+00 3.339503175611744368e+00 3.218229285257019900e-01
1.017808494301704059e+00 5.191288100933871164e+00 3.617711214994878688e+00 6.198116065674916242e-02
1.129395683616444934e+00 8.972445843221008133e+00 3.592132097956036496e+00 4.564341406757268377e-02
7.654127054743762315e-01 1.026772955427451350e+01 3.605843372870131791e+00 1.412760801334498884e-01
1.139593247903822881e+00 5.075591793141735586e+00 3.505957072332642088e+00 2.558677280035829074e-02
1.207263636810770757e+00 5.093557850190980396e+00 3.631730875398694103e+00 9.029599259361327512e-02
1.094560406729987445e+00 4.894362677058971656e+00 3.538045652484861137e+00 2.137023946040192413e-02
8.617029151606304671e-01 3.609226011654938393e+00 3.466499702580099651e+00 2.593601479252885880e-02
8.109385027907841659e-01 5.734938645513079081e+00 3.489476879323641256e+00 1.393272858349725585e-01
1.007980290726008032e+00 8.483904393311242131e+00 3.526835792570763850e+00 6.007020237541137175e-02
8.740327995337779932e-01 4.054752239570348138e+00 3.629872247637476512e+00 7.872805181036683642e-02
7.739544825286802654e-01 3.245605568401758845e+00 3.602757955788506994e+00 8.484053773168870327e-02
1.056554496867105009e+00 6.190768435863867047e+00 3.542963464689159014e+00 9.637670228373756975e-02
1.001562201584237588e+00 8.715422585913165321e+00 3.466057368036596475e+00 9.095796885243979946e-02
1.125850841191370577e+00 6.381676114010253364e+00 3.646299521826840806e+00 5.247598042773565091e-02
8.426424659330776779e-01 3.140399738531828522e+00 3.630989942871056364e+00 9.186975581708445304e-02
1.045015034379583208e+00 6.661825369497646143e+00 3.501916718559517250e+00 9.562558382901462095e-02
8.180092853109658391e-01 5.610782449629538426e+00 3.526158957987275411e+00 7.883049448895700084e-02
6.919702971674859260e-01 1.031594074711868814e+01 3.406556254842478815e+00 1.059371457375634235e-01
8.224041709208855799e-01 6.096148807529024438e+00 3.748030658615388866e+00 1.263045548862187506e-01
8.895678920127306766e-01 4.048475310492404944e+00 3.407196043616302905e+00 1.018218540946279060e-01
9.887577083605616490e-01 5.773216618844616121e+00 3.579131493543504128e+00 6.459734122180470217e-02
1.373071999959818656e+00 6.864534669705338210e+00 3.480285929848377702e+00 3.563751904103613644e-01
9.651387776567705856e-01 6.752900105366208550e+00 3.483931663685616797e+00 1.603327425322286504e-01
9.551672262233744659e-01 5.995268198731906750e+00 3.606124486582422239e+00 1.564985934377818855e-01
1.106162514857520041e+00 1.026224300867540506e+01 3.619363076848684635e+00 6.229705282664986521e-02
1.086437363953517199e+00 4.243901373364823648e+00 3.519217397411277481e+00 9.322531626272691219e-02
1.142620296031537475e+00 6.924754627524681183e+00 3.667541146686769782e+00 9.823036179766225784e-02
9.401677391560407937e-01 4.777891062032616709e+00 3.421192257550937921e+00 1.313455554098357514e-01
9.881407350256765643e-01 8.023985595759221212e+00 3.544502634472039393e+00 5.374590087337943745e-02
8.127990146841252983e-01 7.065410249718907743e+00 3.549482101754109387e+00 7.195100654557268216e-02
8.006328617515539037e-01 4.079911189037022545e+00 3.644307890767797709e+00 2.227930786414959730e-01
9.050648751475238729e-01 7.785047993182802273e+00 3.537928890252489023e+00 1.207397376420344948e-01
8.738061451731221618e-01 9.885668164844281236e+00 3.581137166967960805e+00 5.554885141587426189e-02
9.528279053028431145e-01 6.611936527157027399e+00 3.662550123622658749e+00 9.380435318678267964e-02
9.486758081338423354e-01 4.824277747931603244e+00 3.532687634467343241e+00 5.538034405444260816e-02
1.187473884259341972e+00 3.258284370779725769e+00 3.509020865711179660e+00 1.034719973130222015e-01
8.701760142967601697e-01 3.926732213417573281e+00 3.483313407114189353e+00 1.083889115571929490e-01
8.986262794322762426e-01 9.707943447518239566e+00 3.645146270235721353e+00 4.324513283943814956e-02
1.061064163001523397e+00 1.239027721422235828e+01 3.597535243053682219e+00 4.794412953518148446e-02
7.540214513991508882e-01 9.028795343257987938e+00 3.410917220951970030e+00 6.892182067586952177e-02
1.470257579285692229e+00 5.323151425443199969e+00 3.828379791927500442e+00 1.735156430365538405e-01
8.727967074113293089e-01 3.204187868397092132e+00 3.588572885341800411e+00 6.598836952639534903e-02
8.468356041209184060e-01 4.824058937132806868e+00 3.650389804919405456e+00 7.336646793738527128e-02
9.906820369791313752e-01 5.336931074391285890e+00 3.533154238959185456e+00 4.560969451867886298e-02
7.002292379512454756e-01 6.594616997629132449e+00 3.668731986235568066e+00 1.208448301061655350e-01
8.615434879737751128e-01 5.602801178354116729e+00 3.641205456933021001e+00 5.830238707556904820e-02
1.589119303699802366e+00 3.658384236345008311e+00 3.488347831988195757e+00 5.851366365409556292e-02
1.118178317423988988e+00 7.490061046234711917e+00 3.676916527018708081e+00 5.137421376016654273e-02
9.740232146632080701e-01 1.253743216119773329e+01 3.584633338798183022e+00 2.207595189859630769e-01
8.465265685225178416e-01 5.450216107956769918e+00 3.571636454374588432e+00 6.692272628611614649e-02
6.325535919730410628e-01 8.112279414589432136e+00 3.473766996072858326e+00 1.956677225393516073e-01
8.914922425995095434e-01 7.384505524226680606e+00 3.499417023204968391e+00 1.227747398359222974e-01
1.194589991777141424e+00 8.863609289509195577e+00 3.750948074934512100e+00 1.219903873650121096e-01
5.105103390398898489e-01 3.765208949952758566e+00 3.416246869955747112e+00 1.869737680802521229e-01
1.081181906365847434e+00 4.820758500896828558e+00 3.670629517324602187e+00 1.543518943254540976e-01
9.461932476847112472e-01 5.333370589998892797e+00 3.688862508189819422e+00 4.987970410796378068e-02
1.097324465373964442e+00 7.777366232454633099e+00 3.405917594482317234e+00 9.620581999491165104e-02
7.668535130852440762e-01 1.092540517726324723e+01 3.724071698986997969e+00 1.451897552840814010e-01
9.078325099947065491e-01 4.285750255513576690e+00 3.572650729156356952e+00 3.556567734452135976e-02
1.133513722531627632e+00 8.900383053084810925e+00 3.604497698580133136e+00 1.071699427287271106e-01
9.378708385742973164e-01 7.688614705129650062e+00 3.509177729490104536e+00 4.880324175526998265e-02
5.631558596046235543e-01 7.561961833837708369e+00 3.602296644320502672e+00 1.594164126428925798e-01
1.097910143704669883e+00 4.021944549063016794e+00 3.732688651349620024e+00 1.890738460930379006e-01
6.133390443811133075e-01 5.268318934921784269e+00 3.193633455062681481e+00 3.415551069067836454e-01
1.287232405423095916e+00 4.866568967353402719e+00 3.520588456236831476e+00 1.200620377647926146e-01
9.640420279836949824e-01 6.411203806433410257e+00 3.514768090386920285e+00 8.279409806323467791e-02
5.851602283931202075e-01 9.939486494962279650e+00 3.727086502145600999e+00 4.172251625043815748e-01
7.299651194220345696e-01 4.696086040631097802e+00 3.538216903260375190e+00 3.398842468046937154e-02
7.726305781669033923e-01 7.279697816304499192e+00 3.516578269060457895e+00 1.018183392366327072e-01
1.030796792130283857e+00 4.275440112200735499e+00 3.570723576683525913e+00 2.848840497167131058e-01
1.244270402858929758e+00 3.526420423431837037e+00 3.471391266130731790e+00 7.773967180216637129e-02
8.246831777131433672e-01 7.994725136893237050e+00 3.438180987526206156e+00 1.650584769614121816e-01
1.061222626097023891e+00 7.327463787701802289e+00 3.624889530789893399e+00 6.143607981586106381e-02
5.265827820617305921e-01 5.629846261732841306e+00 3.821723981376057289e+00 2.944425229754104589e-01
7.997783876374231493e-01 5.586183559612666549e+00 3.491646022178800823e+00 7.122722560649284718e-02
1.010509553166410779e+00 9.205315974886527641e+00 3.552336647711553219e+00 2.809720121143920168e-02
1.194386929009026321e+00 3.859475727046513427e+00 3.344979651622950190e+00 6.922565795009082146e-02
8.464554072149179653e-01 1.322363331196951819e+01 3.630328407831212356e+00 1.326763465311231460e-01
1.161319857584054649e+00 3.964328107289405878e+00 3.611653403105033355e+00 2.690070672190534792e-02
1.091299958140707682e+00 8.374803090171329956e+00 3.507897863445269326e+00 6.804653793166523523e-02
8.868818296353887520e-01 4.876113667746352576e+00 3.691493116493309135e+00 6.279543837403500639e-02
6.186351468405291154e-01 7.983012054308402661e+00 3.706881138125217134e+00 1.139705572794995764e-01
9.964929589647223418e-01 5.813226036251230688e+00 3.560128184961577347e+00 6.266205892187612370e-02
7.048191543007962245e-01 6.330229819235173139e+00 3.503628204970689719e+00 1.388306321382579422e-01
1.244640258150932821e+00 4.662967726631441323e+00 3.723475569457127321e+00 1.392427501618241636e-01
1.152217328108951389e+00 5.009858191810620198e+00 3.582973228932371246e+00 1.271669187460633954e-01
1.104114261128284369e+00 5.377621319281784551e+00 3.573781303421958544e+00 7.173980172875664418e-02
8.910736757928601204e-01 5.852117079458515114e+00 3.393206220066250722e+00 1.411687400318071828e-01
9.506268951806740031e-01 5.904837847600312273e+00 3.535362150031696515e+00 6.388229133143062677e-02
1.037653419044072045e+00 6.519377508370181928e+00 3.614239685489132548e+00 8.267515480043456655e-02
1.056667450091107519e+00 7.716790510933261515e+00 3.603922855869222452e+00 1.349118328901829644e-01
8.151161863129151586e-01 8.301745092183061558e+00 3.569361358904023174e+00 2.829217882147464502e-01
8.995848604341807331e-01 7.410026262407113151e+00 3.684052731325749619e+00 1.227251295909975726e-01
1.090087845205994110e+00 6.547505892572440089e+00 4.091892042457943468e+00 2.632904624362764623e-01
6.267243049799856580e-01 6.596464008529455469e+00 3.529095659950155728e+00 5.583577330668472449e-02
1.145374153170187981e+00 1.088671161356208472e+01 3.619303997578965149e+00 2.687469053143686643e-02
8.454932044310571326e-01 5.144507152093927616e+00 3.649697297012570729e+00 1.897240190202000576e-01
1.362362849720528235e+00 3.126159667670463271e+00 3.555078505491550800e+00 8.957055539152818102e-02
1.107499263999046191e+00 3.180168956979014805e+00 3.647515129932144440e+00 1.132136948022131884e-01
1.064872033344851587e+00 1.112966606146271253e+01 3.630345457825574496e+00 2.209380949730777727e-02
7.436339383801109371e-01 8.307959641277674834e+00 3.570008340334100527e+00 5.951180328235673722e-02
1.379104569796283153e+00 4.769799942221715661e+00 3.518985149839761295e+00 3.551354832046267618e-02
1.071214698656871356e+00 1.134765700847520264e+01 3.577596482793574673e+00 1.055692303471720828e-01
9.244510873739995027e-01 6.338630613741086606e+00 3.707047060511913017e+00 7.866965111072683758e-02
9.964077631786771860e-01 8.556692972005592424e+00 3.603159235712253938e+00 1.009592227812877024e-01
5.090801417065157208e-01 7.614266914039435008e+00 3.290632058630677648e+00 5.074211767087156294e-02
1.212215228993628768e+00 5.310233289712716243e+00 3.698677129071013869e+00 6.721328491653993931e-02
8.729633373691029208e-01 6.300089822023952735e+00 3.472370766089284633e+00 1.320246836235746124e-01
8.458793368352112152e-01 5.185878377239587778e+00 3.762351730756162027e+00 1.500859781196725029e-01
1.077085540461099722e+00 5.733580287183110080e+00 3.676807276319761453e+00 1.059996378385885119e-01
7.411629634015755030e-01 6.080803145498777873e+00 3.264068019370850227e+00 2.603873351810416237e-01
8.071627582167812953e-01 5.941885870688434323e+00 3.488346801976190292e+00 3.361135031989809924e-02
8.832862005285168072e-01 9.291100040796207438e+00 3.593285349924210337e+00 1.203678615514233025e-01
8.445169995379058214e-01 7.944432146077834211e+00 3.401891026012315411e+00 5.313684291999153791e-02
1.534110483857127338e+00 4.229281552956908996e+00 3.762578306167805309e+00 1.264899448103449509e-01
1.048677095985050656e+00 6.825379132009454786e+00 3.163453833397085191e+00 3.283480122669745205e-01
8.846512818993523819e-01 6.209686948398497996e+00 3.573417915556440061e+00 3.800102781547655406e-02
8.527641662974798642e-01 1.074754153810614632e+01 3.944649819291015103e+00 2.095530597408170881e-01
1.115522907805510000e+00 5.838445062382654704e+00 3.704388534375519182e+00 6.677868950896261035e-02
1.064729537608564813e+00 1.020951955851088577e+01 3.648147670953983290e+00 3.432762097517258471e-02
1.153727978336983373e+00 6.813277886578475773e+00 3.683822710702515213e+00 7.900258059370146579e-02
1.550265291611249374e+00 3.282699010398419937e+00 3.173023223075924548e+00 2.112276187128611649e-01
6.605308186941561965e-01 7.334163951893115652e+00 3.508209911864198727e+00 1.303111772026799842e-01
6.592063805510477437e-01 7.217300143219821607e+00 3.495391482597969279e+00 2.846990327262563514e-01
1.334475030533762485e+00 7.839745043294859883e+00 3.566601540898275413e+00 3.680690111227376271e-02
1.459451149358048427e+00 8.291490238042413807e+00 3.617068356241143867e+00 8.257373514614145538e-02
1.045402829111977239e+00 8.136129025862340214e+00 3.555314400079635284e+00 1.026897333537807877e-01
7.311248373234312536e-01 5.339267575473680694e+00 3.485894635306237443e+00 1.887207834218323221e-01
9.830062314721571548e-01 5.952341737711019931e+00 3.541678916921910503e+00 2.306050954655419760e-01
8.742234602338949667e-01 4.406927038261404306e+00 3.471709114845894728e+00 1.793549970978458585e-01
7.012740346305204042e-01 7.988532640769484772e+00 3.564042713921595329e+00 3.133032303205479652e-02
9.277552849405861224e-01 5.695064479604948104e+00 3.585681206320686876e+00 5.650249032306087910e-02
7.695680040421194468e-01 3.166996087731730025e+00 3.354575959401981500e+00 1.652899135519793894e-01
1.170103753356317444e+00 5.292450461828846819e+00 3.510529546398472256e+00 1.211522285825785833e-01
7.217407662288376491e-01 7.647123758378322478e+00 3.561383677118544977e+00 8.744307337288051429e-02
8.372562770774425456e-01 9.214250968273626441e+00 3.569659426348491316e+00 1.716088233772385396e-01
8.924171146423358625e-01 7.490023443002748138e+00 3.555396151662281845e+00 4.720035573685391062e-02
7.764041080893081537e-01 5.826149752791393688e+00 3.623818196699638783e+00 2.238490503119272279e-01
1.112637936685249018e+00 6.638500469394761794e+00 3.623582755459777704e+00 4.469994380804630935e-02
1.158178002732161982e+00 4.510316798760328538e+00 3.774739960861327681e+00 1.527494625652967841e-01
5.689952211328056508e-01 1.253066429712741581e+01 3.302103117156758305e+00 1.237724579783700818e-01
7.676624724466859506e-01 4.002501494543632354e+00 3.459846755430256326e+00 3.845538969303846644e-02
8.467448072790360047e-01 8.546333769797216817e+00 3.599195813443502701e+00 1.314638090021191252e-01
8.896034904375444974e-01 5.391530793834221846e+00 3.551016530187292020e+00 6.294769469014452334e-02
8.899085852219905668e-01 8.709080564799259960e+00 3.570981438289767329e+00 2.021657613564876166e-01
1.213006519645385195e+00 5.493918042307218030e+00 3.501817502905105073e+00 1.806739235610370087e-01
8.821355354791882153e-01 4.460049921557849295e+00 3.441234994397002200e+00 1.529332720970267012e-01
8.632989213540231965e-01 5.929931272774142670e+00 3.328322618351063245e+00 8.995553294102788533e-02
8.150140916005239600e-01 4.378932874443834500e+00 3.440827727935916958e+00 1.182622073404267227e-01
6.916565943855471632e-01 7.993204751139623809e+00 3.599817444291529167e+00 3.472037591265488277e-01
1.273434867863536768e+00 6.196760217964754069e+00 3.490173570330636466e+00 1.916978831449599185e-01
8.524236673916232299e-01 9.541511631363386314e+00 3.595566298641682312e+00 5.541185529995407838e-02
8.738074515522060715e-01 4.861244761164039474e+00 3.694200410559689729e+00 2.605907730743449724e-01
8.234236892484292358e-01 7.794778371075893553e+00 3.386072813207505749e+00 8.005535040058060769e-02
8.749302622989836298e-01 8.748200853408452105e+00 3.460418702718420558e+00 5.662236524650750974e-02
8.811159034166367032e-01 7.177510309975432712e+00 3.575806783093379959e+00 4.285827937701977564e-02
6.752772494938470427e-01 5.975312662592848767e+00 3.519559848247942213e+00 2.104501447210783138e-01
1.064511684905419919e+00 6.975711017532702840e+00 3.503429431600709965e+00 4.729950071955867086e-02
9.078694360882781922e-01 5.742082872280822592e+00 3.607214314726049587e+00 2.351347098535009339e-01
6.318721511559017845e-01 3.785521572332772422e+00 3.553759505700027965e+00 5.390161569521996487e-02
8.020991748601222771e-01 8.918968926865369795e+00 3.647605080697164937e+00 1.105228275388474568e-01
1.078233220322086128e+00 7.126183770123571293e+00 3.579911905402115568e+00 6.243607270915928209e-02
9.129522109447096856e-01 6.243822558112504417e+00 3.608279363497697734e+00 1.145633630186701502e-01
1.006574669860830440e+00 8.381881300414153912e+00 3.591317249567297587e+00 5.480490326981507510e-02
9.445530767119199034e-01 3.482314606101863497e+00 3.689986625782618379e+00 1.148998207152800988e-01
1.414063038223889901e+00 4.376315847962748862e+00 3.578543129833342107e+00 6.406578543125862613e-02
6.550212115718438977e-01 3.460532183174600096e+00 3.544070558038591390e+00 7.901239964064503407e-02
6.264759845982872388e-01 8.336805064132319032e+00 3.496256084892036320e+00 4.741983766498036879e-02
9.463570724427214920e-01 6.078737016618520173e+00 3.554544008299266089e+00 6.309319575788180368e-02
6.406874745959523221e-01 9.513370987982062488e+00 3.490386243655724030e+00 1.690747984236382340e-01
9.304848071981767221e-01 6.824280807089285084e+00 3.678035489665553381e+00 1.563452939893982818e-01
5.708644354780649799e-01 9.639373451250163427e+00 3.405779167433457655e+00 1.583857678841768812e-01
8.952510332487174649e-01 6.426957666605072284e+00 3.520430534879208206e+00 1.371951597867557826e-01
8.152136221218543310e-01 5.781524523523935422e+00 3.632804675119615467e+00 8.150343773600197961e-02
8.607898699321586689e-01 7.863934405652347692e+00 3.598834639469182139e+00 5.083243203088567974e-02
1.448258540062790090e+00 2.966123795677622077e+00 3.643686952225658082e+00 1.439891476247903146e-01
9.047843599805187598e-01 3.135922000760418715e+00 3.501985254554622617e+00 1.151738574813527399e-01
9.038033890851266960e-01 9.443421442736333660e+00 3.202942993816098927e+00 1.219602829898690372e-01
7.822472899584237416e-01 3.849402490266270238e+00 3.236709877150491188e+00 3.365962192009569476e-01
1.227696923270800156e+00 7.998030731637561175e+00 3.645311328798312989e+00 4.268430573039026787e-02
1.267913836601658462e+00 9.683196642443514079e+00 3.584553078772515722e+00 1.318674561757711416e-01
1.082661324568727101e+00 5.224323719231061425e+00 3.503212239306180198e+00 1.507261180500830133e-01
1.093261637813432108e+00 6.401458461347321105e+00 2.854183730014741460e+00 3.348725298068284117e-01
6.554883019523268795e-01 3.379607956343877895e+00 3.409226292832835625e+00 1.693335490093573759e-01
1.353216488016161012e+00 3.243387970165343859e+00 3.546830358265685046e+00 8.286327177890812079e-02
1.302993727869039109e+00 6.011929745946451575e+00 3.567039566582628662e+00 6.336988058467550589e-02
9.893230702881642413e-01 7.691194251539940296e+00 3.534095344197229149e+00 7.913106539161030017e-02
8.122383845127889579e-01 9.210619151860173659e+00 3.694539525472324115e+00 5.835039079411705187e-02
1.433377092961629184e+00 4.511410047582931071e+00 3.681115459398241807e+00 8.781655184730119412e-02
9.956939763567066448e-01 4.870017473472219471e+00 3.627743747284274178e+00 7.525655628195325464e-02
8.315073122629518254e-01 4.681896088425823166e+00 3.564386853944745415e+00 8.226904852978769722e-02
1.026910488156808743e+00 8.585478308425644300e+00 3.360829282539007590e+00 1.229941848493683876e-01
9.401168870742417916e-01 9.981124329796665862e+00 3.549752767147775323e+00 4.611711970900004426e-02
1.129470215687027546e+00 3.784426509779605041e+00 3.646689889749740843e+00 1.846400174441942266e-01
1.263764182931675251e+00 9.425806804878405387e+00 3.736239292040495652e+00 1.692971664097473461e-01
6.949741986092529134e-01 5.025765957691719521e+00 3.584688585767507707e+00 5.949363984535000621e-02
5.098048175983473929e-01 7.275356992682398882e+00 3.538355870524905633e+00 1.108902662982284293e-01
6.985399201041592177e-01 6.158144232788061778e+00 3.516674915483311903e+00 7.581778115287457487e-02
5.843342882812999628e-01 1.400380674037378270e+01 3.395665656952739031e+00 1.462905310058011943e-01
8.573241562910777214e-01 6.824301182835314172e+00 3.580630814176819054e+00 1.464532031381587385e-01
7.681781110439444005e-01 6.250985690097657255e+00 3.487750448865740260e+00 1.291419559367251724e-01
9.055366961005827386e-01 7.190735117324597248e+00 3.641953696880308122e+00 3.279058425136271993e-02
1.243253940808856983e+00 5.082113253443436562e+00 3.474964157462000713e+00 1.194522760932991284e-01
1.220882321367145806e+00 7.820323238834295587e+00 3.535563133499506350e+00 1.008940708586621854e-01
9.064985702734905670e-01 3.588343617557572696e+00 3.551575760454741992e+00 7.183316864173325267e-02
8.316229031311929143e-01 6.388993291153761689e+00 3.200989429837471256e+00 2.675253228328970945e-01
1.061318987906540556e+00 5.420722837166503716e+00 3.400657529217152142e+00 1.097453277726356397e-01
7.193249635304309608e-01 6.510187062674367198e+00 3.367686485422355602e+00 7.106547902977573827e-02
1.029133229597759991e+00 3.250540708959223313e+00 3.650207589186619028e+00 1.045944584135889144e-01
2.971252944142651620e-01 2.270890172014172315e+00 3.255408683264386926e+00 7.647600423381421819e-02
6.635336810367300497e-01 7.384108276370041857e+00 3.400142933001708556e+00 2.029919957535380459e-01
