# Hierarchical MCMC downsampled to get 500 samples
# alpha, beta, mu, s
2.056414503797973747e+00 6.255867983434963975e+00 -7.149298154731287269e-01 2.316616201885270954e-01
2.032348814803238479e+00 6.330027096743348736e+00 -5.277178755302772695e-01 1.263557140918815103e-01
2.126106470381181612e+00 6.089844920446613408e+00 1.786019731883640160e-01 1.578718278040859291e-01
2.423699388283792722e+00 2.874713222822558478e+00 5.898456202831801054e-01 1.110352856648458009e-01
2.092316812577166285e+00 5.265972653329479058e+00 -9.916772125480662892e-01 1.509865827203509259e-01
3.022233512189459237e+00 6.368495898973009162e+00 1.138259140332520403e+00 2.538637495661392740e-01
1.681384441035615795e+00 6.498812832583199750e+00 -7.576094892522013957e-01 6.821835762349262589e-02
2.048223207474298757e+00 3.767920015044129212e+00 -1.336217010267001015e+00 3.437223045404931843e-01
2.041514747983557587e+00 7.315516312522602149e+00 -6.615178052427806987e-01 4.532466126702260067e-02
2.757177793107156383e+00 1.181356197886660730e+01 -1.032956334832985767e+00 1.122540312802754459e-01
1.412818000311768518e+00 4.226739299362092694e+00 -8.689186270517343935e-01 1.203806101854851124e-01
2.094061027445672352e+00 4.553354793290888658e+00 1.073762780085663060e+00 3.538324430406594168e-01
1.777965132763049017e+00 4.603418702496722581e+00 3.051317102614125587e-01 1.500144230681837443e-01
1.894717037849664942e+00 7.705886775236861830e+00 -1.085230464702616471e-01 2.130177691780851812e-01
1.354797821749282871e+00 1.332520188225320723e+01 -1.411827688187524243e+00 5.799320111704464598e-02
2.478407197643288651e+00 8.030435990002027680e+00 3.497252980128487398e-01 1.205158776475979410e-01
1.689440080594731386e+00 5.054548897547681108e+00 3.343712264997056316e-01 7.911636601593610707e-02
2.215726949425022241e+00 7.318631574949814755e+00 -3.902174654706147550e-02 2.896307170496005834e-01
1.709200546253779374e+00 7.359958228469086983e+00 -3.109267185253128396e-01 1.670464948922336934e-01
1.730166195154863695e+00 3.667742432960422239e+00 4.022562105259430698e-01 2.408510023788229537e-01
1.472337409838794020e+00 6.895588418273573161e+00 -1.071835545017856939e+00 2.247366378298535361e-01
3.389720797686063936e+00 3.608103982036801494e+00 -4.125538188014679641e-01 5.136490879827372569e-02
9.337250037204971598e-01 8.533097196506023607e+00 -1.082993124753463210e+00 1.335241503530447682e-01
2.056612881467058784e+00 4.657423162848747467e+00 4.224214289640764175e-01 1.560166808517927939e-01
1.387797108695374426e+00 4.367145494458828381e+00 -6.576458379239344954e-01 3.762803166908413877e-01
1.897572644960510813e+00 3.820821083750826297e+00 -1.438310976304101985e+00 5.208187262014012109e-02
1.252135784332556456e+00 8.376692397964166759e+00 -7.585333459006984302e-01 2.223474706212316965e-01
1.553763246495993178e+00 3.048742000643943850e+00 -1.783522160938150414e+00 6.653530255541320604e-02
2.097997600946279739e+00 5.966991988141286285e+00 -5.349348584135751317e-01 1.537721879213229947e-01
9.541610959576264372e-01 3.462190268136772886e+00 -1.892581223762506371e+00 2.886618220627979459e-01
2.034238229618807292e+00 6.458105356932659191e+00 4.903651817037811833e-01 4.969330111072232936e-02
1.995501570863002172e+00 8.374792113511507097e+00 5.822985148573458503e-01 1.207649267936957288e-01
1.294479172204740181e+00 5.044467241225151000e+00 -1.324541286727531686e+00 7.808355079776335694e-02
1.277183017374554863e+00 1.097552381457703952e+01 -4.253386641079157093e-01 1.154062282920344795e-01
3.070852258198642382e+00 6.746932020692296028e+00 -1.830805174625147469e+00 1.242969801485819953e-01
2.518868753934893512e+00 1.233933316936521329e+01 6.289506735944312421e-01 1.635552036846689705e-01
2.144240383070886047e+00 6.925163149221613246e+00 8.493460909178423002e-01 2.630027923227250541e-01
1.826583215814331584e+00 5.585101521107464606e+00 -7.626951509497048587e-01 4.528947750246009596e-02
3.522366338822345622e+00 6.428273335174776726e+00 1.368779575583691788e-01 1.072022095707650113e-01
1.481717857414044159e+00 4.103758203910201630e+00 -1.084116621433950600e+00 1.001059835291438632e-01
1.462605243249413656e+00 5.242304723691384893e+00 -1.324007927841474475e+00 2.631282258546604469e-01
1.541362510813987230e+00 4.725330686885605758e+00 1.533802981445915314e+00 3.575223391068643175e-01
2.052335999161357449e+00 4.876253376760976366e+00 -1.085768517144586998e+00 4.498821302404006073e-02
2.890382498852065662e+00 5.386459516823136617e+00 -1.093015998986264892e+00 1.982197668626210219e-01
9.231478874288996384e-01 3.113239136928180884e+00 2.034333858337213363e-01 3.035409907464189927e-01
2.134854158419368098e+00 3.721535147349104289e+00 -8.794820820435059749e-01 2.162629789868556474e-01
2.584495527505340728e+00 4.416466302334070448e+00 1.450122028045782496e+00 8.412791083089161959e-02
1.143885367452347479e+00 4.020352692672704009e+00 -6.348127140487436204e-02 2.246070444561938939e-01
2.324999145063238348e+00 5.537754264986414654e+00 3.167906377103802962e-01 1.706472824373440333e-01
1.854691874003873142e+00 1.477368746792034315e+01 -1.654628677416832616e+00 9.681266034799500264e-02
1.637074121520229797e+00 8.052270385024282717e+00 -1.441069390856437149e+00 4.584005039341790266e-02
2.263260108178063224e+00 3.534836453786470489e+00 -1.012642875355732386e+00 2.731468115453454248e-01
1.980204272713847802e+00 7.218386162044009069e+00 -1.556951434857715810e+00 3.168879668136757172e-02
1.465248639481311344e+00 3.494383001126844412e+00 -1.540946242097180452e+00 2.416848795695645258e-01
1.886274267379641101e+00 9.871179980769802853e+00 -3.756913153703622665e-01 1.271903520691215483e-01
2.077683819818607169e+00 3.577720126555866909e+00 2.200334072389513729e-01 1.245522396117093034e-01
1.536407424947816569e+00 3.683383107025011149e+00 -1.638090075726524208e+00 4.345906533880173894e-01
1.803200550126752288e+00 4.884301704206496453e+00 -1.163866567607036107e+00 1.676518161239278215e-01
2.307369738935294290e+00 5.379739010961438694e+00 -6.566833152857163292e-01 3.639920997062898733e-01
1.468744029166396015e+00 6.513785960686890419e+00 -1.631584433774373677e+00 1.103004561297912245e-01
3.902881673280071073e+00 4.459574705685771967e+00 7.762701307294985753e-01 1.340369766709402777e-01
1.649768413320454652e+00 3.267582025187176331e+00 -4.147603713374570233e-02 3.265112157110918178e-01
2.707764792041856161e+00 4.841002011487130829e+00 -1.140378442418499061e+00 1.602802204301580491e-01
2.115762556616282541e+00 6.329447654334034112e+00 -6.999319122074643129e-01 4.756911725166738658e-01
1.751355963604396937e+00 6.375025005703687242e+00 -1.205792610603901194e+00 1.783698751599601950e-01
1.878275258291913996e+00 5.394486109764497606e+00 -2.004212435671183234e-01 2.204593713319148718e-02
2.222469149156883539e+00 1.035093368205248510e+01 1.021996991238712349e+00 1.124300602570762198e-01
2.677980048140349734e+00 3.315631625828328488e+00 -8.830127913536905959e-01 1.493934725024088639e-01
1.663254999271623458e+00 1.108518695623125794e+01 -8.128373015639728250e-02 2.865723701443315119e-01
2.080297033966130638e+00 6.710428135372919378e+00 5.962890515943992664e-01 2.273504607731499649e-01
1.766014872224780152e+00 6.183757892767404840e+00 -6.280821647084191550e-01 1.096685356445125381e-01
2.022574981140906836e+00 6.465188918910379279e+00 3.216210456316095367e-01 8.211270540001648632e-02
2.818969698964644888e+00 1.194800944228936324e+01 -1.471206700000390555e+00 9.814533268661421173e-02
1.610375274004132606e+00 4.344998020552888640e+00 -5.764795590780256163e-01 1.697782783021318243e-01
1.915765926247285700e+00 4.304133518230664812e+00 -1.483963365390372768e+00 6.251655482551016219e-02
1.697981685032172283e+00 9.597594073308764351e+00 -1.756673241127641116e+00 1.667790050182618999e-01
2.304912927462176242e+00 3.511426580359463756e+00 2.578948986230475415e-01 1.119537032470526716e-01
2.078654935635056766e+00 5.299641252336267705e+00 1.110897620399563079e+00 1.801956342763897101e-01
1.488388280528133656e+00 4.174758935457894893e+00 -1.049522960257853521e+00 1.746391428389406086e-01
2.397210814539810553e+00 8.965940703343369123e+00 -1.250320300539721430e+00 1.494372614915852049e-01
2.823945300758441856e+00 5.498127957083534412e+00 3.717784687783810549e-01 8.148646948037041593e-02
1.908804552093377849e+00 4.406262495912211641e+00 3.690772670876449335e-01 1.454813671704895117e-01
2.132184557163128158e+00 1.078221251385633650e+01 -1.394439160744983086e+00 3.649175589364154759e-01
3.281446417152169115e+00 4.052853015218955690e+00 3.318133011653512376e-03 1.441288234599179818e-01
2.527834049855462784e+00 4.324200042432636337e+00 1.421583276703004772e+00 2.203134443237773077e-01
2.201299187946272884e+00 9.311746827389395520e+00 1.691928421290320728e-01 2.438332989994432265e-01
1.654853969118918577e+00 3.963485376164958218e+00 2.684878245824746656e-01 3.352899946518899110e-01
2.271770160402969641e+00 2.741843695737928854e+00 1.366991200141903340e+00 1.466122242089673011e-01
2.401175214445022466e+00 4.604689084132261634e+00 -1.237080356873647924e+00 1.019469234779623174e-01
2.403660300937366934e+00 2.254700173726970291e+00 3.729381171390686034e-01 3.799477070779707644e-01
1.816847929708696352e+00 5.388581959771632235e+00 4.968307992669790951e-01 1.541799195579549031e-01
1.854088729826907977e+00 7.523649348932699432e+00 -1.324796015836414487e+00 1.819309513711990234e-01
2.757080991302822692e+00 5.368253327741820513e+00 -4.642793031084633260e-01 8.322963414681538996e-02
3.257742967390075073e+00 1.005261299950281284e+01 1.707863617634131526e+00 2.046730202799456055e-01
2.405147688256837224e+00 6.967413454847897647e+00 -1.005904466893100757e+00 8.412639560700972685e-02
1.852993258571296042e+00 4.511704042521372138e+00 -1.607289480311993923e+00 2.110285948324492900e-01
2.242161816997223944e+00 7.867068967399759138e+00 -7.074444750953596817e-01 4.262949972308366919e-01
1.921497322074543934e+00 4.758842369469391542e+00 2.326225271749669532e-01 1.172156593982329187e-01
1.334664300395817849e+00 5.823749073257013187e+00 -7.574097249828878331e-01 1.004950099938845404e-01
1.616569921444253266e+00 7.819410340313480923e+00 -4.254675116902897347e-01 1.113180601045989093e-01
2.825379236178859443e+00 4.283650155076237809e+00 -4.699674771171757914e-02 1.056145677323657717e-01
2.104945842944381695e+00 3.014093868802374399e+00 -1.373848542913525650e+00 3.472959290751505557e-01
1.660262506647694369e+00 5.236243257856526334e+00 -1.419846461827612316e+00 6.989086939974034629e-02
2.373601807872601999e+00 5.882686265524228020e+00 -1.035222776631431252e+00 1.375358711342279938e-01
1.201952135504576136e+00 5.564564004720264911e+00 -6.176476150927924236e-01 1.098645544708166666e-01
2.284214015479183679e+00 7.383119456983678219e+00 2.536527940039350337e-01 3.762582767431131292e-01
1.384754207800455550e+00 4.850551767131413783e+00 -1.624629381212275625e+00 1.726405104696736026e-01
1.711955784057080487e+00 5.659802249404483732e+00 -1.887299838360127824e+00 1.936012220087149627e-01
1.970946384342745716e+00 4.142692628535012744e+00 -1.626771959125673295e+00 5.253271869769243763e-02
1.596084782669468405e+00 5.533066121013153094e+00 -7.813181339014497739e-01 2.219521154955996500e-01
2.359886707853696919e+00 5.383520759971343494e+00 -1.730963462580793255e+00 3.655831994665149076e-01
1.667716766640644499e+00 5.481813166078373101e+00 -1.456195464717384258e+00 2.006381141356530506e-01
1.206375194224228453e+00 8.660348152446234238e+00 -1.372563007439782101e+00 9.521273192814397324e-02
1.985858331741176208e+00 3.167866999117189497e+00 -6.873857622730950023e-01 8.848714945850148783e-02
3.928798910545469258e+00 8.663018736426373323e+00 1.941673285218459721e+00 2.624409933933309902e-01
1.844529870091132562e+00 9.033211217288412698e+00 -8.052132133662892599e-01 1.629137346432404099e-01
1.708826468909790730e+00 8.933369081349038510e+00 1.861529590045024052e-01 1.650438200307815795e-01
2.282179532954936363e+00 1.524075308928636296e+01 -2.578032036175711417e-01 1.399530227605040242e-02
2.174382251198887950e+00 3.781206873018006398e+00 6.400041128297880855e-01 2.622771083724721453e-01
2.007113511466872779e+00 6.317306074815651762e+00 -6.882772666577787746e-01 1.123060741490668479e-01
1.675268768187104795e+00 9.581564307486056364e+00 -4.816647158541427776e-01 3.942106713860996647e-01
2.153763018567096843e+00 8.198417435719251856e+00 -6.031743928665100896e-01 1.681773864269872909e-01
1.969479862460800312e+00 7.810744634249860319e+00 -7.130529185065290765e-01 6.945639449665914900e-02
1.530316504128777400e+00 3.330241152913195446e+00 -1.400776360127473641e+00 3.538318503056965270e-01
1.404848841758779443e+00 5.544034945086902866e+00 -1.545456396587904013e+00 7.683474080981401999e-02
1.302321912045741659e+00 5.300388146599956940e+00 -8.796423971458832147e-01 1.456857131177001774e-01
1.771966165287391037e+00 4.948294661671188699e+00 -1.555068057745967902e+00 4.302112702239458963e-01
1.946548456858840481e+00 2.706150740032146729e+00 -6.418149243775799206e-01 1.804271961863678636e-02
1.498835518171715675e+00 4.579817141308533124e+00 4.547800048232478742e-01 1.979140592127386356e-01
1.836374237377987884e+00 3.542744243224818401e+00 -1.574395731441432300e+00 3.578938618137162408e-01
1.407174942430571729e+00 6.014336086382785496e+00 -1.262143359931346520e+00 1.523423159012798900e-01
2.086479298589568376e+00 6.700258304420480648e+00 3.302572718139491492e-01 1.549401363656725816e-01
1.216067957473034866e+00 6.378723144538963830e+00 -9.545034320686562879e-01 1.897958434252956239e-01
1.420966017293976869e+00 4.391822681309794696e+00 -6.453418323639987797e-01 1.629330687779454723e-01
1.131423849463869757e+00 9.276325263203990090e+00 -1.353157700004356201e+00 1.795947970620858924e-01
1.221585044801481779e+00 4.286468216175813417e+00 -1.603632982570827314e+00 1.484540992297725681e-01
3.311112161743551052e+00 4.158561734186581482e+00 9.926836659385813721e-01 1.824942608835408431e-01
1.875675620943044519e+00 4.135675621079349717e+00 -8.968998636256884094e-01 1.544902431827897271e-01
1.396388177437694500e+00 5.291540252467768823e+00 -9.676625630773540987e-01 1.086078795834989341e-01
1.800899287194918319e+00 5.972322511668947342e+00 -1.382089305872841400e+00 1.169199455492163364e-01
2.308156691325262244e+00 4.662605931739368437e+00 -1.395372660671757581e-01 3.574065585575957049e-02
2.061390169914278037e+00 3.343784047941741999e+00 -1.136099203043525074e+00 2.574261967936298801e-01
2.342569050237506278e+00 7.338012381097477110e+00 -1.006907107376594723e+00 1.299914628155894591e-01
2.272136235629238055e+00 5.623130191564585267e+00 6.688953375017752112e-01 1.499978298251447018e-01
3.051427368479895819e+00 3.962086494128639558e+00 -1.370592882172678162e-01 6.099078061640417214e-01
3.425042516617192945e+00 4.722180299434498352e+00 -1.065946302196115081e+00 2.530123774715222207e-01
2.214380048762919717e+00 4.896167891345309719e+00 -1.066863755575962580e+00 2.729985751130171168e-01
2.282926728558494212e+00 7.701233047753164307e+00 -1.340431379127150713e+00 2.905597218689755512e-01
3.118753104388600761e+00 6.294814316220645800e+00 6.096781687644484693e-01 1.423863063783996075e-01
1.601640587328097665e+00 5.283142316435661456e+00 9.189757783255557422e-03 1.090969897254779053e-01
1.615204875371057058e+00 6.323106200360422591e+00 -6.218708844730833629e-01 2.172563280553321541e-01
1.741640111590774476e+00 8.295538892773597794e+00 -9.109660087491572300e-01 2.390462891550043656e-01
2.725928081403141690e+00 6.430475325304991330e+00 4.072305568790542396e-01 2.031024454780049615e-01
1.926968987032499081e+00 6.545591903769238051e+00 -5.399668722947507105e-01 2.512925892711042053e-01
2.086385666627364799e+00 5.441408521969907319e+00 -5.435952580336007589e-01 1.640046722806411117e-01
1.209048161857602111e+00 7.173632226314252236e+00 -1.167665626004958712e+00 1.401839830451957480e-01
1.312897023435281696e+00 5.600438907714213599e+00 -1.023431300107774167e+00 8.299660652561641205e-02
2.227481385783982137e+00 8.581419775347077561e+00 4.206864052896557293e-01 1.372633175799862215e-01
2.492977012883738741e+00 4.271502098220538279e+00 -6.836467256267044768e-01 8.021452636587163287e-02
2.414375000689112483e+00 3.881604657984352613e+00 -1.348599740361072108e+00 3.746828844761489197e-02
2.445366978211920728e+00 7.033439362458961952e+00 -8.935614880252609193e-01 1.847816731452285033e-01
3.043866575923827256e+00 8.404982363921689625e+00 1.084926024428453539e+00 1.140879578821690499e-01
2.275903902176209304e+00 6.593968379008868119e+00 -1.307014670988411176e+00 4.328794303513046615e-01
1.340708770418553630e+00 5.336174328518952237e+00 -7.407013182961845743e-01 1.271395869299467574e-01
2.744850212760727715e+00 6.345709641197783135e+00 -7.643185543259536363e-01 5.960046031535148892e-01
2.349429287877748962e+00 5.124340830308652173e+00 2.657810383049524772e-01 7.965794259765518470e-02
1.846220553191800340e+00 5.679550945506748327e+00 7.070934218174111940e-01 6.833052690754745639e-02
3.288860907575831938e+00 3.466450163395420336e+00 6.400679778371018980e-01 1.981756046367736945e-01
1.946658979145968082e+00 4.163811043401317136e+00 -5.907326716147796031e-01 6.262536037153897117e-02
1.953211221758199612e+00 6.882606933251159020e+00 -8.572613697840610891e-01 1.889389953033897840e-01
2.389610629290752186e+00 1.036335050489829612e+01 8.906010710118624774e-01 1.192903732404874823e-01
2.602134099563666148e+00 6.328332692170625329e+00 3.883829076401400238e-02 1.634506902400077177e-01
2.061627806378073746e+00 5.610094159089792143e+00 -8.537124126685609049e-01 2.593888245109149393e-01
1.551269498583658590e+00 7.608127153811544474e+00 5.189109249485182040e-01 3.047078313552825657e-01
2.328969372069016774e+00 4.888412042376549138e+00 5.662954265885417060e-01 2.884896603603460119e-01
8.708852175042098853e-01 3.256015869564329535e+00 -6.350553169416361943e-01 1.556655398638860932e-01
1.502664701299831762e+00 4.518453411134916387e+00 -1.358068798184139059e+00 9.392631805520955390e-02
2.359376096194369499e+00 6.306307878766257424e+00 1.099839748551046048e+00 1.322274420783703108e-01
1.457681741355734806e+00 4.531775855403176401e+00 -1.680662308861747833e+00 3.144884307971317350e-01
2.255550541768228001e+00 5.270239430211782761e+00 -4.343687014762143139e-01 1.010296465986422199e-01
1.771849302882565480e+00 6.386817517591907745e+00 4.730760669879131575e-01 1.164241727116939046e-01
2.296354497912548087e+00 1.033081526927343674e+01 -1.544246778851520729e-01 3.185751678557525723e-01
1.904656918262226384e+00 6.526488913793571101e+00 1.639008211793400394e+00 3.019406887287766628e-01
2.177681040258045098e+00 9.490429993189721358e+00 -3.705008980703317079e-01 7.930048539840039989e-02
2.076390716008506221e+00 2.520065989636766091e+00 1.696188529755816132e+00 2.083367748808666042e-01
2.100201937373507466e+00 6.927625944737285657e+00 -7.333565063666109829e-01 1.420222007845197698e-01
1.543578230213879632e+00 6.933661090805027349e+00 -1.657764594441246242e+00 2.077241686865796133e-01
2.304746932459519559e+00 5.748918362164280538e+00 2.033309395080187265e-01 2.013037675202647425e-01
2.926557828893793012e+00 3.583245530626003816e+00 -1.922973475422996570e-01 1.450951241471486186e-01
3.096800336830118461e+00 3.084097491833996507e+00 -6.935904740343651342e-02 2.139776177296149329e-01
1.489533702854868968e+00 3.376617689369259434e+00 -3.722117717061118047e-01 1.257486491267169326e-01
3.104279968411091328e+00 4.165519675996727678e+00 5.038769286826217941e-01 1.216630226598212350e-01
1.915532020124860457e+00 5.139677912150818706e+00 -8.155894558291416629e-01 3.706510312316970701e-01
1.479660267250376027e+00 7.806362100397543635e+00 -8.011050595612491110e-01 3.633302567491006885e-01
1.405094312463113226e+00 4.712022689127024933e+00 -1.685527625999952539e+00 1.054506163214613823e-01
2.062480613881077840e+00 7.580397411189674806e+00 -7.291191030852849364e-01 2.691900929122739150e-01
2.202786520774149270e+00 2.852112021815258025e+00 -3.300362660390810943e-01 3.370709055256826403e-01
1.605705334017278219e+00 8.046295041657804958e+00 -1.854283533473724821e-01 3.176063567584023750e-01
2.009404621452053341e+00 6.257383734728920288e+00 -1.222360793263347567e+00 1.764665723843260869e-01
1.301323011244085892e+00 5.944680000732992298e+00 -4.020246247114820370e-01 2.762656620429845278e-01
1.389282254119986959e+00 6.895759790460357586e+00 -1.311848507897238614e+00 1.255348531417287694e-01
2.538687548291631568e+00 5.566101924070711249e+00 -2.028092335660464651e-01 5.321244911569167346e-02
1.377693921299996127e+00 3.940556143689940338e+00 -3.224671844695370937e-01 1.831981661411755946e-01
1.248457215112848573e+00 6.764362722576670706e+00 -6.885375637710552388e-01 1.618858949323820351e-01
1.832793986616271020e+00 6.237973754571779494e+00 5.660279944858148671e-01 9.800193781744286070e-02
2.517169556507333095e+00 4.391540835139956300e+00 -1.070269937939534621e+00 3.914119204612172276e-02
2.320679160698888133e+00 5.216382890372364578e+00 -2.261278427181421247e-01 2.117441335033643790e-01
1.398905533582240457e+00 5.756622972589655163e+00 -8.353521753209145473e-01 1.428989251373029290e-01
1.665410378214051468e+00 8.191062120429828397e+00 -1.798323090826720039e+00 9.760155933742117873e-02
3.338785214019662995e+00 5.326315391748847716e+00 -1.557926560633580149e+00 2.206144219686658747e-01
1.786808735391282932e+00 4.645277339050172039e+00 -6.627401639603076600e-01 8.196799617087166534e-02
3.164343184008626242e+00 5.915597868730399611e+00 1.095117620897159277e-01 9.936674556104695133e-02
1.447953485282565289e+00 7.482345450691462396e+00 -9.837009186184823006e-01 1.558815863365135279e-01
1.671942106608468315e+00 5.623523813388725756e+00 -1.775470140518788043e+00 3.628189308778199951e-02
1.504078883227121022e+00 7.939191247784249228e+00 -3.285223899571853012e-01 3.090371043805200668e-01
1.228447566158833215e+00 5.679079285915045183e+00 -1.913725483712892528e+00 5.679010546782323199e-02
1.689167857306584475e+00 5.278944937306366825e+00 -1.560235065367445939e+00 1.173959007460957105e-01
3.535450475918142210e+00 1.029959336887311849e+01 2.312109656939183466e+00 1.959433131239089743e-01
2.290942714545094461e+00 7.179686405205310429e+00 -1.312447678086135161e+00 1.800360647615873444e-01
1.848799677186223178e+00 3.822202208927200751e+00 -5.779860581685816179e-01 1.225709682275796797e-01
2.037449891097836474e+00 4.007774649962714264e+00 1.682167950543099311e+00 4.911733014217164461e-01
1.421221505381389916e+00 6.257156657396972577e+00 -1.219813326479169069e+00 1.432544334686020604e-01
2.342185662035445759e+00 6.886492979725405306e+00 -7.787898896205815991e-01 2.706346595633765673e-01
2.286583728030080032e+00 5.569631767435986092e+00 -1.416140737734917554e+00 2.030843072606166311e-01
1.530342841274955346e+00 3.710610610694253353e+00 -1.471700633000020852e+00 8.780524796079902661e-02
1.446759785214450922e+00 2.745309751472651882e+00 -1.277961708303625876e+00 3.174560339722205526e-01
1.936559459807654537e+00 7.029099693620567635e+00 7.422974822980016318e-02 2.445114228445894045e-01
1.144955172902297313e+00 6.285135631538491197e+00 -4.791129011430491635e-01 4.357867973341633117e-01
1.391634332900945514e+00 2.305931072259288506e+00 -5.628054733057088477e-01 1.670522799496652611e-01
2.168043775625412284e+00 8.166363604122418351e+00 -1.248736011643647226e+00 2.688294475333695699e-01
1.578639637712744070e+00 4.818795296009215967e+00 -1.754036258939400073e+00 1.709273259943235868e-01
2.083134217434252644e+00 7.924642460647359776e+00 -1.163106788960259763e+00 2.053226319278694256e-01
2.793523843365584902e+00 6.744038005267310787e+00 -1.123428103426344471e+00 2.820078987269531989e-01
1.373760649376002396e+00 6.948618927259969880e+00 -1.449561534423271958e+00 1.531172602045744457e-01
2.187454240238507985e+00 5.687691786437055086e+00 1.862077240349191420e-02 1.726787354332882940e-01
1.885055318388035195e+00 7.481587084974651525e+00 -3.123130286315743964e-01 6.976840921391844197e-02
2.013079576287164940e+00 8.538272067971865553e+00 -1.420846580654685498e+00 1.539505460241518964e-01
2.595174494407386678e+00 7.625748819999517814e+00 -8.765195180881404369e-01 1.580322175957403208e-01
2.726828916806232517e+00 9.151772137858918299e+00 8.646566497896994719e-01 4.086834006770938277e-02
2.998799993072773340e+00 6.988714546726403576e+00 5.201092194305955152e-01 1.535212107863310749e-01
1.732664256060933994e+00 4.494767087191723576e+00 -1.662820727291953071e+00 2.135495079398635754e-01
2.708737668997950099e+00 5.628008541852251412e+00 -1.026570897667104632e+00 7.951232240713770882e-02
3.512711422394039218e+00 7.452285527426877110e+00 -1.544035617620599821e+00 2.869717628607532101e-01
1.779547157496775389e+00 6.396415808100501366e+00 -1.955920468185630590e+00 6.586717532091341809e-01
2.651568432808816489e+00 6.811629136994044487e+00 1.170466867599883942e+00 1.035860302012431289e-01
2.320133711047422498e+00 6.325344841601912016e+00 8.702540184610448870e-01 1.339195586258498383e-01
1.829273253779917896e+00 8.824044368983322784e+00 -1.515160483168120020e+00 2.397105968259802267e-01
1.527081121238906602e+00 5.411234860441447303e+00 -9.230879683520543111e-04 1.630862590514247090e-01
2.050019425275297014e+00 1.121912038018101754e+01 -4.951886119976587897e-01 3.013774244149713954e-01
1.965735007304693749e+00 8.042922806006766123e+00 -8.736097112819196653e-01 2.116851221228832347e-01
1.193677844690264500e+00 1.005405188830653707e+01 -1.575356121951995814e+00 7.972830491587716562e-02
2.987898608643254406e+00 7.355378553962434118e+00 -5.440574860839976212e-01 1.248952338433406972e-01
1.691622167635408847e+00 3.053439806803000423e+00 -1.503768883399826395e+00 2.034606398350135292e-01
3.963106380538500950e+00 5.502100723826803375e+00 -1.576874881740645273e+00 4.090012006739673356e-01
2.188988460996313279e+00 6.927763494237080266e+00 1.076940684404669835e+00 7.048261779789993797e-02
2.111210314255087539e+00 5.388191672226874118e+00 -8.742369610382697553e-01 2.671128771131446311e-01
1.395851961326046053e+00 4.493860762098363715e+00 -1.168260553469002261e+00 2.393273403872681615e-01
1.753285249758834929e+00 2.818486866597178953e+00 5.052424846751353282e-01 3.047601085485317496e-01
1.221257345796716187e+00 7.548445938999684302e+00 -1.843049195533239981e+00 2.872002195744436381e-01
1.942882460062741901e+00 8.197925945548030668e+00 4.138685311725909255e-02 5.116593248777118186e-01
2.084121972827984948e+00 8.527737791991055971e+00 4.982648404595713121e-01 1.975043186864246791e-01
1.654420361727647393e+00 6.665273090887149365e+00 -2.037303802945238107e-01 1.854555048974511622e-01
2.253835636915828999e+00 4.045991240776942277e+00 1.809129251561071017e-01 3.655080699240712550e-01
1.989190044107438382e+00 8.610253633372703774e+00 -1.610609364908712537e+00 1.772971301129299959e-01
2.009849273285884586e+00 4.117723445282994277e+00 1.664547958719967635e+00 1.368174885338213631e-01
2.310667599660640281e+00 3.458042166450640220e+00 -1.487844810554295405e+00 1.075379814955050861e-01
2.098914647976103609e+00 5.068844965121815704e+00 -9.716777325450257630e-01 1.884391139365024781e-01
1.277543952064160493e+00 1.078902001266076738e+01 -5.141077895715335799e-01 2.957461872098507971e-01
3.074420934829962704e+00 3.157999059758153759e+00 1.021475133962440607e+00 1.050626135540088796e-01
1.150904591591492165e+00 7.365707586548073671e+00 -1.460349359065637120e+00 1.087063161376305015e-01
1.455959073935760406e+00 4.613102625383605826e+00 -5.011207637309791352e-01 4.424379563180197428e-01
1.614132491374953959e+00 9.823510305787159780e+00 -5.443005626914564354e-01 1.331037177339619015e-01
1.934735190441382313e+00 4.644820332051793343e+00 1.361354133668662425e-01 1.392917715178789428e-01
9.806231498851448736e-01 8.194775025765281384e+00 -5.565572169032664274e-01 1.523423111728417767e-01
2.088947413296374123e+00 6.793448003085086562e+00 -7.770669768653483411e-02 1.817080964244471852e-01
2.426477989113510425e+00 6.764773116650248497e+00 -7.033078976493896128e-01 4.098965223130932034e-02
1.483983589740870634e+00 5.458396915606756217e+00 8.065265113852138068e-02 3.898837136740067599e-01
1.796050503061051407e+00 3.160485414696061035e+00 -1.496348640489546078e+00 2.466214432416745650e-01
2.391790091016286368e+00 2.712523594091571510e+00 -1.022894861510481368e+00 9.851541941904606858e-02
2.990346096228089667e+00 5.395300497174651433e+00 -2.567186664930724005e-01 5.138715911663985780e-01
1.658454101880912912e+00 6.036705923605018675e+00 -1.313645800165040844e+00 1.425575613522070684e-01
2.338767130957690288e+00 2.977410954862543591e+00 -4.921406223775013355e-01 2.822018787267914219e-01
1.933372687002469448e+00 4.016961198459314986e+00 -1.765173848355493291e+00 1.031568678347068724e-01
3.828435654074036076e+00 9.117033026244312666e+00 2.011996508804259065e-01 2.020491949200415305e-01
1.700222424176976554e+00 9.644714543958446740e+00 3.134991891663911345e-01 5.001587926804703654e-01
1.331914528859608371e+00 8.077505379742330405e+00 -1.091382223492861625e+00 2.192723550616691719e-01
9.970306634145642555e-01 3.439681163430422295e+00 -1.515752867404367876e+00 2.300402117864881468e-01
1.761275182821876228e+00 4.894093689997730756e+00 -9.281671409353032809e-01 1.339220797342119129e-01
1.686624174505735541e+00 6.476559338929328113e+00 -9.898092849267918769e-01 2.221039010120451351e-01
1.985010985695169206e+00 4.330493282617521089e+00 1.014495921452068794e+00 4.863438190480075946e-02
1.231181200347412075e+00 6.117946939998075706e+00 -9.211392351602071260e-01 4.144643769675341871e-01
2.481767951640863945e+00 5.099790018677889947e+00 -1.016644438251467886e+00 2.143021829340251982e-01
3.806537030182447268e+00 8.671221622683397356e+00 -1.806102887708868066e+00 2.602251519557734483e-01
2.159301267889975229e+00 6.554186562607908328e+00 -5.479770874035505557e-02 8.188864025666847679e-02
1.636657535706058653e+00 6.153722118446039779e+00 1.935723564082904580e-01 3.813285323975477703e-01
1.283353531206141263e+00 8.172545646146319953e+00 -8.737570546311581587e-01 1.282328143474411597e-01
2.832857581752856291e+00 6.079869135413630943e+00 -4.124181160315063543e-01 4.633936982445912428e-02
3.374723685432081677e+00 3.245647610531306348e+00 -7.171963591908425695e-01 1.120597234381409957e-01
2.586268010608944401e+00 9.892717977794827533e+00 -9.210579190260925753e-01 1.787287086791877200e-01
2.103375111493007044e+00 8.505563183721445597e+00 -4.415497416176014100e-01 1.276863063171656543e-01
1.069002489012760737e+00 8.319500302522769175e+00 -1.867700891086611303e+00 8.797909436349431178e-02
2.632458441668676485e+00 6.308918249970029812e+00 -5.706309938116791436e-01 3.948546889446297725e-01
1.755732535649399351e+00 7.074715764830886933e+00 -1.038124968016023386e+00 8.753710689513098664e-02
1.929140027832245252e+00 6.667901267385365927e+00 -1.294430276267447999e+00 9.138062781632491638e-02
1.311703013063631795e+00 3.847017527320671704e+00 -1.519528147142512609e+00 1.661338767000698768e-01
2.736627285535565335e+00 2.824286420633720152e+00 -1.167985803117314703e+00 1.627889211433039274e-01
1.735493061415954719e+00 4.114744851471923148e+00 -1.750518160278783153e+00 2.006827903030129479e-01
2.324610947638252156e+00 1.288045566125032515e+01 -2.383207061818184980e-01 1.211937202931954172e-01
2.638578322627895378e+00 1.345210015968167916e+01 -4.596726289732286364e-02 2.574742674909558104e-01
1.676830148736665249e+00 4.905647455310582217e+00 5.095177267383010911e-01 1.574547127991584028e-01
1.938435968221494221e+00 4.271495956575318331e+00 -5.982860149935391725e-01 9.134187603297115599e-02
2.056511659441828677e+00 6.763494743478954518e+00 -1.354634713055322237e+00 6.399929752347499612e-02
1.646272430881893678e+00 5.119894920258864168e+00 -9.582141100886107932e-01 2.493913419249459418e-01
1.689191010361159595e+00 4.810667693928330380e+00 -2.954636606326767057e-01 7.410964343775069962e-02
1.602453734606382740e+00 4.826835581065915370e+00 5.753190762599380559e-01 1.978626964644786268e-01
1.844269395539999579e+00 6.339529499344371821e+00 1.002418403476393327e-01 1.236296116231818398e-01
1.521358242256303228e+00 6.607774792018268784e+00 -4.511806375917305489e-01 1.812618977858099778e-01
1.962145179142298801e+00 3.303143427198709237e+00 -1.562044439677437113e+00 1.789331045923613916e-01
1.344731027651090427e+00 9.294708709805229674e+00 -1.165260154413239935e+00 8.573503370902062215e-02
1.253272551581500860e+00 6.577738349834961973e+00 -1.894397726918273905e+00 1.611320946637326557e-01
2.172080961682657296e+00 5.175492048237524401e+00 -1.528991581415250489e-01 2.376421077881195609e-01
1.987220264229948352e+00 6.381845636038120162e+00 2.481853773442163347e-01 2.070944460427535938e-01
2.224069849869218185e+00 3.322707434674981197e+00 -1.484337906704176202e+00 4.087265062963225115e-01
1.551274462787092689e+00 2.705057929802256123e+00 -4.835635011370331693e-02 8.293857926430210636e-02
2.903449926153745420e+00 5.183409533599165897e+00 1.400746911181665499e+00 1.529678858851480361e-01
1.861091669669096449e+00 2.828332030067532532e+00 -9.797915166927784192e-01 9.549786147260617974e-02
1.540512704870188321e+00 4.258513549875907245e+00 -1.896736844717385129e+00 6.311234347204078277e-02
1.607615880753358706e+00 4.207071852089625530e+00 -1.393973667182334175e+00 1.436944294438715353e-01
1.476324820015777251e+00 8.036052570023962005e+00 -3.636530355468270970e-01 1.343282372996980056e-01
1.854261582852717138e+00 3.312005230265995692e+00 -1.205485427393664377e+00 1.049442838279308760e-01
3.209486638584206020e+00 5.588194523587514340e+00 6.178895268548858510e-01 1.490538143694833673e-01
2.405069379042056976e+00 3.480494682150790720e+00 -6.881067749424292224e-01 3.038354682623877756e-01
1.470133727247362243e+00 6.597366160433711713e+00 -1.734427669728264343e+00 4.089722738402682967e-01
2.621252546646000603e+00 3.560238588864988341e+00 -4.206262600452308487e-01 8.221463584088437027e-02
1.306673089931166709e+00 6.682461547899748666e+00 -6.104506615616729359e-01 7.258942677398259880e-02
1.357958247522507822e+00 4.547544751415673936e+00 -7.965420098550204386e-01 9.296282163716351743e-02
1.572562764656441514e+00 5.247717723752597152e+00 -1.666543889226869968e-01 1.063922927065523438e-01
1.908727658664073790e+00 5.950859587440568532e+00 -4.320284303582930807e-01 3.198944070090529168e-01
3.104776714557661688e+00 4.712496460788837105e+00 1.757586158898308604e+00 1.750187655649800000e-01
1.274015805452426875e+00 9.743365765912081145e+00 -1.193461526126685657e+00 5.191466325074790139e-02
1.852183437489143936e+00 9.243365862577540781e+00 -1.703568029826027397e+00 3.004725591790795014e-01
1.554826449721290693e+00 6.134341089596671459e+00 -1.404442458960317275e+00 3.226655935494112670e-01
2.495067344964639666e+00 4.127866096178984812e+00 -1.377714375298497274e+00 1.462005259503003363e-01
2.169605078300749224e+00 7.978255288916083821e+00 -1.704834034354584249e+00 1.911046455905565100e-01
1.799357074217670993e+00 4.267431333273413507e+00 -8.721848894278335651e-01 1.418845793539729172e-01
1.657980226138579649e+00 1.113011142863892999e+01 -4.267258470508334400e-01 1.104741510849264197e-01
1.171865424141088408e+00 4.841881140417251927e+00 -9.620362406907982944e-01 1.059303121615013110e-01
2.928049107975942533e+00 7.145216428291139010e+00 -2.804332376356444834e-01 3.398755475463685061e-01
2.239789554992483556e+00 5.029767398812214907e+00 2.587921432089487217e-01 1.662778336449549088e-01
1.636936699471749579e+00 9.145544189115771161e+00 -1.341236533320519175e+00 3.222908969615740360e-01
1.421648548046906324e+00 7.107585554974695796e+00 -8.526174949592848495e-01 3.494653504794003052e-01
1.727823629110247783e+00 2.795962875482929100e+00 -1.323102414014512895e+00 1.421053546696446901e-01
2.095955647295107305e+00 4.324357184542788168e+00 5.174695826338129301e-01 1.197382648493472562e-01
3.831252942612677792e+00 5.579889998755820812e+00 2.345971328262293820e+00 3.131594690501282585e-01
1.775153519418254833e+00 7.628393858074244527e+00 -1.336643235538260477e+00 1.901019889519241224e-01
1.791120676432115033e+00 2.894148939065984916e+00 -4.572802782160904078e-01 1.950897161392270429e-01
1.042212136935315669e+00 4.489855558419526993e+00 -1.782248458901040333e+00 2.850260715347421869e-01
2.368916511960320825e+00 3.992302671703912509e+00 -1.634574945413801716e-01 2.605712992364290215e-01
1.228728002379045670e+00 4.605054175953983808e+00 -2.444242187798745802e-01 1.669842084554105377e-01
3.824939848927988884e+00 4.105999347851263970e+00 -2.333230450352014040e-02 1.497115213177106496e-01
1.334350907919646279e+00 6.608781486129693405e+00 -1.466782110486319013e+00 1.866378457508075794e-01
1.658770089239245848e+00 6.042493012494207782e+00 -4.069045929392465233e-01 2.272118654480071998e-01
1.707241018148252909e+00 7.164469991699111695e+00 -3.211813573110120501e-01 3.121782021669441409e-01
1.420560726923187023e+00 3.484703430251870238e+00 -1.077288937758038134e+00 1.171580741907297107e-01
1.924623841781287537e+00 8.024596778801335262e+00 1.144049007369354332e-01 1.852109724948098612e-01
2.320564955953552833e+00 7.249803536502893664e+00 -1.799189788344857988e+00 8.696187921668446785e-02
2.271668683959262136e+00 4.199198022063922231e+00 -1.639605661490442845e+00 1.391584918893596645e-01
2.300593321266079183e+00 6.475630001187185236e+00 7.611524623197478689e-01 2.323397983641877218e-01
1.200087374388092432e+00 8.231032410960892776e+00 -1.236140336271341011e+00 4.438964777135497031e-02
2.639951960793974539e+00 5.802518178206096167e+00 -1.285248959908584565e+00 1.382581771828072514e-01
2.006605103501486909e+00 5.376593171698154983e+00 -5.539396795560297404e-01 6.994317424719992404e-02
2.256707230047016566e+00 4.434966405824472879e+00 1.447208203436144647e+00 2.599251035875538296e-01
1.461860329270871617e+00 7.698158221850898819e+00 1.592001130691255706e-01 3.087689783697730728e-01
2.953755441938819004e+00 6.585878828572255372e+00 7.733758942418920146e-01 3.265158909628972372e-01
9.005435604383029702e-01 2.778781934681173293e+00 -1.698662923257399093e+00 2.021626607793974018e-01
2.268496385075650323e+00 2.746367684924027941e+00 -1.825306611839769833e-01 1.997615850515667146e-01
1.890440221292832623e+00 6.387401995611249994e+00 -5.630187652826920131e-01 8.439349927719379252e-02
1.508224098000188418e+00 4.138781242111019054e+00 4.623886978851994289e-01 1.721850236444752436e-01
2.110719784970473967e+00 4.232812833847124701e+00 -8.687649289472555436e-01 1.326884724084769207e-01
2.152952513078318919e+00 5.184062888022651805e+00 -1.784802696013452650e+00 1.318358067953865342e-01
3.350709691622526964e+00 4.511029233601031585e+00 4.735287359415217279e-01 2.344106366769541649e-01
1.660897687892603170e+00 5.576708118397158742e+00 -1.030551379157162994e-01 1.493375646895682696e-01
1.355609211576987327e+00 6.571945213009112940e+00 -1.466606234882622761e+00 1.162812512926929553e-01
1.654853969118918577e+00 3.963485376164958218e+00 2.684878245824746656e-01 3.352899946518899110e-01
1.589579646982915540e+00 1.035919137811468715e+01 -1.657867023638346149e+00 5.070086204812337960e-02
1.330183358407891259e+00 8.523964293147797022e+00 -9.839269608434539904e-01 1.458109779824691976e-01
2.019845920654284921e+00 5.993376740674818848e+00 7.362776416719658545e-01 2.981356230579950140e-01
1.523768866879976924e+00 6.017302316561776721e+00 -1.274449486361011852e+00 1.595101836109636129e-01
1.935864409472871639e+00 3.750571258737378511e+00 -4.023356212001227838e-04 9.503621320079369550e-02
1.897356971138407511e+00 4.772213385313501810e+00 -8.408992235565920792e-01 2.705507139619428014e-01
1.903785414425620326e+00 7.723847289409754957e+00 2.476129047409021955e-01 1.784995520783787815e-01
2.258651303221626438e+00 1.044266037502929834e+01 1.493482017321541955e+00 2.793204301696797232e-01
3.148799165700517211e+00 3.139016121794993452e+00 1.289924847678163733e+00 1.220771315397948670e-01
2.517710330067257196e+00 1.051243399340844320e+01 -1.763659987074966295e+00 3.277676577833389671e-02
1.964908248515010225e+00 7.246466241343647141e+00 -1.853742165914191276e+00 8.085009231916459593e-02
3.364057758676604948e+00 6.895464984934694286e+00 -2.560152499582181718e-01 2.963307000011401460e-01
1.319043017163487042e+00 7.739315689553002642e+00 -1.517289923266529117e+00 2.369447878648456851e-01
1.219327544218925752e+00 7.329987020810054155e+00 -5.539001246044200633e-01 2.347865663547850368e-01
2.309737082729050428e+00 6.949936583637584597e+00 -1.403147629358611592e+00 2.662740413708901688e-01
2.072277374410433026e+00 5.449159458599075023e+00 -1.644937463172234438e+00 9.961405966681066704e-02
2.101199101266858271e+00 7.261556028885319591e+00 -1.600825136019026873e+00 5.637736029498829904e-01
1.382558376613272300e+00 8.636245764349576248e+00 -6.101941759957257849e-01 1.410007960808070393e-01
1.629220774305926378e+00 5.866989006941549789e+00 -6.020001562089418723e-01 4.703936642536681728e-02
1.411596731480240008e+00 5.058615076096872443e+00 -1.542637707275637426e+00 1.445562113471770271e-01
2.230043463307732843e+00 1.070847131575125566e+01 2.897908141235391866e-01 1.610526355391147801e-01
1.194762821097562489e+00 3.714592724330756379e+00 -8.545586362565866789e-01 2.027221534498874489e-01
1.305130055791984711e+00 8.242773793974675911e+00 -1.195014025057263174e+00 1.372233721025853115e-01
1.683199600297678344e+00 6.421139730774509502e+00 2.126067518603114714e-01 3.698315807423802615e-01
2.817227623414381377e+00 4.673351083359094105e+00 -3.188611790341273067e-01 1.341249366673607224e-01
1.950416915247016547e+00 7.700878273854844025e+00 9.932910760635109693e-01 1.604799806755923541e-01
2.662023842967533138e+00 3.410374619926126449e+00 -1.096834938679538185e+00 2.466347551681488115e-01
1.590420070188328427e+00 5.463644151984836661e+00 -9.490480704833982317e-01 1.843392735748527467e-01
1.697494068273027512e+00 2.780442955717016051e+00 -2.458035157495330747e-02 2.864872946382768792e-01
2.461506720172716989e+00 5.637567886064077882e+00 -1.045017534707545881e+00 4.554588048884187779e-01
1.032714945071298462e+00 4.389084372139369528e+00 -2.599954446707585243e-01 2.677006648148659296e-01
2.753376710903297830e+00 4.958528613333694324e+00 -1.169274893709133956e+00 1.064985458042158883e-01
2.158287135520873257e+00 4.141795001216958205e+00 -2.705226385823517599e-01 1.983924015215860481e-01
1.147890439651274574e+00 1.065712588649082626e+01 -1.154806143324375478e+00 1.985051028343824409e-01
2.153864297603984124e+00 5.386982992125783909e+00 7.722439978404839478e-02 1.176337195072010289e-01
2.478815772794492833e+00 4.908077371118437782e+00 -8.770037920297749645e-01 1.760032376954843714e-01
1.496570523355520876e+00 5.721535364133968571e+00 -2.506773551862587768e-01 2.125318247794862891e-01
2.399327528014949085e+00 4.476171218042015454e+00 -1.108821388870738556e+00 2.259896350176473501e-01
2.128386012769083013e+00 6.446666585346350509e+00 -9.789395241929310654e-02 2.438579483110202006e-01
3.022313217803297203e+00 2.941803041099941840e+00 8.088042924296011682e-01 2.837978931998004217e-01
1.563640324491639477e+00 4.108213311896140141e+00 -1.569389767254467216e+00 1.006810427322088475e-01
2.209784353447088900e+00 6.238526605208682518e+00 1.001226726819149648e-01 2.540541949942582978e-01
2.447314906364263631e+00 7.792453129726181871e+00 8.988478690949111005e-01 7.457925046081469167e-02
1.464869470841954735e+00 8.045968912792131889e+00 -1.138296056490327057e+00 9.170091822531892256e-02
1.841384182179163886e+00 3.262464876518707868e+00 -5.962332293334455802e-01 1.967445092807670881e-01
2.379922666517398255e+00 8.700043488734932495e+00 -1.394192549721119834e+00 8.462604769602113941e-02
1.688365149860246106e+00 5.030251322397141678e+00 -1.688996331439362786e+00 1.457946877830339494e-01
1.259025159724258991e+00 4.510298631730176311e+00 -1.719947969659205711e+00 2.005851615864747417e-01
1.252752298337012959e+00 5.537464385737288275e+00 -4.441960375623195123e-01 2.080175757163766348e-01
1.479444252772152746e+00 5.399526982761898353e+00 -3.858714101321035761e-01 1.375634144037746198e-01
1.381559255935910668e+00 7.021969709948538529e+00 -2.830154566657361870e-01 9.947273771477282978e-02
1.739553326054989801e+00 5.907168004776296222e+00 -1.274491900447259241e+00 2.643357753548700173e-01
1.908601325971051255e+00 6.225712456525091199e+00 2.278245638862629319e-01 2.625467546776452110e-01
1.571277074508867999e+00 7.274895373641152574e+00 -3.581194786606687330e-01 2.537586543812421769e-01
1.666422569288632749e+00 6.372067947589839854e+00 -1.134177443509403860e+00 2.757058790548423399e-01
1.795886491352016945e+00 4.356008775914286701e+00 -6.627619522134666763e-01 1.242601290979855333e-01
2.375435129609874796e+00 5.093779314811747838e+00 6.582540302202788407e-03 2.356482550394618791e-01
1.658934950365072769e+00 7.133602707263046128e+00 -4.958368832000069615e-01 2.006248037344001700e-01
2.551872407309621504e+00 9.370131763407782088e+00 4.434029707668598608e-01 1.341669692734764885e-01
2.732670395862665469e+00 6.489879509327831641e+00 5.139879110289439224e-01 1.118337594629066900e-01
2.680566576331774087e+00 6.211623207934230173e+00 -8.659710590613705072e-01 1.512630440584067371e-01
2.173778491988134220e+00 4.940730174862933310e+00 -1.535675260947447995e+00 1.742752369105095289e-01
1.196028014997172484e+00 5.386630101062989340e+00 -1.396981171826296109e+00 5.611636589473845138e-02
1.339370398000624851e+00 1.187319425258520589e+01 -9.227843013821802609e-01 1.270196939583635998e-01
1.191609731829088581e+00 3.913503620384983783e+00 -1.650252704467450648e+00 3.414356747435277895e-02
1.982636126803992260e+00 5.571302356106179410e+00 -6.322710586894536577e-01 1.424616128966518236e-01
1.823129878231570578e+00 6.161684695404668233e+00 -1.385706740754379496e+00 1.835001744314204708e-01
1.172291546080632907e+00 4.897802129629652335e+00 -1.427580766913513877e+00 2.308648518364298519e-01
1.978596080866362295e+00 6.537272844153081408e+00 -1.623895211661554594e+00 1.204638913079170981e-01
3.273647948382013784e+00 3.135836828694896994e+00 8.849048621693560435e-01 1.214200636473135309e-01
1.496119231071086242e+00 4.653406173609655028e+00 -5.589437595828049554e-01 3.216705652713276464e-01
2.540923282599852229e+00 5.033583965254830872e+00 -9.215089853086819716e-01 1.159040126410890575e-01
1.624294860935598495e+00 4.772889980249024333e+00 -1.409837788021372162e+00 1.834249544496152629e-01
2.725542185766127279e+00 6.287320552434343846e+00 9.030274572216437923e-01 1.679915582709363975e-01
2.699026453348384980e+00 6.031663734735141169e+00 -6.581503293997391646e-01 3.892541759331604179e-01
2.116592227224680656e+00 1.029236394412617805e+01 5.470041366145609318e-01 1.997487558705074162e-01
2.260044177183108793e+00 4.940062781161671523e+00 2.471964846988615738e-01 1.823536011310977756e-01
2.273595835201258186e+00 3.743498218642161923e+00 6.781883738785010607e-02 2.603088991759910376e-01
1.276233021145554591e+00 8.237562251184542106e+00 -1.350382683668778450e+00 1.017697651982884255e-01
2.999123660508176581e+00 2.611286896719433592e+00 8.853315936402570419e-01 2.537193873663569077e-01
1.516438605386343008e+00 8.289770001748776096e+00 -1.696138328545238050e-02 1.058538676690907177e-01
2.425196917280295406e+00 4.960527814005228464e+00 -1.774155922487494319e+00 7.966161606552658869e-02
1.428221422272137220e+00 4.539010815531536736e+00 -1.025621193501008888e+00 9.481818264296529297e-02
3.696025248836331656e+00 6.517068639773419214e+00 -6.477172864426599119e-01 1.371568982474633547e-01
1.620190258490062707e+00 5.420046374387867516e+00 -6.220480416275747659e-01 2.617948407953756274e-01
1.299321916725757253e+00 6.768008154080924932e+00 -7.621880837565537803e-01 3.054389737806394445e-01
2.031690048085987854e+00 3.824765768005511379e+00 1.033579231176387392e+00 2.763586749421182431e-01
2.775711795507035173e+00 1.192176079828294277e+01 9.293200732141970732e-02 1.155304378156132850e-01
1.756720081412278311e+00 6.055888593849272361e+00 -1.664225028694773734e+00 1.652328154658448955e-01
1.222978221048454106e+00 6.926070417269483137e+00 -3.199232389652763020e-01 7.788734073383990486e-02
1.625011526612833324e+00 5.375181322148829821e+00 -1.541028704647459113e+00 8.616360168499839767e-02
1.777759768041721422e+00 4.859676791852129973e+00 -1.078522089602843792e+00 2.497780214600862358e-01
1.217061044356850585e+00 3.691839384185048090e+00 -9.839926470496498379e-01 1.463924034375682914e-01
2.936880450420134014e+00 7.210413679685447441e+00 -5.190085050015191825e-01 2.020572315113491890e-01
1.292434225234727840e+00 6.936601919078250411e+00 -1.085713235461139181e+00 1.259899876578289002e-01
2.376382863056554218e+00 4.561662920411655442e+00 -1.163008992118435891e+00 7.846995725196616311e-02
2.507926316027688340e+00 6.932220547723969339e+00 3.156499874147755125e-01 1.472677707814639136e-01
2.576827596551084731e+00 5.952555501934093662e+00 -1.155651383308302194e+00 2.850351579640265087e-01
1.224907901517480191e+00 4.833585565966810549e+00 -5.807704671548805653e-01 1.808427167463093621e-01
1.907997565782500127e+00 6.047064171018605272e+00 -3.808816120423737517e-01 2.602098704114309546e-01
1.232092372516556900e+00 3.569357391287921732e+00 -1.200773999009172810e+00 1.863384926348057025e-01
2.330509731970076714e+00 7.005531022360874438e+00 7.879352819775062855e-01 1.764942555639650301e-01
1.536237941116151529e+00 8.723732868077821223e+00 -1.056949675481526407e+00 2.418550177944726043e-01
1.413063011781974243e+00 3.840193758991013340e+00 -1.527000804009771340e+00 1.391420401693681530e-01
3.018156372023117484e+00 7.192452816144825789e+00 -4.483747120162389077e-01 4.529469767434626121e-02
2.379812423470554883e+00 9.053568787212885383e+00 -2.457687099797811747e-01 3.296352245586939844e-01
1.170679033838184724e+00 8.950516009467802903e+00 -1.787837122725053352e+00 7.054295055598919229e-02
2.980469179178101946e+00 6.939367812576730188e+00 -1.459346514147977780e-01 1.130676127869990610e-01
1.403200294252412217e+00 6.820504211176039000e+00 -1.334353143442684519e+00 7.401138208294437693e-01
2.104084297323808972e+00 7.011848270833890950e+00 -3.104116167742089760e-01 4.949913426117258930e-01
2.441208162558279771e+00 5.593933481698009302e+00 9.470656719637420284e-01 1.844876633243180408e-01
2.366855861210999556e+00 4.812465427162514686e+00 -1.195481434849598790e+00 4.116151070507764742e-01
1.789352288154146375e+00 4.070764976682901271e+00 -1.403878207629760455e+00 2.612400057157059363e-01
1.507645096554925068e+00 8.943331636050913858e+00 -7.922780853837125825e-01 1.817928895985637672e-01
1.519104914432652276e+00 3.386850715162855963e+00 -1.393688402303967289e+00 2.501633917106062532e-01
2.392479288658189596e+00 5.931343124438457792e+00 1.748813095411974605e-01 1.485232815927447214e-01
