# Hierarchical MCMC downsampled to get 500 samples: alpha, mu
1.961262602414799439e+00 2.503227327254552659e+00
2.039308141044985145e+00 2.483846469085503106e+00
6.934014446893927985e-01 9.369441547159076400e-01
9.185652866018482188e-01 9.577650782589514078e-01
1.283348747109630761e+00 1.774636497031979232e+00
9.911193796631778685e-01 1.099127596223292702e+00
1.272118569467882487e+00 1.271040190604980413e+00
3.423261094055295661e+00 1.897694506585832386e+00
1.611849842472288685e+00 -3.024708815995880151e-02
3.084169128207096655e+00 -1.646977800500726563e-01
1.494414499187597389e+00 1.652116233150701330e+00
1.507581110095675969e+00 8.078817212979201301e-01
1.273815268554303382e+00 1.455979948690997672e+00
3.121947631993249317e+00 2.442806075411047217e+00
1.433926762529415200e+00 8.314935577021906887e-01
2.678176096454510269e+00 1.709117983121250628e+00
1.260479233266887489e+00 1.820407159258504493e+00
2.230321356749613404e+00 5.854335922768215683e-01
2.932513763395929285e+00 1.219343743347042874e+00
1.887782547552944390e+00 1.755656141685365323e+00
2.466200817871386342e+00 1.397267946738288469e+00
2.379018998411578156e+00 1.164135890692578723e+00
1.756175489005910251e+00 9.195619458041989214e-01
1.188407315893676319e+00 2.085952054657454369e+00
1.336274838911062579e+00 1.661989069368893901e+00
3.585853328921949412e+00 2.803304520280636591e+00
2.315089743988237636e+00 2.413162099490223422e+00
1.475148353809912827e+00 1.543084697024273311e+00
1.170328009450327889e+00 1.566468020882646917e+00
1.255378545593006878e+00 1.459265920569078334e+00
2.165600135849610641e+00 2.239408620258041882e+00
1.616692835887254986e+00 1.221779886160841766e+00
1.029779999263186863e+00 -1.402974710429438499e-01
1.591773118655300356e+00 -6.238377517952753415e-03
1.087692767228055191e+00 4.459691634867577470e-01
1.065083611085857695e+00 1.087193009972840185e+00
1.087595424496500041e+00 -1.958171198858139339e-01
2.036536440720743357e+00 2.239149405223100242e+00
1.456148467111429978e+00 8.645695035426224084e-01
1.045025942467384894e+00 1.890917010427801692e-01
1.108019614413733311e+00 -2.438761167128405405e-01
1.038433949116138733e+00 8.642969341397452876e-01
1.205389083106319426e+00 2.356600343723974367e-01
1.208599879218881901e+00 5.609748961920291155e-01
1.198753071213807697e+00 8.799786694223332706e-02
2.174205658312803546e+00 1.777557027078230156e+00
1.573359580333903773e+00 2.239492906423467211e+00
2.196776099901845747e+00 2.406382585861085666e+00
2.122031683988743644e+00 2.599267191295243862e+00
1.677791687634910600e+00 -1.065804286007566049e+00
2.205254673322502690e+00 -3.304912975003728715e-01
1.060278674392675757e+00 -5.466725289693641354e-01
1.509868306622887291e+00 1.771312118974784244e+00
6.802250347405618403e-01 -1.379835021226383240e-01
1.050942390224573142e+00 1.556568156160299754e+00
2.235027693261183668e+00 1.495694633010806740e+00
1.685209650025274231e+00 1.221679435134372493e+00
1.803322434221475312e+00 1.923613441382421296e+00
1.220546920418625447e+00 1.941617247818432812e+00
2.047422110708087661e+00 2.006785377050330332e+00
1.462889914335460562e+00 1.936135250947817799e+00
1.342989169980670194e+00 2.285930209743620267e+00
2.982731732799855706e+00 1.751324729724834439e+00
1.179470619659076736e+00 1.361404031354602528e+00
3.806787247155164700e+00 1.443658478646262067e+00
2.029434223617150312e+00 1.982236620577876751e+00
1.076577585146942351e+00 8.260831294940449432e-01
1.659760735531485176e+00 2.688845002339529389e-01
1.770306813409423530e+00 1.869469202712521927e+00
1.812936274607322762e+00 1.974176920924032297e+00
1.778400132615626017e+00 2.471020493161382170e+00
2.172385075544026822e+00 1.630881725090985057e+00
3.203406293077811551e+00 2.662769391558067689e+00
1.409256216000431383e+00 3.609726667535996247e-01
1.297559687873388601e+00 1.197009563931867415e+00
2.461216089449984601e+00 1.621156445238268962e+00
6.442081499591763016e-01 7.873155091700494157e-02
2.726541107024015087e+00 1.825121700261112423e+00
1.563460732186524371e+00 -1.121537157627912951e+00
2.027573983439862726e+00 1.021187567368105897e+00
8.952141802709809859e-01 2.790712840834906339e-01
1.012587167784427367e+00 1.232527464333559308e+00
1.259701714298091746e+00 -8.107220665891505806e-01
8.983174840041991960e-01 5.372584398910387193e-01
3.234191856140544274e+00 2.038019896612972559e+00
2.164516019097431521e+00 1.488803859691000930e+00
1.886613414668254940e+00 2.021768214647086559e+00
8.288860488896097056e-01 2.105070435832479547e-01
1.904418721056741370e+00 5.146508765912224392e-01
1.302531224757081718e+00 2.090559767153376658e+00
1.958955912279340961e+00 9.950944367859505535e-01
1.271670691816152221e+00 1.966089126338340431e+00
1.741320678267546329e+00 1.583572917808784064e+00
1.833940520695110932e+00 2.747566230213239979e+00
2.108354275565975211e+00 2.081817671309424966e+00
2.982322583044663578e+00 2.298082340146651692e+00
1.343861398557918863e+00 -1.839075140996129232e-01
2.314769050910757464e+00 1.947405883488556810e+00
1.837208683184200275e+00 1.762341446269778844e+00
1.888480169673172560e+00 2.743805093110328386e+00
1.961714078270418105e+00 -5.848118119635965506e-01
1.423424805576771979e+00 5.414061956947959775e-01
1.037679325714698342e+00 3.327411005911211639e-01
8.205286558299693667e-01 9.861092463863486701e-01
1.157276076304855517e+00 1.843308410095062300e+00
7.686671177546314793e-01 4.308988223426801212e-01
1.898268380602061711e+00 2.348158636084422213e+00
2.836624903104531192e+00 2.463201663329817936e+00
1.200358688046661015e+00 1.482669525762991825e+00
2.152513445418120064e+00 2.150392029659344839e+00
2.291607843186357130e+00 2.068978286143910328e+00
1.169497718385692941e+00 1.258483037775099511e+00
1.241161612378078649e+00 1.728222173878583678e+00
1.736285466316104920e+00 1.631026322269562900e+00
6.853454516841892552e-01 9.061330760942196694e-01
3.024838116196374216e+00 2.214726245983410780e-01
1.264499661415944942e+00 1.409291586942807095e+00
1.717591858619430312e+00 4.148469570031195763e-01
1.400329093926444779e+00 2.044339006654502189e+00
1.575801842871932479e+00 7.963977149104934927e-01
1.199519047873940814e+00 1.831084169547629203e+00
1.641912243585653464e+00 -2.286194053715697727e-01
8.251255202023624058e-01 -7.241475830352096521e-01
2.374998774508711108e+00 2.878548970073957491e+00
1.742341767776429018e+00 2.544840332997110544e+00
2.180698168940815140e+00 1.640540310259787304e+00
1.698227507143399873e+00 7.742109571822186620e-01
1.239308446336295333e+00 2.048830740104506720e+00
1.518771204379064654e+00 1.389785078821376807e+00
1.911343715777679586e+00 2.766791386544671938e-01
1.614788308368337866e+00 1.393342505538325282e-01
1.823105536176123476e+00 1.862091129825285130e+00
1.911138486585474583e+00 2.591577049511937236e-01
2.045898233479394257e+00 1.431148333534304484e-02
2.232349702939805614e+00 1.142728763564640149e+00
1.790252424132643849e+00 1.557462080461489373e+00
2.825968114318643032e+00 1.344775807296330505e+00
1.543718345777312040e+00 1.387596399002633873e+00
1.735101579499423563e+00 1.542833069106523070e+00
8.260516441010214983e-01 1.433799160424644503e+00
1.902566417442514979e+00 1.863124637004397677e+00
1.231830303315877506e+00 1.447228907054270319e+00
1.742916634128806708e+00 6.221084692990852538e-01
1.803924657552620880e+00 2.717634765810678754e+00
1.893934034770985209e+00 1.449425619257707076e+00
2.773023204982097756e+00 2.286309700107695519e+00
1.299354592780800344e+00 3.172118880679936637e-01
1.859635951302802681e+00 1.529557086053354054e+00
2.183713945160259406e+00 1.907066036243754370e+00
2.292911657478071685e+00 1.250545761462896088e+00
2.486275433378198230e+00 1.466896781095087254e+00
1.831215262880182992e+00 1.225302509692951292e+00
1.593563350241206544e+00 7.166790854128928245e-01
2.860307010555548146e+00 1.343863955138624666e+00
1.454297658015759831e+00 1.682742514910795517e+00
1.490600386449931092e+00 9.358919556794456085e-01
1.372025373152462313e+00 2.064295540828725795e+00
1.424117294379146470e+00 1.159744044038470090e+00
1.317248120973489200e+00 1.989366187592897406e+00
1.526056117930860268e+00 7.413678275375832349e-01
2.251652361345773290e+00 2.043313852381188234e+00
1.000552423311777961e+00 2.407109173841892158e+00
1.089016394298279122e+00 -6.562368755534360165e-01
1.516930688459763532e+00 4.567773629291586035e-01
2.344347925986014047e+00 2.261396589298404702e+00
2.111292134123134545e+00 1.274923599225163739e+00
1.506926756774219278e+00 2.936211161343860176e-02
1.491529856944843191e+00 7.816765189754051324e-01
2.390356420921750491e+00 1.969704290860751827e+00
2.719727780198553546e+00 2.121321364577881230e+00
1.516938257927913147e+00 1.314123562744090146e+00
2.246740741490414806e+00 2.310461769512080821e+00
1.899468532384068320e+00 1.355574725582320728e+00
2.296388922174031677e+00 1.976593635366306279e+00
1.774575281565572205e+00 1.611540873680006758e+00
1.414770072679651047e+00 -1.088597878042101286e-01
2.307962554632338570e+00 2.376791342234797266e+00
1.408726698855212289e+00 1.010380259683679727e+00
1.677660534390970293e+00 2.232058403045387607e+00
2.175807272157785910e+00 7.574524683937340352e-01
1.720804890302960910e+00 1.500019451199885667e+00
2.430781422518935031e+00 1.670158111561344194e+00
1.801650181256450489e+00 3.072908937596801504e+00
1.241768047728036173e+00 3.565427343572914465e-01
9.686293190731750657e-01 2.498931594003829915e+00
1.760208695157959635e+00 1.714784498802103263e+00
2.757097850657169058e+00 7.041899585861635114e-01
2.110138890597322181e+00 1.220243593362346779e-02
1.138346497951296055e+00 1.453620600113079697e-01
1.849963424909413012e+00 1.482763942671814661e+00
2.558911750854391709e+00 6.335874856532538457e-01
2.234751364325739953e+00 2.088809366374181575e+00
1.468036583030057907e+00 1.210385656463583981e+00
1.078415189879615488e+00 1.312133378280647911e+00
2.570500620062902808e+00 1.391880346544220659e+00
1.474545637946897747e+00 3.772448443535150742e-01
1.748989162249578566e+00 1.673206437875734975e+00
1.808435895117063597e+00 1.488711857027304797e+00
1.535585046574488466e+00 -7.556289698362828045e-02
1.382951173275141388e+00 1.400281705815800581e+00
1.018083454122671316e+00 3.930664059273400457e-01
1.020864316307009245e+00 2.188842605516166717e+00
1.814877456722878701e+00 1.646480632523659393e+00
1.549759902157682001e+00 5.648665678787168076e-01
1.240946247969281879e+00 1.498204771719717554e+00
1.050942390224573142e+00 1.556568156160299754e+00
1.229747528511551558e+00 3.868061008878997398e-01
1.896827045267212908e+00 2.081564704805289434e+00
2.493906742187256498e+00 2.033712028503865898e+00
2.151235553176441773e+00 4.104516997623764984e-01
1.599946625942969547e+00 2.187516683707041221e+00
2.136893682298634189e+00 2.668023439107088279e+00
1.378893625083045915e+00 1.583513294279505379e+00
1.436487944382338178e+00 8.716398168990319162e-02
1.975351945070799253e+00 2.367651382231764856e+00
1.264720070630457327e+00 1.124588220065309230e+00
1.363972558627728704e+00 1.406144451580609023e-01
1.554910113959837359e+00 1.513794126968652343e+00
1.573042293025699090e+00 1.361264837818745299e-01
1.675676854294984475e+00 1.622348097069325368e+00
2.663136247515964339e+00 -5.827638815827853591e-01
1.399541685708333372e+00 -8.894082629735716727e-02
1.521222469055401705e+00 1.564578166733845199e+00
1.912995566015653903e+00 1.886112298772233853e+00
2.036733114593727745e+00 1.574969978403226722e+00
2.060341000994567295e+00 1.097703719725137361e+00
1.432227759672147549e+00 1.155403694819078453e+00
1.735300476254423518e+00 1.074549127407991245e+00
1.392207328510740139e+00 1.279541083178468153e+00
4.155120295893239835e+00 3.295374224541552266e+00
9.460856378739332939e-01 1.513980641609231403e+00
2.589987173702457568e+00 9.803786314560176685e-01
1.904131979749323467e+00 1.369581412013444854e+00
1.348378460427853698e+00 2.159028690507073023e+00
1.066741669851773322e+00 -7.930042754456561038e-01
7.149643907186168379e-01 -2.437655442086192892e-01
9.948559115343555970e-01 7.628536585366393341e-01
3.477250778367595441e+00 5.848443477527168199e-02
1.321873441955681239e+00 1.492168543212530896e+00
1.830422352658997331e+00 3.801804764817819926e-01
1.467882850029819775e+00 1.839865434804278443e+00
1.068818778789363044e+00 9.331874062028908678e-01
1.057389985572139368e+00 1.742374624747197398e+00
2.109110270443376844e+00 2.070197833695537337e+00
2.012853668075868185e+00 1.734804719849697419e+00
1.309910819989695829e+00 5.641485305942993689e-01
8.321255001604926926e-01 1.689850288841441284e+00
1.669674267413131075e+00 1.639593657943285487e+00
2.633325660159147930e+00 7.377564333076361835e-01
1.502145068242640047e+00 1.321965295960783937e+00
1.536812960272885942e+00 1.191684543948461128e+00
1.857172172893808648e+00 1.298931397329267101e+00
1.339066100027536566e+00 6.907359078218953119e-01
1.662254570725359315e+00 1.749988428398471241e-01
1.908048417219323278e+00 1.197842685277703323e+00
2.565690276388830515e+00 -1.091429419969561332e+00
1.329019153784287477e+00 5.904520855217728625e-01
8.483477651546785792e-01 1.725405904402677715e+00
1.404603890670604205e+00 1.129182788468835907e+00
2.133547484239057379e+00 2.772341362813102172e+00
9.178010262188837087e-01 3.291347346684343478e-01
1.060278674392675757e+00 -5.466725289693641354e-01
1.615033421666849156e+00 1.137888248319510742e+00
1.759335876322160930e+00 9.466533078266774481e-01
1.644690298688974206e+00 -3.470638027831342010e-01
1.862500574380332674e+00 2.620037364845860584e+00
1.480835648784226910e+00 1.795383353316085673e+00
1.301684959302906286e+00 1.204540950955151679e+00
1.663558564387835892e+00 2.103924990811204765e+00
7.457375810576012398e-01 1.166224671579520145e+00
1.718734799332407137e+00 5.830725149543456443e-01
1.228698625552590684e+00 8.719277589478451329e-01
9.261478374377407619e-01 1.142168591150801937e+00
1.479282653854062213e+00 2.028345278864608137e+00
2.366475288981364500e+00 -7.368266856451105573e-01
1.266659307850972693e+00 -1.029040945225726533e+00
1.292625060866581244e+00 1.825914405923951822e+00
1.627467012254257162e+00 1.185428541013468395e+00
1.054739671509174137e+00 2.158155753670985888e+00
1.525891602328083296e+00 1.995916880608318733e+00
1.561118121182309082e+00 5.484925625785888048e-01
3.027541497229490286e+00 6.416291457691923883e-01
1.037874715683563931e+00 2.504469962050980048e+00
1.325126491668472628e+00 2.160745747548830753e+00
1.144360836393117697e+00 1.345495705110788975e+00
1.787112564775577894e+00 1.486412217898736898e+00
8.978299383021747238e-01 1.850126546644635717e+00
6.917172241705025204e-01 1.473158773601275673e+00
1.977521514601247032e+00 1.129048143410997795e+00
2.243518678946972766e+00 7.737527546160597458e-01
1.982699630307072525e+00 9.906924711304321285e-02
2.474723664470740214e+00 1.859368464512020980e+00
1.862727009594874916e+00 -1.862289171112399000e-01
1.223096878593562087e+00 1.596116221905734989e+00
1.773715120031240655e+00 8.492818590992338157e-01
2.013095286425710562e+00 1.776626911962317923e+00
1.839517797825520162e+00 2.482027696350404433e+00
1.895652619503845671e+00 9.371281915942603069e-01
2.173322736296210422e+00 1.246224862628182439e+00
1.020064684616286632e+00 1.016300709933715130e+00
2.080883221257606053e+00 2.344493168146736028e+00
1.263308658892906333e+00 -2.208592408414558061e-01
1.748002706636411663e+00 3.038049705184125981e-02
2.978800505454428205e+00 1.615805680752813611e+00
2.506964838413749064e+00 6.572741424221907325e-01
2.870429154052506870e+00 2.081637597833976283e+00
2.227172128703483800e+00 1.321176987050716845e+00
1.875488827619964827e+00 2.297603968310907518e+00
2.740035305876136640e+00 9.502858261696738307e-01
1.677433060526386521e+00 1.002412160378363559e+00
1.015514798174445232e+00 2.097531160015440932e+00
2.046707538764772405e+00 5.063088003559599315e-01
3.189051727719655283e+00 2.273001952164261041e+00
7.930966946927338057e-01 5.774427805126261526e-02
2.319255369544044321e+00 2.588006376569422340e+00
2.582618770076800629e+00 9.854256146673920913e-01
2.754904115200393022e+00 2.188638804986679176e+00
1.980515743401469075e+00 -6.127404899355188839e-01
1.085166846103797322e+00 -2.397251240528790461e-01
1.558360059435921041e+00 2.617327877008527870e-01
2.053571675295567722e+00 1.733967042749616105e+00
1.565752270322058104e+00 2.106839347990757894e+00
3.065635689904937955e+00 1.551593930792310783e+00
1.668107431019990372e+00 1.446841789613676710e+00
1.947570488369184227e+00 -3.091442746617428239e-01
1.529663027681068543e+00 9.111984544470715930e-01
1.447499515819052673e+00 1.221893838605805804e+00
1.001212720356010166e+00 -1.207644441151127790e+00
1.519061852212276520e+00 1.421359484776820725e+00
1.291962752851850693e+00 1.472978935493708175e+00
1.407307208641799257e+00 1.455647415099769582e+00
1.871879622637641516e+00 1.597798320039903963e+00
1.552990099794479217e+00 2.090442344023927479e+00
2.290099976586155162e+00 6.159421691181616865e-01
2.477003554581130640e+00 -4.359813214466982112e-01
2.672530144366233262e+00 1.750438664885070050e+00
1.908041551749081188e+00 2.188183674962927761e+00
2.313485131779593029e+00 2.019486793951157377e+00
2.057792402719865077e+00 1.722524867671580528e+00
1.933938317162871900e+00 1.734050007072501121e+00
2.432042059767325348e+00 2.304623600598191935e+00
1.011819554809994859e+00 2.250244884469891460e+00
9.802131712148862697e-01 8.803202573353470228e-01
1.065760022929707063e+00 1.680419073066815594e+00
1.618964349860972707e+00 9.341869185181919111e-01
7.145855133498215661e-01 1.167040423865820298e+00
2.488737533942388502e+00 8.068912652805551033e-01
2.741893899329007844e+00 1.198553852115408436e+00
2.114861428791111830e+00 7.613678001622519176e-01
2.569709083905633129e+00 2.430687511950400559e+00
1.083896416831242382e+00 1.516811909485705212e-01
1.124296687195067035e+00 1.560987224812512286e+00
1.388502495212461607e+00 2.132930236488264519e+00
1.808528052048877122e+00 1.588801626010552415e+00
1.775660792264805554e+00 5.997616704300827717e-01
2.579211345899844687e+00 2.549706631634506504e+00
3.092814260735423204e+00 2.329633763793553136e+00
1.191511880895973263e+00 3.160651708888004841e-01
1.150564464413822208e+00 -5.921061252625853255e-01
1.083725841072114671e+00 2.388904348798865929e+00
1.753198574790197473e+00 1.462095970542655943e+00
1.932505268672771059e+00 9.026523669405129846e-01
1.234786891259558095e+00 8.871543151763876534e-01
1.574603288325384653e+00 2.230821865857279374e+00
2.260915633563226113e+00 2.514932536878903946e+00
2.607997423534397452e+00 -3.498197697502514192e-02
9.702644167571222722e-01 -5.036898764663316763e-03
1.447605631267200987e+00 1.741516657939611745e+00
3.075438632740804312e+00 1.654797603798742411e+00
2.124908666806789359e+00 1.963054210506512298e+00
2.521566169355527354e+00 2.122984774085185933e+00
2.047533490248974353e+00 1.623003916288434212e+00
1.733780691361671122e+00 1.677303043573653341e+00
1.731085768479772913e+00 -1.249431546688670180e-02
2.833352477139073677e+00 1.189942352640863010e+00
1.492676135879775545e+00 1.109841215099405698e+00
2.135231692520682234e+00 1.607159312815367613e+00
1.184102978106662096e+00 1.547259514612430831e+00
1.384950751637942012e+00 1.961655946796763139e+00
7.955243640221834056e-01 1.694297629438476394e+00
1.097063048078899650e+00 1.239166254227660247e+00
2.629913669936566389e+00 2.103773779891697782e+00
1.566254784079633922e+00 1.684798769651869588e-01
1.411366717107734203e+00 5.162081500373699727e-01
1.906732701754376480e+00 -3.887582206286644970e-01
7.535309907996685652e-01 2.318771585312975336e-01
1.521353871338937180e+00 1.681006372965989204e+00
1.026534712869562771e+00 1.955432759201331638e+00
1.595782904449832174e+00 2.059365628170131579e+00
2.976279128248826122e+00 1.694215054842322488e+00
2.453812170459191311e+00 7.821230160355001626e-01
1.731835923304851921e+00 1.973153998446402824e+00
1.915111305005528397e+00 1.243960853521217436e+00
1.531739892815399573e+00 1.099048747051655006e+00
1.231830303315877506e+00 1.447228907054270319e+00
1.483199546757186349e+00 -1.106503661263823490e-01
1.888717427634246437e+00 1.781582734003933410e+00
1.013541412157194177e+00 -8.509498154571100148e-01
2.421976156791934010e+00 2.936759059772281466e-01
1.533216271642899864e+00 1.877463845602838077e+00
2.752287779117968292e+00 9.814869879048255807e-01
4.255221701257194233e+00 1.860071378440619094e+00
7.365171531698392338e-01 2.756620052490883488e-01
2.792274320329082293e+00 1.468682248633940812e+00
9.572478860898072650e-01 1.449647343959930446e+00
1.562702909339955371e+00 1.048394163692408121e+00
1.851062851448383562e+00 1.479672069966464054e+00
1.066319917214853863e+00 -2.552969304367944114e-01
1.684427339105548649e+00 1.926776914272855024e+00
1.925485660981325342e+00 2.438884931223086028e+00
2.066865858320049654e+00 -1.169984361469132705e-01
1.494768010191391605e+00 2.098573318182387348e-01
1.565750156476462429e+00 2.570699362921059716e+00
6.290445596023188646e-01 1.091216747987260316e+00
2.168514349779344208e+00 6.547370231307156896e-01
1.952281552778990958e+00 2.442607778383080408e+00
1.871157500440105537e+00 1.990331500828467770e-01
1.095238869408779347e+00 -2.543706617411166659e-01
1.394213046594851901e+00 1.888329656214893237e+00
2.463311723434951972e+00 2.532377476557602591e+00
2.389683850871029414e+00 -2.820919990043732617e-01
1.703783808892145313e+00 1.234829804412860277e+00
1.095448699632020961e+00 1.300740438981323743e+00
3.207368056072854134e+00 2.405609863387528691e+00
2.905283494398491317e+00 1.393548158032969830e+00
9.273842175116545627e-01 1.722451446156085808e+00
2.335816903487517582e+00 2.618078000703739860e+00
9.698810267311158695e-01 5.147246377530300121e-01
1.501764558001922989e+00 1.119443907723092435e+00
2.178265430214123999e+00 2.221892794593497644e+00
1.484524996135261787e+00 1.922698703892551597e+00
1.263562875659274498e+00 2.111725012538325785e+00
2.106776950212168487e+00 2.407012203326125643e+00
1.300538015202163722e+00 -3.928263185373337407e-02
1.314550045005046019e+00 9.605695664438459458e-01
1.197386599320448886e+00 1.023598381687374381e+00
2.253000778309691920e+00 8.911554248673799750e-01
5.665063420708679187e-01 1.221372274891039944e-01
1.534282122287857320e+00 1.351740167084258371e+00
2.639609112640118660e+00 2.801104523588934025e+00
1.756817991300001713e+00 1.339793512850009360e+00
1.325460982205542315e+00 2.081678890833279283e+00
1.674663816165937957e+00 6.281354120928791529e-01
1.143028243181782422e+00 -1.809914676525606891e-01
2.142423375155718457e+00 8.896439330495080622e-01
1.183623531813479346e+00 6.304612561288605033e-01
2.805318627544493904e+00 2.486822622412721895e+00
1.086610180537302739e+00 1.108695271198336441e+00
2.030975376543530775e+00 9.833259690063814729e-01
1.503306046534136797e+00 1.286818131848501023e+00
2.215851778035354158e+00 1.689342781838631957e+00
8.876293409064194284e-01 -9.264032580406735828e-01
2.530291496582730115e+00 1.417341756971829181e+00
2.127234438531216743e+00 1.466669052355249248e+00
1.334779686773830631e+00 1.330846742640139579e+00
1.591083749185178586e+00 8.366759689492575536e-02
1.819874706400285369e+00 1.385918932271056336e+00
2.367676771317162032e+00 3.097388662000295501e-01
1.608437217522870721e+00 5.142547589960403398e-01
1.978966549000709563e+00 2.426138857271279425e-01
2.162706870382229862e+00 1.702071379768168136e+00
1.378893625083045915e+00 1.583513294279505379e+00
2.207760302710759071e+00 1.210244933160258052e+00
1.913942276267459608e+00 2.732194840542800041e+00
1.222615480148620648e+00 1.573253417785928754e+00
1.602871118309920240e+00 1.628352543648194040e+00
2.319270065254505742e+00 4.360627644389338808e-01
1.716278791054173247e+00 1.872380960961563368e+00
1.833961789953025390e+00 2.183858383153291172e+00
1.869071449849404765e+00 9.582492551455881191e-01
3.500105356293586212e+00 2.237602542823002416e+00
1.448621379113516516e+00 -7.360442543512394353e-01
3.261898832518206781e+00 2.293361140453738400e+00
1.213146252394468938e+00 1.343925172923259304e-01
2.915317949345857862e+00 1.649994062152987162e+00
1.598417910101205930e+00 -8.103854727272350456e-01
1.258561599135635589e+00 1.372278999031503410e+00
1.322546586848328598e+00 8.255256475755745615e-01
3.238819148154176375e+00 5.416188663602117259e-01
3.419612366758677524e+00 1.088814958291972168e+00
1.918232458640601212e+00 7.995295673304617101e-02
2.213642261396350897e+00 2.347136125881375435e+00
1.292608749136839208e+00 3.672280450014130393e-01
1.201344103827979515e+00 1.513864926436191194e+00
1.594884057554227130e+00 2.266154916189887736e+00
1.144682232050912241e+00 1.846937663320205925e+00
1.711352164144003263e+00 5.328212918592973857e-01
2.487288582475694287e+00 1.876795002680623936e+00
9.095772502780126167e-01 1.853113245932167752e+00
1.299354592780800344e+00 3.172118880679936637e-01
1.202891335355787072e+00 8.800242620263918347e-01
2.344471510796398483e+00 2.209053313861365275e+00
1.045329496870413211e+00 -1.264845304287070427e+00
3.687229135039666872e+00 1.573930553163171098e+00
2.321464481007220471e+00 -2.672407342473646641e-01
2.289943704791463031e+00 2.563326455229891998e+00
1.874082135674505212e+00 7.231436534316421083e-01
1.402689339629776377e+00 7.530836040732713510e-01
1.712201086493190250e+00 9.005488594876440711e-01
2.470032547529895428e+00 -4.462072652618731539e-02
