# Hierarchical MCMC downsampled to get 500 samples: alpha, mu
2.229400046229540244e+00 4.489927574506173968e+00
1.532579444783886302e+00 4.323877943141138935e+00
2.692681071345181643e+00 4.414647753811567377e+00
1.765082358524721284e+00 4.181058674363248961e+00
1.987522035492247596e+00 4.328382328189306349e+00
1.249852853979668055e+00 4.129775596689275297e+00
1.355652227264280807e+00 4.311271188083094508e+00
1.978758673683903790e+00 4.299598571848862960e+00
2.436171522605167006e+00 4.420138561912008157e+00
2.263646524477685329e+00 4.376282436461083947e+00
2.070356823604650121e+00 3.945500851547246945e+00
1.342107624901292429e+00 4.145863678422286647e+00
1.648689827182678425e+00 4.306324457219210089e+00
3.089872562546049028e+00 4.405953527732867414e+00
1.808716742711332870e+00 4.380877845251027303e+00
1.914991075799781228e+00 4.252709414233422969e+00
1.664925139732084780e+00 4.185069577933181684e+00
1.766583408900554986e+00 4.432690036858732086e+00
1.264565601043569076e+00 4.152723979763251805e+00
1.957560311120378982e+00 4.340878141715718286e+00
1.958637848315254892e+00 4.379905497345200516e+00
1.870697474750365963e+00 4.352050107257268152e+00
1.704313161328748993e+00 4.100393247723189027e+00
1.765869754463033514e+00 4.077538090914438307e+00
1.857372963186841419e+00 4.178997217939918407e+00
1.775316034125266063e+00 4.482017496493066133e+00
1.393754472157305857e+00 4.344179626998728061e+00
2.486587260829314250e+00 4.303613568970309444e+00
1.817435593800994065e+00 4.289627548814197056e+00
1.594748417926949546e+00 4.250731005543769925e+00
1.918751035341327960e+00 4.275002966083401468e+00
2.502058687546314442e+00 4.276802077351510079e+00
2.137072437277507841e+00 4.297977651378108277e+00
1.738181573249840906e+00 4.290711862429657408e+00
1.924141069084494005e+00 4.343971057078301001e+00
1.674304535946197436e+00 4.560168953079925203e+00
2.289564094490773805e+00 4.351590919537407842e+00
1.926233551324296078e+00 4.333716504862533014e+00
2.307658309722492973e+00 4.412318461378490042e+00
2.224950979372926518e+00 4.413165616666963054e+00
2.224041656754116580e+00 4.285365367272868653e+00
2.155635407070951359e+00 4.249319213759258140e+00
1.659527915275286425e+00 4.405763083287284942e+00
1.515640116852272179e+00 4.350904714761536063e+00
2.051672022551176866e+00 4.320427571161846281e+00
2.268041583213384893e+00 4.437607716512286693e+00
1.312439896126117445e+00 4.103122675460634916e+00
1.716166457300265513e+00 4.333239758185824186e+00
1.992299906331936432e+00 4.447907312663564205e+00
2.132857628548927575e+00 4.245352262688642853e+00
1.774324700267204458e+00 4.314360426893316003e+00
1.751366851177625250e+00 4.182317945382163948e+00
1.407463633661861779e+00 4.317121194563468656e+00
1.549131035748288587e+00 4.318410546479118040e+00
1.723900261415966639e+00 4.261330234516222504e+00
1.601323232690442300e+00 4.516192338910157922e+00
1.690252282535614325e+00 4.397978480126271350e+00
2.113357769680812126e+00 4.358487097020089962e+00
1.830624766663447645e+00 4.479987571135900737e+00
1.221145644236280248e+00 4.190914017063695596e+00
2.064173501948603828e+00 4.211075923560668066e+00
1.954806451030185688e+00 4.545957914187789939e+00
2.003516524595902570e+00 4.338994719837189429e+00
1.756143058683093061e+00 4.292139213437076606e+00
1.575100827515789170e+00 3.988214902991736643e+00
1.392141985343083199e+00 4.328840728096255752e+00
2.287679518002586843e+00 4.371842438911361484e+00
2.000623885658691758e+00 4.029569260861270763e+00
1.479053674638427296e+00 4.269071703956158537e+00
1.474064005738003669e+00 4.308480759523901860e+00
1.943751453562262421e+00 4.340569170961382284e+00
1.522874711423012339e+00 4.164637474180174159e+00
1.718340322000230680e+00 4.400460809362285453e+00
2.155961039104963728e+00 4.315711794294537107e+00
1.383131825993875630e+00 4.090921318996111111e+00
1.654559044772837106e+00 4.250604578723593541e+00
1.966372349816810861e+00 4.287798622765203405e+00
2.268024545520025193e+00 4.432424620597917198e+00
2.338056332436136753e+00 4.348199082164211582e+00
2.383397792762298906e+00 4.242869205407235889e+00
1.543551449056996816e+00 4.162174747666846031e+00
2.433888939579035515e+00 4.345058681982405524e+00
1.792308416276019223e+00 4.408722870259875748e+00
1.381627217103165828e+00 4.224845657665908583e+00
1.783340313397766108e+00 4.368788570964838414e+00
1.476178132827694167e+00 4.238540537930212793e+00
1.794201936693787802e+00 4.220323139169892990e+00
1.725041913507404656e+00 4.256330381804124485e+00
2.024356249402183394e+00 4.237842207722201771e+00
1.352795286394364860e+00 3.891403356762639376e+00
1.252561586927080750e+00 4.283752884367259206e+00
1.903686699185120235e+00 4.438595135573341288e+00
1.734095409402838683e+00 4.403700524993942267e+00
1.747308697680107548e+00 4.429754845046041112e+00
1.851344907176783794e+00 4.456170853409914479e+00
2.005310159707642814e+00 4.424008930348359847e+00
2.157361538842468729e+00 4.335390303921719202e+00
1.850824943099571351e+00 4.308472132128669863e+00
3.140995894094323670e+00 4.244430645985420192e+00
2.808045071454308150e+00 4.431333843326934918e+00
1.584131864595666572e+00 4.460697570614441609e+00
2.107604548278010803e+00 4.333444228246190910e+00
1.715946907455927040e+00 4.265074672045955140e+00
2.245762383857159872e+00 4.450934579953633730e+00
1.528495208046849685e+00 4.194630026176873194e+00
2.060450375442794968e+00 4.392701919433042335e+00
2.052958614142810223e+00 4.124461669471574332e+00
2.239648320042325835e+00 4.286066073052340997e+00
1.205794587434450671e+00 4.343907231280340397e+00
1.525966818432441308e+00 4.190404656515003268e+00
1.500647160117902557e+00 4.729568968689099151e+00
1.588179713698072648e+00 4.331946006347437539e+00
2.454108020122403921e+00 4.353014841192873519e+00
2.982546998569877150e+00 4.185687326727848045e+00
1.460767930200836506e+00 3.983665751274677813e+00
1.332150835273759215e+00 4.164984412018015725e+00
1.809623171148377452e+00 4.081070309587964573e+00
2.048333895522792325e+00 4.211907872495023852e+00
2.207120091628055114e+00 4.680241832387678436e+00
1.040133617426494794e+00 3.959659003855132475e+00
1.644508997814336126e+00 4.501154579350678198e+00
2.430765347524295183e+00 4.329319107530952948e+00
1.440075035850674423e+00 4.304027573544737528e+00
1.410590488183613100e+00 3.945737751433767482e+00
1.631447016603299938e+00 4.007121600491844404e+00
1.303253340618702794e+00 4.085878138653740166e+00
1.666337105975874922e+00 4.386887164758737967e+00
2.184579030464596894e+00 4.588143641989404387e+00
1.677349811917976607e+00 4.363633667027459140e+00
2.018593298949737047e+00 4.247404094324531698e+00
1.547736268285681671e+00 4.249366907627774026e+00
1.927248371210168232e+00 4.131363657297294267e+00
2.137370479701518722e+00 4.385041615704526663e+00
2.361835381521074861e+00 4.284551711741982238e+00
1.721660176735595016e+00 4.293568765402418386e+00
1.178105354011626194e+00 4.150802357045066060e+00
1.548669301988195635e+00 4.134898884484629278e+00
1.983838415570200242e+00 4.035735956157452620e+00
2.009419709592380698e+00 4.404244673698787693e+00
1.614291856833150574e+00 4.396490098907868571e+00
2.390559622310061361e+00 4.262685910936426126e+00
2.008072810650428419e+00 4.215160012137169510e+00
1.640758874773110110e+00 4.030646366176915407e+00
1.309562788514277765e+00 4.042034125288552104e+00
2.264424692057681821e+00 4.273834758470762551e+00
1.521590466303004652e+00 4.178267028217103274e+00
2.202703943946348719e+00 4.296849705443103851e+00
1.775488378822758895e+00 4.420751542316625482e+00
1.319944806614873567e+00 4.318737503209869821e+00
1.332931515698025704e+00 4.194019452428324080e+00
2.187170573677354124e+00 4.433395264779565359e+00
2.807372273491279380e+00 4.361603082738651160e+00
2.016177564801988176e+00 4.719819368760796330e+00
2.006740235597167743e+00 4.295330406518751865e+00
2.004919423270250078e+00 4.498726834274846098e+00
1.748930513857975599e+00 4.930446780012684549e+00
2.580655990896818519e+00 4.367191103038802424e+00
2.694643835295979617e+00 4.241700383564265486e+00
2.731818221222847232e+00 4.343123645689665580e+00
2.055728097382234942e+00 4.327867191409334957e+00
1.923883441699925534e+00 4.396879297079858695e+00
2.130941674500840932e+00 4.280745992134726841e+00
1.901431387541231421e+00 4.349287085652253637e+00
3.188143345910938287e+00 4.447677505664552555e+00
2.134667186974135156e+00 4.398471624667926960e+00
1.463052774531272249e+00 3.967661215149095977e+00
1.534311388378240881e+00 4.206487429375962428e+00
2.219366306492352336e+00 4.309408986625591353e+00
1.559510346273070613e+00 4.274172852304016779e+00
1.265270087528509224e+00 4.602989174588774546e+00
1.409667480065429412e+00 4.108253375146723840e+00
1.619828017137131981e+00 4.379257223851016789e+00
2.650544665555406354e+00 4.356901852799675900e+00
1.597895212928600372e+00 4.202947305851040483e+00
1.445964112310340832e+00 4.139155902606357351e+00
1.665612233705589640e+00 4.121997311792848784e+00
1.822850902670302586e+00 4.520859660912528000e+00
1.759029803415053772e+00 4.435884933951694364e+00
1.655311459821809716e+00 4.511660230929474658e+00
2.014472143091528888e+00 4.344371378667626793e+00
2.442963337960584180e+00 4.303710123402022525e+00
1.662833613486333961e+00 4.268904676602928383e+00
1.910156714939936551e+00 4.429814152230324709e+00
1.535856249651788907e+00 4.346352485505190266e+00
1.350236629889652873e+00 4.223034362469501701e+00
2.263646524477685329e+00 4.376282436461083947e+00
2.257514455147659138e+00 4.268445054637340697e+00
1.384289927885967275e+00 4.142460815892938797e+00
1.914209301549799846e+00 4.250718131747456496e+00
1.026681675384962356e+00 4.166252637571565387e+00
2.350757484445736623e+00 4.195258227039727394e+00
1.763064162199847740e+00 4.293477060360006980e+00
1.409939102734374394e+00 4.157505299865719373e+00
1.401170323411228491e+00 4.129475424592222943e+00
1.852658198307663096e+00 4.398903273215039711e+00
1.875507868044083093e+00 4.033694769587557793e+00
1.169015305717007625e+00 4.539756916072376747e+00
2.342651781713349646e+00 4.181904919459011438e+00
1.691595197457393507e+00 4.113283440407108138e+00
1.977586802145411715e+00 4.439268986656522031e+00
1.754818087758676093e+00 4.285689978139833656e+00
2.007532012848842751e+00 4.142094322565549547e+00
1.937835637001479760e+00 4.228889279429901116e+00
2.213789136410207359e+00 4.316864013440275372e+00
1.653654345919143509e+00 4.557535321665628913e+00
2.143800725795665052e+00 4.318110281793911653e+00
1.749589558155177471e+00 4.164549225279470690e+00
1.825489608934949493e+00 4.258020591058198967e+00
2.020909619853757277e+00 4.437614643574768536e+00
1.824743795013558545e+00 4.240727475310245076e+00
2.223907746140548980e+00 4.336426757003319032e+00
1.858397839624734260e+00 4.139581695941545902e+00
2.047985185331567592e+00 4.117697177885362159e+00
1.626186575787544220e+00 4.068587691625542568e+00
2.336764119384555638e+00 4.448361426812313724e+00
1.547559319245277898e+00 4.304125394297797946e+00
2.490710939778157496e+00 4.427508800979491177e+00
1.828030486461015514e+00 4.071516899750194263e+00
1.462466992736833449e+00 4.257446446587937139e+00
3.051825847213905263e+00 4.522787733766940654e+00
1.932478661156399991e+00 4.434214553545054116e+00
2.263299656414849093e+00 4.652164276995961245e+00
1.624607517916268229e+00 4.489545646998206685e+00
2.115941971984733883e+00 4.373595265536248000e+00
2.594766680607386800e+00 4.261385805152759332e+00
2.868760460517815414e+00 4.478703764840774149e+00
2.531074940008085417e+00 4.402298705322456485e+00
1.315621151948702217e+00 4.278227245781887511e+00
1.844112258427294870e+00 4.418777776929460721e+00
1.619732396472681302e+00 4.151170799939111866e+00
2.656349537463695842e+00 4.455860557372094632e+00
1.983968410695736484e+00 4.156746729943907148e+00
1.538367626169840241e+00 4.175863814217352754e+00
1.173166893978024206e+00 3.967555426263566165e+00
2.951211073074617275e+00 4.325298427065912499e+00
1.902289964131929523e+00 4.322950975190495093e+00
1.426434274447997197e+00 4.244145547370684390e+00
2.229506202959436134e+00 4.285425441416758296e+00
1.962792021888468685e+00 4.781266482634239701e+00
1.934129153611520380e+00 4.279332384995791827e+00
1.701452332203407858e+00 4.339023309581903298e+00
1.673208258961074391e+00 4.258645927186407221e+00
2.553538413440826993e+00 4.430923126253541788e+00
3.021850889193656631e+00 4.552481122733484042e+00
1.853533850842923547e+00 4.323518753633400991e+00
1.932782437111927543e+00 4.158804604732096344e+00
2.807072150638273200e+00 4.324195665208475425e+00
1.925852989451466657e+00 4.465619041296829295e+00
1.628277853888437932e+00 4.189158365967896813e+00
1.236055270328208389e+00 4.151596161203351620e+00
1.875465082335363576e+00 4.421223884342012411e+00
1.474308509211003981e+00 3.865927842593299690e+00
2.300987244767289663e+00 4.450094642263243472e+00
2.179479052975736852e+00 4.385795223197723303e+00
1.331081869787976268e+00 4.141197727810160600e+00
1.968804178482284506e+00 4.398797080097346601e+00
1.632333334752248177e+00 4.305959238266064304e+00
1.639451332203530454e+00 4.429193206284764983e+00
1.579272477132518837e+00 4.297846969221956748e+00
1.638329105032301003e+00 4.195710460000445785e+00
2.573915112309281827e+00 4.548624413385290666e+00
1.825539515889133213e+00 4.466838517727629743e+00
1.439114124706807996e+00 4.400149516088102786e+00
2.034408821725263383e+00 4.105790246156572287e+00
2.409888250411485355e+00 4.240404645996911803e+00
2.344192008834105057e+00 4.513969446192055202e+00
1.719277984590030339e+00 4.182616768680577302e+00
2.111534388589419109e+00 4.420915366011940684e+00
2.366097875514014071e+00 4.351570059817636782e+00
2.173307948879612983e+00 4.447980156205609603e+00
1.655458696920969697e+00 4.026815022674530731e+00
2.494565062556562740e+00 4.450621959046775267e+00
1.922566651323241338e+00 4.399170256403072798e+00
1.988574294559779077e+00 4.248301848825069449e+00
2.044725613188282054e+00 4.141621927639359768e+00
2.105784431349998709e+00 4.306918501872832650e+00
2.067520863792913222e+00 4.154318875048186754e+00
1.786490440769533450e+00 4.106392008297737206e+00
1.860318952082151700e+00 4.250394421669987821e+00
2.141454122694789852e+00 4.388545287405992035e+00
1.608150342230464380e+00 4.006516029032969328e+00
1.842228293334528422e+00 4.508946097156479205e+00
1.552183073280905878e+00 4.290619786722904117e+00
1.534997447461260878e+00 4.249909231500729412e+00
2.173470290124843718e+00 4.530475314238527673e+00
2.393714289373071402e+00 4.409088947830920979e+00
1.773075870346961791e+00 4.220465093199216255e+00
9.673751252606952455e-01 4.690932440718347252e+00
1.584121179426517978e+00 4.140841235867222636e+00
1.156142606319437549e+00 4.035688681381196297e+00
2.325964671462851019e+00 4.283525587749530850e+00
2.298567377601159922e+00 4.398538593439972999e+00
1.977728517688835508e+00 4.163955877553413565e+00
1.495095732355912643e+00 4.262988914120756867e+00
2.274471350095708111e+00 4.336364777153580263e+00
1.551264605683368769e+00 4.363341973155345777e+00
1.846290589833883722e+00 4.183306128042498351e+00
2.894016816640837320e+00 4.524031343768022850e+00
1.759557385975653476e+00 4.189395707721370599e+00
2.482072800437925331e+00 4.371129235488644404e+00
9.936160083609510973e-01 4.263046284391451834e+00
1.361261102636469822e+00 4.133272771903559573e+00
1.833614126605482841e+00 4.324322106470702920e+00
1.704610158218937244e+00 4.352410509775093139e+00
1.534649683688370292e+00 4.255621776135084744e+00
1.561108848639944924e+00 4.207749529072792427e+00
2.543418588781115375e+00 4.245828361447006927e+00
2.620909489572577300e+00 4.324761314194695672e+00
1.455737130141767199e+00 4.284070563651762420e+00
1.752248701294396804e+00 4.351389277010973444e+00
2.409138756012017435e+00 4.470148448848675571e+00
2.464133881612440291e+00 4.264304374513617546e+00
1.750040161490171942e+00 4.284794984156029329e+00
1.848599074287448518e+00 4.244422751407602057e+00
1.939850226870543315e+00 4.412291454679309055e+00
2.530443627452665378e+00 4.335568623235960040e+00
1.740802908730100240e+00 4.238407677371363036e+00
2.020911841736095838e+00 4.493202494337320552e+00
2.420719710434282135e+00 4.231684794717438081e+00
2.771648508503116837e+00 4.362982104731255362e+00
1.536812443942921824e+00 4.449222814288263272e+00
2.287547495226775141e+00 4.177900090658296151e+00
2.630511773625643368e+00 4.280701405832596507e+00
2.328981251717331613e+00 4.438975819931796352e+00
1.583333451218859045e+00 4.141027800966982753e+00
1.567434798252027139e+00 4.168286784376785903e+00
2.269542262291256218e+00 4.391276544504073343e+00
1.623827053720116265e+00 4.232783222293198477e+00
1.393433908104322327e+00 4.297158211763974833e+00
1.142609136100732004e+00 3.981603476024591082e+00
1.802218897827521538e+00 4.282942495012872719e+00
1.624489307982295072e+00 4.214844170136194279e+00
1.739761625405211065e+00 4.379570534094527012e+00
2.464026959251987225e+00 4.351671183486972794e+00
2.714769393624202110e+00 4.455097999208582848e+00
2.134983487217138265e+00 4.302754967584498935e+00
1.501883291299409562e+00 4.324497147452020407e+00
1.682326322242068350e+00 4.432319127408455017e+00
1.706967729168813452e+00 4.321055562724691157e+00
1.792813415644433972e+00 4.306586887797944740e+00
2.104084252165106861e+00 4.364090774374894011e+00
2.429363441375603117e+00 4.323262093331004863e+00
2.574720206633320352e+00 4.414434779670102671e+00
2.064300874172375178e+00 4.342884080329413976e+00
1.306074120140676253e+00 4.341006489667841528e+00
1.448910587888797341e+00 4.125277911455527580e+00
1.953376922734990861e+00 4.438116964409648979e+00
1.668383986063396440e+00 4.361416390762874684e+00
1.231358621598336311e+00 4.099032720833280408e+00
1.751096788738561560e+00 4.328248073832013709e+00
2.220404700646029017e+00 4.343994892593308954e+00
1.787703297152566595e+00 4.134282637981145925e+00
2.064656199008848780e+00 4.353843219281110066e+00
2.204271228220236800e+00 4.206498262325514048e+00
2.086088701908106469e+00 4.351940457136936224e+00
1.870991401978055579e+00 4.322321035265569655e+00
1.474438742524972756e+00 4.567878417403563596e+00
2.219945023814140939e+00 4.299939988937875768e+00
1.637335909661588929e+00 4.639006127709229155e+00
1.107097999069676764e+00 3.761831556970246293e+00
1.798302223932166655e+00 4.333587968575382199e+00
2.437277194999270868e+00 4.175164697467676156e+00
1.721409946378949396e+00 4.253154596393033948e+00
2.469677974535977150e+00 4.157279650987227626e+00
2.263711967849615370e+00 4.423810195611073581e+00
1.521375203863545744e+00 4.206162953305435437e+00
2.296693400181717415e+00 4.241776843625344462e+00
1.938808273295625328e+00 3.960551474298105390e+00
1.597497580953044949e+00 4.194000009609209378e+00
2.607977622052952693e+00 4.364841294359148804e+00
2.062178299330340359e+00 4.432545302017068423e+00
1.920875996514141537e+00 4.389540065726167839e+00
1.604056684932674059e+00 4.257735015520278665e+00
2.171593140350945639e+00 4.305264553006854733e+00
2.321115047838120393e+00 4.338545549250322431e+00
2.013234024970337988e+00 4.225769321851934102e+00
2.566996615629444367e+00 4.395684259095033575e+00
2.200461949225688940e+00 4.373324712640176415e+00
2.426710618172646328e+00 4.380254693517264819e+00
1.898925525219739674e+00 4.277562537648214480e+00
1.963951174896086282e+00 4.307616372190148368e+00
2.058252919650314983e+00 4.290194332487780926e+00
2.294977823022236407e+00 4.287313103592914842e+00
1.631964668347297920e+00 4.322109058933350845e+00
1.522526758979170225e+00 4.593155880343664954e+00
1.501842030318360610e+00 4.119668921357731328e+00
2.316259065514879811e+00 4.296670129262695426e+00
2.581396779800923635e+00 4.403861642318214642e+00
1.433922675810084923e+00 4.184421049379175805e+00
3.420320110002863512e+00 4.480113114209181013e+00
2.104400414452781032e+00 4.328908865334240907e+00
1.473754437234310100e+00 4.433474543416885183e+00
9.167562359540837313e-01 3.833994570415222292e+00
2.540587419736327401e+00 4.403813210384185162e+00
1.582830899486163290e+00 4.087568096970468190e+00
1.828393183603012284e+00 4.333271642124606693e+00
2.622443758742008413e+00 4.468277838512200617e+00
1.589738147670634483e+00 4.328851707957249495e+00
1.739782403541235922e+00 4.273658045437237263e+00
1.800690678586366111e+00 3.977290470053342464e+00
2.934878202083945009e+00 4.424732900661035195e+00
2.077030509683799764e+00 4.257797680746550739e+00
2.038246402465712759e+00 4.412227991982456743e+00
1.322628917626190059e+00 3.989329233390060736e+00
2.077342665271256994e+00 4.312714325878753030e+00
1.833081937475374401e+00 4.330876497328818076e+00
2.322767322899480735e+00 4.416554992707622418e+00
1.584121179426517978e+00 4.140841235867222636e+00
1.531865779885809964e+00 4.198924014420192030e+00
1.296327684421230142e+00 4.398029937336599637e+00
1.564718389522977482e+00 4.204313929902003366e+00
2.176809917004204564e+00 4.301296692561147772e+00
1.768430854094127813e+00 4.416784222226024959e+00
1.701022753063391457e+00 4.313721688822312217e+00
2.353868214400177905e+00 4.414367134767727130e+00
1.683082481237125894e+00 4.212428109146495459e+00
1.471978670814303891e+00 3.986992756634614388e+00
1.420490252772064865e+00 4.083862057131769419e+00
2.073970115069174280e+00 4.192038196513371062e+00
1.445528780420927140e+00 4.465771147123450469e+00
1.891572458934082324e+00 4.176959653077404688e+00
2.284585230155140145e+00 4.136061170972133993e+00
2.244769688924819206e+00 4.516463231096357944e+00
1.927675185211143116e+00 4.065126086457889087e+00
1.796781883923588730e+00 4.209139479043390253e+00
1.730811782699883894e+00 4.275478186218991006e+00
1.186819884201944175e+00 4.230772559878915651e+00
2.494837232097172119e+00 4.371029122812335466e+00
1.933233960853367961e+00 4.535905265266373831e+00
2.268147309407950285e+00 4.201811332816013156e+00
2.127106397096105272e+00 4.454028937852199554e+00
1.342317458755491355e+00 3.879441848369354684e+00
2.780832143204093221e+00 4.271653597701955185e+00
1.695519911123271939e+00 4.308834889091054166e+00
2.329204731681015605e+00 4.461084177022059727e+00
2.574683590242888620e+00 4.469053667028047627e+00
1.624933633095961838e+00 4.139692246657388885e+00
1.567302928791706629e+00 4.186723621411960750e+00
1.173166826497886506e+00 4.118207166034926203e+00
2.281893995624729499e+00 4.403929451815152163e+00
2.323396571609402717e+00 4.355609471563557378e+00
2.242720554428736968e+00 4.304792245070051315e+00
1.793659781571139034e+00 4.484614423379723824e+00
1.675848410849773318e+00 4.323745954604055974e+00
2.181613056678677776e+00 4.391799787397737020e+00
2.022733402122147695e+00 4.231272716089344854e+00
1.525285028176307955e+00 4.068018569221169223e+00
1.676622216874141369e+00 4.323524715934627061e+00
1.551202686375734219e+00 4.203729893461565226e+00
2.383305596651521974e+00 4.364720532515658391e+00
1.991112126628302059e+00 4.290055247314722209e+00
1.587723960231428810e+00 4.377504103272603864e+00
2.662195017464032532e+00 4.479560761620461129e+00
2.478916216162677433e+00 4.433074932031767723e+00
2.339920612657506283e+00 4.594463412127975488e+00
1.827127633422246822e+00 4.196417395928898841e+00
1.352391529136752757e+00 3.955339774315930867e+00
1.544517960355179964e+00 4.395494487353750479e+00
2.022244740550493525e+00 4.192926951506423805e+00
1.671926454390855188e+00 4.221875500360098066e+00
2.335078090064877987e+00 4.277393506887133157e+00
1.598948520654633443e+00 4.298070156665604102e+00
1.920481446560373229e+00 4.282959233887679851e+00
2.597715747540629838e+00 4.931401471457753871e+00
1.240157757745025346e+00 4.208507054966193373e+00
1.643872764070328119e+00 4.029307531377605223e+00
1.446413809056818822e+00 4.393482859050682698e+00
1.620375705910849895e+00 4.365184561088968351e+00
2.090435211393964821e+00 4.187951896187814604e+00
1.428543792426438808e+00 4.229795774907836758e+00
1.153661670163858011e+00 4.279995649327132945e+00
2.737889617478935111e+00 4.546717274599314962e+00
2.155623232013060164e+00 4.634799595790469517e+00
1.658522735916256430e+00 4.129940270856558016e+00
1.438230039522952586e+00 3.922394681254813609e+00
1.799613365735466708e+00 4.520981830426215708e+00
2.420887130850931435e+00 4.322521961665745316e+00
2.710847732023119239e+00 4.434444616162205755e+00
2.419368813621803227e+00 4.297462416508420091e+00
2.658019791318804170e+00 4.385913504998457668e+00
2.088320354288678349e+00 4.337833219050270195e+00
1.328047569335802258e+00 3.902467132683131723e+00
2.161037561386770722e+00 4.435270430378510653e+00
2.511335769300251375e+00 4.363237477842413448e+00
1.675799049449525846e+00 4.131010024795521041e+00
1.562199242747092320e+00 4.217997861508550272e+00
1.894480424149974862e+00 4.265013112846752996e+00
1.840099697314405924e+00 4.308655658909983366e+00
2.092103890652570630e+00 4.330830637996859522e+00
2.261114521597229476e+00 4.312593183895107707e+00
2.790654833199788687e+00 4.531395359183768790e+00
2.034997522540490156e+00 4.406001114150178033e+00
1.952387718770149050e+00 4.156414294076343552e+00
7.827323172687481456e-01 4.217273577021745545e+00
3.389156716439735817e+00 4.520635813989573037e+00
1.951903057239919415e+00 4.380172760793545450e+00
2.472713460635620475e+00 4.257582940384575743e+00
1.546038357549021747e+00 4.428219482206923630e+00
2.416586278862217885e+00 4.294157356086792277e+00
1.706301731333109029e+00 4.276699813311546805e+00
