# 500 (alpha,mu) samples from hierarchical MCMC for Saquinavir + Kir2.1
1.446531552149713074e+00 3.670965992476656226e+00
1.339103400647916109e+00 3.341421498376608845e+00
2.001002616183138905e+00 3.176498951984361163e+00
1.380501678637846785e+00 2.958105092847076456e+00
1.441754886485144604e+00 3.558697605600682934e+00
1.681787319076980758e+00 3.664032998098585292e+00
1.369382614682657318e+00 3.180168359802745481e+00
1.358748670217473808e+00 3.672949239448588532e+00
1.867932344309289894e+00 3.055490710843012714e+00
1.061554933842358217e+00 3.107931330411132009e+00
1.345179068118262489e+00 3.660398562936756583e+00
1.188832526391621736e+00 3.332173342680235351e+00
2.238765597959119003e+00 3.708912132405616013e+00
1.199903721636797149e+00 3.578364876180849308e+00
1.801962494223824596e+00 3.297735412267838395e+00
1.075527244200369603e+00 3.309878432252550962e+00
1.711542986258795418e+00 3.397175713564252408e+00
1.541928140628165522e+00 3.220984334911339619e+00
1.487621284188024307e+00 3.569670770747201960e+00
1.352245136159851757e+00 3.575897302803637601e+00
2.145289313376733009e+00 3.619324700301370434e+00
1.858986549545435629e+00 3.903512081849080051e+00
7.024786657593523609e-01 3.562161093146647861e+00
1.576194301972784428e+00 3.438107263327246255e+00
1.457439248355967054e+00 3.029822161451485307e+00
1.614484017850390307e+00 3.411675040356000554e+00
9.873894816293955490e-01 3.077063486431830253e+00
1.233244340552017704e+00 3.504298237152680517e+00
1.596247700911658463e+00 3.789197358687901307e+00
1.282191703349577994e+00 3.798180195100768763e+00
1.091312743975036970e+00 3.293431772047255457e+00
1.691987868683760388e+00 3.640238652752539661e+00
1.276991639129123168e+00 3.543999452160905062e+00
1.609914276209770234e+00 3.967836217063981596e+00
9.689720313160663512e-01 3.155777230118591792e+00
1.382964230365807401e+00 3.467822824164365159e+00
1.062576145645469650e+00 3.346890139638840189e+00
1.443121652511619279e+00 3.498353683638382616e+00
2.415687356458287915e+00 3.894177676213700590e+00
1.688382882502079463e+00 3.869673995118178222e+00
1.463042650152998503e+00 3.657388459717954898e+00
1.140552741161505734e+00 3.725335345352198235e+00
2.668197190083390513e+00 3.551149981713495940e+00
1.788765268169027811e+00 3.750188342751941573e+00
1.742643117921449436e+00 2.577340561991845469e+00
1.137235089800427090e+00 3.747261666131451285e+00
9.711235344142885584e-01 2.994136819169110453e+00
1.765271700432614832e+00 3.540198760914738063e+00
1.442767615082084509e+00 3.434043136767620297e+00
1.182081005703512488e+00 3.070465478144286386e+00
1.673773517943084821e+00 3.205670935392424870e+00
1.397722838498147269e+00 3.671813428832763293e+00
1.014117360716711547e+00 3.426567628559844980e+00
1.267850269372515104e+00 3.685441163663146558e+00
1.203736698491385093e+00 3.668721241023774393e+00
1.783007724922121673e+00 3.787990694751610654e+00
9.375907912575268677e-01 3.184969780672579631e+00
1.584339695908634882e+00 3.135231810667861829e+00
1.533454221925088845e+00 3.706011749511108899e+00
1.006350855535844913e+00 3.503194308240299204e+00
8.654591617789415547e-01 3.452037782743514693e+00
1.433830090412315350e+00 3.263051441474315695e+00
1.493901128315358040e+00 3.664936729415722461e+00
2.143543144020938040e+00 3.191097010418411095e+00
1.113666692578643147e+00 3.188339355633017291e+00
1.128869600348304081e+00 3.490638606380144893e+00
9.502212737190952607e-01 3.552249557129623980e+00
1.747996445985219971e+00 3.324573540765250801e+00
1.884646557166451464e+00 3.863340967676513582e+00
1.754104478928049105e+00 3.480841033305382304e+00
1.372438036325111188e+00 3.649604315327492188e+00
1.147270782773700093e+00 3.507849873139436525e+00
1.681654416666829466e+00 3.706348239053933735e+00
2.298563230446000638e+00 3.859435380185957776e+00
1.474779620191673413e+00 3.620647953891132698e+00
1.211176741597643103e+00 3.554501282090732239e+00
1.762593410232565549e+00 3.502768332492289360e+00
1.386493856115339263e+00 3.562454449958574632e+00
1.187929620519250218e+00 2.724771336163220870e+00
1.474095253728967325e+00 3.456730413022233162e+00
2.130152847889373202e+00 3.611266308710201489e+00
1.335381443020540182e+00 3.510231928226015263e+00
1.000370527428946721e+00 3.101370538604510951e+00
1.214977886760080006e+00 3.365954635601887901e+00
1.146060002798999111e+00 3.698715085693112581e+00
1.465763593980055290e+00 3.616404663906391814e+00
1.151501156063006626e+00 4.083069856426366329e+00
1.183517302146907202e+00 3.484927573995304950e+00
1.297164644169329417e+00 3.242305484091422496e+00
1.058773337777585422e+00 3.323249651768504620e+00
1.400762862996981273e+00 3.542176956610225691e+00
1.449150020950928264e+00 3.433163253000851789e+00
9.946106928790171553e-01 3.734650266566330146e+00
1.158133298740115613e+00 3.402354228490503285e+00
1.727800445985722133e+00 3.113272440966257992e+00
1.681376953645026928e+00 3.317608377483437287e+00
1.855084209268671902e+00 3.390271580542628893e+00
8.902100659698406471e-01 3.530927541706049499e+00
1.639497517132366466e+00 3.533486928284128137e+00
1.516031469616359928e+00 4.031732866498669132e+00
1.792480928907120186e+00 3.303404464408475238e+00
1.551437083800562888e+00 4.039878472270816090e+00
1.502584890113061178e+00 3.428961596650519361e+00
1.694969429994451326e+00 3.152452566756595687e+00
1.540082553747225580e+00 3.914882068636998280e+00
2.230681754849628273e+00 3.489332074265630190e+00
1.559182566102932821e+00 3.624073272664702916e+00
1.980723540881077271e+00 3.640406605276656826e+00
1.033284828667059729e+00 3.525652591361041921e+00
1.300169941302607102e+00 3.826208154813259377e+00
1.492842687808089597e+00 3.246922526744173698e+00
1.409383577220018280e+00 3.532069685148378824e+00
1.684946297082245303e+00 3.391630597624067267e+00
1.319424157477896431e+00 3.577549521557036538e+00
1.368837529352362026e+00 3.461727173094695686e+00
2.103658419885899189e+00 3.708095861356722978e+00
1.820730613725191516e+00 3.642880271875008624e+00
9.925431516669893650e-01 3.232510170918938108e+00
1.175046073166376770e+00 3.209355028594255810e+00
9.963797915921921433e-01 3.110648668967959107e+00
1.341162769639019148e+00 3.023624895323297590e+00
1.565061991309212086e+00 3.308665994173632274e+00
1.271024473966533508e+00 3.660675696193259387e+00
1.083200826327234134e+00 3.411154070810857419e+00
1.644167759460322342e+00 3.492352525606364999e+00
1.618070016609142625e+00 3.660255745980560693e+00
1.870523800373509182e+00 3.588841790661722708e+00
1.583780944562680038e+00 3.405133364212469704e+00
1.143865952716434320e+00 3.368983981749944512e+00
1.891208801278180696e+00 3.860372821339039806e+00
1.155532661568078323e+00 3.386527922270720747e+00
1.961970156593265457e+00 3.438189619862077162e+00
1.269353079547604457e+00 3.768338301267834201e+00
1.055833804581507662e+00 3.305929839113758817e+00
1.476813093316487580e+00 3.487033581808924421e+00
1.652115677569859109e+00 3.823425932528826454e+00
1.140664277658287595e+00 3.311991565453705544e+00
1.387716413659085157e+00 3.412146518201607748e+00
1.450190584459241983e+00 3.616131522270446208e+00
2.278779530180594648e+00 3.353008997230686905e+00
1.077847891902375954e+00 3.326404647500131428e+00
1.774455500697755816e+00 4.342821358675196919e+00
1.851708245130035513e+00 2.998184397856488381e+00
1.442573591123845977e+00 3.479215017865905590e+00
1.543373513492280580e+00 3.452437675452315169e+00
1.339744745530079273e+00 3.330525868270816758e+00
1.315557429573979364e+00 3.230321028570753317e+00
1.348459267034677556e+00 3.170954847762310624e+00
1.160406684306385605e+00 3.723106619183221166e+00
1.472264239239285732e+00 3.769811005413766569e+00
1.350017372164326268e+00 3.422128072139116739e+00
1.376110131281814475e+00 3.202110126818126457e+00
1.732606427555161588e+00 3.912820179230619200e+00
9.538802102262952110e-01 3.412191048441694186e+00
1.520451095458177804e+00 3.306308124950016136e+00
1.345400829542899412e+00 3.808804284773412263e+00
1.257883747094367122e+00 3.608005945932120095e+00
1.397709610760189847e+00 3.024775428078870565e+00
1.040889677738741970e+00 3.445842350974458235e+00
2.086403031906994165e+00 3.557996833787159030e+00
1.326646051865921550e+00 3.293119256467853084e+00
2.009859204784512521e+00 3.754120425066266975e+00
1.285933912486841191e+00 3.331697026997141542e+00
1.333660070974576062e+00 3.641484610876482009e+00
1.641404737726016361e+00 3.579898711797804722e+00
2.156248469370191323e+00 3.453492624404922218e+00
8.984016726141412779e-01 3.542801712982495133e+00
1.731206550021622936e+00 3.170928163468735850e+00
1.335577098258659223e+00 3.224251918532982319e+00
2.281610291770492349e+00 3.592582392971400918e+00
2.614212880707512010e+00 3.638942119668468589e+00
1.314113003636861121e+00 3.425132118777784118e+00
1.126525626911361488e+00 3.657204672324584127e+00
1.505483359314406577e+00 2.871965943618336237e+00
1.276330828924532534e+00 3.325616201378063241e+00
1.430627725800657224e+00 3.160083344790777460e+00
1.806705022432643082e+00 3.212960458744078096e+00
1.166091247806025688e+00 3.041826410082118848e+00
8.485364621880451264e-01 3.015408493955553215e+00
2.118584661275982217e+00 3.288223211060631090e+00
1.837355211605207650e+00 3.493965296892427297e+00
1.496204852734315027e+00 3.770108271199984706e+00
1.504111247435077070e+00 3.574805633095939239e+00
1.518903146809534199e+00 3.715060188337112379e+00
1.556793122800786522e+00 3.418383515265829509e+00
1.817049402825150484e+00 4.073180885271708185e+00
1.553093818449631458e+00 3.927956602455466850e+00
1.400624438591269172e+00 3.459341914339248092e+00
1.550537590625989282e+00 3.342388111759685643e+00
1.359586229045519623e+00 2.881895689636044811e+00
1.615292754970893974e+00 3.294347383908532656e+00
1.496189065468830570e+00 2.918799999636154663e+00
1.339358596124478717e+00 3.492359633273818265e+00
1.570268195322547689e+00 3.179702815168698571e+00
1.914718972065154068e+00 3.696850125012600685e+00
1.507203821034065028e+00 3.660603142994069525e+00
1.217207697804250088e+00 2.966915484729457653e+00
9.292980101288900174e-01 3.438430162742491358e+00
1.278849478466091982e+00 3.604371318648915246e+00
1.032948851750506325e+00 3.565096244522131030e+00
1.098695012412451044e+00 3.864051040343313481e+00
1.338847531538169822e+00 3.781324396238406660e+00
1.422331273287313902e+00 3.467121637303108628e+00
1.193944247106752288e+00 3.354698077052603811e+00
1.308859116749693685e+00 3.556883718026669694e+00
1.269970330688608984e+00 3.487702931919858695e+00
1.032792431214500040e+00 3.659917383899248478e+00
1.150886752639077359e+00 3.231948522126464773e+00
1.460683825732203234e+00 3.400850903752994814e+00
1.212924524566156625e+00 3.343080666653181154e+00
1.805290064519491811e+00 3.529182119362990200e+00
1.254851233961851831e+00 3.309801643805323934e+00
1.341914296761492542e+00 3.531976029818508334e+00
1.331227257572652700e+00 3.248576347509251505e+00
1.175328087027210255e+00 3.384967936777267372e+00
1.600505778416988711e+00 3.534518877315484975e+00
1.279716561495291893e+00 3.378561768431591616e+00
1.092703110930443700e+00 3.614669923126552664e+00
9.715313549144830585e-01 3.602109363087727001e+00
7.268425355779108976e-01 2.943538304178961784e+00
1.098541966466284991e+00 3.479657271702342403e+00
1.143300880236669315e+00 3.567381429808367699e+00
1.198533047251580053e+00 3.680752714981953222e+00
1.822716891036650688e+00 3.805970828009761497e+00
1.441615962704847487e+00 3.324171646096001353e+00
2.123435448964697603e+00 3.726116135970311660e+00
1.519839375747347843e+00 3.178336134404669000e+00
1.171823632217930955e+00 3.227493331646069219e+00
1.806682254114186481e+00 3.366548748775112454e+00
8.990822401495216498e-01 3.634163053697140100e+00
1.626433142706260160e+00 3.814385446416579839e+00
1.272970371642133669e+00 3.474806456971256008e+00
1.041219036886431581e+00 3.082712467012635571e+00
1.353073518216488580e+00 3.754963737052268158e+00
1.683252069657991568e+00 3.302316274062151447e+00
1.298642873583617297e+00 3.633428678913506626e+00
1.257269749401825898e+00 3.564092815885071097e+00
1.580270435518846606e+00 3.548932675502119771e+00
1.267474030984260924e+00 3.750966923571652512e+00
1.237750112097476540e+00 3.160858589152645504e+00
1.217325629050183267e+00 2.714687261007927344e+00
2.054575015512317915e+00 3.302567982877023134e+00
1.714209460159220821e+00 3.753498592698367275e+00
1.525661315748964908e+00 3.432692263242717701e+00
1.913894013008665462e+00 3.729829565117530166e+00
1.206147837742694628e+00 3.733380020009104960e+00
1.286923120958099798e+00 3.753460734981879821e+00
1.884202788731852429e+00 3.338061943669380582e+00
1.335489973861096580e+00 2.522039025481496832e+00
7.728218014642319611e-01 2.919725942754099801e+00
1.302650439800066895e+00 3.414884653058847253e+00
1.168828494417994968e+00 3.323569281941236131e+00
9.072877055197622331e-01 3.348365225604875040e+00
1.385440089633828364e+00 3.342390148230573566e+00
9.377424260449238602e-01 3.292310438761670177e+00
1.078031899984729591e+00 3.248673495270518075e+00
1.593514242222248134e+00 3.426091651079229194e+00
1.196373544741485162e+00 3.506993720292673089e+00
1.366639108364858135e+00 3.757375166904894481e+00
8.932900703723184455e-01 3.345720850296831639e+00
1.750751501423307266e+00 3.603339682352364903e+00
1.593504906360428075e+00 3.445969035152535387e+00
1.214152843484033406e+00 3.871008543273170233e+00
1.638126981972575003e+00 3.700638414553074629e+00
1.411199824866884667e+00 3.909487769840803928e+00
1.641784690126686819e+00 3.381984754720627873e+00
1.583313984568823773e+00 3.781917708677843937e+00
1.449591368652387136e+00 3.142369848361946882e+00
1.800316543318066120e+00 3.546708880519171991e+00
1.479685882056849922e+00 3.731789714846736050e+00
1.591783695604155779e+00 3.694015391732963671e+00
2.343742001022434351e+00 3.702887015308928831e+00
1.409486348251357990e+00 2.685079531034958222e+00
1.436319175019342476e+00 3.520220254823515305e+00
1.707880493633488150e+00 3.541506462786966125e+00
2.241719351718065134e+00 3.625778643659052225e+00
1.291857905561676123e+00 3.102529136922624442e+00
1.583096812815122600e+00 3.756575800244471353e+00
1.307158826571928945e+00 3.121344010546942549e+00
1.763045002270371642e+00 3.632334178952899340e+00
1.869046280554512274e+00 3.530116767433018943e+00
1.628439414385342676e+00 3.370915511026569167e+00
1.099071087728962448e+00 3.290914574002785642e+00
1.963266843148849805e+00 3.547812687566825662e+00
1.465000922899161617e+00 3.521477477772357645e+00
1.343130191413502761e+00 3.547538698931963275e+00
9.862261662969801224e-01 2.790827185826827872e+00
1.317721643422554711e+00 3.363437851142841328e+00
1.530485764112206271e+00 3.597824420354243991e+00
2.025592802930276548e+00 3.827219315227162966e+00
1.152939186509857050e+00 3.235883262278518302e+00
1.266602071936188345e+00 3.021766100729594839e+00
1.251646424191200646e+00 3.432632641314069755e+00
1.958087447499061051e+00 3.856876382734542030e+00
1.295852265433034223e+00 3.445329308782311362e+00
1.524962155093899208e+00 3.491029423372589591e+00
1.178623957190914506e+00 3.444635903173018932e+00
1.699911860449597079e+00 3.193146462980737343e+00
1.165182025988664938e+00 3.820068908593623025e+00
9.648541431815228497e-01 3.301529518378230943e+00
1.376535500475465357e+00 2.893708639038186980e+00
9.406823844501635001e-01 2.942126008736691389e+00
1.232912361502071175e+00 3.324046375901381634e+00
1.165765651253745316e+00 3.237869290754168627e+00
1.319776436926465291e+00 4.081194484227351538e+00
1.068089365270322944e+00 3.524925348078695730e+00
1.670466763622109108e+00 3.669981856549396682e+00
1.379941375769875744e+00 3.593587771317993784e+00
2.217365982145035108e+00 3.237410905120361004e+00
1.333133172169462588e+00 3.635048661385551494e+00
1.719284403325867183e+00 3.241190687438677553e+00
1.503409756007213938e+00 3.804295457894131705e+00
1.431239152567633788e+00 3.151138057029552630e+00
1.177623873441971503e+00 3.446950660162424462e+00
1.870844707566670317e+00 3.481846816213833407e+00
1.687851369571841786e+00 3.512604642438447833e+00
1.550380601971605099e+00 3.561714343003839378e+00
1.131765373716160594e+00 3.340669323387229106e+00
1.452399974300354391e+00 3.209347584143137588e+00
1.587585424382253141e+00 3.031564675923834162e+00
1.990133124014350274e+00 3.717176608766473045e+00
1.453021278360403290e+00 3.726814245002989523e+00
2.023332963604361989e+00 3.723226417750550521e+00
1.387368675721621925e+00 3.759059037895071675e+00
2.129098945191782555e+00 3.952273567330180981e+00
1.435277324087510298e+00 3.823257272393488559e+00
1.997816611000452491e+00 3.913679643192887525e+00
8.820368145040829999e-01 3.192699864429694223e+00
2.361704529486630122e+00 3.470735342738193285e+00
1.335207952529914754e+00 3.422856699434843275e+00
1.300338141663344160e+00 3.053703479078810012e+00
9.688624527210825121e-01 3.590369841956397412e+00
1.219276878375479933e+00 3.079875581237892401e+00
1.086564175937213550e+00 3.661881535492136575e+00
1.167070947323344043e+00 3.374933133838187604e+00
1.113552939231353900e+00 3.433873877964262800e+00
1.286329033093318586e+00 3.044805070235324429e+00
1.469688287436679008e+00 3.430635388286777498e+00
1.298739832618040602e+00 3.515990202204880788e+00
1.080575222523844747e+00 3.515218594479335934e+00
1.418365647044478539e+00 3.536994810550397883e+00
1.961033532957093817e+00 3.773274666552443257e+00
2.064582801573487281e+00 3.618382318198732239e+00
1.331037006535523703e+00 3.844038857453297986e+00
1.589857279854216543e+00 3.106445350473566958e+00
1.373406793289339234e+00 3.192053209380300682e+00
1.744818857328469530e+00 3.604075449097044803e+00
1.367447238272745169e+00 3.296230817498497778e+00
1.519494004807464105e+00 3.731319752699216785e+00
1.335197035364446894e+00 3.181336429110502628e+00
1.374549783138776737e+00 3.258646477781341755e+00
1.153440449708363458e+00 3.020980719216973753e+00
1.537248224874167901e+00 3.688605519085775164e+00
1.365114386633540899e+00 3.461771754122572542e+00
1.408096169657695906e+00 3.098635201739222023e+00
1.346061791676153696e+00 3.240193134034546230e+00
1.737159495990010738e+00 3.779813491892801913e+00
2.087824493410393778e+00 3.501026982253717446e+00
7.209926112988584990e-01 2.769434260548552906e+00
1.099044711096521354e+00 3.630894120712605755e+00
1.525725245954666853e+00 3.554960757471668398e+00
1.125221402387000191e+00 3.188352917644540430e+00
1.485833037107414878e+00 3.271403986167918720e+00
1.495043603490069373e+00 3.366096651342718626e+00
1.534411343613762746e+00 3.747684169918190644e+00
1.181687570975333834e+00 3.933124751739579317e+00
1.836765099146031144e+00 3.306650545511913730e+00
1.488566864770199727e+00 4.180491204296687080e+00
1.601244319206730715e+00 3.735274132891373000e+00
1.850955763739540183e+00 2.538774736374936669e+00
1.465000922899161617e+00 3.521477477772357645e+00
1.074487476836308408e+00 3.089930911757185594e+00
1.351442204994163454e+00 3.081006228986659767e+00
1.235443749801025781e+00 3.124249546919000142e+00
1.128917669807357971e+00 3.030688583137911785e+00
1.378593962841880849e+00 3.141163770138853284e+00
1.324903563101978765e+00 3.463282873933791084e+00
2.081478585171038898e+00 3.376929228907285196e+00
1.930271004993950212e+00 3.742684080864483676e+00
9.970436350560800687e-01 3.040356275969358979e+00
1.092349745394524341e+00 3.425161488139844668e+00
1.242308082116504453e+00 3.521161512642923430e+00
1.505023348040564146e+00 3.465005176776356333e+00
1.093559271553794732e+00 3.364323952834937792e+00
1.255317929573347202e+00 3.683179350844532518e+00
1.986377931758700033e+00 3.729962548538326761e+00
2.152293790781785177e+00 3.521876799871822339e+00
9.362339379996241773e-01 2.583501774984339416e+00
1.478826217777784446e+00 3.717145329704734102e+00
1.698611012615198979e+00 3.059766281299086899e+00
1.467965642471879661e+00 4.008949843545673630e+00
1.399243451541275274e+00 3.276439494229276050e+00
1.406271850864676320e+00 3.215932483880685311e+00
1.579756998398608614e+00 3.384240505348282468e+00
1.364812926255382530e+00 3.278786249783122830e+00
9.810271708545369451e-01 3.016698456530627848e+00
1.890476507181921839e+00 3.552396763995136819e+00
1.314439564255621473e+00 3.468886436201585433e+00
1.324903563101978765e+00 3.463282873933791084e+00
1.228169338440654457e+00 3.153660565891598822e+00
1.063064242992330266e+00 3.347070174758422390e+00
1.492155684040156416e+00 3.697239770301707029e+00
1.048450302831889669e+00 3.269361511789896646e+00
1.453543559804102436e+00 3.777641594026626581e+00
1.595734819826941875e+00 3.355273850460991358e+00
1.303776806615786432e+00 3.386116900429067211e+00
1.259762142469990520e+00 3.836740436460983616e+00
2.496867765554922514e+00 3.593776296948269611e+00
1.625356330513180181e+00 3.935460060045607555e+00
1.404915835584573447e+00 3.562904982791203601e+00
2.043931263013843758e+00 3.697729025504092881e+00
1.264929307914432588e+00 3.703270186906328032e+00
1.667429194791409053e+00 3.788707285588758911e+00
1.206702772474111063e+00 3.523120371078249935e+00
1.831649249066725327e+00 3.378569432175919651e+00
1.389082416822852606e+00 3.604130725313448025e+00
1.629395180143874633e+00 3.407364242760368089e+00
1.057928523572022383e+00 3.780744603375352675e+00
1.419381675944148213e+00 3.585716591644088513e+00
1.160227097309781463e+00 3.362866271307619837e+00
1.242793740056728824e+00 3.632579572389424971e+00
1.287842010036051033e+00 3.654974385658395164e+00
1.400224799165433520e+00 3.631078569821713842e+00
1.805028595281301440e+00 3.698764418765840833e+00
1.813081279223581532e+00 3.527785922358702031e+00
1.454524614934721738e+00 3.274600627879132642e+00
1.822270705958416670e+00 3.852736917071104994e+00
1.308885897024300693e+00 3.589898070961740295e+00
1.516207268075261405e+00 3.591177368214741872e+00
9.727485474681868416e-01 3.250388325062097294e+00
1.457344227001178272e+00 3.489246027368316128e+00
1.112772351164627249e+00 3.348918175831257837e+00
1.380553518420313042e+00 3.584259568998332313e+00
1.888936654663285086e+00 3.797697971312887333e+00
1.649200608300549931e+00 3.682019446886850567e+00
1.433255809537895997e+00 3.405454706024872547e+00
1.589026526233078940e+00 3.523992560626275417e+00
1.698611012615198979e+00 3.059766281299086899e+00
1.784367538316904200e+00 3.720736574568055399e+00
1.233085568180516844e+00 3.267876144254516557e+00
1.384220386851138906e+00 2.901023637218126172e+00
1.466570876544076141e+00 3.458088085813288082e+00
1.093886557335271403e+00 3.147632368497094379e+00
1.213799170426292706e+00 2.948084743652035211e+00
1.828444565846020442e+00 3.721219741163938277e+00
1.463484723317362679e+00 2.999318519700620467e+00
1.563264592507917161e+00 3.521125157822109220e+00
1.340723110418680308e+00 3.540955031658280738e+00
1.823321786057769511e+00 3.603826048049135533e+00
1.101086817945364560e+00 2.814099121086895749e+00
1.772906661157284125e+00 3.811922953567558281e+00
1.589500168693255944e+00 3.522728285083294608e+00
1.828710160466923806e+00 3.602380144762082459e+00
1.269277334074065955e+00 2.893829166430751609e+00
1.308839093080707228e+00 3.328085398398805239e+00
2.336516364479230390e+00 3.480555893647702792e+00
1.265256636345216901e+00 3.489638526169906552e+00
1.347920915675006270e+00 3.151538599211396452e+00
1.817329136252382904e+00 3.195544374467368609e+00
1.832600567154687443e+00 3.835183320488452896e+00
1.600799859945564618e+00 3.618922225974751772e+00
1.924994818495132431e+00 3.832825586358964642e+00
1.171999427107310643e+00 3.395146269149599494e+00
1.368947355784996267e+00 3.426711668317877990e+00
1.285277553762026681e+00 3.330540650258942303e+00
1.066617952068887654e+00 3.307600450192608399e+00
1.860244305102141782e+00 3.733861781819677095e+00
1.120855608693974048e+00 3.298979006140857706e+00
1.428512050599402672e+00 3.598224424114627951e+00
1.515584054328765751e+00 3.625048661290958041e+00
9.864664054666022475e-01 3.275487442742838429e+00
1.274282232668416670e+00 3.450194989631673703e+00
1.337089351661303827e+00 3.177286112675878016e+00
1.655466127586688430e+00 2.793044923720496620e+00
1.910259535463201708e+00 2.891595769377599101e+00
1.998369237058789105e+00 2.857246615955062019e+00
1.663537833526026466e+00 3.769425213068137825e+00
1.514147446494670479e+00 3.478356168254904457e+00
9.954929879354383893e-01 3.308894152974201752e+00
9.304858154383510715e-01 3.582383871967128375e+00
1.207069587213593032e+00 3.178403983720322845e+00
1.442169857028811952e+00 2.994291370892941284e+00
1.053167943664183870e+00 3.639851189220690397e+00
1.139200088261935306e+00 3.585722949200202514e+00
1.031986468684240599e+00 3.151336123910155163e+00
1.576259846936092890e+00 3.388638179101134185e+00
1.918483208938947415e+00 3.955976858115687111e+00
1.636332432095449985e+00 3.566882555289971002e+00
1.510292631777454542e+00 3.649049806819024688e+00
1.707571151676991805e+00 4.019169801362783900e+00
1.236562064196724098e+00 3.099455673995483274e+00
1.542775812661588253e+00 3.630328390036207775e+00
1.049859869032826021e+00 4.021387997427248173e+00
2.116717747663451998e+00 3.949344925626110836e+00
1.195072424196693461e+00 3.166709186829921752e+00
1.850500180820692675e+00 4.114549895425149373e+00
1.139978491711810982e+00 3.420284443036851751e+00
7.764605038152234684e-01 3.122709386950875299e+00
1.692917523570311555e+00 3.732833560019297892e+00
1.737322647185125080e+00 3.895426973468499643e+00
