# Hierarchical MCMC downsampled to get 500 samples
# alpha, beta, mu, s
1.213693376115080991e+00 7.056828287073072303e+00 5.507714287641075401e+00 7.226153638915845667e-02
6.496731893016529646e-01 3.648761575761462428e+00 5.382486579799958371e+00 2.480786629018204847e-01
1.281895623893371416e+00 5.002074920910720479e+00 5.339546273786488939e+00 5.872234368704606217e-02
1.364112397934234000e+00 5.865355627023019380e+00 5.387732185363558024e+00 1.897081345921578788e-01
9.927015203342639538e-01 5.685250900448851397e+00 5.525740825802786027e+00 1.373770819879774896e-01
1.190313829839177107e+00 8.359041117680680699e+00 5.536923653432252124e+00 9.086567180280699652e-02
1.279077870258260141e+00 4.811723678547741301e+00 5.371606515801713222e+00 2.603493762558377611e-01
1.111129548758728047e+00 4.200014909368307237e+00 5.754521116794394153e+00 3.970434492697665352e-01
9.680373144495006965e-01 5.931758030017498129e+00 5.556387341527174506e+00 5.834866351893591707e-02
8.098428495480340938e-01 4.162178126632381847e+00 5.271916262791881636e+00 6.123877970466315435e-02
1.333898025443462698e+00 4.271998847237924224e+00 5.228693002124077616e+00 1.084317752827193282e-01
1.377819576758463782e+00 6.691343582054506633e+00 5.492112023905865392e+00 1.763767927369124522e-01
8.078592875582792932e-01 3.624986561848187794e+00 5.442495284081528162e+00 8.998302248511319545e-02
1.072048434739412581e+00 6.415724746976060544e+00 5.369359267962248161e+00 2.627905058049931353e-01
1.008983653560060922e+00 2.697732144965042878e+00 5.387945818091179895e+00 2.574279626801849741e-01
8.857870226282510417e-01 3.159221632745695452e+00 5.562295093186236272e+00 2.030732886266684578e-01
1.042950374044999018e+00 4.842402999107282113e+00 5.531172670589974416e+00 9.467017570461770670e-02
2.309354264117669420e+00 2.200349630150704616e+00 5.395720719022036427e+00 1.194485022990301459e-01
1.623721247576031423e+00 5.023181392921570065e+00 5.528908472827138709e+00 1.100960994160897211e-01
8.120626917814629531e-01 5.785980637443440600e+00 5.453391113048915884e+00 1.119436263889210942e-01
1.014750505367966849e+00 8.160344886813705401e+00 5.477818669697822607e+00 1.034374201941884314e-01
1.298531931886531154e+00 6.662028164624517856e+00 5.474069320888253820e+00 1.143324291813815896e-01
1.261048212349055619e+00 8.776351519149715230e+00 5.509518860555211006e+00 1.011566743814104330e-01
9.816503912774228180e-01 4.080834385889144045e+00 5.673086374280983613e+00 1.767866604816732967e-01
1.077238732773502017e+00 5.418161218969753001e+00 5.425154111563999848e+00 1.608080631631685353e-01
1.105636074952880188e+00 5.187049185314932309e+00 5.412866498944744365e+00 1.568130375798735543e-01
9.780062199371780673e-01 5.208848927529832196e+00 5.288146947424007038e+00 2.017936023985731908e-01
9.996285835320120050e-01 4.060321582750145986e+00 5.289980913851759503e+00 1.073079154841515837e-01
8.118527491326830159e-01 3.400511051187364853e+00 5.689208465874812326e+00 1.744271721804671049e-01
1.280119390248963374e+00 5.385132387730870107e+00 5.442308618412648791e+00 4.207472248824135896e-02
1.217275802790549921e+00 5.817659336288091509e+00 5.422410347878720671e+00 1.128310888690852443e-01
1.330121457955605990e+00 4.573355063387851693e+00 5.547568730788720259e+00 2.151422446849633463e-01
8.463688714326274010e-01 3.275953033061439701e+00 5.185157705090152724e+00 2.133427095165923437e-01
8.632112032645549160e-01 4.516669472767643079e+00 5.479615496849457479e+00 2.215903493842076299e-01
1.596200514346293842e+00 5.072065650260999092e+00 5.566418845162480977e+00 1.567409038371077035e-01
1.146307572755353998e+00 5.860589397556776881e+00 5.390049516550762476e+00 1.197333896035529532e-01
1.131391373139831957e+00 4.962963678872649886e+00 5.465152263498169738e+00 1.778200338646337419e-01
1.130577046635960592e+00 5.291372860866285777e+00 5.503170450788750223e+00 1.494234067749689587e-01
1.006087122316877025e+00 3.181286447726916933e+00 5.281076836678662012e+00 6.987381730595300378e-02
1.530942802312081241e+00 3.673702440339669195e+00 5.171036402909514607e+00 2.145375308146058035e-01
1.567540380020750357e+00 3.923216470408213308e+00 5.455522262033809966e+00 1.194990426884006834e-01
1.275482848018809623e+00 3.254543941634091553e+00 5.442781618979592118e+00 1.354703171840219156e-01
9.493228838118511481e-01 3.405520960636360783e+00 5.538923193401648959e+00 7.910416139859383078e-02
1.783818779801654708e+00 2.799445912058767139e+00 5.757005227594737207e+00 1.425326123581055204e-01
1.125144866542250544e+00 5.400241093256519243e+00 5.448817649741067193e+00 9.920398718129531945e-02
1.155445223732248339e+00 4.001615020281794166e+00 5.461753000113378498e+00 1.420273732252139987e-01
1.341340380728445858e+00 4.781876694338732747e+00 5.395229764463348232e+00 1.708329493092336226e-01
9.320115803545554467e-01 6.734275798061202245e+00 5.476606393835340647e+00 8.227487817420249538e-02
9.058248369163648395e-01 2.772116335876288140e+00 5.505887423544074011e+00 1.449963068963995572e-01
1.249931535503266966e+00 4.882915707531562788e+00 5.267282009012847155e+00 1.118319757902597050e-01
9.711232590550041843e-01 4.611698924346253392e+00 5.404362763657569069e+00 1.017595138909810348e-01
1.086974751021997809e+00 5.077839938878715209e+00 5.567693772009586262e+00 4.582789183250872422e-02
1.131893682679997237e+00 5.263267423018854529e+00 5.479109961721368549e+00 1.173043011990672346e-01
1.035677433717678619e+00 5.731452213991162559e+00 5.819858725494348128e+00 2.361290638700459243e-01
1.010657661921308570e+00 6.864149331888905969e+00 5.527785387174634302e+00 2.804478634558446037e-01
1.674068221789037247e+00 5.524887463172491131e+00 5.409152940408652022e+00 1.977352145219510582e-01
1.009541731824319610e+00 7.165443420575338784e+00 5.378863419636688903e+00 3.022768525379880833e-01
1.171604470217600058e+00 4.664126203835984086e+00 5.754640540188845854e+00 2.033630802620782496e-01
1.347761965905153847e+00 3.561395144377711208e+00 5.484104100374370461e+00 1.649729058053459041e-01
1.177418453907990603e+00 4.121886184583948065e+00 5.473303145836078798e+00 6.518847198712324209e-02
1.304138463044036689e+00 6.053210344960542777e+00 5.463798876652600889e+00 1.292600199365465385e-01
1.132687126022991819e+00 5.210214362139512723e+00 5.465395975984150390e+00 8.345700071327381842e-02
1.366262116885092803e+00 5.635661077405148767e+00 5.361327956173951748e+00 3.170967438063769794e-01
1.237113605904615721e+00 5.293969206199666822e+00 5.492716332908192278e+00 9.607965213791958003e-02
1.228074008095103364e+00 5.432045710162818786e+00 5.484683964196905848e+00 5.191467689844213307e-02
1.077529348927131592e+00 6.323182531080676405e+00 5.477498594729889980e+00 9.796963018051488281e-02
1.408129614509907590e+00 4.776325935371971809e+00 5.537490723022743921e+00 7.554226470505233382e-02
1.460354218842596197e+00 7.095767713472711513e+00 5.370769067192727952e+00 4.923888153959758707e-02
1.295603682351044394e+00 5.643835436971433417e+00 5.605435065579070120e+00 1.877283124810251169e-01
1.226045704001490932e+00 5.619878379971282811e+00 5.583762228280524376e+00 2.356737424707536499e-01
1.149867778127702911e+00 4.682734515768402161e+00 5.530387439486397660e+00 7.705333571163781869e-02
1.131545100363213985e+00 3.465405549442198030e+00 5.508780770627380363e+00 1.160126616130018606e-01
1.503533829726115378e+00 4.548633748575353408e+00 5.493156846208226085e+00 8.665501620408377903e-02
1.112255573140603415e+00 3.446795152046940203e+00 5.431122303509305027e+00 1.254417337768172769e-01
1.426292669121066004e+00 4.071968105292035567e+00 5.483692283369986598e+00 1.421705405546937473e-01
1.179102582824027134e+00 5.958502605435035626e+00 5.467013420171988436e+00 1.500676693029490694e-01
1.080611516638137148e+00 5.416154605829688329e+00 5.499286538904838650e+00 9.212105978089640823e-02
1.137611342875915144e+00 3.737407733649158903e+00 5.338661316700868298e+00 1.106970575640586485e-01
1.074096408525009316e+00 5.793970016523637412e+00 5.512308323583182457e+00 2.292107101472956251e-02
1.359724868658761743e+00 6.796803187104328181e+00 5.406457107334117218e+00 1.811373279694031557e-01
1.344650196112739282e+00 3.636322362926817320e+00 5.444420371050953555e+00 5.400383408209024488e-02
1.137457312873668691e+00 2.941946432369462627e+00 5.376937402892091100e+00 1.907718636189187078e-01
1.762038286467696890e+00 5.567469095201525775e+00 5.280418623793050159e+00 2.178353294073024637e-01
1.192818344792141882e+00 5.206213909442514165e+00 5.676699342245154156e+00 1.924198515303986445e-01
1.136199107983397960e+00 4.031578479796132264e+00 5.345418154405457756e+00 1.461985922535044835e-01
1.465589628663444000e+00 3.153434992729822195e+00 5.353222122315555609e+00 1.151169959821291694e-01
1.389070122843977018e+00 2.967471201885989451e+00 5.403442437590774361e+00 7.667619242405049329e-02
1.101357557147395028e+00 4.050609717044976854e+00 5.558011309988444282e+00 9.101024541671187684e-02
1.186302219750571263e+00 3.531786028842540226e+00 5.730803617599280031e+00 2.181064536322653291e-01
1.337842432111771229e+00 4.844783119286713458e+00 5.248207475549405032e+00 1.503283709206731655e-01
1.414781858978030771e+00 4.707648958878911216e+00 5.457456685111508499e+00 1.040450550089879467e-01
8.441152228436974436e-01 3.926319916702194046e+00 5.276258430283858658e+00 3.066041498995443204e-01
9.621631631837498366e-01 4.664753421738772943e+00 5.531686469505680215e+00 1.744322515324764622e-01
1.109667727292050765e+00 4.176386899554128895e+00 5.617267976432396281e+00 2.155912163596725439e-01
9.852087030315186400e-01 3.487429709485150298e+00 5.487686097952607867e+00 1.763679261358982453e-01
1.686689395256714130e+00 5.197874219481918523e+00 5.455687743626109310e+00 1.277606271698162599e-01
9.676702114679998079e-01 4.082026956753812996e+00 5.522376325480190751e+00 1.606134028604271069e-01
2.143834038213368487e+00 4.564446527837500156e+00 5.478093803703985465e+00 9.191400998768978203e-02
8.442954542587147726e-01 6.727912447674617269e+00 5.368146859482798128e+00 6.067173240491408048e-02
1.246017966789574105e+00 6.051674981369528972e+00 5.513468361729760403e+00 3.377838216092100554e-01
1.531239662673858026e+00 4.472365668221103263e+00 5.408559501611789777e+00 3.074320927289701522e-01
6.803541642484735030e-01 3.717739377162952774e+00 5.285412242832369323e+00 1.080054095172260642e-01
1.052585957172198494e+00 8.223349158512425205e+00 5.272338044768251741e+00 1.159373148823580613e-01
8.374502143784965380e-01 6.011554666966572924e+00 5.660611861420729696e+00 1.211964661073068605e-01
9.363771729682432987e-01 3.659153925154884135e+00 5.388859983035958479e+00 9.434820495278244123e-02
1.272999177505063528e+00 5.211873847714796781e+00 5.469134258999289955e+00 1.286081075764058945e-01
1.122176638266178861e+00 3.164888355752489613e+00 5.457618256968032711e+00 7.465071903277643861e-02
1.668407999975521694e+00 2.924233141791691803e+00 5.560785543826951560e+00 2.181174271846687551e-01
1.439690641067004506e+00 5.432892157351154161e+00 5.428043379503717958e+00 1.876738250347428361e-01
1.323708964719104486e+00 4.137217325950047986e+00 5.450603788545171469e+00 1.623909016521939419e-01
8.873503281425983991e-01 3.922600232634051665e+00 5.682923190295830373e+00 2.705825611459130586e-01
1.190121213000193690e+00 3.180321698101119310e+00 5.254034152234316579e+00 1.679279766425479936e-01
1.066861201141154458e+00 5.806760387089713760e+00 5.486989770253820176e+00 1.225334926486849191e-01
1.050402115334935882e+00 5.067087430159414652e+00 5.579243311999873889e+00 1.300385667408642254e-01
1.267752442363753840e+00 5.017700680936500568e+00 5.540186808981991007e+00 1.001060617840218714e-01
1.282961154472630705e+00 3.690011867214006092e+00 5.494487807752554076e+00 7.948531559086907672e-02
1.160536242908208227e+00 4.940008907840883090e+00 5.402251849104599657e+00 1.340901002196320801e-01
9.372097063872638634e-01 4.522931189372661365e+00 5.406581073755091005e+00 1.032814020744106387e-01
1.313326678705273309e+00 3.368965597052127947e+00 5.085140771961688344e+00 2.674639735549934616e-01
9.192933242315898257e-01 4.705128379560680862e+00 5.467271495975836615e+00 6.753776007108100443e-02
1.762587752985462330e+00 3.460948779111972406e+00 5.535917772934936032e+00 5.820042555438468407e-02
1.089735488453995815e+00 9.871479339025537314e+00 5.341307515450434806e+00 2.438900917408637070e-01
1.148376497111897931e+00 7.635298468559280849e+00 5.484535475288832451e+00 5.243471142714296873e-02
1.677139027067798605e+00 6.885334601758373196e+00 5.681200093373557358e+00 1.426331275190281245e-01
7.349235235261397658e-01 3.104814477183724719e+00 5.477157258667453732e+00 1.545984713478186778e-01
1.622291093552448826e+00 3.267996195243761726e+00 5.539293579865439021e+00 2.237927311620668547e-01
1.070958892210765345e+00 3.989530776821323954e+00 5.600927601273708589e+00 1.795178551243289400e-01
1.277921684842178607e+00 6.506142763485399882e+00 5.344007249644233681e+00 1.081261395385329505e-01
9.551088222877834877e-01 9.957229430835198514e+00 5.386091163666472781e+00 1.805061181548230642e-01
9.089534886638380717e-01 4.863753213437757239e+00 5.246292905558267883e+00 1.230232274816530913e-01
1.043248114935406701e+00 9.656097628634025654e+00 5.522629933676588720e+00 8.417114471945447152e-02
1.002976132981310275e+00 3.997946766561250698e+00 5.446807219035027181e+00 1.260825079146000172e-01
7.775753572513763867e-01 4.585566551646378386e+00 5.616168212819458105e+00 1.013647424351749038e-01
1.056688059210496133e+00 4.849996913417890632e+00 5.804140342757983184e+00 1.759378465423401261e-01
8.301811051801490926e-01 8.284727558585437635e+00 5.532312020976934974e+00 6.676263064760651345e-02
9.327430967659885441e-01 3.478256637625730008e+00 5.693930140479662505e+00 1.930239412770529683e-01
1.361715883775711955e+00 7.608781883160056658e+00 5.537125176534027915e+00 1.835017306233102663e-01
1.422818205367126998e+00 4.202095735306093260e+00 5.504008020157623804e+00 1.947554263672271746e-01
1.198366002961130050e+00 6.054344287996177520e+00 5.564264705147260237e+00 5.313348189359972523e-02
1.014976017501092453e+00 2.842966981412447858e+00 5.528983426398903944e+00 1.492741280570228923e-01
9.532275085526039637e-01 3.238515096314649622e+00 5.592040731366997974e+00 1.579789664193622101e-01
1.191724644723827442e+00 5.176008048521365090e+00 5.417199604119410594e+00 3.117377654507580975e-01
8.127775718086791557e-01 3.853369833801626676e+00 5.481467150879325345e+00 3.667952344909207463e-02
1.143196659259827053e+00 5.680792439663208349e+00 5.412978175176621498e+00 1.016543268703852532e-01
1.052330040566385350e+00 7.698599546667428406e+00 5.317489549372643509e+00 2.360614884654666512e-01
1.156259286621189819e+00 5.644638956662742402e+00 5.385489636446413542e+00 1.132519500332346829e-01
1.329796894199529067e+00 5.602225530022260536e+00 5.540027964158285023e+00 1.819698148117723790e-01
1.093169049933250037e+00 5.919145319558563934e+00 5.491800161243966194e+00 1.890375077387642100e-01
1.071610768470649067e+00 9.977191632332782945e+00 5.371700826298136278e+00 1.069539221296870180e-01
1.400103767315215020e+00 5.324374079572323559e+00 5.433175783292236716e+00 6.971574160485727312e-02
1.063867506951684749e+00 7.408893970083993530e+00 5.328514143498652267e+00 1.206678771755092111e-01
1.189756491001135341e+00 4.316812931128140463e+00 5.530799476111555535e+00 1.537621687978981133e-01
8.660949822057962821e-01 7.964191107329100738e+00 5.384470139083939344e+00 2.219257155198712805e-01
1.346148319612021638e+00 4.885218495273329964e+00 5.563150700021018302e+00 9.913407269339771788e-02
9.735286095820010477e-01 3.463309543900270793e+00 5.375971099674115905e+00 1.063312937702311223e-01
1.605178406242279809e+00 3.736207669517902730e+00 5.385334465261545134e+00 9.846096775546719915e-02
1.747467754773216253e+00 8.110011357918619268e+00 5.142698112759275020e+00 2.527316002704492193e-01
1.139879557838881174e+00 6.465998907270124718e+00 5.463745978395303737e+00 1.561227137299154577e-01
9.040269780152438983e-01 7.779513804765861629e+00 5.581053064235929284e+00 4.668124294341543384e-02
1.501556102900992062e+00 5.398303611388463707e+00 5.550138552924878788e+00 1.208635680626516384e-01
1.404189381470418718e+00 6.605001110311618184e+00 5.239866008520880136e+00 1.348935107505020159e-01
1.763800652029027027e+00 4.888741940246874584e+00 5.257224292099794916e+00 1.196454050246194556e-01
9.609639926522175468e-01 8.270988687421827024e+00 5.467803466159343095e+00 6.256900490839949203e-02
8.914820661183356920e-01 4.534288736513226503e+00 5.533759985740850595e+00 8.947299818367648871e-02
8.470983891906075369e-01 3.692226221956972587e+00 5.342523200303126885e+00 6.931189848570787349e-02
1.564532149871871614e+00 3.640988635488603187e+00 5.615236290154463461e+00 2.025259952298842925e-01
1.169453469664336831e+00 6.092367768364791658e+00 5.563781228578059235e+00 1.098417425512934198e-01
1.217912174733020825e+00 3.983654778873749081e+00 5.478539263365573397e+00 5.237499857710826989e-02
1.085504351218315122e+00 5.582535742321573125e+00 5.492856836052220082e+00 6.195435083354378786e-02
8.620855407226238887e-01 4.541685889936490028e+00 5.332728119579916104e+00 9.758678976850336528e-02
1.301246701284819673e+00 4.810918354731295032e+00 5.481406688148148021e+00 9.998599275110266194e-02
1.190839849086304580e+00 6.547118046509569744e+00 5.435837062835067179e+00 8.908442330743521209e-02
1.027235180254069791e+00 4.574673623099200448e+00 5.508770194572527146e+00 1.214074308626746646e-01
1.412572305092923752e+00 6.808637968648928229e+00 5.223227882509858588e+00 1.674060202808923259e-01
9.130362504803796186e-01 5.783293620226626075e+00 5.554335023915223601e+00 1.376521949026844049e-01
1.023680204791737713e+00 3.042073141733413255e+00 5.253812276180330976e+00 1.116896603632498292e-01
1.109731150811419154e+00 4.778193946636337230e+00 5.046570740078923478e+00 4.363548253454205272e-01
1.284716312397389926e+00 4.077644011744635755e+00 5.549309873967917639e+00 7.715777826517575266e-02
9.671195139794381834e-01 3.643473802052602295e+00 5.450602880657519300e+00 1.375528366362961386e-01
1.150678012091639335e+00 5.407744949293678438e+00 5.198492864501169208e+00 2.460097629480522685e-01
1.112219659735913080e+00 4.481845015347831307e+00 5.355124811473996438e+00 1.181747426672244694e-01
8.743344438935066743e-01 7.163499130217906519e+00 5.563742878066896935e+00 9.826954120919415003e-02
1.263126707947104466e+00 4.752416198468282005e+00 5.703137250299428196e+00 7.495309431443909765e-02
1.578600105772063333e+00 5.946726982684529261e+00 5.465662640433437858e+00 1.456583185335595110e-01
1.026956817681783596e+00 4.548409895091551469e+00 5.336644077876870007e+00 1.448022236905885662e-01
1.495181751697296058e+00 5.121657296536250570e+00 5.479474096231172098e+00 6.544193093115746596e-02
1.006166203699084383e+00 3.609980011670727684e+00 5.574950152713585183e+00 1.504494898037405659e-01
1.523061741828406035e+00 3.993860603146679011e+00 5.570173872721593256e+00 1.782206722375415386e-01
1.179479821009184137e+00 3.005994580171858388e+00 5.361961732755377241e+00 8.106109081093321178e-02
1.384217786842367737e+00 5.165871524630718525e+00 5.549091484882149317e+00 8.144773781827782666e-02
9.066896995878868104e-01 4.283039556899669975e+00 5.442674185229581241e+00 9.907578416992184056e-02
9.693591101104650498e-01 6.872972411630698275e+00 5.454817430385644705e+00 1.155757722881516486e-01
1.363489346129128643e+00 4.608608483121287236e+00 5.465184240422550133e+00 2.911113508932822724e-01
8.928348168516367922e-01 3.697124434968624307e+00 5.524192807375548853e+00 1.280196128344597284e-01
9.620199907943527418e-01 3.907782911399641623e+00 5.502737527392794092e+00 1.789498562920106006e-01
6.527992297987639247e-01 4.559257069456600142e+00 5.444846025567542824e+00 1.045346211660568292e-01
1.187526565806808820e+00 4.899215270630153718e+00 5.676370092587843530e+00 9.977934166106181002e-02
1.251279956123481085e+00 4.926526272770517245e+00 4.980542876421035103e+00 2.470060664666142158e-01
1.026411670620514860e+00 7.750039247192273884e+00 5.419692348363424728e+00 2.156995038032842871e-01
9.563056138347606483e-01 3.946137061963066017e+00 5.451575688695678323e+00 2.005248253199355402e-01
1.095976059228906729e+00 9.698943244045276302e+00 5.535460655801181851e+00 1.376073428289308342e-01
1.109069759228146879e+00 4.323346900156648687e+00 5.529869061585015011e+00 9.953440894758147639e-02
1.281421217183127625e+00 8.972811649404533796e+00 5.431345527719305899e+00 7.546564134936370460e-02
1.187847586581288528e+00 5.074653704067721982e+00 5.471620274249492155e+00 7.026178212636867426e-02
1.365464020298885028e+00 5.347205924391942311e+00 5.538080338198462016e+00 1.007032911442488077e-01
9.367509488956219377e-01 6.481557746147582399e+00 5.530674911364768853e+00 1.426160857115055525e-01
6.969695295396601820e-01 5.394933536953546493e+00 5.155097717962984660e+00 2.691095236693011872e-01
9.682911117307232418e-01 3.240416984841782977e+00 5.494187505191931997e+00 1.233617164217880174e-01
1.286777131233670213e+00 4.167308337683063080e+00 5.418657402610625340e+00 9.768779223891334296e-02
1.409682279625047441e+00 4.892897215128140687e+00 5.451810955041631601e+00 1.729477500805081391e-01
1.218872490738146519e+00 3.399634250829734139e+00 5.578833500520318012e+00 1.279197781396214650e-01
1.585046951450018060e+00 3.193888657044483992e+00 5.417628479400097952e+00 3.000150978716774608e-01
1.027225378288643354e+00 6.397943199595573560e+00 5.491144317398030772e+00 1.597899331582935400e-01
7.187952368732719588e-01 5.004028934019681962e+00 5.452378881133797428e+00 9.643849315984379111e-02
1.468051353050341401e+00 3.983554687151166007e+00 5.451690903840031410e+00 5.357127808750804937e-02
1.432366215312222080e+00 4.177889215529641653e+00 5.508798041940722534e+00 2.115914314063157553e-01
1.149455578344289242e+00 5.988306497695675468e+00 5.399844289785814766e+00 9.981842567858759119e-02
1.078860839656468951e+00 5.833188677070419104e+00 5.460290235709162054e+00 6.906962220044242373e-02
1.003036257109871432e+00 5.204154232502107291e+00 5.324865312542159224e+00 1.685349928767318484e-01
1.286879588390108742e+00 4.666263774373158313e+00 5.438151991759823112e+00 1.523207241618585450e-01
1.014202662069131122e+00 4.267164252297602545e+00 5.454348393737586065e+00 1.684659726684839265e-01
8.576966057499383345e-01 6.981057888512327558e+00 5.258847788559829262e+00 2.670682122434676620e-01
8.045803679362336647e-01 6.412774726300884964e+00 5.313930987645805182e+00 1.171936712793393287e-01
1.315182208827033294e+00 6.101781982511202074e+00 5.502242479640221617e+00 1.839872483500308575e-01
1.410899858142798280e+00 4.692555817111637495e+00 5.524947516903397471e+00 2.183727645797221562e-01
1.261762528387235349e+00 5.094199887480789002e+00 5.312618038371237361e+00 3.020331625918403762e-01
1.107283641772270011e+00 4.060104799089601535e+00 5.438775457431145099e+00 1.616432717048631451e-01
1.016671881376447928e+00 5.055323112983140632e+00 5.444079166888623256e+00 1.995564479321854656e-01
1.447691966167275801e+00 2.886121270907482383e+00 5.375067053347237334e+00 1.800810969092278280e-01
1.003362882065093054e+00 6.897041050927135153e+00 5.377687688682271983e+00 1.746836094320250998e-01
8.154258857648574166e-01 5.090564399535677964e+00 5.490993093175144502e+00 9.792040382075625771e-02
1.078349755709466118e+00 5.700437922655601675e+00 5.293391763868879885e+00 1.515382278024196838e-01
1.165509685446576515e+00 3.935263971200608779e+00 5.454094466365853933e+00 2.039551227198678762e-01
1.105827554438635785e+00 4.884381505963990122e+00 5.204713255182851661e+00 1.921839134620755007e-01
1.733017361539873402e+00 1.053677238489489731e+01 5.342339064776624014e+00 1.749936154270994582e-01
1.003003174521088781e+00 6.260351364896593829e+00 5.385293410400522340e+00 1.283060152069041004e-01
1.198776134721402986e+00 4.463782275514177833e+00 5.636901467500754492e+00 1.499554032024656147e-01
9.561576450979040187e-01 7.660483617695563296e+00 5.393946059648844660e+00 1.299953021760039684e-01
8.355912004750092326e-01 6.717059847544925688e+00 5.230397184586037085e+00 6.468247180481105640e-02
1.137009077015774361e+00 4.071788671398538284e+00 5.629566958769617990e+00 8.017626582327821994e-02
1.046604971477807622e+00 6.001366825680608308e+00 5.221493386764098688e+00 4.193611537541688250e-01
9.204748090385178605e-01 4.899739967354137526e+00 5.632547623874934573e+00 2.090691713863948031e-01
1.147476090145933991e+00 7.816310132739319627e+00 5.590018931900261556e+00 2.495756489455987215e-01
8.957989573826300456e-01 3.454835230911806221e+00 5.599209633542291620e+00 7.361405311900302839e-02
1.059762977344901769e+00 3.458369621209628431e+00 5.357844688926753030e+00 9.158743959427091685e-02
1.016846076469997362e+00 5.919039977002081621e+00 5.559781724552347981e+00 1.573785369151378677e-01
1.225993597293076665e+00 5.985374491237599237e+00 5.048481056742566864e+00 2.656536969405832727e-01
1.109167755666065736e+00 6.199738016247955841e+00 5.465942100913704138e+00 7.656427534963189396e-02
1.032380606688679814e+00 3.337804126001902461e+00 5.445191775609910856e+00 1.324475824835965043e-01
6.101721675077864671e-01 5.005065518674637559e+00 5.610060997739489963e+00 2.313706451473458159e-01
1.483307309526006534e+00 3.893049288719899970e+00 5.294526411192895132e+00 7.995843464505666964e-02
1.024449361022736538e+00 3.674016659575206400e+00 5.340554775940988819e+00 2.207776040701559805e-01
1.191453807051044311e+00 3.632982798956464254e+00 5.411962892570991279e+00 9.449533061060291783e-02
1.044336720507522687e+00 3.640677550342452218e+00 5.382919163631232351e+00 8.503823555733537598e-02
9.925271882176364135e-01 7.533856198405659121e+00 5.648706397941577251e+00 8.248417602199417664e-02
1.317416485056640107e+00 8.045579171937571772e+00 5.398843696028403194e+00 1.544955878598252286e-01
8.239894452942947423e-01 4.121067855576955985e+00 5.896590364108320159e+00 1.569650600781899441e-01
1.050971583585255775e+00 3.554300207585751270e+00 5.270504214776294383e+00 1.206900888950271228e-01
1.032703337258343845e+00 9.497651500895688770e+00 5.383243987842579514e+00 1.065502009915138965e-01
1.029361192632927580e+00 3.848236238520447383e+00 5.524853945547529399e+00 1.260856919663689291e-01
1.148163268402663695e+00 5.856013032224707260e+00 5.422843942537120654e+00 1.505987410415808858e-01
1.263591858940962265e+00 5.400691435424541886e+00 5.581674547323901336e+00 1.314588579357458542e-01
9.107178168045966249e-01 9.402747535217018893e+00 5.336789239207574198e+00 8.360873147947418815e-02
1.308656895963203448e+00 5.519017019597870721e+00 5.270068728459262886e+00 2.825617208352301790e-01
9.695082137202856165e-01 7.622874070779060318e+00 5.448748628094022273e+00 1.821642391967864261e-01
7.151857127720262497e-01 6.137801584137584143e+00 5.563997075790805269e+00 1.235014109304814200e-01
9.337999887217351969e-01 4.318713497335716411e+00 5.427046873580935404e+00 2.094252393201848639e-01
1.009385904088782926e+00 3.304232607355302331e+00 5.710051258467002455e+00 3.018497752350392527e-01
8.960150955819207175e-01 6.983098726661181921e+00 5.479254502166244656e+00 1.047140469603801000e-01
1.225232869737909125e+00 1.006156951284106960e+01 5.428813372036837670e+00 1.060495872426486519e-01
7.477915434475750356e-01 6.553190061960969537e+00 5.138155088505667933e+00 2.442031585035455143e-01
1.074732863642948733e+00 6.564103307731047110e+00 5.494268018243968932e+00 9.849807892330539327e-02
9.965895902190937683e-01 7.856778423218445440e+00 5.539140263126337338e+00 1.334713044834287266e-01
9.167652951656105609e-01 9.136226372633947435e+00 5.551053621103338998e+00 1.860844088898084281e-01
1.080500946445209998e+00 3.048505122162486369e+00 5.438077522661055596e+00 1.679760623624071691e-01
1.576096836875697571e+00 3.099240122895570160e+00 5.283699286046883437e+00 1.947431586363111145e-01
1.216492798048082857e+00 7.676815221860045391e+00 5.489167986909477825e+00 5.026948951933433996e-02
1.159058802546325095e+00 8.258485152279344987e+00 5.373032852769169310e+00 1.635923207402347201e-01
1.159260705319432816e+00 5.676658855208120968e+00 5.478615530812614764e+00 6.957366942284419487e-02
1.301583105414166441e+00 5.744807977204033911e+00 5.622803195391838038e+00 9.960635216794976043e-02
1.030289358593819982e+00 3.995169575185921751e+00 5.399794383376370632e+00 1.175655367587512823e-01
1.228974674948035251e+00 3.248468318932035803e+00 5.141473815233251088e+00 1.861681586061800786e-01
1.135974927724031192e+00 4.105967842079489394e+00 5.471437078862786407e+00 1.973111968759210244e-01
1.386425669996204757e+00 3.397880580690274321e+00 5.240237952995781434e+00 1.704012583632255051e-01
1.455889673720184962e+00 3.562379569854267292e+00 5.534259332618746363e+00 5.793201030700118048e-02
1.100494659515120155e+00 4.196608148508159886e+00 5.383983836039318405e+00 1.226456993416246699e-01
8.287527560881218225e-01 5.796414086155118106e+00 5.556014369371440331e+00 2.214535516648344360e-02
1.390773366795597710e+00 4.178451223175659202e+00 5.318008119405945422e+00 9.786626666390899065e-02
1.235863078291223438e+00 5.042127734054890453e+00 5.515137599033601568e+00 1.626763487125102714e-01
1.285623754316937317e+00 4.411801118082333772e+00 5.636725653991427443e+00 1.726561627003080912e-01
1.089788169939436058e+00 3.903845448039835020e+00 5.262976490489666759e+00 2.101197887207535420e-01
1.122859900624667340e+00 5.000539180050154187e+00 5.549151049379431377e+00 1.302652387463048567e-01
1.314816306420864223e+00 6.363182956731788131e+00 5.550499516637997566e+00 2.340632665590312578e-01
1.150464699289221127e+00 7.758098093592884048e+00 5.639320581378154174e+00 2.442622114318455107e-01
9.774928683056840484e-01 5.785380237484745614e+00 5.327426883564752025e+00 8.441151974433076799e-02
1.295549389010776764e+00 6.083799080324715725e+00 5.495360870460087810e+00 1.063362715752762672e-01
1.291446728190931648e+00 5.218861325728484601e+00 5.417660151465073071e+00 1.053520426865597465e-01
1.352003951023906136e+00 4.165259488790015396e+00 5.593277348621059630e+00 7.860528998527012423e-02
1.036386948845922529e+00 3.539929021290015854e+00 5.269490701688430256e+00 1.853932984757859226e-01
1.106334452311088512e+00 5.976777959665044548e+00 5.426172412420092961e+00 1.681596146022585891e-01
1.234654585374573621e+00 3.666928925967323227e+00 5.588034247401424182e+00 2.179233958431555374e-01
1.533743933592443875e+00 4.053414276582879339e+00 5.393283755648957012e+00 1.040714035612930188e-01
1.474690142257782055e+00 4.530890696899518844e+00 5.949921122471433677e+00 2.488990171941737606e-01
1.008242967201944174e+00 5.242881459253427856e+00 5.266480168072091850e+00 1.716169695312005916e-01
1.318546105555092440e+00 4.071343072245113603e+00 5.403908118718998566e+00 1.278413240781438032e-01
1.119458093294071643e+00 4.659965282156428579e+00 5.319474174481809925e+00 3.016099289340926637e-01
1.101342308547322180e+00 5.943308909463635104e+00 5.389244041907852001e+00 7.011734628346778797e-02
1.285263853130513167e+00 4.099892760675559522e+00 5.523430049182200818e+00 1.058190376351434703e-01
1.341804703091743267e+00 7.326041295079861015e+00 5.471798824667106764e+00 8.328566326188356628e-02
1.097101844146509464e+00 8.618708023746272318e+00 5.704127853701534079e+00 1.345943759391002026e-01
9.780613399499046290e-01 5.484810900864734329e+00 5.610928996124751045e+00 3.090412078608946178e-01
1.422905992655862040e+00 3.606194922798058311e+00 5.342015132735202343e+00 1.788348327747501243e-01
1.062831814722419610e+00 6.278142065843623776e+00 5.565175207119625433e+00 2.629825841726543545e-01
1.880710936478659390e+00 4.851980164599872580e+00 5.506444887232670560e+00 1.021954607559105166e-01
1.424841948336755371e+00 6.257241675972964323e+00 5.524713990971220845e+00 6.521760605763581020e-02
1.101671543636792316e+00 3.040813627247633377e+00 5.393669144793949322e+00 2.479058908253294613e-01
1.120783728028514004e+00 5.864565066663601556e+00 5.274350259647580863e+00 1.609071345816966425e-01
1.419020675867993075e+00 4.470956260580833508e+00 5.595090103931585901e+00 2.864413563108519911e-01
1.532721304918475136e+00 3.662194319068962756e+00 5.601630832893834899e+00 1.109504354479471377e-01
1.143375792194204932e+00 4.403473106813988736e+00 5.427407905452064973e+00 1.330751278536088378e-01
1.240517751018895387e+00 6.362503632124450803e+00 5.661767471821646858e+00 1.585341702925097684e-01
7.862583333689946441e-01 5.942789116137590533e+00 5.529100790377471597e+00 2.362287130369006283e-01
1.400764477094099680e+00 3.112892877382513745e+00 5.239354470278923870e+00 2.866311514444016550e-01
1.288315086680968058e+00 5.336027186725798899e+00 5.604027008978534674e+00 2.290243634509362136e-01
1.105682609607954836e+00 4.490685980277937972e+00 5.232942428331364582e+00 1.425530958707577345e-01
8.353045950217226068e-01 4.968611857771384699e+00 5.548790190635807029e+00 2.471597622862252430e-01
1.706363628634795182e+00 3.637305358422775470e+00 5.486054151407206092e+00 1.476596642552015226e-01
1.017313547242238547e+00 5.572108740322846643e+00 5.514598194030507550e+00 5.934562497600338188e-02
1.312949458833639449e+00 3.801810630415243697e+00 5.463586535139270062e+00 1.338122842727088035e-01
1.381573192921878412e+00 3.497759722780143576e+00 5.507562381882545210e+00 1.502531375117988066e-01
7.295914674598005245e-01 4.595845806367976571e+00 5.412912800592620144e+00 1.500570485634818707e-01
9.202128114025711625e-01 4.184559550142110673e+00 5.615322087602827139e+00 1.100831634534198689e-01
1.324582155550541263e+00 5.370472933169004648e+00 5.586879591659724476e+00 6.057808480174740884e-02
1.065242010818209684e+00 6.217666464167534102e+00 5.738020767043387593e+00 1.533835340034465089e-01
1.068299197469475104e+00 7.413407867374377069e+00 5.490160973257275145e+00 1.125154021620523165e-01
1.229922385809416374e+00 4.926958959003348681e+00 5.432573725984483737e+00 2.282252553158111152e-01
1.063253928748018051e+00 3.096099246537597605e+00 5.713149680566175448e+00 1.562162754354370908e-01
1.058588579636464022e+00 8.849915293880098233e+00 5.253201308201316699e+00 2.416997325417009623e-01
1.368688319642305640e+00 3.927334918579666212e+00 5.476774833426761191e+00 1.118643416945847013e-01
8.783630772687462951e-01 8.379983233522247943e+00 5.198964960739590246e+00 2.520568863505281976e-01
1.242492842963326183e+00 6.265627309462996841e+00 5.617978432703011116e+00 1.256514219220115081e-01
9.873765086119010714e-01 3.266893858551150220e+00 5.501214035055691731e+00 2.562420515547649824e-01
9.716137530242067166e-01 9.805958251519530933e+00 5.358629896104031509e+00 3.837338080239650201e-02
8.535119108281294942e-01 4.647247059937515523e+00 5.388758576683816415e+00 7.792221888402703356e-02
1.162716915585052302e+00 4.170437082073972235e+00 5.573443039402142141e+00 9.092795379998248884e-02
1.403017264715380907e+00 2.203929487759931138e+00 5.570338942805939553e+00 1.276410103929151441e-01
1.299019054945564244e+00 5.709718091614703894e+00 5.559266961907278315e+00 1.794187705507164776e-01
1.075554000643254904e+00 4.294830100030938347e+00 5.260522510425943210e+00 1.480911572683000221e-01
1.409385458453777940e+00 6.023842086159939768e+00 5.478593500392697990e+00 4.898401739482471928e-02
1.103208411415857571e+00 7.134930585242256207e+00 5.407000516387896027e+00 7.431202657975469195e-02
9.791048424851609422e-01 3.721397740778842333e+00 5.511323212485972789e+00 6.931997349890575699e-02
7.549237249442147801e-01 4.409580763768323308e+00 5.563470831299973440e+00 1.285428334369302650e-01
9.086885057963802748e-01 4.200529452214667003e+00 5.681052087483624113e+00 2.597004090119146569e-01
1.608928691785161513e+00 6.794295664941505386e+00 5.132585103422596440e+00 2.895616507765690906e-01
1.047143651399486952e+00 5.692676771578761397e+00 5.439456335029681178e+00 1.166012506344539373e-01
8.186847813900083315e-01 3.220909598153867126e+00 5.304616264615006571e+00 8.177997646003964949e-02
8.643983386581433059e-01 3.165286242523831728e+00 5.541031952520311776e+00 1.202625173013247839e-01
1.145353316689709633e+00 5.599946466823910285e+00 5.530801285733631723e+00 2.186744084350191741e-01
1.087299252219251722e+00 5.198391970704744125e+00 5.439377979468655866e+00 8.787601769757419357e-02
1.590380546645815185e+00 2.563853398902766756e+00 5.570418313433209256e+00 1.003879124969594139e-01
9.454192956576294993e-01 4.270160375304570266e+00 5.331235702912003660e+00 1.181986438800254891e-01
7.635922231517852099e-01 6.069825231603267035e+00 5.472761650631284169e+00 8.377461876457562018e-02
1.578321356371484407e+00 4.565841569160537183e+00 5.566831440736047298e+00 6.563426308327817427e-02
1.102756515843697604e+00 4.419304700691052190e+00 5.312729102847618456e+00 2.238981562645000201e-01
1.425103635689595638e+00 3.612232462602082084e+00 5.416233980987664509e+00 2.029943281063097404e-01
2.041518807927312551e+00 2.278652935844336369e+00 5.387469569101469347e+00 1.989473818198063682e-01
1.407846953504354959e+00 2.831895798476055326e+00 5.537170636057861195e+00 1.524000702405783059e-01
1.025120688206828889e+00 3.946646936013149087e+00 5.383935869635771532e+00 1.204590489044190527e-01
1.239819934728451312e+00 5.404839673079274043e+00 5.317497080447089353e+00 1.205217639522515316e-01
1.120574196064864081e+00 1.219778679100730834e+01 5.414664888911913998e+00 3.136853265602906893e-01
1.433699616363554252e+00 6.118200663127957739e+00 5.552777442121210605e+00 1.916353393624863344e-01
9.819546971862225249e-01 6.327805664607992320e+00 5.534024845839462081e+00 1.503825772120956916e-01
1.070958445124849945e+00 4.283131170207065352e+00 5.626623897936001484e+00 1.049884557586107936e-01
1.048737820270638998e+00 2.956073317975288717e+00 5.268646910764348767e+00 1.621096005467388135e-01
9.138336078302271570e-01 6.460895156436412989e+00 5.513764304148258688e+00 2.354683261655841631e-01
1.261702495742247354e+00 4.855330617070279686e+00 5.779343244495000143e+00 2.256075628936659305e-01
1.003865643272722208e+00 4.670983973051782812e+00 5.443778024744708510e+00 8.709086092407714030e-02
1.179372429016997126e+00 7.821351074058254582e+00 5.413221286087500417e+00 9.697978036056492668e-02
8.245784845637681437e-01 4.732666453445817822e+00 5.347740853831407293e+00 8.833794698360246389e-02
1.009925238175399143e+00 3.087512077977397684e+00 5.508865096954926877e+00 2.099253971327317281e-01
1.253632160801074757e+00 4.112919898920634587e+00 5.359572847910501814e+00 1.819427547405858270e-01
1.043824995032601066e+00 5.266989833907170571e+00 5.260773307275735000e+00 3.845104912978799527e-01
1.356037635634206096e+00 4.421251618059054422e+00 5.454488722420074431e+00 7.135737865124926194e-02
1.070633673791386409e+00 7.304170020610010639e+00 5.334735469955897535e+00 4.964165756189007489e-02
1.730705777707876925e+00 2.974379008987890316e+00 5.530402821256169332e+00 1.318726949910596358e-01
7.358429588231857332e-01 3.113681592475302295e+00 5.504650674541262667e+00 1.265285607995906836e-01
1.149053385883823886e+00 6.932632088621214272e+00 5.442744642534166566e+00 9.467137153547440509e-02
1.379844926234935487e+00 5.360077912115109200e+00 5.229254105127717267e+00 2.102797775112189571e-01
9.892687748104895817e-01 4.037206881440659423e+00 5.517288415137800328e+00 1.107497315918018754e-01
1.191017407337139566e+00 3.923650706126052157e+00 5.345635874608691829e+00 6.709768623394668507e-02
1.433447535529741801e+00 3.569340974024283408e+00 5.425386402454142498e+00 8.406723826878798045e-02
8.477120272290427083e-01 4.458761052530370250e+00 5.366907731150942773e+00 2.318530659905605196e-01
1.477730782762966211e+00 2.497567430313627934e+00 5.012409649590444438e+00 1.754369333772455852e-01
1.104128625303322009e+00 6.778139059951530321e+00 5.624363384804398791e+00 1.279486186604775200e-01
1.512033541670034120e+00 3.463105594540635934e+00 5.469351791395937745e+00 1.721301004371275367e-01
1.295286374950875619e+00 9.908434879648435611e+00 5.854998270959456796e+00 2.468436678494750902e-01
1.077655269131062354e+00 5.388549526616932539e+00 5.582145317223846881e+00 8.500826792412327637e-02
1.133036924148860036e+00 5.091154492766675865e+00 5.471585244361113709e+00 1.881527729445419683e-01
8.258498197944379449e-01 5.571956133060172789e+00 5.329353886960356945e+00 1.646455339291669207e-01
8.620251069303160874e-01 4.755079460867730923e+00 5.404199053167896949e+00 1.742782864781701746e-01
9.239700612198992191e-01 4.263759203179259494e+00 5.578162867999879815e+00 1.957733962191602062e-01
1.173199932642387644e+00 4.488339788174423362e+00 5.481903471515061632e+00 6.947342061204847541e-02
1.105780212372911908e+00 4.705338320881013559e+00 5.562018022218039093e+00 2.069928543909897445e-01
8.723667614736022591e-01 4.158793409032514710e+00 5.779796543979782264e+00 3.244900676859036048e-01
2.018412879051338482e+00 2.624589451357321135e+00 5.441193572457096117e+00 8.232853278440749323e-02
9.673015992302229638e-01 3.897802435303272084e+00 5.517745020172845294e+00 5.290023807297390690e-02
1.299572730063400128e+00 3.453127414716358423e+00 5.447023372442226119e+00 8.879224738419354279e-02
1.126602205364711784e+00 5.817825148210424402e+00 5.705586913995287723e+00 1.227228783970992221e-01
1.259563495580418246e+00 4.485240378191913457e+00 5.443394682320113809e+00 1.903056531007949470e-01
1.174076633219844013e+00 4.408822544237486873e+00 5.560611181783437829e+00 8.732020567339905670e-02
1.120257810806922993e+00 5.296967909200184010e+00 5.384991910212830746e+00 1.978889115962749468e-01
1.095268762460971157e+00 3.715288701337251531e+00 5.453318744689010344e+00 4.527102581915024015e-02
1.107198759218648076e+00 3.995097005869663764e+00 5.523689423702768941e+00 1.030264926447134188e-01
1.170301590941933201e+00 6.373756330695061756e+00 5.296254259769667350e+00 1.999266766109139004e-01
1.318875043568751959e+00 2.241002351408012405e+00 5.395971116892893882e+00 1.184458323085666870e-01
1.133787671467829217e+00 8.452401373684329755e+00 5.447694489799508766e+00 9.102097245359080935e-02
8.949518396082940530e-01 4.735232313185065323e+00 5.276179095094489568e+00 1.484674689616990451e-01
1.147446199325468319e+00 6.735126929007885010e+00 5.417939616410423653e+00 1.815772208560040013e-01
1.063907216920414900e+00 3.533910530253513649e+00 5.255984756824457982e+00 1.080027439272297912e-01
1.055268288797676535e+00 6.390413705761480045e+00 5.534066701290761614e+00 1.210278757051943266e-01
9.632198546080287249e-01 5.985116646619327518e+00 5.397889952197922447e+00 1.375313955181472758e-01
1.101126564531841323e+00 3.357749035386145664e+00 5.491450380873831527e+00 1.357684695547536069e-01
1.081275777283615236e+00 4.623335964625947092e+00 5.375777214417571059e+00 1.634675364431873446e-01
1.142677657029082194e+00 5.388019949479734727e+00 5.387880143501112329e+00 1.542625278106026787e-01
7.835019867867628607e-01 5.504562728220911083e+00 5.461243894945572386e+00 1.335722719529044977e-01
1.016894322525769168e+00 9.434279422145513294e+00 5.423622342390627793e+00 4.944593276315598085e-02
1.276158915858881748e+00 6.072383964735802664e+00 5.354468137597191202e+00 1.361713103178340267e-01
1.127064552590069768e+00 2.260426149241057558e+00 5.647216503006458055e+00 1.476579346404486848e-01
9.947047886277764484e-01 5.655424277229166741e+00 5.560272784716222105e+00 9.009854481621516753e-02
1.255920673531397913e+00 2.846494594924841248e+00 5.461713995745855144e+00 7.588823473327351021e-02
1.435756913939433943e+00 4.440832702059079651e+00 5.492603681449546471e+00 9.022086151102888529e-02
1.089778385185024456e+00 5.247422116401200043e+00 5.444250920898785928e+00 1.165433638129038246e-01
1.207543409313071026e+00 7.576041758876720600e+00 5.661353324398561426e+00 1.685106484376585056e-01
9.691523794515771728e-01 2.916437697961345332e+00 5.310704187037923241e+00 1.449436506593822505e-01
7.756666868789245939e-01 3.732321361569546969e+00 5.424735187057581065e+00 1.615114744073022357e-01
1.432687430639171255e+00 1.315707821892183560e+01 5.471823730632100258e+00 6.465228132009870343e-02
1.217232148447320972e+00 4.750571783511571056e+00 5.302278422006140524e+00 1.946889272775993995e-01
8.609115366378760070e-01 3.884429630368553710e+00 5.500738982652633169e+00 9.602681263877144158e-02
1.170008571905273964e+00 8.431901232734160700e+00 5.203961723813051776e+00 2.497316936189993286e-01
1.087339253308368114e+00 5.560267821411314593e+00 5.368827734855668332e+00 1.243926626797559748e-01
1.204563796078663040e+00 4.012241267514864873e+00 5.208310464568643106e+00 2.165527002325515760e-01
1.096452483896458663e+00 5.722865269434525004e+00 5.535799504345627398e+00 5.475952584087800251e-02
1.081881241361742241e+00 4.116133973658048006e+00 5.520067968392718072e+00 1.014959655558448498e-01
1.252475309113493918e+00 7.700979221423030374e+00 5.435440290245990624e+00 1.495025463188054959e-01
1.169630415190112460e+00 2.836136995910817138e+00 5.464161654820797409e+00 1.193793133797185491e-01
1.510653375699150036e+00 4.558526250716674610e+00 5.475500094184386768e+00 2.586474412989909211e-01
1.402261560292071607e+00 3.415389322586147358e+00 5.316471107912160043e+00 1.055992169627108790e-01
1.476900828189655179e+00 4.049189358648962234e+00 5.608155862457189222e+00 5.592998766547519623e-02
9.055455228823556801e-01 6.137404495582472030e+00 5.400748147845724212e+00 1.181324753211109857e-01
1.512033541670034120e+00 3.463105594540635934e+00 5.469351791395937745e+00 1.721301004371275367e-01
1.182427864634792103e+00 3.753405675222682980e+00 5.300814810717364267e+00 1.222771355659553749e-01
1.254985773831687634e+00 6.137104547181537306e+00 5.480869256409755863e+00 1.148918558997366196e-01
9.351841915718510645e-01 5.316387766257387959e+00 5.475197181873171282e+00 1.408299228970804062e-01
1.370002205641076998e+00 4.088346142117528004e+00 5.447105958017028904e+00 1.791239304990250303e-01
1.315695862058910981e+00 4.929488022249508994e+00 5.470020259467343493e+00 1.227688338698425391e-01
1.374917603039762515e+00 3.693714377515453950e+00 5.401480995207406544e+00 1.215319600048480608e-01
1.419785244899124832e+00 4.290106998603855359e+00 5.267140266891082057e+00 1.434606553952712527e-01
1.070927935415843635e+00 3.445359120081036508e+00 5.376528822423786380e+00 1.246730361096846373e-01
1.344293440108301319e+00 3.201281228040448568e+00 5.020824488006399910e+00 1.904150468283744013e-01
1.212130945887516686e+00 9.002777951362718412e+00 5.251749779464249812e+00 2.394220376058048827e-01
1.404071108007022728e+00 5.387203351334363788e+00 5.456651653983549011e+00 5.127677614861203548e-02
1.422263450091076020e+00 4.071733156507805873e+00 5.489755822909831551e+00 1.305350278729377478e-01
8.931901124621591803e-01 2.563056124595019636e+00 5.495907155960460422e+00 7.805905367113943893e-02
1.097648742006800626e+00 4.600606135948019926e+00 5.372780256451851422e+00 1.620162142835775976e-01
1.644806446250646648e+00 7.557744264548942326e+00 5.450002339110243454e+00 8.572454620567673822e-02
1.173156184647515810e+00 6.130242863624425276e+00 5.277968614397192226e+00 1.897126803746886636e-01
1.263685682215665462e+00 3.465785789897378955e+00 5.488751899203942131e+00 1.179662007800536400e-01
1.405217313312317362e+00 2.377915611092294323e+00 5.436857438489559158e+00 7.985110241688639365e-02
9.555608019743071502e-01 6.014062226945884326e+00 5.578908949977524401e+00 1.255281045339022572e-01
1.228938347634698225e+00 5.062047574232882319e+00 5.477068103043739811e+00 3.543946551172680315e-01
1.064059922609837061e+00 5.299152489571931746e+00 5.504084813862569980e+00 8.433161311004594429e-02
1.319330260084627504e+00 6.616755796340634710e+00 5.709396165841782889e+00 1.216079797488151815e-01
1.105757745627129029e+00 6.544959314018492513e+00 5.494218070070493454e+00 1.105530578963159344e-01
1.217761273470139516e+00 5.037258915068983711e+00 5.417336333155565065e+00 1.137293934553788438e-01
8.470668114943880056e-01 3.319200718364819558e+00 5.233185687619810622e+00 1.627796677419756366e-01
7.302060407692267940e-01 6.795281686831528667e+00 5.405250683161122005e+00 1.716042799082836134e-01
1.241704340674614659e+00 4.268847749583545514e+00 5.634423732392244588e+00 1.838760685393291683e-01
1.435478135143490874e+00 5.235263260614413383e+00 5.430291550834325243e+00 1.831640082657190471e-01
1.263850150403315942e+00 4.334635088307699391e+00 5.474305884322236970e+00 1.564337645671812216e-01
8.560854702012358208e-01 6.035059793221710933e+00 5.366667661765272435e+00 1.607565024907655904e-01
1.056550012905413727e+00 4.008519470517853733e+00 5.417064632079363840e+00 1.061749215343677222e-01
9.384231490418997179e-01 5.436286559644904592e+00 5.498866721280414538e+00 1.075657735547371485e-01
1.441660393517980143e+00 6.126449641291647374e+00 5.535898271661860548e+00 3.046782295373009000e-02
1.311998689087686465e+00 4.578901736124267430e+00 5.285460808059550430e+00 2.028229520140210906e-01
1.133672148855596529e+00 3.789864715937298900e+00 5.491453270714110602e+00 9.341818740653658193e-02
9.318329114429927396e-01 4.128607399247428589e+00 5.345075240571978803e+00 2.300701288777507736e-01
1.415422902945134842e+00 3.239268708388964857e+00 5.424815002098174688e+00 1.314227240556046505e-01
1.524657957630890515e+00 2.269861135884812864e+00 5.446194161917859766e+00 8.534313254998665554e-02
1.088830155386492304e+00 5.261572139938548887e+00 5.525998002701395961e+00 1.703361378268946624e-01
1.350902036678728768e+00 7.143371405181601297e+00 5.461544933561115478e+00 1.866186276760152807e-01
8.755212277556723155e-01 4.481015490996266948e+00 5.491683837053723316e+00 3.450481972085152615e-01
8.146973411146123389e-01 3.096400887661811208e+00 5.274889561183243814e+00 1.639647158545201600e-01
1.227806004217691038e+00 5.044326510608219571e+00 5.528342587308815226e+00 2.625541548287622096e-01
9.391183245596396167e-01 7.038284699218661622e+00 5.498113830175236139e+00 2.086685156615315506e-01
1.103998147863626711e+00 5.159561785463077754e+00 5.392958479244848391e+00 1.039378338567612386e-01
1.206538356482521168e+00 5.153680158180359072e+00 5.715475731189754605e+00 1.624333880062014124e-01
1.196468649115582261e+00 6.114137444076283678e+00 5.495844509973202285e+00 8.000679942837723990e-02
9.677231269681910719e-01 6.591275073626137626e+00 5.365017937238659940e+00 9.625731973575465950e-02
1.503853365948446541e+00 4.633123932098167863e+00 5.287711116247512777e+00 1.288249900165682194e-01
1.276155832349211483e+00 3.236625885539171854e+00 5.635023680097341447e+00 2.569817373209201672e-01
