# Hierarchical MCMC downsampled to get 500 samples
# alpha, beta, mu, s
1.018604481435992470e+00 5.470664966806339180e+00 4.782295991553231040e+00 1.817506848335906922e-01
1.372864689999025334e+00 7.195700069781396202e+00 4.600494276383253478e+00 1.863391796794026112e-01
1.180829221898887615e+00 4.496250427162383545e+00 4.712792310034503274e+00 1.629936482777243623e-01
1.474391024912463433e+00 7.748820652008635790e+00 4.692286932497837348e+00 1.167866104418315010e-01
1.145504334580387029e+00 6.287641046224644370e+00 4.432618956406777500e+00 2.564865446829246443e-01
1.534387705868787588e+00 4.109810852101823286e+00 4.348573934661672524e+00 2.349413774465194393e-01
1.407834683207220605e+00 3.716407780280768680e+00 4.719253336344109151e+00 1.168375714519539199e-01
1.285763390703868581e+00 5.585135178167282888e+00 4.658874111175735244e+00 1.898502544619069254e-01
9.701903763158603589e-01 3.576034642526165097e+00 4.507775914882242496e+00 1.743615617894860581e-01
1.291365985564965513e+00 3.918100125191998906e+00 4.324401894449505512e+00 2.324323145296035287e-01
1.247164948943243479e+00 6.038610455167725100e+00 4.829917994267522552e+00 2.641926716703478228e-01
1.449297136767330851e+00 1.009166255365047071e+01 4.959973292130650080e+00 1.330461693236075216e-01
1.322850326753594041e+00 1.115754469650275560e+01 4.251496115182529678e+00 2.060657507598275817e-01
1.049690919698133662e+00 5.827475998771754817e+00 4.828452929223785439e+00 1.098960150200109787e-01
1.288527308408683902e+00 4.244396107093563408e+00 4.715820024359500096e+00 1.081874898408931168e-01
1.134672057366675535e+00 5.904766336105838676e+00 4.693576411126267445e+00 3.517380985005037486e-01
1.424057064306030851e+00 6.771265378578865679e+00 4.789606966575870040e+00 1.632386727447542873e-01
1.097427191800634638e+00 4.853138819767225165e+00 4.839877410838790972e+00 1.476610425485141986e-01
1.058526264095659419e+00 5.518847210936663750e+00 4.779437422215695008e+00 2.051852402155691091e-01
1.319722804954985618e+00 6.761487770713607404e+00 4.776166217548967197e+00 1.805551488075684274e-01
1.073094862657324677e+00 3.252995795072098684e+00 4.771630032620633344e+00 3.719575698910858041e-01
1.912312352117990111e+00 3.258705589176171813e+00 4.625937819212131430e+00 2.513502308724202550e-01
1.117076502583767006e+00 5.240641850860812134e+00 4.760778117317395086e+00 1.655357245128509236e-01
1.284245462255566350e+00 4.724791611381697898e+00 4.987298780286508304e+00 2.004018570079975081e-01
1.309672797182106718e+00 3.062358457515596211e+00 4.280752534934812559e+00 2.709550868657946698e-01
1.826836289486835074e+00 9.098100612266808440e+00 4.997099098812765483e+00 1.285706136260960641e-01
1.687523651951981840e+00 5.035589480970871890e+00 5.055161832243456388e+00 1.231363304709153228e-01
1.668811611548844942e+00 6.426071643436186420e+00 5.033559659691978716e+00 2.790378037764400521e-01
2.101838433118341953e+00 4.135582531881293988e+00 4.731213045117502958e+00 3.576085202917448913e-01
1.182995879811062023e+00 6.592751487370910546e+00 4.829876359996355895e+00 2.179978441281900936e-01
1.351754669758564953e+00 4.424572111740066482e+00 4.703026850152007832e+00 3.825088194964451627e-01
1.212502264317192546e+00 2.910802581144874779e+00 4.829120363017123552e+00 2.283776798536936714e-01
1.393998285290098726e+00 5.860201046190375074e+00 4.858468054833757321e+00 1.459604377684816656e-01
1.570904624326687760e+00 3.440841874493752783e+00 4.830404859815982554e+00 1.349876763357232279e-01
1.773145006229873921e+00 4.347109995271140725e+00 4.826411557465582369e+00 1.819378367437984034e-01
1.466597379089319197e+00 7.008864062249045901e+00 4.740962328890880428e+00 1.712552798559171252e-01
1.430891611569270916e+00 4.080881410775168305e+00 4.395765670580424889e+00 3.490281624393754001e-01
2.003225791485230278e+00 9.945757770096772532e+00 5.023649155311825432e+00 3.665830337897257318e-01
2.090046811336750299e+00 3.054561268225936654e+00 4.901997893754165503e+00 1.708974241986163933e-01
1.613259454854090613e+00 2.978906123090310221e+00 4.763924096311477285e+00 1.288144999100244992e-01
1.489172526110839279e+00 3.942483637728578127e+00 4.923725617655184017e+00 2.306929859911227010e-01
1.264321397385645307e+00 7.830248703317931103e+00 4.560605751467545765e+00 1.752628550380363470e-01
1.240509178273498714e+00 5.969263879597811240e+00 4.688559943156031196e+00 1.580066926858677279e-01
1.491908534769323058e+00 6.277127920551755835e+00 4.561589706138466482e+00 1.781922839452889651e-01
2.086394442048955522e+00 3.811464054146726177e+00 4.776237819259696593e+00 1.659762893901067238e-01
1.338318220023426486e+00 8.011916535861121957e+00 4.704984672700711634e+00 1.376185352480643886e-01
1.941539324779300468e+00 3.969114440466464888e+00 4.821068002751437653e+00 1.303730343650359724e-01
1.327268276759336674e+00 8.268660875319435277e+00 4.890673043158856537e+00 1.886307782037262570e-01
1.933848105775023640e+00 3.298450233112316443e+00 4.798546662539203034e+00 2.402084587754622358e-01
1.574581872114060532e+00 9.603887196178311214e+00 4.610171203979334109e+00 1.139732494163746002e-01
1.688743831676009721e+00 4.555229847039583113e+00 4.578532752576630394e+00 2.645790050685282724e-01
1.620082792276835493e+00 4.075862571032401682e+00 4.392146369265813810e+00 4.757778816994659432e-01
1.547596351758570909e+00 6.359600787286339596e+00 4.662201019708389182e+00 3.064735846106693140e-01
1.375247799416668082e+00 4.027144534450008528e+00 4.689114840874315959e+00 1.239342970134329480e-01
1.227065110150837635e+00 5.093766585115033330e+00 4.497779370574876090e+00 3.228960325268667164e-01
1.618789811116461808e+00 5.035757489985601687e+00 5.042631982373691812e+00 1.525135252401857711e-01
1.448997351605240791e+00 3.654833455787529495e+00 5.159423066143637548e+00 3.018790522888586403e-01
1.776639432458746892e+00 5.267003861403606102e+00 4.346295365923530163e+00 4.582054182167482614e-01
1.374228710506028017e+00 5.459349686274570068e+00 4.857291671425956636e+00 3.485975720889065155e-01
1.444405970162164099e+00 2.697184250180206799e+00 4.728611768752937650e+00 1.670554425085739036e-01
1.982142626697059429e+00 1.081433806847118007e+01 4.794228271665516239e+00 1.364480877980497053e-01
1.231206044980375003e+00 3.429705358120729297e+00 4.977260035663705118e+00 2.281127218867348705e-01
1.220620997504341387e+00 7.755154682336971028e+00 4.859288145478648069e+00 1.986219787860898922e-01
1.720243867864008624e+00 1.005144310611004244e+01 4.672376600866802399e+00 1.528816775461453170e-01
1.438467477370689362e+00 1.110139432701708806e+01 5.016159169183906918e+00 2.238575637664811657e-01
1.263416697317270687e+00 5.896642158211624185e+00 4.644166009538488460e+00 3.362475026593428340e-01
1.364711821013036674e+00 3.108487813172542413e+00 4.663772136401553858e+00 3.672916609151419265e-01
1.093206070360254190e+00 6.500433710536191789e+00 4.459212553465918383e+00 1.252530489648180367e-01
1.698216234180415452e+00 4.107478819885045596e+00 4.557655918026254582e+00 2.423599833829201688e-01
1.645695200869782493e+00 6.096966430809118265e+00 4.836167515796020666e+00 1.092201274837004965e-01
1.241806224457946639e+00 5.244371217359757864e+00 4.527694270303816104e+00 1.502098179247190468e-01
1.653187328092794006e+00 4.597316160140558772e+00 4.579980491647700269e+00 1.880661367462915512e-01
1.539016283982477473e+00 6.981078019956862946e+00 4.835301647530687141e+00 9.019729825270474122e-02
1.272357523668439905e+00 9.419242072304840008e+00 4.739540019275715999e+00 1.413592875021310868e-01
1.443030427479011779e+00 7.437230731027990593e+00 4.786047194954560879e+00 4.381888137944137673e-01
1.365214284367744169e+00 3.276982895482417391e+00 4.717279194376400753e+00 1.069961702041684476e-01
1.080582097298749433e+00 5.432235634380791822e+00 4.667894674500997709e+00 1.810471342797437266e-01
1.509963031126762001e+00 5.932104386313632460e+00 4.611881008388399650e+00 4.706454532985146488e-01
1.257247074934351838e+00 4.321508025239473305e+00 4.928813369780324471e+00 1.902850510547324792e-01
1.170661425863018135e+00 7.738837504909326981e+00 4.560261286530537639e+00 6.848075527045207611e-01
1.263918377582580632e+00 6.954840805009722793e+00 4.888153290236599169e+00 1.915390352822479714e-01
1.478811390144915583e+00 7.037589734493614912e+00 4.881189040987234051e+00 4.149696108733242905e-01
1.741456961037359141e+00 7.722324613325969977e+00 4.764377249615630916e+00 4.647255181687551251e-01
1.748012896933121674e+00 4.063377817150722215e+00 4.654487100166758928e+00 1.594171059145797764e-01
1.245468996143541673e+00 4.941674048673334596e+00 4.691931479549984019e+00 1.450148849367003667e-01
1.623985357313965761e+00 8.751909667897370682e+00 4.434936769645191568e+00 2.374548711387031719e-01
1.064630203206332393e+00 4.904606015889677373e+00 4.662438212750268818e+00 2.634171904054136704e-01
1.689313081910303493e+00 3.654972557777870890e+00 4.759190102003943323e+00 2.220014164776505095e-01
1.079756913223799186e+00 4.743072622228904578e+00 4.458747576801475709e+00 3.641334209952283851e-01
1.607265630497296094e+00 4.288319457229243348e+00 4.960284684691557366e+00 1.271678332536105571e-01
1.499627550735532111e+00 5.242253645475640766e+00 5.021684888776621669e+00 1.684844929279157022e-01
1.386425991563388749e+00 8.014728190308829880e+00 4.753765546450185120e+00 3.536905753967233279e-01
1.425991417791927285e+00 5.335167571121432140e+00 4.343630697350919334e+00 2.719634537966302834e-01
1.080096929165247133e+00 6.576508282865154875e+00 4.662159965284188523e+00 2.032091384572958237e-01
1.517921697590109309e+00 5.953198145945218123e+00 4.553320728537420869e+00 1.840539897587586127e-01
1.487189684189474281e+00 4.926003168365214790e+00 4.866379048694100540e+00 1.648005331475640989e-01
1.125649772634047752e+00 4.505587801433093453e+00 4.809463883013114227e+00 1.486670509473941582e-01
1.347435093249470084e+00 5.418529052218076458e+00 4.310085207416717523e+00 1.876924912434570492e-01
1.487187688784808115e+00 8.809073510070552615e+00 4.858568441272097971e+00 2.135933539092378652e-01
1.651352396866881955e+00 4.163039705067470564e+00 4.875776944200516994e+00 1.833566355585381780e-01
1.097364961200821831e+00 1.204803215880735401e+01 4.790046380970411910e+00 2.647507954301422384e-01
1.335098540302832371e+00 5.700559751494228777e+00 4.687876283894548024e+00 1.316399947781373703e-01
1.198165099786604681e+00 7.153552697994511433e+00 4.358559358917342585e+00 1.451648808616559649e-01
1.108383813687381148e+00 8.322182987948460564e+00 4.677430442369971964e+00 1.501087241828346353e-01
1.377980949316087944e+00 6.479850922044409600e+00 4.509183791760745130e+00 3.138082526891299850e-01
1.259330674690782415e+00 5.057143815799578945e+00 4.736242242431274896e+00 2.636592073278212212e-01
2.154588079687974833e+00 3.591999546216549266e+00 5.180549486755237076e+00 4.809619628574333672e-01
1.914784455413890418e+00 5.256943199676502587e+00 4.861580203637118736e+00 1.239199878023406753e-01
1.942036747788463025e+00 5.599767945432804872e+00 4.957959299000592068e+00 1.852372811438069700e-01
1.426638846675332362e+00 5.716534078080641734e+00 4.583526817269234499e+00 3.293861293286340919e-01
1.112247977508865393e+00 6.677311976313972330e+00 4.913286474334674025e+00 3.039968464039245477e-01
1.199607648196133081e+00 4.910379145226817954e+00 4.803787254752644564e+00 4.226038723252449336e-01
1.526304312172125810e+00 6.190679908132269205e+00 4.857565789040219961e+00 1.665578237612050372e-01
1.240341304427475588e+00 1.127380154004779200e+01 4.795760942724653475e+00 1.203366871634609647e-01
2.458520942319791569e+00 5.404731348113156919e+00 4.648496978261385415e+00 1.938255947134967516e-01
1.148611835093805711e+00 3.979587049352532269e+00 4.733695914213938316e+00 1.498212847190052155e-01
1.183731279401438519e+00 4.458781581097475133e+00 5.428610479346594353e+00 2.451753091578960375e-01
1.550060854052512260e+00 3.540058655312201541e+00 4.447939431885720829e+00 1.165836726835026427e-01
1.496588562865827088e+00 9.454889603956234012e+00 4.980592612050237733e+00 1.970112057541644202e-01
2.013085815881718865e+00 5.281555355008502595e+00 4.972878052664414739e+00 1.762021751568570438e-01
1.294375777566068919e+00 7.748739174626116721e+00 4.396884900336547553e+00 1.969265018257822519e-01
1.708467138470419755e+00 4.995066494125480538e+00 4.584884587023031699e+00 1.157763545047131443e-01
1.535602794777231939e+00 3.566473344214213803e+00 4.900832849581552075e+00 1.292312321750015980e-01
1.563926708626993900e+00 7.060259764178620223e+00 4.859029629728101263e+00 1.617996954450754143e-01
7.758728898466132895e-01 2.205496275409293716e+00 4.870475937897698060e+00 9.521239567942335613e-02
1.410535102783357475e+00 7.922391056028349254e+00 5.001858631923330911e+00 2.248304360366569776e-01
1.386701834975948566e+00 4.724993494711727138e+00 4.608108101082954100e+00 1.656127636129537950e-01
1.211173740834950996e+00 4.058392408556099618e+00 4.909910302018690054e+00 1.249576959760750339e-01
1.896568724001966633e+00 7.424450249688787196e+00 5.247124931170038309e+00 3.386346105479011159e-01
1.365660757945370118e+00 4.462792995269077245e+00 4.844335684082522242e+00 1.199091075655626532e-01
1.166027998137805444e+00 5.920102074896935740e+00 4.854765855207004321e+00 3.125107486492993414e-01
1.633406812218635373e+00 2.557807387962228951e+00 4.725671623847788716e+00 2.273767836777072227e-01
1.469873421186383311e+00 2.709722726825006145e+00 4.815587502892036298e+00 1.413376654524604314e-01
1.843298048236244435e+00 3.477476832412741192e+00 4.886837131930054312e+00 1.697356202371058664e-01
1.576573405294496855e+00 6.518409004914090588e+00 4.797308526911463922e+00 4.106855114827830944e-01
1.338787221809512484e+00 6.560638579000319659e+00 4.763749784237343299e+00 1.767270847545773793e-01
1.638380303216223188e+00 8.785100134372623160e+00 4.952741774441571820e+00 1.991845218792426264e-01
1.848725948588268109e+00 9.435381337782086320e+00 4.536158409611711129e+00 2.613160567344193774e-01
1.812373090377606966e+00 4.572809632696854365e+00 4.654989325890174001e+00 3.039296303488660533e-01
1.546463316127319132e+00 5.838966753940084686e+00 4.853404448549500927e+00 1.623883181536114606e-01
1.979027786195797001e+00 4.714708629943435980e+00 4.748334441340333001e+00 1.984038253210330949e-01
8.723010744602776034e-01 6.909559684538924884e+00 4.702069149898424172e+00 2.145044839469535114e-01
1.116577266977906824e+00 5.461815716051799718e+00 4.592585963527688442e+00 2.708824969403874627e-01
1.363861174536127319e+00 1.136528991531285371e+01 4.833700672451599623e+00 2.020647134000173317e-01
1.135735168065217904e+00 3.568247011829147386e+00 4.612044262369549230e+00 1.869161536638196675e-01
1.300016024305482132e+00 7.197508132663626768e+00 4.749519504077372112e+00 2.401613210932813103e-01
1.364592407121839157e+00 4.938227513861043860e+00 4.602929090994233086e+00 2.257248958972431496e-01
1.462498884109731723e+00 4.150068642989915624e+00 4.853314068250300650e+00 3.003239462132888393e-01
1.274224253229778947e+00 5.738386336929251819e+00 4.664995431074157040e+00 7.430062116069835465e-02
1.250087646799026508e+00 4.249165725977905872e+00 4.391140754924878209e+00 3.283987312733779307e-01
1.237923091886136806e+00 3.621550100392918914e+00 4.777354523102539829e+00 1.710518426874041431e-01
1.945550419643540252e+00 6.666953369500461690e+00 4.574660908137070159e+00 3.883226279145166604e-01
1.257393931114610952e+00 6.323881485316643847e+00 4.848011499405906477e+00 1.105986339634455473e-01
1.325136337464158931e+00 8.627318821999857335e+00 4.552583024988915206e+00 1.496253450244420247e-01
1.860313310996951408e+00 7.304162430850909438e+00 4.654195593214663695e+00 2.451035469365980268e-01
1.688849938223239588e+00 4.975137294550616041e+00 4.762697138996478508e+00 1.217523729919695041e-01
1.234546962800510572e+00 4.946674633437076807e+00 5.029691111411697335e+00 1.815730120778616397e-01
1.685438632383159163e+00 3.993320590776456847e+00 4.491653587247963486e+00 1.759749118322204986e-01
9.193929502243585183e-01 7.948961357243749859e+00 4.926884322915932479e+00 3.251152068099161796e-01
1.396717950172716494e+00 4.002426630276723962e+00 4.822857226610523185e+00 1.895254719094318085e-01
1.331632881300794713e+00 4.517876739806810704e+00 4.614727355841045764e+00 2.730356697569930047e-01
1.841068104204666156e+00 3.341072118059866813e+00 4.247850095902799161e+00 3.690422055502950438e-01
1.670907527636583900e+00 5.959849816312463133e+00 4.469366435977986107e+00 1.825795698560886693e-01
9.633727820800926933e-01 4.494457289403039013e+00 4.850803190901507023e+00 2.486705589096668834e-01
1.429804908818242959e+00 6.728602750610560790e+00 4.662509257484537706e+00 3.213453895546860006e-01
1.091693184500786895e+00 8.772959018440971590e+00 4.802073259464730626e+00 1.373293172268578166e-01
1.309383860557148616e+00 7.228862145659842753e+00 4.631117567423952863e+00 1.460745608811160334e-01
1.905819271415902572e+00 7.155495342406370973e+00 4.843957271559379940e+00 1.270920845726206672e-01
1.276140248332056748e+00 6.048041166450902395e+00 4.677639085275417941e+00 3.668339377721654415e-01
1.440963752215049354e+00 1.043454357500633201e+01 4.800105653569149311e+00 1.379277949945898474e-01
1.754105290102828674e+00 5.630968494853919815e+00 4.756908220935328835e+00 3.013840335865444198e-01
1.188951562294824127e+00 8.476257354827666290e+00 4.619899867336895838e+00 2.136690149769550351e-01
1.192285187681771719e+00 5.351729717701509514e+00 4.487795446570366664e+00 1.743342784125549161e-01
1.738958722844667903e+00 6.358600877770364868e+00 4.650979594002972561e+00 8.943163371427979846e-02
1.133218532748931029e+00 4.801865830421556680e+00 4.896745556911864306e+00 1.780054492829347135e-01
1.446145086850086470e+00 7.905766579278112438e+00 4.606184516469893353e+00 1.991078850509729603e-01
1.210698296052888256e+00 6.077759222655323867e+00 4.836794871383791161e+00 1.292738830699943497e-01
1.541763266160103063e+00 5.811316369082994093e+00 4.722018759402845767e+00 1.989527992504445675e-01
1.484652493780392879e+00 5.152645489387248645e+00 4.700540517610828140e+00 1.686691295879628738e-01
1.509933020755555466e+00 6.344259469251229078e+00 4.348668208809748137e+00 2.195177136467916235e-01
1.737453050988013725e+00 7.589803413667823406e+00 4.888029567522107044e+00 2.689438821576103367e-01
1.593704334353632568e+00 8.068959673171875124e+00 3.840718264576223451e+00 4.310849322771897474e-01
1.507489255813590168e+00 6.264415587289529519e+00 4.516370741402810474e+00 2.856211269021501908e-01
1.229365784597991063e+00 9.848135521073364984e+00 4.530085820776410088e+00 2.621406264151023846e-01
1.529215236694874358e+00 6.654295247674060221e+00 4.788777133111119966e+00 1.951079828467867927e-01
1.345900953819965107e+00 3.216446089443351752e+00 4.702488336355434839e+00 3.277812880002270446e-01
1.610225528292999364e+00 1.010717999889564389e+01 4.231374519519399691e+00 5.589254892129863483e-01
1.790780387826731879e+00 3.550362238696796791e+00 4.709334063997869357e+00 2.821543721405434524e-01
1.445078717945437630e+00 3.508617308945171320e+00 4.791104254489296999e+00 2.215602695866664973e-01
1.404354879560942626e+00 8.698398742212953394e+00 4.706759330282459075e+00 2.063796974370320225e-01
1.154717035228573829e+00 6.494408814412114594e+00 4.580440163474541748e+00 1.666065576382146363e-01
1.673606271876920681e+00 2.933299737149593689e+00 4.641416036990346328e+00 2.211442983476092361e-01
1.072674954318491025e+00 7.546180243558973544e+00 4.608194072255179741e+00 1.130232933951995783e-01
1.244963777498841573e+00 4.458283627442503061e+00 4.361281353198776856e+00 3.017544519813182835e-01
8.118250802830226931e-01 5.521186379757497598e+00 4.537265791531539527e+00 2.101559675426432627e-01
1.243469581279752711e+00 1.078274353329626756e+01 4.737369036318566984e+00 1.864054385373842826e-01
1.122564907217710628e+00 7.083732164626402650e+00 4.526659365705520521e+00 2.222260205880601247e-01
1.522589840719783760e+00 6.561621750756589044e+00 4.849855269305711758e+00 1.325574518192714213e-01
1.223015860446231118e+00 4.953515519363994812e+00 4.803842371533988853e+00 2.250558780890053734e-01
1.090184171533774560e+00 3.485482372819752594e+00 4.998281760152960551e+00 2.615769645708662106e-01
9.292507655601257577e-01 2.913899859260515868e+00 4.989466496717267496e+00 1.533166403348445728e-01
1.246336690431907313e+00 7.590373091035815811e+00 4.744270772951837856e+00 2.086624001846798526e-01
1.543253985372736059e+00 7.013300398719591655e+00 4.653486256456778491e+00 2.090557995327711471e-01
1.225463180972462762e+00 7.623740485787107168e+00 4.706411170831685808e+00 3.346212799846990382e-01
1.079517761139997534e+00 3.400001042210700319e+00 4.572050519448707995e+00 1.856959491388064654e-01
2.139483525917409423e+00 9.183910704459899321e+00 4.952531770041435522e+00 1.394619584446654126e-01
1.452518482062586713e+00 5.260891372850903025e+00 4.763072582354092255e+00 3.065309986665973874e-01
1.262306880715146518e+00 7.750196938481428433e+00 4.894389884233074639e+00 1.270722681172366808e-01
1.337997787010738238e+00 3.005189175948420832e+00 4.693902845525651735e+00 1.815731003159114509e-01
1.171347496183204440e+00 3.921653859952989762e+00 4.867929567704345040e+00 2.070205290861814595e-01
1.409465836046065235e+00 7.976165336260526040e+00 4.795826660613039749e+00 2.142805331546381309e-01
1.464257270992983306e+00 4.887780533130821503e+00 4.914107984973833609e+00 2.128099539726966416e-01
1.442110331658285949e+00 5.418592605680587759e+00 4.682602614338837732e+00 1.100909101946305063e-01
1.201030113013470846e+00 5.742747036882888345e+00 4.801360252208162649e+00 1.306555248550355375e-01
9.705846179194399515e-01 4.231282789943346501e+00 4.827304041709341575e+00 2.048349833690144561e-01
1.203152636828032751e+00 1.115574550482322280e+01 4.874410083157362017e+00 1.531088000688798634e-01
1.228727341700431186e+00 6.554151674104779168e+00 4.792066024877089880e+00 2.194672820816556957e-01
1.381620046829271420e+00 7.845745200769332683e+00 4.489343328712304348e+00 3.106010683752186696e-01
1.914192337491905427e+00 4.486667434634575180e+00 4.923129167539586959e+00 9.852448311845408979e-02
1.303057525288677354e+00 5.252085783906113470e+00 4.801470098898306560e+00 1.004835450389166274e-01
1.409076319476246786e+00 5.282893487315935666e+00 4.728404119401107941e+00 1.252727316486788589e-01
1.114281751925268793e+00 6.252851128545326986e+00 5.129889893573363224e+00 1.847084020233982771e-01
1.783731500779632828e+00 9.844055224580641195e+00 4.646835547253555632e+00 1.155144629031659709e-01
1.517300840659077110e+00 4.848297259014553440e+00 4.863747196748125390e+00 1.362141951158633846e-01
1.203785581471702448e+00 6.528085826739994602e+00 4.778020413789598742e+00 1.854421213807237734e-01
1.465877824551339970e+00 8.364683156931377539e+00 4.940698313403343533e+00 1.629291680054994196e-01
1.157998798739961366e+00 5.187243608352319235e+00 4.841569745816217463e+00 3.022935809406203655e-01
1.142678195703869637e+00 6.550630777995268161e+00 4.317574241227505105e+00 3.498962329037991759e-01
1.632813245313817552e+00 5.299164440035239565e+00 5.077518628716482851e+00 3.649459473434882306e-01
1.078741594995817232e+00 8.175132015711888300e+00 4.707928326106526562e+00 2.079440053052052095e-01
1.782921790067223622e+00 5.737272667935160442e+00 4.525427507435034080e+00 1.245643393287574896e-01
1.410726383121422733e+00 4.356102266491847175e+00 5.180202190362864556e+00 2.668311014394740277e-01
9.385045745831555042e-01 2.684458655900490154e+00 4.627113245322386881e+00 1.578194657645420051e-01
1.884997492277731945e+00 3.459890825042017948e+00 4.860746239747647301e+00 1.418847602781690975e-01
9.491345109222432130e-01 4.674232898840329220e+00 4.600649519019719413e+00 1.208883324270058346e-01
1.533407125241576630e+00 6.978906542084625464e+00 4.759234555253824439e+00 1.616746907148144397e-01
1.619140585833721779e+00 5.685510373099075032e+00 4.809461085165223082e+00 8.081150617028970418e-02
1.284967383536506969e+00 5.082063453488192550e+00 5.218688950324542830e+00 2.330329110498782774e-01
1.062159113007330902e+00 3.780102024555353601e+00 4.445811833824244275e+00 1.456906971502595072e-01
1.559429562881635256e+00 7.716491973194175458e+00 4.737846216805539079e+00 1.400096640822912630e-01
1.513507324341300420e+00 4.381558531349554642e+00 3.675348833257857883e+00 5.918694792026614193e-01
1.442281218403893561e+00 5.790761283616529198e+00 4.526338791134292272e+00 2.904444839307744330e-01
1.883436738537643818e+00 9.154059225148131418e+00 4.951932838896892619e+00 2.043250016998515994e-01
1.684702921431894485e+00 3.528651033658979141e+00 5.372108874277232715e+00 3.190756259579984877e-01
1.255810324257858435e+00 6.317715358720866092e+00 4.820577521425810197e+00 2.134856178856732734e-01
2.180258468421699458e+00 2.431102803442808824e+00 4.716360289694971897e+00 3.001146351318719763e-01
1.575910376920342859e+00 1.022951045464610687e+01 4.885532054589921458e+00 1.005278644097337970e-01
1.269935197039268715e+00 3.706370140141234781e+00 4.658107950445826262e+00 1.277020224978288598e-01
1.636770147781898110e+00 5.398960180729627467e+00 4.847940037420477744e+00 1.659553588721925377e-01
1.651960249683326776e+00 7.737299720491956023e+00 5.231515541319671669e+00 1.855583065249650776e-01
1.531393142657144990e+00 7.733816978545197784e+00 4.876361310755688905e+00 2.172505945219690704e-01
1.700073872908221206e+00 2.540960259219207096e+00 5.059088221566884869e+00 1.838619377542123623e-01
1.617410956683336565e+00 8.328846759406671296e+00 4.843049435975052219e+00 1.665028655638214061e-01
1.339580734912616977e+00 4.036201539978740982e+00 4.853774021727423005e+00 2.553982010543230929e-01
1.558886849572065803e+00 3.688688352327964104e+00 4.744868291042250164e+00 2.445654256974099106e-01
1.337663352343548606e+00 1.120112094603620534e+01 4.813907241488633026e+00 9.292173154077339181e-02
1.207933221563481263e+00 4.117815558735248516e+00 4.603064596288989563e+00 1.278858130977153229e-01
1.063098496488932065e+00 7.645371851653431250e+00 4.671384023360817928e+00 2.079876131831272790e-01
1.074894317378883635e+00 5.079838458677353508e+00 4.747334575119581679e+00 1.812802078393349892e-01
1.492907170039205145e+00 6.338266444668404276e+00 4.647197534609454728e+00 2.002006148901457061e-01
1.393117719677435140e+00 4.499699445260969988e+00 5.072904003246789806e+00 2.659245676201186792e-01
1.295461566978891810e+00 4.532799376037884187e+00 4.543224816936459298e+00 2.840645108087240800e-01
1.471127736026780486e+00 7.652646548006396543e+00 5.130147528908654664e+00 2.222904588853437946e-01
1.311739523455982104e+00 1.198918633409991763e+01 4.808091791597070674e+00 1.029733990721931614e-01
1.177189388850707230e+00 6.744552843036797363e+00 4.572201425693879884e+00 1.777721540978182968e-01
1.224102939819307956e+00 5.532369616387834199e+00 4.579941292144696696e+00 1.522018799885106188e-01
1.519050856341048750e+00 5.748661897015632682e+00 4.761148254890505527e+00 1.932324603675002195e-01
1.388258097855705087e+00 7.567736568016290022e+00 4.677465421029967985e+00 1.885789220217194417e-01
1.766923814682966443e+00 8.162058190742799368e+00 4.587458855278285341e+00 1.884469542364810291e-01
1.850938439277186376e+00 4.276231209805205324e+00 4.750666069515098400e+00 1.525563580138744879e-01
1.237070715946090083e+00 7.691692707943643903e+00 4.861435099510829971e+00 1.051360587042489136e-01
1.325061863238780502e+00 6.411156862461239392e+00 4.660551588922078992e+00 2.577951223969204841e-01
1.329726800660663955e+00 7.193771711510811073e+00 4.800402334647341895e+00 1.951821072606446383e-01
1.637084710940601040e+00 8.453759630732111674e+00 4.880659335889482087e+00 1.339220384774351125e-01
1.219068407273309784e+00 4.465558104793283967e+00 4.563062534628597788e+00 2.232371789531162887e-01
1.160175212833255198e+00 5.834357614352560617e+00 5.001498063739352240e+00 2.105235499504077012e-01
1.076496262598201525e+00 4.408314129707719076e+00 4.548441681906927769e+00 2.762952078152446367e-01
1.258252746593483851e+00 7.746301211591451796e+00 4.936970270551390705e+00 2.353525951710317976e-01
1.480354652517495984e+00 4.645326759198924016e+00 4.788858997920606875e+00 2.758893925179718987e-01
1.597396001593302861e+00 6.182619984362298204e+00 4.531488424260309067e+00 2.358948393845924363e-01
9.062929967121357011e-01 3.502761391678237857e+00 4.662179549828485037e+00 7.121686153976738987e-02
1.527017968133017156e+00 5.601333099689485451e+00 4.672242287158502094e+00 2.603749051390705782e-01
1.426908653525560622e+00 1.140457683257068844e+01 4.633995816040485494e+00 3.135598505768551481e-01
1.129754349326113294e+00 7.662139518512192993e+00 4.419889286242449700e+00 1.720303587502184095e-01
1.342137965487365303e+00 1.024073166253132428e+01 4.896329166652597209e+00 1.594355009407162904e-01
1.179883157533291982e+00 7.973351685068011285e+00 4.239198718567418034e+00 1.493216248140973035e-01
1.472580823601618238e+00 5.001136141361358867e+00 4.773219953016375250e+00 2.532818184961938557e-01
1.688553520549481934e+00 6.221594900529099803e+00 4.809431055225300788e+00 1.817282137984951307e-01
1.454441900830351742e+00 4.847890515825032054e+00 4.574059912738913880e+00 1.844456033932209693e-01
1.473260789736752230e+00 5.357723007858255393e+00 4.471412410787463543e+00 1.005216931570529632e-01
1.392563059540546266e+00 6.879749998417163503e+00 4.584228536606868687e+00 2.177526711308679086e-01
1.180042210591314866e+00 5.845720537464767830e+00 4.979042499623490770e+00 3.422351624565311834e-01
1.452878652923834890e+00 1.416676550154098990e+01 4.778327915186022956e+00 1.423156105783236203e-01
1.386444393083909210e+00 9.209485992816979660e+00 5.121325301120920770e+00 3.613542399864459465e-01
1.411682617712242349e+00 4.525284039126814761e+00 5.046666610882939885e+00 1.525104959637107460e-01
1.211844223317251279e+00 3.755235928878657869e+00 4.802917361836093413e+00 1.473964449487610850e-01
1.652180973133990927e+00 6.288991286310780637e+00 4.951051836144788609e+00 3.259320518833832003e-01
1.474263671114361074e+00 9.355563364110771829e+00 4.588891946974225533e+00 1.159211074925897977e-01
1.501508254083141258e+00 4.433212726440082463e+00 4.524031346712236612e+00 2.533412809307660218e-01
1.570392542392667679e+00 7.756737752543878983e+00 4.817148267430814812e+00 3.101481247029984067e-01
1.347750807095059455e+00 8.154407034322401771e+00 4.671830435118693892e+00 1.556581788208226680e-01
1.447569537661253403e+00 5.095013800861135422e+00 4.468745949696043773e+00 2.816983274283705874e-01
1.279050269518561933e+00 4.608044869574056790e+00 4.874014668362670832e+00 2.827374225353783133e-01
1.385519545799772434e+00 7.520872792192420775e+00 4.732722923584370633e+00 3.758877488752928042e-01
1.452793582569062769e+00 1.005996327295609305e+01 4.844453400880357918e+00 1.575045498939735000e-01
1.304746960236129460e+00 5.414652699695366778e+00 4.830758370909359556e+00 2.077063943704265947e-01
1.118975292298540314e+00 4.319655078092499600e+00 4.938233949267655909e+00 1.226130675453381003e-01
1.669182403761297007e+00 7.334171565793957015e+00 4.723075876208543633e+00 1.442407849237453688e-01
1.253968500108527451e+00 1.008918290173762600e+01 4.717876543379628806e+00 9.671664910165983509e-02
1.514834540184440748e+00 4.205202506469874812e+00 5.098278015183451473e+00 2.933565720187604753e-01
1.505975135720261981e+00 7.603233956326058696e+00 5.090996624195441633e+00 2.455871870276113422e-01
1.610981356398563324e+00 3.414890563399862522e+00 4.429282275029538418e+00 3.042798689920271915e-01
1.427107408763641949e+00 7.852213832348014400e+00 5.070637166132684115e+00 1.816295279667534956e-01
1.319390229871912235e+00 3.782785824346329484e+00 4.421447319506205176e+00 2.630896418783349455e-01
1.749670742425060821e+00 3.478391147908928005e+00 4.528936167139309354e+00 1.837120074126843694e-01
1.068825226437970954e+00 3.936920878939202062e+00 4.851119591930024733e+00 1.718516770647239844e-01
1.652209393648562674e+00 3.747739785565814330e+00 4.834376004584463260e+00 4.328258454838259661e-01
1.745412958731207276e+00 7.516311091287876778e+00 4.943845854971842257e+00 2.295261500064576521e-01
1.285210507505716970e+00 5.435571389502430684e+00 4.656619838580248860e+00 2.738331123374885268e-01
1.289464896275029915e+00 7.716878565411709801e+00 4.978675924230795857e+00 2.566717397729181838e-01
1.322846582176073982e+00 7.578396858983749595e+00 4.771113912828147008e+00 1.446683704203616527e-01
1.289650557339441228e+00 4.924416695364536523e+00 4.673176062834737188e+00 1.276034279605717248e-01
1.104475699817369927e+00 4.892801812546326623e+00 4.860306729234336487e+00 2.460997860429525730e-01
1.197032034959299995e+00 8.383558965722901490e+00 4.700828688380552123e+00 1.847979511502511052e-01
1.321659371703795216e+00 4.943353302374665859e+00 4.940463416522558049e+00 1.019100945345201570e-01
1.089146666017558607e+00 3.305457449416824289e+00 4.805403218413500710e+00 1.787857784035955244e-01
1.350407525117316432e+00 6.002047449682007318e+00 4.472975098729532917e+00 3.555741156149139215e-01
1.576561896172759658e+00 4.275017198215890879e+00 4.478524904178065924e+00 5.831160990232565622e-01
1.891482168317595303e+00 7.284112064873792036e+00 4.808070771771173035e+00 1.680657016438888984e-01
1.492576118520327899e+00 6.638455323240610717e+00 4.700116643449455012e+00 1.805386150712414428e-01
1.560679926072023216e+00 5.144570406534477947e+00 4.766217779176357361e+00 1.586539823399161497e-01
1.293743459270703999e+00 4.672123798778620163e+00 4.903876651743005688e+00 2.299664036366856346e-01
1.466389723740098905e+00 1.072246615590672469e+01 4.801888795138157917e+00 1.693290677519696807e-01
1.671353385537660108e+00 5.311708883373757573e+00 5.065335709134859421e+00 2.667753627292469565e-01
1.381485344700223994e+00 7.852052842729619009e+00 4.978049388338594561e+00 4.324978909288142992e-01
1.429833518749190402e+00 7.248657331068389276e+00 4.535947445743653716e+00 1.702040797998382038e-01
1.193024286545153245e+00 4.991967354746805086e+00 4.558379313249139031e+00 2.156412506933211570e-01
1.221398701320470792e+00 7.082334041885149922e+00 4.514146816200245382e+00 1.323027590687035349e-01
1.651461863887422332e+00 4.280053889013471391e+00 4.811474517186368871e+00 5.698598065334928853e-01
1.701024713191066073e+00 4.335757675479023909e+00 4.637613160185362737e+00 2.966886793351820040e-01
1.019047217625618229e+00 5.544426350002301440e+00 4.948459973992731520e+00 1.511369946944627618e-01
1.451134182314662624e+00 8.060478132172285370e+00 4.827735954043499866e+00 2.600180189507486639e-01
1.374241407546243909e+00 3.170111976474513593e+00 4.647639128406499509e+00 7.545084451944229775e-02
1.987653567683689504e+00 6.168010616608846419e+00 4.456706808857290092e+00 1.964557208519036868e-01
1.082226960046199782e+00 6.601483887981189014e+00 4.618890205644024860e+00 1.715362802260366748e-01
1.561147010624982956e+00 5.773027748277779203e+00 4.615117964822910146e+00 1.720944118893099617e-01
1.619265342074702296e+00 8.581505893850764011e+00 4.800234028541709108e+00 1.703603804643818442e-01
1.154132183183780747e+00 3.904863425543275479e+00 4.741199264890951781e+00 9.293783783421397104e-02
1.581798761956729527e+00 4.591594257614242558e+00 4.687790017634441142e+00 1.451022591505037040e-01
1.502866474897264437e+00 6.565570122199567926e+00 4.562311970531234273e+00 1.509345201705237782e-01
1.787221648684644615e+00 6.079499590951116694e+00 4.897668537942367450e+00 9.977312811980126872e-02
1.981334059714664919e+00 5.704929613389922771e+00 4.688468281265517845e+00 1.119667160828260177e-01
1.407813624390579221e+00 5.577743924766559225e+00 4.217650001644718927e+00 2.639523035815763419e-01
1.608340873278538030e+00 8.654141230482546021e+00 4.702074955969264280e+00 1.659940537349464396e-01
1.032187910470731662e+00 5.245638137533317646e+00 4.857440659878263567e+00 2.584588570832477283e-01
1.593127782011009463e+00 5.604732663613376964e+00 4.738659243174438096e+00 2.587011655471200267e-01
9.439301025714871285e-01 5.719261360520357940e+00 4.792441154804613745e+00 5.109644677641907995e-01
1.761121797536888911e+00 5.819286809528276372e+00 4.631265160667292768e+00 3.935198101485738453e-01
1.444291603907800425e+00 5.731250440700151216e+00 4.773011109510644445e+00 2.310572894510811159e-01
1.286395315087186297e+00 1.051157039097908630e+01 4.910526672196255049e+00 1.951642399532816929e-01
1.296734667630048632e+00 7.004932667134687208e+00 4.712875114759574657e+00 2.017115477514975219e-01
1.212988575772883548e+00 4.142945851474325814e+00 4.844884487700542586e+00 1.096971919981581944e-01
1.974907666135252482e+00 2.684536669027013822e+00 4.848283961333323511e+00 1.296952814660315978e-01
1.647030332827094101e+00 8.911941197930911329e+00 4.877606039625374201e+00 1.792299171600968410e-01
1.103075670613743009e+00 4.602748707228086822e+00 4.452601362353686199e+00 2.512706272414279018e-01
1.470370906895089869e+00 4.637668636687673818e+00 4.868340076401374006e+00 2.131104907895299272e-01
1.348273268251586332e+00 4.965711799461070441e+00 4.931433561754598571e+00 9.000189267363239987e-02
1.163014657394788598e+00 6.775640168496033233e+00 4.815021089084790873e+00 1.645049269543815973e-01
8.857528201865026984e-01 3.300936603589014862e+00 4.706082720354183735e+00 3.003975328124083854e-01
1.278177782739250423e+00 6.034006822904484757e+00 4.748693903493046875e+00 1.218273765279403453e-01
1.439798761899118595e+00 5.917537911277998219e+00 4.752476773555607714e+00 2.404365349645553041e-01
1.602099398780198136e+00 6.077746919617168508e+00 4.740753065543469091e+00 1.792555804993999080e-01
1.655001802295633206e+00 8.258080057608545133e+00 4.803100587612814998e+00 1.910927731361385384e-01
9.765664193784666658e-01 3.947136381848741937e+00 5.073935709078632783e+00 3.680567040744262552e-01
1.298281300318744114e+00 4.054527583157687687e+00 4.656521529072126242e+00 2.798998769239497419e-01
1.238245948119728324e+00 7.917710789586116960e+00 4.499732677640577272e+00 2.368269602572108390e-01
1.658882328667517836e+00 1.280381773020119596e+01 4.662551765953613092e+00 2.585287904708933882e-01
1.578311550110127692e+00 4.336922474313457343e+00 4.806708406842414405e+00 1.556068699746947226e-01
1.531216048178107192e+00 6.035609128062311868e+00 5.091566774215109170e+00 4.376526353377258038e-01
1.543224744176525220e+00 4.728982304613714938e+00 5.061113049118037388e+00 1.803472674335779014e-01
1.448587058999274202e+00 8.627021766165416494e+00 4.826832911038234641e+00 2.307544638869404030e-01
1.551638995036021207e+00 9.153038539704372312e+00 4.806518834817969044e+00 1.072455777488619533e-01
1.747180848387741126e+00 4.355293212375788592e+00 4.776152896887563948e+00 3.148477229995422233e-01
1.292704119390984729e+00 7.276509002908316148e+00 4.981166913338117119e+00 2.455509876682284987e-01
1.686416059585315708e+00 6.952137316766934916e+00 4.783749347049368161e+00 2.355966057594798824e-01
1.111075086495834530e+00 7.498587663282940241e+00 4.656238631244932868e+00 2.166641967423002524e-01
1.632001691626664197e+00 3.766589491686636038e+00 4.708003487776789342e+00 2.679010872898795470e-01
1.007753243565919110e+00 6.740180838560052123e+00 4.676975595378942252e+00 2.629100078707485300e-01
1.411223332148793030e+00 4.641816924641852360e+00 4.751432162895444122e+00 1.021119345268533818e-01
1.371069569076227568e+00 7.268507032226982467e+00 4.614316435049581777e+00 1.685858007676592496e-01
1.649784108288574913e+00 9.549448653675485232e+00 4.804659572247287791e+00 1.344002708315789052e-01
1.226434172309163628e+00 6.497765283983158113e+00 4.881305698523129344e+00 2.839388403200732713e-01
1.523015834511752820e+00 6.504504419876909083e+00 4.800178471562388083e+00 1.678242605137003352e-01
1.424912040221475218e+00 8.929944121650629896e+00 4.534380709762736217e+00 2.127614413906125934e-01
1.160607153523059987e+00 5.457994941707378089e+00 4.786242121425085649e+00 4.827506057098874814e-01
1.461247866323956535e+00 9.801727266499099755e+00 4.668744262911296516e+00 3.382917240116373181e-01
1.155107832120906952e+00 4.874640615647797937e+00 4.810440612015233874e+00 3.764471071943068514e-01
8.924237731353393821e-01 5.466835137526970811e+00 4.633339693303216045e+00 2.042893981332274678e-01
1.487734480017414374e+00 5.178542115619048758e+00 4.550563845246657024e+00 1.703588866118258827e-01
1.185609971809249652e+00 1.036190245372755037e+01 5.014751223228046229e+00 2.600723386887203725e-01
1.554472733914005644e+00 4.334621443162173016e+00 5.279467867004525417e+00 4.648558786108062946e-01
1.130231304663082526e+00 6.790782838087661588e+00 4.833886079694584836e+00 1.840278259132058780e-01
1.468322123414027347e+00 5.985975696955649461e+00 4.926430844664008823e+00 1.724980397970696799e-01
1.362694211517905485e+00 7.877331124599763257e+00 4.568758575910364605e+00 1.974387694908504576e-01
1.616681591727353151e+00 2.236851274933748801e+00 4.717738941015040766e+00 2.412245041064027262e-01
1.199910493039878068e+00 6.111682641347700340e+00 4.507454004170383222e+00 2.576478232624432319e-01
1.083766561298961539e+00 3.431861994247553671e+00 4.806844140975467639e+00 3.129064427030892603e-01
1.687568931452997800e+00 1.071317194957187269e+01 5.001238634951405082e+00 2.075836199446537134e-01
1.284501467582255252e+00 5.702966099437810854e+00 4.765040059137746198e+00 9.581830230939324122e-02
1.030899341682211645e+00 5.344431823982945140e+00 4.679184660131718410e+00 1.731755184651563306e-01
9.969270553823360581e-01 5.563816704102666932e+00 4.416133924632561047e+00 3.150790865238414784e-01
1.271361582160763337e+00 7.804675819273835913e+00 4.997628804920250190e+00 1.363713830269120131e-01
1.320482208488220621e+00 7.469929368070977738e+00 5.162107886633100051e+00 2.615251081240955733e-01
1.852196707747566284e+00 4.495190392074725594e+00 5.052742798152219272e+00 2.220373883016967809e-01
1.528411899063356172e+00 4.561543941153021642e+00 5.033779873416290407e+00 3.166051764913080935e-01
1.492853017228597867e+00 8.236769694688749865e+00 4.673430406354995625e+00 1.629013854643097114e-01
1.051424797296974578e+00 5.030214204156140845e+00 4.889947696730094329e+00 2.309740682939591117e-01
1.515276224197023458e+00 6.185364880637078677e+00 4.901280791253043390e+00 2.549125423842817373e-01
1.611583371352726113e+00 4.346395707623376126e+00 5.289267071016078070e+00 2.746998447968935775e-01
1.109777892862887416e+00 4.936877193060052349e+00 5.113977575141458232e+00 2.474728097287789974e-01
1.253428838834289571e+00 7.131394396712192219e+00 4.747413524827511111e+00 3.848345887913824370e-01
1.511487172333721318e+00 6.144814266248836532e+00 4.794489012283834839e+00 2.252664039336895740e-01
1.673433948064267041e+00 7.118037452841566193e+00 4.864081054176890184e+00 3.216795462975599595e-01
1.098947853316009526e+00 4.284767983259639479e+00 5.148803245438218212e+00 2.753193312138621507e-01
1.548910085521066904e+00 5.072083580132710878e+00 4.349443922012906860e+00 3.103249041910560169e-01
1.156122647727947594e+00 7.978229420978777853e+00 4.638394123910893896e+00 1.425716970046149723e-01
1.506834820462791935e+00 5.020967895550553450e+00 4.902545918762283961e+00 1.530412344013331316e-01
1.256841927207445364e+00 8.160627093059481751e+00 4.758326838859389341e+00 2.097364834399556288e-01
1.165768554477168761e+00 7.936173393265154807e+00 4.604139249693314895e+00 2.340334363645375504e-01
2.004367646275997839e+00 5.547093745404753307e+00 4.945263685978757984e+00 3.347776795415892126e-01
1.050535276418766539e+00 4.643971776870718493e+00 4.845679370211104064e+00 2.215890636336389219e-01
1.488367306203731699e+00 4.589928990395140573e+00 4.911955043764042017e+00 3.190165486672179029e-01
1.724294599141398043e+00 5.247462663384340864e+00 4.930486446668964184e+00 2.632211562913396308e-01
1.006943646404928394e+00 6.060691506970554698e+00 5.177105199108830824e+00 2.048949990509905950e-01
1.561204826759246433e+00 7.888692611413135936e+00 5.053333363444177273e+00 8.998282640228505436e-02
1.045094838321855457e+00 9.819161247194855946e+00 4.615752170606495675e+00 1.915852334890812692e-01
1.291330248786634272e+00 3.833516137609255026e+00 4.973685618790031349e+00 1.908541920171625272e-01
1.393361299200560399e+00 5.904355522326376615e+00 4.776281971822779582e+00 3.714524984758341142e-01
1.306040260695161992e+00 1.402523171628689980e+01 4.546455207220539307e+00 2.478914093821762421e-01
9.576367219648205253e-01 4.664203189098271807e+00 4.780029675419031676e+00 1.850440520237255360e-01
1.233122468754489720e+00 1.049491250583491286e+01 4.562265275569285627e+00 1.166757364077748438e-01
2.121523714625340951e+00 4.810856000383977538e+00 5.076098313166282239e+00 2.208791726146740186e-01
1.547714384968823076e+00 5.600444417782985518e+00 4.846150361900233960e+00 1.792789799049275268e-01
1.687601640089053667e+00 4.354656475150677331e+00 4.979545408426422348e+00 1.031984164074045418e-01
1.383105870618070998e+00 5.652693846593187743e+00 4.685496910726469011e+00 1.241032025234119901e-01
1.853611837984961541e+00 6.046992583295636159e+00 4.728141756651642602e+00 1.540547381348720823e-01
1.228758704706836458e+00 5.322747714212589187e+00 4.839569213152492999e+00 8.851900267326973104e-02
1.639945557296896173e+00 4.078770288486997408e+00 4.634703604429940782e+00 1.919826836268130055e-01
6.688450277710922265e-01 4.033277397490488525e+00 4.400843870647469736e+00 2.982917156802680214e-01
1.412614439799170674e+00 6.254050642847986730e+00 4.603199421765813426e+00 2.181945670405348869e-01
1.580842596807808143e+00 7.850469096583552187e+00 4.421447856826369538e+00 1.669513415850716609e-01
1.108959850432683414e+00 5.140112739575619649e+00 4.763054236756325110e+00 1.536045513088565295e-01
1.388386951557028626e+00 5.335854351883960511e+00 4.910164775198004428e+00 2.699596326750804409e-01
1.326186113944945122e+00 6.072151700149874820e+00 4.824209334045054476e+00 1.481774479474068373e-01
1.486623020020896524e+00 2.771895688423955839e+00 4.571581523989084239e+00 2.419318097260897416e-01
1.547066924439341795e+00 5.902581925253144846e+00 4.986657760401501882e+00 2.073971062083006245e-01
1.197235560776112928e+00 9.681905597811978126e+00 5.241084146053004211e+00 1.626805762181136872e-01
1.379102582694413881e+00 6.838804295277681078e+00 4.584114465509738778e+00 1.727275097057675013e-01
1.252823641802335963e+00 7.974740743146533362e+00 4.737028714201994006e+00 2.994067604633464663e-01
1.380987709590352885e+00 6.590514697980778713e+00 4.521483587807126447e+00 1.803604699981537773e-01
1.882664570208007371e+00 5.374313760303769172e+00 4.684334737199729481e+00 1.255674338436597870e-01
1.571450461708867152e+00 3.110703911461079052e+00 4.798192603079010965e+00 1.609364452779707966e-01
1.300166545340098123e+00 4.718956736656513939e+00 5.045019171024349269e+00 2.017907365459348512e-01
1.388924834866412494e+00 4.913017005782553959e+00 4.772965472725268832e+00 3.004477083851446739e-01
1.461429341768177403e+00 6.595926894836996901e+00 4.958140614321536077e+00 1.232907579402522796e-01
1.373651434308029939e+00 3.112239488240703178e+00 4.829622787444847631e+00 1.429524204376756980e-01
1.356166512986337835e+00 7.064534031805359326e+00 4.850057785051088644e+00 1.640974701577544159e-01
1.147577597361515434e+00 3.405737984504897398e+00 4.639483637880592148e+00 1.744141454019752790e-01
1.746318997297003905e+00 4.353590368305326308e+00 4.665342238917656204e+00 4.490698603732236616e-01
1.837140771783041471e+00 4.559159056961137324e+00 4.923334323527559064e+00 2.156875668347204011e-01
1.319028889133242677e+00 6.450788177042391602e+00 4.752065166414984887e+00 1.291558750780898712e-01
1.598015506961046661e+00 4.365485726830989677e+00 4.433254723857992907e+00 1.999954996500527826e-01
1.837140771783041471e+00 4.559159056961137324e+00 4.923334323527559064e+00 2.156875668347204011e-01
1.556655240601088730e+00 4.948582606620662183e+00 4.485141110013290522e+00 2.074996420064769698e-01
1.314757526794499753e+00 4.536735866378418969e+00 4.595103404579916173e+00 1.166923033545194388e-01
1.241146206685812992e+00 6.502308258460110402e+00 4.873350037119953626e+00 3.471048360518247389e-01
1.090970911871828264e+00 4.910690359476307165e+00 4.625063464720639672e+00 1.218286539722470002e-01
1.103893457752646912e+00 7.216579620092543834e+00 4.881708261103819169e+00 1.217261432760145951e-01
1.182051586982371338e+00 5.662077159509157021e+00 4.721287284835575804e+00 1.588294268360184169e-01
1.842123381000085880e+00 5.860094577820947670e+00 4.823802629617085280e+00 1.474795204550752303e-01
1.625819935189238841e+00 5.916793558495733407e+00 4.772925552058447707e+00 1.466529930376594681e-01
1.350950873059444168e+00 4.714669214417360976e+00 4.722164314461697820e+00 1.052799719452595373e-01
1.497858533175402185e+00 6.098346120862422559e+00 4.896618505883210126e+00 1.487580570750997311e-01
1.368586220339869985e+00 1.017659577180865682e+01 4.866011071000720278e+00 2.279553614928153948e-01
1.278266921759115826e+00 9.541057468040092360e+00 4.619332371367837808e+00 1.869768006736180488e-01
1.390396054853120900e+00 6.094834000013961806e+00 4.655503558916482376e+00 2.215104826554010198e-01
1.379738090701565278e+00 5.978912497455938890e+00 4.822255973650183769e+00 3.988406390351884601e-01
1.326995373590948990e+00 6.140669139664129972e+00 4.846643238863955538e+00 1.643418727755827091e-01
1.111977856899144301e+00 7.333733924838271356e+00 4.666149776408301086e+00 1.874203941246232186e-01
1.588947458773447563e+00 7.242130803570033137e+00 5.016888151335700208e+00 1.406896053589836715e-01
8.723144561261134688e-01 5.619951402280826791e+00 4.804272551442230643e+00 2.009089696935258962e-01
1.642071916177876290e+00 4.845646054997007290e+00 4.616132129493839997e+00 2.198877216992431438e-01
1.755466386512096522e+00 3.739055187679159786e+00 4.688784350773214982e+00 2.725173625362342089e-01
1.360415956914895030e+00 1.371375184081445120e+01 4.288082292630466696e+00 4.170696322067575235e-01
1.815448921041092456e+00 7.449246703110091516e+00 4.646884223448118689e+00 1.910261966937935596e-01
1.387496252426023036e+00 6.728796462157326630e+00 4.643508215968749298e+00 2.848713169955751079e-01
1.744631913315202398e+00 4.489504085355963348e+00 4.490561582673186614e+00 2.228956650935763062e-01
9.331065792489244837e-01 6.756878344496598743e+00 4.663250361416949374e+00 2.346427342495944479e-01
1.816229093822982366e+00 6.745644462271256359e+00 4.970838370661488703e+00 3.460486172358791523e-01
1.371417079506151993e+00 5.645808915908459014e+00 4.214779547429695405e+00 2.075257959156566467e-01
