# 500 (alpha,mu) samples from hierarchical MCMC for Saquinavir + Nav1.5-late
1.109622659076598961e+00 5.115593406762467765e+00
1.512254335874454680e+00 5.141792486663068651e+00
1.294593647338344367e+00 5.227623310859597083e+00
1.909473847360463106e+00 4.967427733014313063e+00
1.360710310799648992e+00 5.161231554870306937e+00
1.718300008841957549e+00 4.957615291973204386e+00
1.317151859060183394e+00 5.184508697360221241e+00
1.204132348665867935e+00 5.074736982545473118e+00
1.465355874170279460e+00 5.211401841527848688e+00
1.134538470689716361e+00 5.234862256016985960e+00
1.394452899848926730e+00 5.131678870467385245e+00
9.876884695657202062e-01 5.101547942723024143e+00
1.601710084570074688e+00 5.175054229513854409e+00
1.557694221126123324e+00 5.032280757089140799e+00
1.418905766340736729e+00 5.350225846123939810e+00
1.045596178454543779e+00 5.235516444866812336e+00
1.724666775490943937e+00 5.307593537224399860e+00
1.515943206929597942e+00 5.100020224153761994e+00
1.315991455136061861e+00 5.053812128127141534e+00
1.039013585080506452e+00 5.052037553188564623e+00
1.186234844754763262e+00 5.040435201739890125e+00
1.036743448412385193e+00 5.247617334180244342e+00
8.746035155110286619e-01 4.925427595017207061e+00
1.631265443655550929e+00 5.201453945557644509e+00
1.545891960053328518e+00 5.116089933453188188e+00
1.374264088396816241e+00 5.108641709505372219e+00
1.130464734483161537e+00 5.108308639615689373e+00
1.395238886614418750e+00 5.128242400389711797e+00
2.171159839280297099e+00 5.157216476876091527e+00
1.179308214519232401e+00 4.962420189005142923e+00
1.252511251087815136e+00 5.137479181533624484e+00
1.425006690400203890e+00 5.177969972955660083e+00
1.296268080661768796e+00 5.212426539381130652e+00
1.076160900496487827e+00 5.227226628466543623e+00
1.508806044552927661e+00 5.165553948067349133e+00
1.173268703739021701e+00 5.142938802454811054e+00
1.585934893918979904e+00 5.176916283181971501e+00
1.387858734643385716e+00 5.214419212295435813e+00
1.210314666394456173e+00 5.063638488820013883e+00
1.519612888877631018e+00 5.219735436224926417e+00
1.117581425943077855e+00 5.066363405691683752e+00
1.482420898431894285e+00 5.200324560644377314e+00
1.128014653111333754e+00 5.151302717214759852e+00
1.283481400330423794e+00 5.175614490028953796e+00
8.996915756482123383e-01 4.952239925152651878e+00
1.566335535733641038e+00 4.996864677542947497e+00
1.517791792509953774e+00 5.067941360629522052e+00
1.241916823458239838e+00 5.303841881235802802e+00
1.033421625472862315e+00 5.096791068472287911e+00
1.332242125054156290e+00 5.138584853960817433e+00
1.450049385420005166e+00 5.194300465451887838e+00
1.815873040858353438e+00 5.238140248513551533e+00
1.339583249935957898e+00 5.671179336765539425e+00
1.155443922641933296e+00 5.222291240386224054e+00
9.969424320767582559e-01 5.208527339556210833e+00
1.431278898329197080e+00 5.163590528879438146e+00
1.733160216984576119e+00 5.319099665384412923e+00
1.798155465134753328e+00 5.220728369555515336e+00
1.471295149237695110e+00 5.190168068695391490e+00
1.257509518523605374e+00 5.009757378162977837e+00
1.179039333974891690e+00 5.080752462358559818e+00
9.287323216362025624e-01 5.122934019584806542e+00
1.651879968840578528e+00 5.096583924406469457e+00
1.787456017617212067e+00 5.062196930247299775e+00
1.889642397349939218e+00 5.224109319187834721e+00
1.668369168212009424e+00 5.071989850316687587e+00
1.200645829582790647e+00 5.184741831218482311e+00
1.285404799976636259e+00 5.240336818940718011e+00
1.405613176616834048e+00 5.297550066791620438e+00
9.914879736476865935e-01 5.279077620524896375e+00
1.588593086521347564e+00 5.093870636530107632e+00
1.974482262218564266e+00 4.907119691271225825e+00
1.120632408028947147e+00 5.259536692923362011e+00
1.545503258396872637e+00 5.132546051332961490e+00
1.368202413124435468e+00 5.170811447495766267e+00
1.696283972330824286e+00 5.038188475347111783e+00
6.431090981988951683e-01 5.294130591580434420e+00
1.682247381564135669e+00 5.230195344518216771e+00
1.210093424256056593e+00 5.107526168337992445e+00
1.111365892631133168e+00 5.127343913153098676e+00
1.310210302903953572e+00 5.268957176277527132e+00
1.151977306809710111e+00 5.206715624382108665e+00
1.482324210586790869e+00 4.992830509950421103e+00
1.281407816078593331e+00 5.188723629237714796e+00
1.193497172860117139e+00 5.050671649319934176e+00
1.023455787500730629e+00 5.305760684565432150e+00
1.994603351806558011e+00 5.088623909069077023e+00
1.415920676215495222e+00 5.056406664663580131e+00
1.958770239765317056e+00 5.276509183194176167e+00
1.746461963661154915e+00 5.461255244672500453e+00
1.639536769907588898e+00 5.078074029284565860e+00
1.315470586071002979e+00 5.357441376791657994e+00
1.144133922225208488e+00 5.162832739257734893e+00
9.615289636451208599e-01 5.051544261269217628e+00
1.326405297369270597e+00 5.071071577827520827e+00
1.319471568235916159e+00 5.173771798092599461e+00
1.259937875149380160e+00 5.091543860828382506e+00
1.273880358731039886e+00 4.968044186952949026e+00
1.714090743426533336e+00 5.156972264978185727e+00
1.464719603187357277e+00 5.012863797087948825e+00
1.782598381604220572e+00 5.128807632968332086e+00
1.101183555999195374e+00 5.269873029276181953e+00
2.045724284584664154e+00 5.173151236666833519e+00
1.254833971225051581e+00 4.653273354824255748e+00
1.413883274135026458e+00 5.235777507408519327e+00
1.057401246431631581e+00 5.215619130684002513e+00
1.275281404840973520e+00 5.121759081085912158e+00
1.561574509657046583e+00 5.175438959863308597e+00
1.407204333959223730e+00 5.159289670283294882e+00
1.576694775365860446e+00 5.233432248904675177e+00
1.163329969287932197e+00 5.179128179358357009e+00
1.512615214866393609e+00 5.384760190213372155e+00
2.294114361531457202e+00 5.178673001712120083e+00
1.271407483150457152e+00 5.213553051279633976e+00
1.280984194078130134e+00 4.875179888201162548e+00
1.915226481466994368e+00 5.170117167155543925e+00
1.356297007834690094e+00 5.182117236968172946e+00
1.419594702091644622e+00 5.183670047538736725e+00
1.181342078011851759e+00 5.247765363095298063e+00
1.660347443153859626e+00 5.078340261807028355e+00
1.330578665526830795e+00 5.187618490751086497e+00
1.177102043124676145e+00 5.098891269211724975e+00
1.044274399359999883e+00 5.178969172128831566e+00
9.953065491168989753e-01 5.097515213481555563e+00
1.755727609150899982e+00 5.172363986996345808e+00
1.195850255069426327e+00 4.893044190803931492e+00
1.790788132824523649e+00 5.293090590118198158e+00
1.719414437646466620e+00 5.263709060808348106e+00
1.405881118021727216e+00 5.223322438712025395e+00
1.266659017795930708e+00 5.244743175947142788e+00
1.012984525271626302e+00 5.242044157631573498e+00
1.225969464547756793e+00 5.190684310559862347e+00
1.968455103247839677e+00 5.368547193910496063e+00
1.131281131869447787e+00 5.065068947085348050e+00
1.697213764513106904e+00 5.184016419290329303e+00
1.522767354956274799e+00 5.136476507244617018e+00
1.246131896430358488e+00 5.085985692678012704e+00
1.195418582883651437e+00 5.079975126773241811e+00
1.029711105400837878e+00 5.246872126897812905e+00
1.151599505410622060e+00 5.182287408805410500e+00
1.183486239724286682e+00 4.828747976920817919e+00
1.252194542135879107e+00 4.812955946319824818e+00
1.388269633472211995e+00 5.250830521639645809e+00
1.342282600867782172e+00 5.418373867208288175e+00
1.398671578382656433e+00 5.023660002278888648e+00
1.130219367769393690e+00 5.115817498706077160e+00
1.097232181243081639e+00 5.159029071586085813e+00
1.249158856050463395e+00 5.215932954876857153e+00
1.091595379320967174e+00 5.163002398712943197e+00
1.458145432744854864e+00 5.142356791694212781e+00
1.297986184383223662e+00 5.520391643275043059e+00
1.492081634393557232e+00 5.144687432829009310e+00
1.100640613303017989e+00 5.234450512342215589e+00
2.039552059406922080e+00 5.214424700956128866e+00
1.311045092028801928e+00 4.942268876026520985e+00
1.752280955098426629e+00 5.218240036019921035e+00
1.621951107795481128e+00 5.097337013851773513e+00
9.153094004453429244e-01 5.141013714345147534e+00
1.162774087488509300e+00 5.081794928827133795e+00
1.473217340613926618e+00 5.217468494402982770e+00
1.762165513812149031e+00 5.225175874865876757e+00
1.390189757542434679e+00 5.216391808588300094e+00
1.124008433412337915e+00 5.114120154540044538e+00
1.018889121827171174e+00 5.151287980279811052e+00
1.355578388292724146e+00 5.350696042780286099e+00
1.586807729554699176e+00 5.048333627562880288e+00
1.299095975679105397e+00 5.313126096557430067e+00
1.330478956510036781e+00 5.069951645621237901e+00
1.393428019642132476e+00 5.038512625483387630e+00
1.689502163256360046e+00 5.160344792820240833e+00
1.469520686515269015e+00 5.136332793979828004e+00
1.134046201082222094e+00 5.157507573166810744e+00
1.547982526590450991e+00 5.178845577232009667e+00
2.095599250415752124e+00 5.326438929162150338e+00
1.469324100607160899e+00 5.100508054596242680e+00
1.460118181427907835e+00 5.171987593207550304e+00
1.236329283643108568e+00 5.108592451769844445e+00
1.465903556189719792e+00 5.021814231075153678e+00
1.483725589727607597e+00 5.043011306750050160e+00
1.409659037314657581e+00 4.987649133107693977e+00
1.758334689181918264e+00 5.223943546331764942e+00
1.745289419706520073e+00 5.083584398820393702e+00
1.290269970036423519e+00 5.220296529956958587e+00
1.451769935646613385e+00 5.112950669209537224e+00
1.852689765968475788e+00 5.258203628589269485e+00
1.552174244525204472e+00 5.302406004045849386e+00
1.045522162866915350e+00 5.152050179576106004e+00
2.149756581369411723e+00 5.094062907392883588e+00
1.339998281222607224e+00 5.066024579299683417e+00
1.871756258261318306e+00 5.049396394024259216e+00
1.506991501013826840e+00 4.978468075538748039e+00
1.060718047264777253e+00 5.063870203695047145e+00
1.220566374688631051e+00 5.134838367380102575e+00
1.147708674571188858e+00 5.116860953754387431e+00
1.419523378064711849e+00 5.152203985000496367e+00
1.496772082446649721e+00 4.909706938337949467e+00
1.232448366021393849e+00 5.291319914035677030e+00
1.196522179620855164e+00 4.958250943642549480e+00
1.129449181198016738e+00 5.295553601462707149e+00
1.223456057846102008e+00 5.165110693893807614e+00
1.749926868556812565e+00 5.295461924738241954e+00
1.116242083192804158e+00 5.146534974100982041e+00
1.238849836613180155e+00 4.975323952001783567e+00
1.296060919687979318e+00 5.181843738860760773e+00
1.124930353569531860e+00 5.048032669325314359e+00
1.026680190213762334e+00 5.241635330780147761e+00
1.160149096707636884e+00 5.094759999548023721e+00
1.526760447242420993e+00 4.935410959822826626e+00
1.150498195062759965e+00 5.335119352668186821e+00
1.128052762425073352e+00 4.911308057860353848e+00
1.384277718729009843e+00 4.993895627105701784e+00
9.067305026443172045e-01 5.204661313057456162e+00
1.185445942637117334e+00 4.997713972306622843e+00
8.354629417631699306e-01 5.200904808330703233e+00
1.112424033148708746e+00 5.018274469550671135e+00
1.263279258231522206e+00 5.125719656084802622e+00
2.234996123094917575e+00 5.125195599462125884e+00
1.617702472619985343e+00 5.113410118116402892e+00
1.224560272283323092e+00 5.321325473104380421e+00
1.790213358033662328e+00 5.110781084532950658e+00
1.553728084242106400e+00 5.130850582458370113e+00
1.573572076457879554e+00 5.104622863917930076e+00
8.223197994931643606e-01 5.237857664203731112e+00
1.320595518077988251e+00 5.194419687346474745e+00
1.543510576833801551e+00 5.101080512509677867e+00
1.183306593219215719e+00 5.147351757173021625e+00
1.175891870647219006e+00 5.180166502610521029e+00
1.255824919213358148e+00 5.134433597376429681e+00
1.470742648491304649e+00 5.091180641947795849e+00
2.107139339756317398e+00 5.247865637181273968e+00
1.582908813636719536e+00 5.190568374793947726e+00
1.490992664048334193e+00 5.276155971737786388e+00
1.751468316518498325e+00 5.074293641386774745e+00
1.386684107984868186e+00 5.052185834311680779e+00
1.801348148792407233e+00 5.112126698502179600e+00
1.259689413565465932e+00 5.192321347017274213e+00
1.517916146384385101e+00 5.441939546321898469e+00
1.591258373167535822e+00 5.296603415832107586e+00
1.060342597586650282e+00 5.205636702618781975e+00
9.177755947544973258e-01 5.104937397830155987e+00
1.635629743108376166e+00 5.100504154841646098e+00
1.395061584277644595e+00 5.168667790751078073e+00
1.725680319457735479e+00 4.947112024138111686e+00
1.353013549153420314e+00 5.289456822960833193e+00
1.364744410973560029e+00 5.248359564056120696e+00
1.415954149894622649e+00 5.152718073438042445e+00
1.210179524002945373e+00 5.182893195999491276e+00
1.262947053083675941e+00 5.197671529473225860e+00
1.741266911018826136e+00 5.121005807715079960e+00
1.138863148828263894e+00 5.181154197422365826e+00
1.913717027538244464e+00 5.211808621811719000e+00
1.682247381564135669e+00 5.230195344518216771e+00
1.330276286146237830e+00 5.010390361148015614e+00
1.210029706756743373e+00 5.085533411154234962e+00
1.301515263018427238e+00 5.359970514492991001e+00
1.764562486058508295e+00 5.250988319661938242e+00
1.249201967387709944e+00 5.220721556777168537e+00
1.212112442194484885e+00 5.273108154064523490e+00
1.179610380336288289e+00 5.248145520106819006e+00
1.232913399637089125e+00 4.945624978873170541e+00
1.478515978247192830e+00 5.330707029225196791e+00
1.144385327651987971e+00 5.008493464077788282e+00
1.481850417724756452e+00 5.019328617565722794e+00
1.425772176776019196e+00 5.158500518219772069e+00
1.731152975754552070e+00 5.318502821545801673e+00
1.921678144813336431e+00 5.213030966949346201e+00
9.623593652803552612e-01 5.223079354428445065e+00
1.464774098815411874e+00 4.968798014424973708e+00
1.859813640376084098e+00 5.033073812674664360e+00
1.208433512758704254e+00 5.219753596575773535e+00
1.458549685541168817e+00 5.201806212848492095e+00
1.121376304278293379e+00 5.321051745723728743e+00
1.077437353540566800e+00 4.900762556041619256e+00
1.362510172692482202e+00 5.376473076789529237e+00
8.788174576124192505e-01 4.990118048955198837e+00
1.728964447015691297e+00 5.304008107509091907e+00
1.083222789624914695e+00 5.091919243488974622e+00
1.646352887184476366e+00 5.202945974495019499e+00
1.209049323340418036e+00 5.295055641161715343e+00
1.262299124316456300e+00 5.124472392237041873e+00
1.358335629920764509e+00 5.211227185584184518e+00
1.205890942560150503e+00 5.228160825305690373e+00
1.356297007834690094e+00 5.182117236968172946e+00
1.272914690810921456e+00 5.039482841835298821e+00
1.496315545152859583e+00 5.295442735792158295e+00
9.877566379206678127e-01 5.212738321732602209e+00
1.543510576833801551e+00 5.101080512509677867e+00
1.697391901797486113e+00 5.133381515566792785e+00
1.151599505410622060e+00 5.182287408805410500e+00
1.203271581527956657e+00 5.324021870574357607e+00
1.672353338381629584e+00 5.011276319261264156e+00
1.265772357877227750e+00 5.136970504463584497e+00
1.500703169677305882e+00 5.105827058352796044e+00
1.148810580414044491e+00 5.073565554368887121e+00
1.302805102004225946e+00 5.474827823396484661e+00
1.587318087739398642e+00 5.132904776118923706e+00
1.615810605948826417e+00 5.226783367950887715e+00
1.181331729982711298e+00 5.397504983111552690e+00
1.370604507686225659e+00 4.900618457299157349e+00
6.124814640355431550e-01 5.418496701769290880e+00
1.445771700111776692e+00 5.261197910499197938e+00
1.163265166135697193e+00 5.361591653008296987e+00
1.210468745271958912e+00 5.181533779882266266e+00
1.487426774236781268e+00 5.380193605446311977e+00
1.430586185280041889e+00 5.053809802114193062e+00
1.352483938633745053e+00 5.139091182538914282e+00
1.590957127369353685e+00 5.152660227077588750e+00
1.158552178916786524e+00 5.096679752460350876e+00
1.683785678986027934e+00 5.252462885608440324e+00
1.025875618859567462e+00 5.347366055602814860e+00
1.533903098117848751e+00 5.058940545397876853e+00
1.875105887148525774e+00 5.005826579381340125e+00
1.578414692333563574e+00 5.380935181655119415e+00
1.119225371019063386e+00 5.398416222717305146e+00
1.109518972620529675e+00 5.025374951636789156e+00
1.345738314055144214e+00 5.275761177003373881e+00
1.348744503307355069e+00 5.090748505874781671e+00
1.654138223804904939e+00 4.971850402800005675e+00
1.625803611011376049e+00 5.054855207911328030e+00
1.179503370637832838e+00 5.121292544606363073e+00
1.045549464313741295e+00 5.135249940129706481e+00
1.751193598782679439e+00 5.266023368570573737e+00
1.591162104522937604e+00 5.035725439121720548e+00
1.249887936771462371e+00 5.131169373020561864e+00
1.054199461848483566e+00 5.023875096145762775e+00
1.273445797981264560e+00 5.052795767263990712e+00
1.276948027208250958e+00 4.943352887977087384e+00
1.256257296051377592e+00 5.124588950635862616e+00
1.752661248255036330e+00 5.365259095106138076e+00
1.188818655118188738e+00 5.355789031130172795e+00
1.744508193201061763e+00 5.282485809401734400e+00
1.265023908496398786e+00 5.252551743493341085e+00
1.600473824391801747e+00 5.287534482391351709e+00
1.531681774665430762e+00 5.154173672320183641e+00
1.440011561642789983e+00 5.312184226696764711e+00
1.293144376168513743e+00 4.695728299232556857e+00
1.173835437341178567e+00 5.135591055643865310e+00
1.013202789907154955e+00 4.962128889967915235e+00
1.178411012269000580e+00 5.122064960009724999e+00
1.673447619207374171e+00 5.295358177869951888e+00
1.283530877236084056e+00 5.034852126501268010e+00
1.381504923707387977e+00 5.084193764088551504e+00
1.252826645063641386e+00 5.123936216534504595e+00
1.575676654709778690e+00 5.093384989455205236e+00
1.089154532249890339e+00 5.070749158502322551e+00
1.615191275582400721e+00 5.000331440582829856e+00
1.824660208507377090e+00 5.193765437439936683e+00
1.110204560003813956e+00 5.135983887162208994e+00
1.154676778152856853e+00 5.251117505180120659e+00
1.217529691114107582e+00 4.788780092181355030e+00
1.238689756830635424e+00 5.278328029123820819e+00
1.397671588791131514e+00 5.162054553039483906e+00
1.354892861430252005e+00 5.194436221483966776e+00
1.104800970453179598e+00 5.125491527595895214e+00
1.171920225321130049e+00 5.310772332202119195e+00
1.384108086115730885e+00 5.428007174074360286e+00
1.545466720236396974e+00 5.323582698150963743e+00
1.427130125281458550e+00 5.335333892578051795e+00
1.219428241316792061e+00 5.136420808045191855e+00
1.323896153442076340e+00 5.066447476555051566e+00
1.031469688391152495e+00 5.037148548979304863e+00
1.898081569632714238e+00 5.157357577242857261e+00
2.050955149342674311e+00 5.156118893136633297e+00
1.406125551758212300e+00 5.264614174653027057e+00
1.999519535844060725e+00 5.328621081276253335e+00
1.805616128385396424e+00 5.153875594849517405e+00
1.482193067766714112e+00 5.146169786194839446e+00
1.383373659389728783e+00 5.326922449680254523e+00
1.666775054267972678e+00 5.062115740508216888e+00
1.419042006994541527e+00 5.077534552887145836e+00
1.272903178317605688e+00 5.065167883761055201e+00
1.235238947483721095e+00 5.218327705814329143e+00
1.536942721961523262e+00 4.770131775460956902e+00
1.694896377737909132e+00 5.192344823322206260e+00
1.573502566285341020e+00 5.310069382554275741e+00
1.466059449372824508e+00 5.209593406105260449e+00
9.552671429138975823e-01 4.943574060058359088e+00
1.100072950650994086e+00 5.037472236453679919e+00
1.197251867291680760e+00 5.281198163231540121e+00
1.534371394923730092e+00 5.157984808673758970e+00
1.234985352868422037e+00 5.093114851892630135e+00
1.360714892987662905e+00 5.229469451492382071e+00
1.171066856298497827e+00 5.258591371919526303e+00
8.701135214423156850e-01 5.281165301076224949e+00
7.317590643511499016e-01 5.006960722690499743e+00
9.294177194114386920e-01 4.897727651204789368e+00
2.249380990753351295e+00 5.310139357914595237e+00
1.620220713248214039e+00 5.075484727078788616e+00
1.410532579992285207e+00 5.218762589607262470e+00
1.671761496123046697e+00 5.102612821662735776e+00
1.377751925090594520e+00 5.200936456536991770e+00
9.190192216389436730e-01 5.302340802275613107e+00
1.452053884241488957e+00 5.080859328039670331e+00
1.813199343752127435e+00 5.105073278136391224e+00
1.052111390168942728e+00 4.991958804533865646e+00
9.433557760759808675e-01 5.181802719340583785e+00
1.454763004478826449e+00 4.878905411197669295e+00
1.325076755679979401e+00 5.177622176328839920e+00
1.468812300351705291e+00 5.245807801583511676e+00
1.674634811773486609e+00 5.042875017248094949e+00
1.206209965114673599e+00 5.059171254417238472e+00
9.791698046082448759e-01 5.262144261247384769e+00
1.777535148362727080e+00 5.200637521178282263e+00
1.388986222370809154e+00 5.243290311599527520e+00
1.048576274488212556e+00 5.155354898906233885e+00
1.039332003911493052e+00 5.026782150147855788e+00
1.075445080976544565e+00 5.149810324267658501e+00
1.771932455977035747e+00 4.842262262075664125e+00
1.372394131031095643e+00 5.389840425320422845e+00
1.625486294730065673e+00 5.062782214363347855e+00
1.396232354420396948e+00 5.128492142890326733e+00
1.381146173198505522e+00 5.107610904124945783e+00
1.345968724751501977e+00 5.524912657049549480e+00
1.651809612971890662e+00 4.958690363831877335e+00
1.602886095786652199e+00 5.132712441918664936e+00
1.936115023612634101e+00 4.897294593438771493e+00
1.325915984040474394e+00 5.277051250071692401e+00
1.408071903848203021e+00 5.082937092955756242e+00
1.152401164309603487e+00 4.995477281283506876e+00
1.608939874619560895e+00 5.238595467920734272e+00
1.265863380719162601e+00 5.209086305817034912e+00
1.464938761182529303e+00 4.834531750863568789e+00
1.169715770677057343e+00 5.255741452289700355e+00
1.144432987449834904e+00 5.083652752431873090e+00
1.371640190819659377e+00 5.034186235959092315e+00
1.320138604340451938e+00 5.209580549996847054e+00
1.213391365654922893e+00 5.008468064650028140e+00
1.752280955098426629e+00 5.218240036019921035e+00
1.144385327651987971e+00 5.008493464077788282e+00
1.278721383282045876e+00 5.075144354264511826e+00
1.492394148477350191e+00 5.076585788471930094e+00
1.219290601864970514e+00 5.175444672746867703e+00
2.196981987564239791e+00 5.050160766860735784e+00
1.464938761182529303e+00 4.834531750863568789e+00
1.262276387515229636e+00 4.979388290221894664e+00
1.544523494351923931e+00 4.782774958679687494e+00
1.457219445139337655e+00 5.219558227027467190e+00
1.395997231194856747e+00 5.038779330293188252e+00
1.291541025413552202e+00 5.247015488874102296e+00
1.828165623459235389e+00 5.126141494729664849e+00
1.130628433840172864e+00 5.296331752193592202e+00
1.335118716315465637e+00 5.203147135422464764e+00
1.324398743649761290e+00 5.050233607738256580e+00
1.758114501678387231e+00 4.898755823022548306e+00
1.317541299209355588e+00 5.145066618698860950e+00
1.027979417550439534e+00 5.268857491280181549e+00
1.643763406473526256e+00 5.182934165016598094e+00
1.322383592627712545e+00 5.300916656364615953e+00
9.448623446032456963e-01 5.174046126551333558e+00
1.140677332882346073e+00 5.309125121991442597e+00
1.610593824149312958e+00 5.267741789917855577e+00
1.085545368255953713e+00 5.192401181984241276e+00
1.035500649270762130e+00 5.096250425951061480e+00
1.421769885760554519e+00 5.286490450827264986e+00
1.561146998051685664e+00 5.250207994957095003e+00
1.614994704538675663e+00 5.074464515449753854e+00
1.177080332621726733e+00 5.112637772182609730e+00
1.312000013871565729e+00 5.179543806882987766e+00
1.683006697491994386e+00 5.171707346431212216e+00
1.288978397010243970e+00 5.354758891128288845e+00
1.526367345859733327e+00 5.168260566521977850e+00
1.552298830614974534e+00 5.296293275590159944e+00
9.836267541500522960e-01 5.173230308810466305e+00
1.279505940583626433e+00 5.233135944765193948e+00
1.377926856711091830e+00 5.176246210184516805e+00
1.367397588639603478e+00 5.225945195452027292e+00
2.115930131094790223e+00 4.952009643613642709e+00
1.417733167388717241e+00 5.208158847797228930e+00
1.386390254447645853e+00 5.033382061983999733e+00
9.960291620927849143e-01 5.218690612582744137e+00
1.173794543991358186e+00 4.942354772753888348e+00
2.180792059309235587e+00 5.184552934839893545e+00
1.436418785901742767e+00 5.203008894370392490e+00
1.744403756096355229e+00 5.090382280132688564e+00
1.269316656097210894e+00 4.900800616307140700e+00
1.371092350089902823e+00 5.106443062909010955e+00
1.545484968121371150e+00 5.054999978614709732e+00
1.246287608681538650e+00 5.059039845067425212e+00
1.621941966828415183e+00 5.318748415218156111e+00
1.204744029264545491e+00 4.961287154137044908e+00
1.314863334410597551e+00 5.144885053122608021e+00
1.164944490772231500e+00 5.274864633107264389e+00
1.024856850015783749e+00 5.230753722810344897e+00
1.022333903405985067e+00 5.036329477717812253e+00
1.195070900132896519e+00 5.181747951468829605e+00
9.953065491168989753e-01 5.097515213481555563e+00
9.223447869295356982e-01 5.094129257576490488e+00
1.314027963871149396e+00 5.046896277050112900e+00
1.410639123086458557e+00 4.917617536529301780e+00
1.401487826627721311e+00 5.135456142300214744e+00
1.551914781180564251e+00 5.205809986344337226e+00
1.340840138148848615e+00 4.868043097010192000e+00
1.131881278874446117e+00 5.074967236057561948e+00
1.553463712564232102e+00 4.917002262796340339e+00
1.272023707429888795e+00 5.441827437378510268e+00
1.448602808654213314e+00 5.212730064650072492e+00
1.509754608745882631e+00 5.738569650060210137e+00
1.966515929222951486e+00 5.075145733058227471e+00
1.165021816588853287e+00 4.944749416923512442e+00
1.307720671827642622e+00 5.154938299431125692e+00
