# 500 (alpha,mu) samples from hierarchical MCMC for Sertindole + Kv4.3
1.446147321861396273e+00 5.265392337054122684e+00
1.618554117286563399e+00 5.910822216165645404e-01
1.338019401304729961e+00 3.895996934758534813e+00
1.418450183154764677e+00 4.545761522117050646e+00
2.523294126502238388e+00 1.274605830530164186e+00
1.608669522332081492e+00 1.915424192627364519e+00
1.662108841828001893e+00 3.676901105909943901e+00
1.679341618527141478e+00 2.386133994126923508e+00
1.386572283359346347e+00 5.825585608631853596e+00
1.538793098265229364e+00 3.844317604033711255e+00
9.022640099493588473e-01 3.109356133758478080e+00
1.023651640407076124e+00 1.094630512832774460e+00
1.602672860322027271e+00 5.391630140728021381e+00
2.033168148862840585e+00 3.538991483873067168e+00
1.915805328199259083e+00 3.073286572745758782e+00
9.914434193401731044e-01 3.667887291618750822e+00
1.205052369421718783e+00 3.757616123132879959e+00
2.007064046730201223e+00 5.895923022172524952e+00
2.037392394373118254e+00 3.792943565363443348e+00
9.850602954037456227e-01 2.824560676610274879e+00
2.243957277992443711e+00 2.611303046326639787e+00
1.143751294568351895e+00 5.124922490137906905e+00
1.624090065410448425e+00 3.213801313598606768e+00
1.464414812079560146e+00 2.993792418538183675e+00
6.889081069047015005e-01 2.300015484558996182e+00
1.530147415461603932e+00 -1.657769773180826967e+00
2.771127044484029689e+00 5.375926591480753025e+00
2.499831254785424672e+00 5.513098160475125908e+00
1.428415077293874180e+00 -9.514838934768146128e-01
1.221358790019590801e+00 5.329381670576459840e+00
9.454897025273366618e-01 4.261784779959251424e+00
1.877111431025253463e+00 1.740620737426894493e-01
6.497100288549024771e-01 2.589366246861495302e+00
4.744736982741257769e-01 3.550385501505640029e+00
2.032251093527061236e+00 6.074578290504978106e+00
1.643163802488601721e+00 4.312331818837480846e+00
2.603769333030821365e+00 5.889159888776288376e+00
6.292959879037364201e-01 3.873551680783010820e+00
1.791395877404199588e+00 2.100696168733234170e+00
1.136128612302463203e+00 2.703345085938032355e+00
7.997762800071588352e-01 4.179220032394682427e+00
1.248579989800484569e+00 3.216971837765587150e+00
1.723325502057530434e+00 5.496677169243847416e+00
2.075772000403932172e+00 6.052467370681358538e+00
1.743585440988540736e+00 1.531928420194582863e+00
1.232498679153284371e+00 4.208206066787351318e+00
8.309588234511102733e-01 4.574021040360238821e+00
3.301831712574602395e+00 4.109920600248882394e+00
1.161623905400916978e+00 2.718351525648875722e+00
1.852857095044715630e+00 5.597212522992655259e+00
9.127348818560407917e-01 2.045200539823564867e+00
1.363843419887482034e+00 2.336564787203344373e+00
2.058083299223312679e+00 4.311364959569034205e+00
3.000987545723466265e+00 4.971229482459087912e+00
7.955823224493183687e-01 3.520061685206394397e+00
1.808882310639964963e+00 4.085304974595792338e+00
1.947693278544811113e+00 4.017802209373930289e+00
2.334758720979904556e+00 1.879204909581150051e+00
8.615771500659661353e-01 4.611048858687382790e+00
2.115484989144671868e+00 6.051653076043624679e+00
1.318695633987986060e+00 3.871024574755159708e+00
1.237523189849248251e+00 1.897194896120880381e-01
1.723370241180769424e+00 5.419187222751584265e+00
2.957567759161872534e+00 5.133482742333205451e+00
7.596162811865172504e-01 2.320972830545691146e+00
2.248990252674588408e+00 1.021632137348222003e+00
3.138190396772878810e+00 5.177812219062215782e+00
6.216356997622873859e-01 4.289307306074772619e+00
2.006380823020760040e+00 5.206074229048972768e+00
8.612190812549437302e-01 3.515287506944045681e+00
6.019951161045073995e-01 1.542552738314446170e+00
3.261726724987497938e+00 4.775379323647995555e+00
1.451760222560811053e+00 4.429145709434561873e+00
1.068089998196335433e+00 3.880048323221857220e+00
1.430053631939347980e+00 4.596567992641483080e+00
1.731342791869941333e+00 3.600167732454894853e+00
1.856418429376851975e+00 4.917413461460306223e+00
9.775852113397102139e-01 5.571964075138295946e-01
1.354699072435094021e+00 1.377905270260479265e+00
1.375505250116400235e+00 5.237036028683656141e+00
2.764877938488897069e+00 2.373554035304779042e+00
1.457159811395119409e+00 3.079049923282138224e+00
1.313574756128630172e+00 2.955150261029080738e+00
2.066385224025807599e+00 2.804884193868499853e+00
1.461732286176903317e+00 4.684528060791929960e+00
1.245941375863843792e+00 3.074259587288766138e+00
1.273112956691802022e+00 5.558006358489868681e+00
3.978299624716119531e-01 4.389347691279184005e+00
1.697254580945779523e+00 4.813449155013709735e+00
1.496790837393421780e+00 1.267947486434947812e+00
2.671607717254562697e+00 5.044512324878716925e+00
1.856334773210305711e+00 6.205685701825252920e+00
1.210357036658202823e+00 3.031189594019343403e+00
1.316569240016089770e+00 9.568308811268220193e-01
1.264395440167914497e+00 4.478615473603207775e+00
2.226903632895352647e+00 4.426217372578082454e+00
1.798263411087043462e+00 5.405803367913017965e+00
1.956041109644656828e+00 6.283471231560067594e+00
1.207349540550201938e+00 2.033816189173568656e+00
1.609157530450348705e+00 5.654328501768241644e+00
1.220027666636315899e+00 2.561752674037273803e+00
8.993108227162505131e-01 -8.788232187835360865e-01
1.828032418776796675e+00 4.471199501225392225e+00
3.958518965515431809e+00 3.110676350306413429e+00
1.774592115574167295e+00 5.623254886256582097e+00
2.238421058334144398e+00 1.216692833875272051e+00
1.003078367249767400e+00 4.666463395452366214e+00
1.417226726532797798e+00 2.660370710725592502e+00
2.279916648417307012e+00 5.655198262699406619e+00
2.908898774399537146e+00 6.237397605586471272e+00
9.302630576940101870e-01 1.454156443892574924e+00
1.598362669824972659e+00 2.610075978576319677e+00
1.087559989060387311e+00 2.929911628792444933e+00
1.734503884085813352e+00 5.224854017469717782e+00
2.396513677288970356e+00 3.612339034771187229e+00
1.185991313061974806e+00 2.099602284396693719e+00
1.730137250805401594e+00 4.744355315345712754e+00
1.531337557196148502e+00 3.906817100188356484e+00
1.060032638399822424e+00 5.101390010688030330e+00
2.995234569313708128e+00 5.619901199338707798e+00
1.064498754546900461e+00 5.308495262070275444e+00
1.732208424116419954e+00 4.604911081024283703e+00
2.098045344573921778e+00 2.398602269545747401e+00
1.804630434286003560e+00 3.746360916806491304e+00
6.202942969736069401e-01 4.336740661490754434e+00
1.509764591822019275e+00 2.052342280676494823e+00
8.404258706242208055e-01 3.884790193304417549e+00
2.114451471881910294e+00 -3.754114825932486355e-01
2.250083986718306228e+00 3.612566360945738797e+00
7.627608266011762783e-01 1.926618496672469316e+00
1.695320073163082641e+00 4.303452553153502613e+00
1.256690111520963882e+00 5.581095632692840702e+00
1.312415190810791499e+00 1.138712650384453573e+00
8.613127636420412347e-01 4.191138097851603739e+00
1.048246897779650633e+00 4.173727640052652177e+00
1.742894715911790904e+00 3.568995297338581896e+00
2.058150663892431176e+00 2.525480709475960150e+00
1.021525934581686945e+00 5.318530632034086381e+00
1.927801933629381237e+00 2.187138992419902728e+00
8.728622384970701198e-01 4.337199716953874962e+00
8.955053555686202094e-01 3.875678689977443803e+00
1.987636654080417342e+00 6.150501362415894846e+00
1.457766768080174247e+00 3.684731797311802559e+00
6.464874152200930091e-01 1.470929229899744728e+00
2.280312215827819955e+00 1.076601574111884396e+00
1.889293910672574350e+00 4.805485950283503449e+00
2.047675227018585176e+00 5.244390820506020567e+00
2.180451916690838488e+00 3.194552852421936429e+00
2.009297517354287965e+00 4.188779031422431132e+00
5.939432940957740659e-01 1.775990881077906813e+00
7.072952832387625621e-01 4.878985505428039104e+00
1.453031709365382840e+00 2.267421545704845887e+00
1.880189913381276057e+00 2.545146299859123218e+00
2.269241488774564441e+00 5.100308701917148468e+00
1.880400627774697409e+00 4.347408565284322179e+00
1.315177387227013606e+00 1.295938418674001280e+00
9.246606246624009540e-01 3.370358019170736963e+00
9.415105569181307921e-01 4.736330339826593239e+00
1.405098307738628094e+00 2.581630114747066163e+00
1.250002808500017215e+00 4.001727454175170173e+00
2.015267767888818895e+00 1.131827283243161730e+00
1.569942580700885326e+00 3.114699926961442156e+00
1.412545461466228502e+00 1.891651607611876784e+00
2.119306943726118053e+00 5.509746865430171781e+00
9.696895594371627292e-01 4.956303912323665628e+00
1.447134559026796330e+00 4.430896338945558455e+00
1.640506462151221756e+00 2.491793390191978652e+00
9.070780975014682834e-01 4.575468270739725618e+00
1.614818671611988332e+00 4.421159750153457857e+00
1.436223068581524931e+00 3.693644626978445977e+00
2.396445553261335792e+00 3.998127672053123582e+00
2.165585408626087727e+00 5.983342147952198431e+00
1.328138761072533258e+00 1.961735424047055698e+00
2.258754116228696596e+00 2.318722540822790723e+00
2.609606555165519648e+00 4.520806333648046405e+00
1.166872029687378465e+00 2.938517490788823849e+00
1.911953828156314872e+00 5.877409019589513228e+00
1.003377456718691496e+00 2.083409599037300275e+00
2.658791548101935742e+00 5.153547554219681359e+00
2.416055242999847863e+00 2.912354515121079457e-02
2.773441253707072285e+00 4.200782002878431065e+00
1.819162553647382552e+00 -1.187280391149807102e+00
1.587519555228400048e+00 2.506173645454805143e+00
1.422877253527449870e+00 3.113077034908261709e+00
1.265367981882765225e+00 5.157132285732505927e+00
1.634680404294285072e+00 5.426171043290998419e+00
1.561784028254823653e+00 3.008777328782965998e+00
1.384458948722060656e+00 3.017429575115727847e+00
6.710347532378242441e-01 1.746753781622338852e+00
1.477739217135963123e+00 2.531909759179564290e+00
7.827103840196406592e-01 4.891543989155787919e+00
1.910782016312470244e+00 2.174011771991718689e+00
1.142113238511634599e+00 3.307610197101485294e+00
1.251131684462244653e+00 -1.204728787317322691e+00
8.827357166290088486e-01 5.455377033916181340e+00
1.214107798372951352e+00 5.200489276041171394e+00
1.032133575591745345e+00 2.527025426841121192e+00
2.709240235980911571e+00 5.309062603423977400e+00
1.305983695814183276e+00 1.701043912910047196e+00
9.592160273312435592e-01 4.257627928195615752e+00
2.104474798215748788e+00 2.383955316355096610e+00
1.091082387889066529e+00 2.384169118392976738e+00
2.439398766479650593e+00 4.184940974064745411e+00
1.269656133651444252e+00 3.916039910790422574e-01
1.309712469446321803e+00 3.023662471359760850e+00
1.794026016121204936e+00 5.894028609127294871e+00
1.196307268513218780e+00 5.395953329349765681e+00
2.517827613054879343e+00 1.736745427182704304e+00
2.026451545769951679e+00 3.571028675281269660e+00
1.798780623758829078e+00 3.604779090966407473e+00
1.482466840580023648e+00 4.212143943887629582e+00
1.616979211931958371e+00 2.316914323360051320e+00
7.204869434537110040e-01 7.852317983184702310e-01
2.056949875622827939e+00 4.531202869970243796e+00
2.112907039413803645e+00 2.975223989699498084e+00
2.599259982653504331e+00 3.182993466316515807e+00
1.329547095764986198e+00 5.041505956608915540e+00
1.815985208756486280e+00 4.718656356680205555e+00
1.666998878306577669e+00 -4.873777776349729196e-01
1.581067139665181864e+00 4.767221511374159171e+00
6.013437825342056176e-01 2.724949124014868218e+00
7.358545367487905331e-01 2.852752336904084807e+00
1.177164484169895609e+00 5.044245769880583374e+00
1.519039483132155421e+00 3.464801572937755036e+00
2.697671182134712797e+00 5.089883960585275702e+00
1.755311662620593349e+00 3.237725671772116343e+00
2.812914698936580749e+00 -5.400592673894351048e-01
2.032224108147803854e+00 2.946909747904367549e+00
2.122985633877107592e+00 3.953122434789496431e+00
5.318369488340326523e-01 8.564676456594206844e-01
1.664683251902053795e+00 3.955780921525856808e+00
1.789881883182513622e+00 1.530517079434230210e+00
3.902550015635775083e+00 3.672781079411787886e+00
9.380194949203889410e-01 1.932912962338247276e+00
1.639239503954910582e+00 4.265700230473692400e+00
2.044015400548663930e+00 3.924709699868332180e+00
1.292691395520559228e+00 1.721946292261626876e+00
1.587519555228400048e+00 2.506173645454805143e+00
7.956479368218039028e-01 4.443311806234572892e+00
9.054097699948424616e-01 4.968056322739454522e+00
2.959846700277102283e+00 4.681386782697684268e+00
9.785615263615596859e-01 1.017971675186669644e+00
1.175737656279121524e+00 2.636686754441947222e+00
8.573888780999574522e-01 3.250558509799927442e+00
2.272276958058059293e+00 5.028296609972016107e+00
2.435868109307011586e+00 5.711833705109743420e+00
1.092861192783292745e+00 5.169670486263153286e+00
1.940007365789731875e+00 1.660557772931504861e+00
1.631802526577324830e+00 2.423123600217696350e+00
2.027590076446829315e+00 3.120249778379675210e+00
1.530566497636351997e+00 3.250760967511844513e+00
2.095424841717161701e+00 3.137239924916065181e+00
2.883565574174821400e+00 5.609409416136789339e+00
2.172534822792162146e+00 3.578572952631544624e+00
2.220703110211705411e+00 3.970273360840424370e+00
1.552596978679473994e+00 2.303242907423517671e+00
8.523937594306785215e-01 5.198243570174951422e+00
3.367381581926328415e+00 2.076442061229504255e+00
2.382715975667255570e+00 4.241587828231218715e+00
7.695073111601188343e-01 1.185944306259103520e+00
1.075217242240129600e+00 3.095273399619527410e+00
1.587894707701793084e+00 2.766297960468602657e+00
1.489402681922846305e+00 4.773806497489978540e+00
1.464988252500647237e+00 3.889567274389948981e+00
1.455503141920618138e+00 5.376435643773215034e+00
1.532757147422276978e+00 3.223264227577900431e+00
1.185258543216292981e+00 2.865675830555295622e+00
1.211579057868452880e+00 4.055993451895273161e+00
1.620109776002897961e+00 2.634028990245305568e+00
2.771279406658059941e+00 1.148862776436336830e+00
1.285386377565282512e+00 3.645165996410134390e+00
1.292195965691279147e+00 5.028227912434208413e+00
1.791951532622825027e+00 1.645026757316221833e+00
1.664321027311831847e+00 5.310284862481478463e+00
1.389126851883830893e+00 3.432693850748045339e+00
9.545615376192591039e-01 3.380701831304872229e+00
1.022481964182818448e+00 4.022152880833755439e+00
2.232829531139751023e+00 5.801282095863630417e+00
2.052639097341294239e+00 3.477931322268801750e+00
2.265943037799624804e+00 2.995718194503796283e+00
2.888272118684029888e+00 3.944190308191880767e+00
1.784226535447968498e+00 -4.208157563707741744e-01
1.442111176953513985e+00 2.416753405425062340e+00
1.997374680047575568e+00 6.170835001540821985e+00
1.135690796212810216e+00 2.730358352837270797e+00
1.634016663091714783e+00 4.882536751527086771e+00
1.338437966972652049e+00 2.368906825312069309e+00
3.271289816778220061e+00 1.435807659929093372e-01
1.536904002094006794e+00 1.393795129268493138e+00
2.359817565832626141e+00 4.083726270350219956e+00
2.016497129286041190e+00 5.137432270056242700e+00
1.293247375374862118e+00 3.155832022350665511e+00
1.625081616368492687e+00 5.858114243882322825e+00
1.293679514603690794e+00 3.433193786527128477e+00
1.382286930433700878e+00 5.313921843786221011e+00
1.564347632675756827e+00 5.015081421854132415e+00
1.585928612709637475e+00 5.393800058286456256e+00
2.433041668263882240e+00 2.872159947257659773e+00
1.793065153881586049e+00 5.518046607650658686e+00
1.198176433683760589e+00 4.327314675071803229e+00
1.862604103899110131e+00 2.245211543184436387e+00
2.248684987138718228e+00 2.655309499874181522e+00
2.179743283935625442e+00 5.820998144734419455e+00
1.664693746391800344e+00 5.853429326669497001e+00
1.597010641416109156e+00 3.497296101644714383e+00
1.608234262783712509e+00 3.964982810352153386e+00
5.952770314754054493e-01 3.066374168872209260e+00
1.805564128234370624e+00 1.836871415545588970e+00
1.470857220400656917e+00 4.381636726696964246e+00
1.480260374173465010e+00 5.615362412476149423e+00
2.473203435887919799e+00 6.134712217189172812e+00
2.570292255465690179e+00 4.571544328638617927e+00
7.042276976633137231e-01 3.678135141779746320e+00
1.584188526656702622e+00 -8.646749566946712040e-01
1.464463208389063409e+00 1.408129169050907903e+00
1.508820051276037466e+00 5.387533204204969728e+00
1.075819142657882477e+00 4.518950271395003604e+00
2.204043657706507897e+00 6.088043890960473270e+00
8.114667203007805973e-01 5.009206465635215544e+00
2.371901652936565963e+00 2.175889755372075740e+00
1.852261895702488115e+00 1.406270784627568604e+00
1.683921816195934174e+00 2.566077514461988063e+00
1.820659606802300434e+00 5.961510290267783674e+00
1.433052540951292642e+00 3.044975613521447855e+00
3.720213945721016824e+00 4.476331394802193664e+00
9.022640099493588473e-01 3.109356133758478080e+00
9.155573582471554506e-01 1.882368259395913457e+00
1.996863266787094027e+00 4.745651400745306780e+00
1.305359633701820066e+00 3.844993663751960611e+00
1.658995441130915127e+00 4.495255177026178828e+00
8.297062915657161808e-01 3.388091510027003039e+00
1.948053601448213934e+00 4.577872718782514561e+00
1.004959050926569342e+00 1.797011680332919692e+00
1.298974320282125117e+00 -1.952586375450215961e-02
9.997757288410498155e-01 3.109119978491055925e+00
1.773385694335094964e+00 1.016005742038128767e+00
2.626404634166906948e+00 2.762206959136674023e+00
1.702962313299773323e+00 3.706109292518894094e+00
2.276038463328309280e+00 5.144655049334214247e+00
8.857250576802369046e-01 2.710181941647654913e+00
1.127601266062818741e+00 1.801493734050070517e+00
6.911393547029659468e-01 1.854768974702242446e+00
9.849852601866899704e-01 4.230359859156170188e+00
1.718103804226795095e+00 4.520427625357935852e+00
6.773444334366334196e-01 4.033054282210385644e+00
2.287826046933441493e+00 5.552234941460692852e+00
1.365232600261300888e+00 8.782585014045307670e-01
1.513167446120963211e+00 1.977768724907385423e+00
2.490840629610164836e+00 6.111465688806624996e+00
1.482220854417147571e+00 2.928689486325719127e+00
1.087283198657219785e+00 2.595646253799295700e+00
1.666284943228097504e+00 3.899461382777193119e+00
1.894537028722888428e+00 5.002028760814638098e+00
1.157149613274661926e+00 3.670554750337174710e+00
1.173795418423792425e+00 3.919263340861092182e+00
2.090204064610188261e+00 4.567416879566690291e+00
1.792105444883387078e+00 2.835464937055734769e+00
1.806076877915549828e+00 4.558571203270769701e+00
8.346032653879286167e-01 7.703826746939171910e-01
1.380763106285489705e+00 5.453786689969563284e+00
1.001793409876031493e+00 4.044768486940074403e+00
1.486022076291062088e+00 3.137898809523518295e+00
1.313914210416291084e+00 5.266526612225748138e-01
1.655747478004040207e+00 4.420863434155799077e+00
1.826092905261216481e+00 2.533124389027725520e+00
1.787613054020531944e+00 5.923724338504587905e+00
7.208735230800525917e-01 1.765980985229420153e+00
2.685362711276954695e+00 5.469706069663128112e+00
9.956543723053126183e-01 5.322162909805115305e+00
6.938517468103702068e-01 4.592376657324421352e+00
8.444427995053915836e-01 4.256482116149898687e+00
1.824494856370189488e+00 3.776618585724452082e+00
1.081460117806402499e+00 2.563101984416817025e+00
1.655419382174131648e+00 4.711588366104792591e+00
1.872947112911461653e+00 -8.626105702273142994e-02
2.097412177264692534e+00 5.192987837428987064e+00
1.056297161716974742e+00 4.966112674390200432e+00
1.474518690423876954e+00 3.368978488018295359e+00
1.116328196616957591e+00 7.402581404073371729e-01
1.519532993836915535e+00 7.395306911185183241e-01
1.860347971584407567e+00 3.572949062970496747e+00
1.975737406194921775e+00 5.238204737242871722e+00
1.427280756831693198e+00 1.402119159559259032e+00
2.055144583079765663e+00 5.601983587419462118e+00
2.322646374276422510e+00 5.214974325942215216e+00
1.067642948191074082e+00 4.989102578330027349e+00
2.794958016436971615e+00 3.779835749139922374e+00
3.859556831288007750e+00 3.298161849818454172e+00
2.609681674611572078e+00 2.578373668191725088e+00
8.490121406617004984e-01 5.127227780211510932e+00
1.099564984537669599e+00 2.547133525991610359e+00
8.497637812484339914e-01 3.497879096782775754e+00
2.177874820076370899e+00 4.609428808354261164e+00
1.646018643093863032e+00 2.940355435900617209e+00
1.349682098873160596e+00 5.401070708407496035e+00
9.946136109000286440e-01 4.938703780418880029e+00
8.175959193489086285e-01 3.603829585096027799e+00
9.632207503204950338e-01 -8.374105645695752997e-01
1.056297161716974742e+00 4.966112674390200432e+00
2.418132927412499189e+00 4.773347074335227980e+00
1.628964256409072719e+00 5.316090454120381281e+00
1.985540784738357711e+00 6.213339853303883054e+00
5.425114634559440319e-01 3.791645811019082490e+00
6.768403748737048531e-01 4.636820102821843648e+00
2.544778746012514414e+00 3.602449215884869549e+00
1.926220036600163832e+00 6.052617918794535257e+00
1.122430501534076086e+00 4.535302822932358424e+00
1.137953718011783799e+00 2.806334413546625939e+00
9.581216207762041082e-01 1.511831354893343304e+00
1.990713204295570415e+00 3.164360269270939163e+00
2.008162673733242087e+00 1.924226482132494809e+00
7.587066939626794237e-01 1.150700096774108339e+00
9.829404537375794337e-01 6.952466297835977471e-01
2.221978349781337680e+00 6.233255750848244681e+00
2.471617300003573270e+00 1.260566944982763227e+00
7.747163137444113001e-01 2.136799546581973352e+00
7.459270304840670551e-01 2.143286740253720346e+00
2.545274341911923255e+00 6.211247996694716278e+00
1.300845413413822316e+00 3.485808899924830673e+00
1.264858387486688329e+00 3.225427365152442771e+00
1.035246031925020294e+00 1.679186212260189492e+00
2.105692617891581797e+00 3.026389679312280201e+00
1.437721859106185329e+00 2.137449947775587056e-01
2.081074271936341535e+00 5.424257836459086768e+00
5.387805647904152506e-01 9.280923881455245272e-01
2.553485635381316232e+00 4.938449082121500133e+00
2.682834237352312634e+00 4.227139010837482225e+00
2.046595738159350919e+00 2.657406754748683042e+00
5.983060852052457523e-01 3.428509655360572062e+00
1.926436725009041506e+00 6.294151482857243352e+00
1.829180900717947367e+00 5.629930655202163514e+00
2.587037726542508409e+00 4.792466132300467585e+00
1.633329470900892311e+00 4.627158838994803958e+00
9.500353853493659351e-01 3.589497904280586127e+00
8.238356776963700057e-01 5.609938460060044818e+00
6.724545760955547014e-01 4.462422639753759412e+00
8.561264161778250337e-01 2.713949057278848276e+00
8.490121406617004984e-01 5.127227780211510932e+00
1.036830802779245886e+00 3.538864884537642919e+00
1.411229636073570770e+00 4.609042078562949563e+00
1.093570900210488528e+00 3.165077773892906343e+00
1.138785116651868989e+00 3.524068168399411061e+00
1.218305434090078521e+00 2.641967386903402826e+00
1.856669765976732389e+00 2.909958418210021769e+00
1.015565530829511065e+00 3.773343427212099588e+00
4.864209020430187991e-01 4.344166072617934304e+00
1.296466990694335797e+00 1.929805982798188158e+00
1.751864763297167560e+00 2.503903491696355843e+00
1.511757979174163768e+00 5.281254669621679554e+00
1.811634127425900243e+00 6.503666869679261886e+00
9.878156772132558050e-01 2.704576228601435428e+00
9.160118090324407270e-01 2.394921080757673515e+00
1.034962959438609609e+00 4.482345886594089279e+00
1.744676211615744155e+00 7.338424323346302014e-01
2.719178370502370878e+00 2.924020828343873557e+00
1.593333765053199125e+00 3.644894423930038041e+00
1.445066422811216222e+00 4.625105555599142271e+00
8.699203134117032832e-01 2.298370566141777704e+00
1.007903748791141973e+00 3.755721746598010835e+00
1.011093481859935084e+00 5.005583990427163066e+00
2.231238886800243737e+00 3.325714546692030371e+00
1.535911120439868771e+00 4.194419877889148829e+00
1.724557236202192367e+00 5.012500556748148206e+00
1.374308542629784968e+00 1.234419273547470164e+00
9.602604887790849864e-01 4.377955980695075411e+00
1.860751383966920747e+00 2.837020651270492078e+00
1.173472467498810179e+00 8.239610135616658448e-01
1.998902745906803613e+00 4.647931787042811180e+00
2.172865003367312475e+00 5.729240705018249002e+00
9.007058513104675423e-01 3.718902431747670434e+00
2.487519243573573569e+00 3.050998624477369692e+00
1.007056965952428662e+00 2.451794391237421156e+00
9.216901837050814894e-01 2.217403875878176223e+00
1.575124020545433101e+00 4.769886561604644193e+00
1.506511088021846856e+00 5.533952768977823844e+00
2.117532180638890704e+00 4.749207235109405012e+00
2.048660111723966892e+00 3.073689879420350657e+00
3.301367179592654466e+00 2.205553815611470014e+00
1.885786584816771860e+00 2.009615373264189486e+00
1.763186134377588976e+00 5.611068283377568910e+00
8.024248726879733562e-01 3.026326651639404730e+00
2.123586462673170860e+00 5.457830429520319271e+00
2.978005690811252215e+00 4.997611349604907716e+00
2.217941634799515782e+00 3.337473799729146151e+00
1.983942216641743084e+00 2.725253154627131469e+00
1.537436948899656874e+00 3.474318962900617258e+00
1.059191677934822495e+00 2.964441968467092181e+00
1.689797170749186339e+00 4.843373403373790076e+00
2.211883474518089532e+00 3.695854131121391273e+00
2.317733975460522622e+00 1.163661807135275783e+00
2.099277446079537590e+00 4.962440957034507605e+00
9.649383704158680519e-01 3.465406331276121854e+00
3.581876544663026962e+00 1.628843180345072028e+00
1.120172646298039476e+00 4.558581292251091988e+00
1.365471070611367743e+00 1.125198142410915425e+00
6.098417185120784678e-01 3.714036420629822643e+00
1.557731463357212354e+00 3.193039713268925883e+00
8.916074525016608465e-01 3.116600448997791428e+00
1.493490504615205161e+00 5.126892636829087913e+00
1.204835309919237263e+00 3.219932851164786669e+00
