# Hierarchical MCMC downsampled to get 500 samples
# alpha, beta, mu, s
6.329028577654367549e-01 5.650306714368769079e+00 -1.420287196733025059e+00 1.023731730223894909e-01
1.394689893775275413e+00 6.392529260892676035e+00 5.034252428014585057e-01 4.015547622146037887e-01
1.950526736692580254e+00 4.561015197719448189e+00 2.853223762213575654e+00 1.797323582385067509e-01
1.248428207708301096e+00 5.748919666783499416e+00 -1.051055751894437673e+00 1.113046900593860078e-01
1.629759473504249101e+00 3.739683457823992363e+00 3.744374978434770185e+00 1.728790891655435091e-01
2.021296213232561367e+00 4.192620084708692296e+00 2.939051262555636868e+00 1.340379541024888377e-01
2.415687154036183948e+00 3.300873948968209515e+00 -1.247255043077961645e+00 1.594480659450294158e-01
1.468334013829862172e+00 4.133909090209496817e+00 -1.801229273591407054e+00 1.816850412044163088e-01
2.544400358452939326e+00 4.266364226038449559e+00 2.627345027609661710e+00 9.857550976544132704e-02
1.278782845083920039e+00 4.189792289667602532e+00 2.083113232545132032e+00 1.150142178796488002e-01
9.451124494802358722e-01 5.291341909438121327e+00 -1.067146738720657018e+00 1.806043387655241750e-01
1.604474201617343443e+00 4.340396116098903967e+00 2.512860776295827936e+00 1.686758794311201959e-01
1.132049639469807634e+00 6.721811602146427589e+00 2.000595186527019287e+00 1.816904677472990226e-01
1.044458802242202111e+00 2.987947137174188139e+00 -1.746860578617985604e+00 4.366768678467924936e-02
1.918929645445110577e+00 9.410125145810464886e+00 -1.490681389579364691e+00 2.836159045428051639e-01
2.500725159020555477e+00 7.454350220430503882e+00 3.253816485968420658e+00 6.650044118389430992e-02
2.384041608126928224e+00 9.260867307456731368e+00 5.114669124136020928e-01 2.507227012573518543e-01
3.026722936977619405e+00 4.066075406083264454e+00 -4.507809479620411008e-01 6.591018980381599390e-02
1.929452387524137391e+00 5.597447953773887264e+00 2.274376530050465028e+00 2.909547759778600140e-01
2.377650438125454624e+00 5.704661726608586392e+00 2.593742078113233873e+00 3.744552863255991015e-01
1.420998578990337435e+00 6.304548391920238970e+00 -8.884151767033326985e-01 4.705684956845650191e-02
1.232894674461820772e+00 5.627964953390501179e+00 3.034907494370286507e+00 8.028646080547810482e-02
1.126078995625944712e+00 4.999181945120511728e+00 -1.225048496313567936e+00 1.056257048214937766e-01
2.979457898370155178e+00 7.379931138940844626e+00 3.897415469575569169e+00 9.381260707918497033e-02
2.945733860591558173e+00 5.939132944491408495e+00 -6.062603464353792937e-01 6.325920562989045814e-02
1.257583373987399833e+00 2.462197711359249919e+00 -2.090907882606841683e-01 7.667101117058659765e-02
1.042988242923750253e+00 5.271681057473103671e+00 5.051743603612521838e-01 2.163819325601636923e-01
1.894143044370984574e+00 1.352183694665050062e+01 -1.310815168422668986e+00 1.486387522674325057e-01
2.082539376716479484e+00 5.934258583038007018e+00 2.167353082483082449e+00 2.137239349525266452e-01
2.108376596358739974e+00 5.320718132826160129e+00 1.441087639979480306e+00 1.441589006576527998e-01
2.311728256314250718e+00 2.695099491806884018e+00 2.961475926184863994e+00 3.141352270958827630e-02
1.420286734017883301e+00 7.768251982332755823e+00 2.503361664914588669e+00 2.371049767808529607e-01
2.154319852411948677e+00 7.847695719395461289e+00 4.797262339179134472e+00 1.947084871663948002e-01
9.648712073124147137e-01 7.947319131739921438e+00 4.606450921347645666e-01 1.643152132549569877e-01
7.318418788525646868e-01 1.001914962404999443e+01 1.536595650005838642e-01 2.985778751961437605e-01
2.459855929561945764e+00 7.274303150870645496e+00 2.014450009202612080e+00 3.602071553339564747e-01
2.758509167378604410e+00 3.225846674395913105e+00 2.730152754491109501e+00 1.363704445213770600e-01
1.368988090920309819e+00 5.768594957618661034e+00 -5.584066615158644886e-02 1.210167077718151823e-01
1.175955095144783247e+00 8.001155450450159634e+00 2.263083580815632878e+00 3.242888152842495209e-01
1.946599602564903719e+00 5.474507848260854459e+00 5.636118274810107964e-01 1.429281499322882509e-01
2.485570279432868013e+00 4.096039324428518924e+00 1.204840916636872761e+00 2.088297855851421192e-01
1.302224456438910938e+00 6.652546627375502730e+00 1.132852130438104066e+00 1.279401830987901556e-01
9.494919787369748843e-01 5.480695217993126533e+00 1.261701838895870065e+00 1.203174624070693505e-01
1.425161755400650376e+00 7.610267405130641372e+00 4.381414115487143768e+00 1.183315472408595359e-01
9.542028974627150273e-01 6.098375516852604150e+00 -1.073006362943761394e-01 8.037662685401041063e-02
2.293849700995492125e+00 8.818830294376073908e+00 -6.451143158382126597e-01 3.168694014940139358e-01
1.430526033743513947e+00 2.509672121319039828e+00 -1.580211812295147400e+00 2.140819865537067490e-01
1.869682213761931777e+00 7.083549685023847076e+00 4.966823327479989558e+00 4.227696117368451856e-01
3.905176684295013523e+00 3.228217587526946097e+00 1.245242318283597216e+00 3.939937425999784915e-01
2.504325424400227540e+00 9.230646444170947262e+00 6.996074213242191586e-01 2.145219302185992216e-01
2.020779957182348596e+00 3.720353392659978109e+00 1.394331568751853823e+00 1.372123421710400304e-01
1.813735553447910931e+00 1.023426290361299706e+01 1.928423375590424982e+00 9.311823209123248901e-02
1.408387475460088467e+00 1.080265455553186627e+01 3.821615331186297926e+00 1.885340477228297784e-01
6.364611284411372250e-01 7.932037278121630841e+00 3.400024902280381900e-01 1.613669410442401531e-01
1.620505811606842705e+00 3.249515981111310570e+00 1.281065169465972486e+00 7.997222027882142092e-02
9.857911124083234000e-01 3.509895581828256006e+00 -1.091598659114518588e+00 2.573942438636120933e-01
1.182092086447743329e+00 4.782362464981685157e+00 -6.037385560659279671e-01 1.676714784305318173e-01
1.293513352126286486e+00 5.362774350371825705e+00 -5.104477950139757469e-01 1.597452959380754045e-01
1.683134110264548955e+00 6.618169742424532487e+00 7.173033841740565908e-01 4.719925244639173179e-01
1.374083414243043144e+00 9.576279514405166893e+00 2.156043008852980059e+00 1.522594841982920222e-01
1.687106138990648763e+00 6.711306405708914902e+00 -1.291928088805561536e+00 7.237162756450524204e-02
7.616179915111151999e-01 7.437146105584601763e+00 -1.452475626672483422e+00 6.264781511989279961e-02
1.925674723074372485e+00 8.431341058277775247e+00 -2.314531687143824845e-01 3.386585909200878763e-01
4.190367032776576295e+00 4.076144980599681666e+00 4.330631552464617506e+00 1.609449847082745633e-01
2.312165467147250908e+00 5.500365357998771465e+00 2.383916067503881742e-01 9.746381266365775065e-02
1.980674702215626359e+00 6.010521523284993783e+00 3.496422048153580153e+00 1.970772297243518212e-01
2.294728863643892058e+00 8.103243882168703394e+00 2.680767489819356086e+00 1.865025301992847551e-01
1.914222666010134244e+00 4.052777146966263011e+00 2.076773966275888839e+00 1.384347142551622389e-01
8.769058474182851448e-01 5.400409054777430384e+00 -1.483373136303054673e+00 2.649840789102155258e-01
8.935641346332913182e-01 6.673386313740617304e+00 3.011366393544785969e-01 2.333146067314561811e-01
2.303603126775933596e+00 1.042419470019322425e+01 4.374085172784603071e-01 1.832316336365488740e-01
1.430740299169424912e+00 3.540255628100846153e+00 -2.115370430275310687e-01 1.952427861852888691e-01
1.040239719655020600e+00 3.216251334674473661e+00 2.231235979836152516e+00 6.505597383207207818e-01
2.927472186570347024e+00 5.034689058581811594e+00 -1.211153472116035301e+00 1.227019096983724133e-01
1.463763906471203136e+00 8.105564592786997480e+00 -8.318366750063865833e-02 1.926473891137888694e-01
1.899767751399699778e+00 3.203258898918498243e+00 1.401493680645162998e+00 8.816110036594920762e-02
1.723683440507860265e+00 7.931130719174772636e+00 2.012036671701133983e-03 3.344500058519366270e-01
1.285618472639622256e+00 7.639221661308949862e+00 -1.223703804294165032e-01 8.344523548154300641e-02
8.920290863608977272e-01 6.627165688336063454e+00 -7.543502969742915676e-01 3.389554099803948617e-01
1.686133149280469423e+00 1.224497302837020740e+01 4.235936145640357253e+00 4.470015122288293341e-01
1.575270490629894660e+00 5.983372917521358580e+00 -1.177812484230130519e+00 5.996409954523844454e-02
2.554761683808592920e+00 5.765429531166659238e+00 2.858857857642580935e+00 2.345504142935720404e-01
1.913450027661573349e+00 4.053164762910503427e+00 3.029544723852011234e+00 3.088109381926682495e-01
2.947732925715229158e+00 4.586628542578120360e+00 4.176543891639679096e-01 1.754082634217687398e-01
1.494568747281024734e+00 3.449018909178938941e+00 -4.124779247545243277e-01 1.593833681967540272e-01
1.231969167740853077e+00 4.305471564622171954e+00 -4.912138413652846203e-01 4.130794217117805256e-01
7.115634354828654917e-01 5.797128465948436116e+00 1.485336241063772267e+00 2.074007357350104441e-01
1.895640817186368787e+00 5.618902563018588481e+00 4.723325974325833343e+00 3.065057307591003560e-02
3.144494448414049792e+00 1.132833325920401535e+01 4.419068268681443090e-01 4.644883152824444417e-02
1.712630702998721111e+00 8.183212892971823749e+00 3.652901095696669653e+00 5.035266807471896477e-01
1.603014077344390831e+00 3.189486403551950122e+00 4.387757329032044851e+00 2.411779347459429290e-01
1.533750058574439024e+00 1.109228626567974452e+01 -8.316574399886405011e-01 1.618119322347097711e-01
1.292718261705752658e+00 4.307653220085332357e+00 -6.205870423709469730e-01 1.750789862933093549e-02
1.219968493393257081e+00 2.498537152848541609e+00 -1.092198783008136997e-01 1.188014783473032715e-01
2.585610957667995979e+00 8.075029519843422321e+00 3.147614890411615463e+00 2.992499783332086549e-01
2.140618799659226301e+00 5.592162277571731011e+00 -1.869186895179897112e+00 2.869626072869043143e-01
8.977053942759187777e-01 3.629350265849887958e+00 -8.179741465082165375e-01 1.105884563347133281e-01
1.407192767187299021e+00 7.605863831443453904e+00 3.857936729893114425e+00 5.908191955017243202e-02
1.353128970124517494e+00 1.321915823790979161e+01 1.875100797998787927e+00 1.469961235581654646e-01
1.703550016699940883e+00 3.372836745270190839e+00 3.642445528163832602e+00 8.079704793318860656e-02
1.398820394778727216e+00 7.670570497105194008e+00 2.727236625627708300e+00 1.673211951466649916e-01
1.169940485067237690e+00 3.111486124461118941e+00 2.363804763829318034e+00 1.198309022756460507e-01
1.882400205316598019e+00 3.811831347744755405e+00 3.352583800859894936e+00 3.984401646451181667e-01
1.713485295881348014e+00 4.120916584840898622e+00 3.419073267959033213e+00 5.636402472525028906e-02
3.193212572527710957e+00 6.380674700394179943e+00 3.148106803076973215e+00 2.305244864786244463e-01
2.306057301255764358e+00 2.286460473347639244e+00 2.457728267938620093e+00 1.443038660211095892e-01
1.184649527016178983e+00 4.763778891470858312e+00 7.083358578951898243e-02 1.600342293275188732e-01
9.135483431971236357e-01 4.517015820700633455e+00 -2.098759632181616541e-01 2.790914710588648928e-01
9.258595915818610411e-01 3.855665309056030665e+00 1.211657476361485575e+00 3.105458918719491979e-01
1.341381932076463057e+00 4.665323148129800757e+00 2.963950325083766213e-01 2.004942945447075187e-01
2.164099059076072695e+00 6.853163925966565095e+00 5.130201008103103533e+00 1.392447957832671224e-01
1.924755894111060295e+00 5.459972370936932329e+00 3.258462890315569460e+00 3.230672910153951083e-01
1.525835142318216375e+00 5.928963674219365210e+00 3.688069009175847679e+00 4.362243704074958983e-01
1.788246210558469551e+00 1.231531068976608445e+01 -6.032490320156616015e-01 8.231908144207145117e-02
2.470814226774520783e+00 5.141295301599151379e+00 -1.169997651243616765e+00 3.784543087488810853e-01
2.083331700694653232e+00 8.447037618019376026e+00 5.246448409713494243e+00 1.147443778224609828e-01
9.742289190958381973e-01 2.827611490705715269e+00 -8.597053676990679127e-02 8.452073964094193592e-02
1.290814245395978554e+00 7.170865103400919871e+00 3.346624089973067484e+00 2.155030826701203051e-01
1.009711234691517134e+00 3.573746499659795184e+00 4.405254214319741735e+00 2.798761616548176567e-01
2.056688106362881907e+00 5.546665879895342322e+00 4.133007290025330960e+00 1.877541262107050857e-01
2.379629467261804354e+00 5.707147844660658720e+00 2.210178576208914336e-01 1.583726005065724807e-01
1.373226531765452396e+00 3.794185922372826703e+00 -1.210916173169686472e+00 4.369840439172832658e-02
2.179211012834557870e+00 4.406619594676533858e+00 3.174835968918836571e+00 1.058372653683173903e-01
1.693325721588029298e+00 6.581631226245291622e+00 -1.774083537790534848e+00 2.347476122194878390e-01
2.835946618539955111e+00 4.992211192133140685e+00 3.378098896762935510e-01 1.511497954125158583e-01
1.021735474343790528e+00 5.288301138114007927e+00 2.923111549042146651e-01 4.143467359910117387e-01
1.129828726827174501e+00 3.994370036973696525e+00 2.500074623719636513e+00 1.171382933882320204e-01
1.882303166830055607e+00 6.015939355952244938e+00 2.864240501369521574e+00 1.429195736658109839e-01
1.176834656628107378e+00 5.138481643379426700e+00 8.655421387249282450e-01 7.609244060761295725e-02
1.029227075609875808e+00 7.250145948419733699e+00 5.950438776139788111e-02 1.483398617145230691e-01
1.959934438968738535e+00 6.579772701197836859e+00 3.797141174408115383e+00 1.012734495153425479e-01
1.853215646806151806e+00 6.366932924108564151e+00 2.074007458556337724e+00 1.739718232485630289e-01
2.361843567720414150e+00 7.055618462634408061e+00 2.578178163764696773e+00 1.806558988579077263e-01
1.221183902492551931e+00 1.055529270018725185e+01 -2.676097814121256580e-01 2.960778050917329818e-01
2.452943433359557002e+00 6.838600147633020931e+00 2.381278234286202000e+00 1.210044174929447713e-01
1.790185053766937706e+00 4.958914643802682320e+00 1.926777556458391105e+00 1.642330542035247976e-01
2.794881162949379938e+00 3.243504477256297758e+00 1.706157022129918044e+00 3.286234515789357991e-01
1.497166879175820808e+00 8.062497909873203028e+00 -9.623831827719271370e-01 7.849988672117748367e-02
1.149559165299457675e+00 6.120418357211352856e+00 -1.734397961003935285e+00 9.237206659625325778e-02
1.605522576444233351e+00 6.013368113423463335e+00 1.696475961110960773e+00 1.848070293177933032e-01
1.746854755856770858e+00 6.170702990105316310e+00 4.482483703123898877e+00 2.941372404519723704e-01
1.492499219126435239e+00 4.514898803137544547e+00 8.162516645380468727e-01 1.174009068272812012e-01
2.310468469832557492e+00 1.202677927108002898e+01 1.460471539507662175e+00 1.647998187688222704e-01
1.211983615500358713e+00 2.864994335446646723e+00 3.556612053141867680e+00 1.897362695565906199e-01
1.807946839191169719e+00 4.998801158209658979e+00 4.727353677067601012e+00 2.046132409680753717e-01
2.861438985722848827e+00 7.248145848162230287e+00 7.611829257990698760e-01 2.020810257634635398e-01
1.033883059727765286e+00 3.852015333352189153e+00 2.508004035711690616e-01 1.434416539059740481e-01
1.876179855639468652e+00 4.927887604943344435e+00 2.836935278678109906e+00 6.405159037064368788e-02
1.728287113122693341e+00 6.691479715014504670e+00 4.057672981826134340e+00 2.919364977358866464e-01
1.436974879661074400e+00 7.757644885836235460e+00 -1.469070982921740320e+00 4.444352438034528396e-01
3.368150634535180821e+00 3.995192222800196369e+00 4.944969343948607543e-01 1.749089910978472717e-01
1.953479386014690622e+00 3.707359731251050672e+00 2.879929347285113295e+00 2.240724320930654878e-01
1.273752134518512324e+00 6.869856009195865809e+00 -1.794712915845469992e-01 1.584626749999731854e-02
2.189699832653078992e+00 6.215310246616921219e+00 1.226602128102965317e+00 2.128573354428432429e-01
1.360191608122925278e+00 6.257750475075150476e+00 3.712330018976091606e-01 9.751724765318510457e-02
1.166847900489365042e+00 4.313189099809289218e+00 1.310638027513607362e+00 1.259072920748105506e-01
7.059899940494884785e-01 5.962255899548856597e+00 -3.453157380689939049e-01 1.328080612288641271e-01
2.697551753338907066e+00 4.467386407940509230e+00 1.859079076056653568e+00 6.818564225489756603e-02
1.328548800883255776e+00 9.761503771834663112e+00 4.911789278191296404e+00 1.463407278663653721e-01
2.132756039488293176e+00 4.743512874202583163e+00 3.830946116492997877e+00 9.368192319961229919e-02
2.156241613985817374e+00 5.656094798693050762e+00 -2.373984452933391998e-01 1.636575949415630671e-01
1.876668223894196519e+00 5.322927843791255498e+00 4.697606403798942232e+00 6.947853157301733806e-02
6.235422096820314453e-01 8.206225106655230306e+00 1.995038817855626201e+00 1.824337060202333993e-01
2.180595160678282518e+00 6.573646026526817288e+00 4.268310112122398081e+00 3.362283888186028968e-01
5.374016102391310223e-01 9.261181912981907516e+00 -1.479183567710432357e+00 6.955856794503828544e-02
1.967441860018407152e+00 3.054422887138942944e+00 6.717996831528503243e-01 3.102973061059671744e-01
1.469814153303552473e+00 5.206016525395690486e+00 -9.593681502298042618e-01 1.201294512171136447e-01
2.356377699650797908e+00 2.219411872565418165e+00 -1.366945358884060990e+00 1.283672330816227891e-01
1.268939491481189563e+00 4.797312088628290283e+00 2.718790725333012359e-01 2.137106147573808457e-01
1.316039761385767504e+00 6.421809278768403573e+00 3.999644908187494963e+00 9.230628966619089382e-02
1.756025713763458063e+00 7.413232084827461321e+00 -3.891923514132842876e-01 1.546075856441148366e-01
9.367491825749989509e-01 5.816882393027186460e+00 2.327570901128818370e+00 2.672464091346594683e-01
2.858617375095505508e+00 5.598656384170555000e+00 1.837417903957388798e+00 4.799429611197171819e-01
1.001597031755127487e+00 2.421949628683710110e+00 7.318404928585879876e-01 1.487166035319628377e-01
1.630395335812997892e+00 4.180651229616422881e+00 3.543318663238391508e+00 2.593616340688847388e-01
1.554609240375457002e+00 8.088265417819160419e+00 -1.293951597735881753e+00 1.323833785115483552e-01
1.679348596378541281e+00 3.289017775936605048e+00 5.377221320192385967e+00 2.702630731565624500e-01
2.046275502648913669e+00 5.829060914347639510e+00 4.273956598170527421e-01 2.884337789636752247e-01
1.868442127314323242e+00 5.093222279690118981e+00 9.099913944023488854e-01 3.395773966030684599e-01
3.363080982951621500e+00 5.256362160676236073e+00 2.019280974056132383e+00 2.837677849738615699e-01
1.768568505976640282e+00 9.310060065692598030e+00 -1.333653486211801908e+00 1.838043793271156856e-01
1.717907286453389970e+00 5.185344038707913050e+00 2.570959722456813701e+00 3.055829260108083312e-01
1.383400285256373374e+00 9.036781616671062167e+00 8.349231139198646234e-01 1.091589552921195388e-01
1.397192947183881095e+00 4.219752430307408098e+00 2.901364307567670942e+00 2.119522033613207290e-01
1.001532673086514835e+00 1.015121187507125633e+01 -9.625344697932943783e-01 1.633684934548143564e-01
1.460469713436655770e+00 5.350684911147635781e+00 3.581401485571681143e+00 1.672184581280211635e-01
2.499561134067119994e+00 9.893833230938058776e+00 3.130104506190730662e-01 1.698985451581256911e-01
1.689420455473078286e+00 3.230028212141784483e+00 1.927964236464282832e+00 1.526006603662405370e-01
1.065131838845167822e+00 2.854161932812949054e+00 -3.791133155068481253e-01 2.886083874632638935e-01
1.261367901821357718e+00 7.806854875337555733e+00 1.939048026102526134e-01 4.441548171596536587e-01
2.216688995946180629e+00 5.761636297070946711e+00 4.205790834853312177e+00 1.200241841768851514e-01
1.166723569326626686e+00 4.636916417720247985e+00 -1.142816953638148281e-01 4.333525217288767273e-01
1.043436884218741589e+00 3.619466855960825846e+00 -4.443246003987385562e-01 2.564427920991637633e-01
1.329911704156386820e+00 4.178263264084628226e+00 -4.685760889719776667e-01 2.488647834742275800e-01
1.369009754669406664e+00 6.307436285593062131e+00 -6.048819005446437469e-02 1.563010473905072084e-01
1.905141488984871234e+00 7.861452232154953812e+00 4.390044598155040667e+00 5.993420896016521393e-01
2.146362401106570950e+00 5.605918134374766382e+00 -9.809435108541536552e-01 2.018290923984212559e-01
1.493075444908848803e+00 5.328765657859458216e+00 5.057122941480630907e+00 7.139946887629194938e-02
1.789308238604811141e+00 5.886212689578859347e+00 2.745051000591015811e+00 1.097619636714998737e-01
2.005279451852059580e+00 5.346387861051912438e+00 4.451034129153562446e+00 1.215875967535918756e-01
2.149880859483692674e+00 7.900960787280014053e+00 1.585934957389102395e+00 2.771554539540465045e-01
1.911301573655436181e+00 7.342747296885892005e+00 4.603550396789662713e+00 4.276445301530790166e-02
3.084970028926522279e+00 7.844741262753129440e+00 2.187507767336957620e+00 3.195907718529504282e-01
1.592309431039828027e+00 4.641793558771824202e+00 4.120279250694001583e+00 1.397344053895306359e-01
1.364754941848245196e+00 4.543081046898826969e+00 1.165982407054247938e+00 1.653273337719703140e-01
1.272999708148164988e+00 3.683215501335158848e+00 8.713511136946435753e-01 5.901236600326116299e-01
1.388376478840170236e+00 6.160733711138489888e+00 -1.737335760446770960e+00 2.470772151327990385e-01
2.782776434219179418e+00 3.618713095565643023e+00 6.171363999911004816e-01 2.555904157508860353e-01
2.103567716695578405e+00 5.949541689034751002e+00 -5.475043309839653372e-01 1.631998874611242933e-01
2.292072814973680650e+00 8.244890695518281021e+00 1.958688045559346946e+00 3.456438837299964373e-01
2.342087939536070529e+00 6.775838384148832105e+00 1.993508248431915542e+00 1.330538678335132230e-01
1.041194221937414621e+00 8.234004350486081591e+00 8.525000035930901943e-01 4.852819982085108258e-02
1.184987830138535259e+00 3.711348239231599955e+00 -1.789333090621358924e+00 3.236943056202069013e-01
2.166914910097051283e+00 4.290722846369305010e+00 5.102853009350744706e+00 2.456632183053948926e-01
1.751676052035914033e+00 2.415383542100027370e+00 -1.637086639075876260e+00 1.645232113633859905e-01
2.220486268647033246e+00 5.712540148555553365e+00 7.180423293030961940e-01 7.637553763800124240e-02
1.944081531706519428e+00 3.411293848265765760e+00 7.175823636931510929e-02 1.368975002389967166e-01
1.227568166573854924e+00 4.950370578531410715e+00 3.136483283047782900e-01 2.104201502482899722e-01
1.931428987459670177e+00 9.779502477729019816e+00 4.708695131740809892e+00 8.542172544156412251e-02
1.097469392150119960e+00 7.786313737112259048e+00 3.078236214212919819e+00 6.800030148009529318e-01
9.111720323897506413e-01 5.562574079923916059e+00 -2.505657863876232794e-01 2.451661824543865109e-01
2.090680792449965075e+00 5.059904509233217773e+00 1.352982155414019783e+00 2.582052042416957960e-01
3.006390956590319075e+00 3.783350405917495607e+00 2.697817376204610706e+00 2.129080481781285283e-01
2.934239061579527519e+00 5.279504058841103742e+00 -1.486566254177469792e+00 1.074431073624401156e-01
1.283653426481532023e+00 7.718159726331505155e+00 3.375619671585898818e+00 1.580115863804092136e-01
2.017497141398040483e+00 9.240546064242302293e+00 -9.008083633337786722e-01 3.109867134096451768e-01
1.278404332958455347e+00 5.334604903165502954e+00 -1.261890325584989592e+00 5.381968507537563395e-01
1.257217790464370211e+00 5.795643808298491351e+00 -1.556868763245022880e-02 1.218995111227638706e-01
2.487593979647141573e+00 7.882570198625637126e+00 4.933924499759193338e+00 1.027316443281143382e-01
1.389370990693215457e+00 3.960441584543578308e+00 1.419555236739654003e+00 2.307936248418555047e-01
1.976777635886689977e+00 6.738317067259358417e+00 4.193928614487967721e+00 6.602073917708153883e-02
1.347043909856410426e+00 4.932558166165079250e+00 2.807727868822297856e-01 8.136000369471749205e-02
1.236311133316896349e+00 1.370929375892961311e+01 3.081206816207398003e+00 2.188833493321633850e-01
2.093009397708329722e+00 5.625954420525755673e+00 -1.656051793547129058e+00 2.183625145033425141e-01
8.920572380042762761e-01 6.022264326918653765e+00 -1.741823702979592658e+00 1.613095970230058740e-01
1.862130782394819217e+00 7.947041331880167370e+00 6.425133817011368098e-01 2.925980637515422367e-01
1.522809924656540526e+00 3.522493066003498097e+00 1.541948549485708142e+00 7.347882671905939245e-02
2.070225697979864332e+00 6.222375198626862058e+00 3.259842734117055052e+00 1.416823351225897087e-01
1.129025626010045746e+00 4.509135101095678166e+00 2.395878214870724943e+00 3.030921853550408440e-01
2.312559052669149740e+00 3.494445483699475385e+00 5.386550493313714272e-01 9.409596270421782815e-02
1.852796490563418219e+00 6.181348608577858172e+00 4.279506212505936880e+00 2.300413680915833758e-01
1.825463898463640211e+00 9.587992258135457746e+00 2.901472820549718001e+00 1.661464545144941130e-01
1.184047097968703444e+00 4.136342162888646534e+00 1.321526765538978410e+00 1.398427519201300984e-01
1.186755543331323270e+00 6.484777776406483341e+00 7.995224878020922299e-01 2.432290569572803929e-01
2.075256529310720133e+00 9.810777961380129142e+00 3.049488806982284306e+00 1.848225771865560918e-01
1.749280701270295335e+00 8.146209639641284639e+00 -4.087800146069212048e-01 2.391360032638547573e-01
2.054677883038292130e+00 6.446215124530658258e+00 4.680571305516643577e+00 1.803029085875750004e-01
1.839087406366890498e+00 5.397626934559756506e+00 1.923927991528032733e-01 2.779381804810265866e-01
1.754717628694441034e+00 4.011670718838272087e+00 4.694603198732272276e+00 1.288910158753525104e-01
1.167849189347842653e+00 5.127530492638709525e+00 2.669721105934826255e+00 1.421238825536701167e-01
8.347972887723466018e-01 3.442164368120311568e+00 2.425055340753706545e+00 1.582179567573902823e-01
1.728515867672509643e+00 9.454839734905196025e+00 7.195423453572482586e-01 1.745090777295305595e-01
1.232851751804586504e+00 5.398970533726559218e+00 1.158879710701118615e+00 1.300714060263628569e-01
1.735375367106949396e+00 3.734549614218333424e+00 3.649602632420379411e+00 2.043950121063565217e-01
2.603509152030964557e+00 7.793432810639506769e+00 2.764892384550759807e+00 1.806366490339435804e-01
1.185656197830599279e+00 1.084704463643613614e+01 -1.692309890393389082e+00 8.849913861637140333e-02
2.442047993289724328e+00 5.764474269817472241e+00 3.730775490064212718e+00 1.617126763193938166e-01
2.040653463254323174e+00 3.813706992187906764e+00 -1.502270808334783103e+00 2.009397609533070395e-01
1.640181433968715297e+00 5.367805561142763082e+00 2.571654262512018896e+00 6.633005355931696767e-02
2.232618285033815653e+00 6.796047469962979370e+00 8.606691926535691151e-01 2.567225275796912176e-01
2.298388708649245604e+00 4.599593875548563027e+00 2.361392946704581330e-01 1.139256678140783824e-01
1.197822246713437178e+00 5.666034243891255429e+00 5.479855919307051737e-01 3.251990995477695989e-01
6.031949678048670327e-01 4.384770559072619811e+00 4.845103660895915265e-01 4.276739033298553871e-01
9.974917558417365493e-01 2.657242730310370060e+00 3.429800049271545692e+00 2.025272216806720815e-01
1.119038067843569850e+00 5.286982669474502572e+00 1.280245640335359925e+00 3.404742277714260801e-02
1.535514245059112159e+00 5.599559533201789563e+00 1.595811391541048785e+00 3.146555637803910566e-01
1.558016531576444041e+00 4.651946067690946762e+00 4.412693752513857426e+00 1.437815041701956120e-01
9.052935270103474874e-01 6.755885013842065412e+00 3.741983087012279441e-01 2.604778479865671459e-01
2.127013819011507323e+00 5.383682542344519817e+00 2.133374159469770603e+00 5.628489196159028318e-02
1.687336338676557634e+00 3.797611778088802126e+00 1.414378095717804484e+00 4.626691479828581866e-01
1.783652430737033168e+00 7.588950595463077597e+00 3.742902144378849272e+00 1.334557864462460886e-01
7.317752520683514783e-01 5.145190160287630654e+00 2.345622839691337447e+00 7.748752560341569395e-02
1.094683520361375617e+00 3.290727728830843191e+00 1.971465954682573019e+00 2.536272015669438495e-02
1.603074164669701540e+00 4.480838799045621990e+00 2.648576294309011203e+00 1.270773852360198020e-01
2.546193642445400140e+00 7.655247777308550106e+00 3.117711636440435363e+00 1.112873944329031833e-01
1.713479993890201669e+00 3.682687545145007402e+00 5.643212394462431725e+00 6.189924425671767400e-02
1.906330392773716076e+00 3.952455711351256173e+00 1.900573507245184146e+00 2.641581012906270565e-01
1.448696297670857502e+00 6.121780315805263051e+00 5.047671583972129783e-01 1.887271760087776418e-01
1.422398029930519225e+00 3.650030294466794167e+00 1.046663025630539590e+00 2.989104491711379041e-01
1.119943927910687531e+00 6.778350918198391639e+00 6.469594912066751746e-01 3.339593311879028303e-01
7.603131600135696333e-01 6.042029449460009971e+00 -4.970389884632916422e-01 3.197321753247792664e-01
8.113122484804262680e-01 6.566177810366145451e+00 1.964266564012898120e-01 3.909644307061946322e-01
2.248231965057537529e+00 5.438337727850653280e+00 4.508900877104228933e+00 2.189548943463294206e-01
1.386264434540754875e+00 5.526165040879612356e+00 3.657483751343620249e+00 1.193702960980827787e-01
1.644436871912212883e+00 1.014743119074899447e+01 3.178047361170424523e+00 1.043589584092494693e-01
2.442385840342983006e+00 4.692368096891238238e+00 1.939043301137050035e+00 3.060098161283896223e-01
1.197822246713437178e+00 5.666034243891255429e+00 5.479855919307051737e-01 3.251990995477695989e-01
6.345771110549651706e-01 9.178732782661580103e+00 2.094331703866015637e+00 2.247470864535461299e-01
1.754936292757495186e+00 4.122270778999590490e+00 1.663624222828706589e+00 2.594400023289522017e-01
2.556157299666740546e+00 4.452698984872688115e+00 4.139275530480028387e+00 3.741001453818095790e-01
2.007191668398555784e+00 6.027769046683792986e+00 1.903432207269433851e+00 2.960338421165441547e-01
9.414327303286791349e-01 4.706852902521247550e+00 -1.335457832142460832e+00 1.601174547622428446e-01
1.348246794405708826e+00 3.852325548948251743e+00 -2.896623275829978139e-01 1.554143073572299971e-01
2.726980844252074654e+00 9.308424566877359752e+00 3.430300766516415578e+00 1.403588530855264804e-01
1.704070402224398428e+00 9.499057257624173189e+00 1.291899299697877312e+00 1.439090252850820095e-01
1.655124383047288372e+00 7.535784842227412739e+00 1.044491192402944302e+00 3.462543452017762258e-01
4.986797213874478274e+00 7.156178586917905093e+00 5.569940186991773068e+00 5.349295774199587516e-02
8.407506125004312603e-01 9.176949789470773666e+00 9.135349922531308398e-01 1.601948090694207127e-01
1.668419055375575333e+00 6.962165881396687794e+00 1.508660483572262345e+00 1.034339739138948056e-01
1.370977219106580103e+00 6.041434829545712759e+00 4.863575434068686532e-01 2.407847994654157830e-01
1.089348320058252551e+00 3.965176779411859531e+00 4.469802078352492103e+00 2.278469195055173868e-01
1.483002468799424767e+00 4.891385647507059176e+00 7.756786346330077908e-01 1.831643959363446483e-01
1.292453525514978274e+00 3.488365594627606647e+00 1.781460609489379676e+00 1.486142103745207443e-01
1.846708893057360967e+00 4.400405066530188591e+00 2.781602053215856518e+00 7.809246266411223880e-02
1.450008121517683435e+00 7.578494830621820277e+00 4.735314612031374715e+00 4.081824654736801450e-01
1.692223707605456706e+00 9.782885617314615700e+00 -2.246330892468286211e-01 1.885388506090882599e-01
1.140286979620111829e+00 3.823254264545449921e+00 9.150425847526241219e-01 1.375934853861631446e-01
2.543202458705531299e+00 9.587186949485733578e+00 3.209558431471622342e+00 1.064420384331017239e-01
1.859642014788143394e+00 3.799547250315571389e+00 -1.441294324040025554e-01 1.286637304743119825e-01
2.180999772749323995e+00 7.548098659195045634e+00 2.190496408435738562e+00 2.230212006175649742e-01
1.784259291013460480e+00 4.367047669813401534e+00 4.200989814744608974e-01 4.353274450741228541e-01
2.419147048123273080e+00 4.012982562624936911e+00 3.887313000122007089e+00 1.180429358266008449e-01
1.906650294243665833e+00 5.816347427199632492e+00 2.840920564006297333e+00 3.214051535943711069e-01
1.074556244562662632e+00 8.805048632846038004e+00 1.698989187946913670e+00 9.297500296292944555e-02
2.112395022459709892e+00 4.095916732208584321e+00 1.622607577193103223e+00 3.947897129818541684e-01
1.373190039524632144e+00 5.168006724156616549e+00 5.773861080959826753e-01 2.580868963444701847e-01
1.146852255958666911e+00 3.413087427295605991e+00 3.275595936566561561e-01 1.935274151482477001e-01
1.690808327703618108e+00 7.817377656491825810e+00 3.129320309619913143e+00 1.353935899616323102e-01
7.255628861283721642e-01 8.606805329134077809e+00 -2.975399499294710814e-01 5.192422884062639771e-02
2.585390336306525150e+00 3.833146912919545013e+00 6.463082047316635048e-01 1.044538251254174821e-01
2.145416020909689081e+00 5.100077296704132124e+00 -7.000062119503243085e-01 3.813942526933002952e-01
1.773772113877769785e+00 3.557186477216617515e+00 -7.288717296773037368e-01 5.636419658479184525e-02
2.878116886237996219e+00 3.935264146072163349e+00 3.145158400175366964e+00 3.047098892663653302e-01
3.368537847257921936e+00 6.949729244010196538e+00 -1.372962938638243369e+00 5.193967167048749167e-02
9.725236877725562668e-01 3.376165940034277391e+00 -1.527104546027705956e+00 1.765180382181405772e-01
8.691171461318094593e-01 9.696503717190424254e+00 3.159747038186730084e+00 4.529544562546384823e-01
3.055697979759890437e+00 9.693288742434258864e+00 4.086640495887344571e+00 3.948245086919021651e-01
2.031837091748837310e+00 7.036140721769426953e+00 -1.294099615016218952e+00 4.856818177413702031e-02
2.264293406150200472e+00 6.504469112976643430e+00 1.395388993747774586e+00 2.056513360756325182e-01
9.461612912949184384e-01 8.782440447645331716e+00 3.949523571020414625e-01 1.130811453079304391e-01
8.596257905614614891e-01 7.592273593063961989e+00 -3.245431964992069873e-01 3.270089259987270236e-02
1.044468981566613941e+00 7.789987242332343520e+00 -1.278379845968330875e+00 3.635324652150584424e-01
1.859963285938506017e+00 2.993008315771543248e+00 2.955773940462038674e+00 4.348689140308275441e-02
1.291893001768922300e+00 8.306853098909698474e+00 -1.512212830351588044e-01 1.649027725345598716e-01
1.677363128360970013e+00 7.604929509550204969e+00 3.796711619856768749e+00 2.737095226677501714e-01
1.426107589726284930e+00 7.939334543148608425e+00 1.075017383507180124e+00 8.145187783111031143e-02
1.608310409104457772e+00 5.321064603994708264e+00 -1.022690466353482597e+00 4.535537385411182038e-02
2.212323688378403208e+00 3.269398986041164079e+00 5.330727735743789886e-01 1.716309513176394463e-01
1.507802631417680894e+00 3.703790061910610554e+00 1.554096898261075665e+00 6.642493122995732358e-02
1.668727084475840616e+00 5.054707305383059790e+00 -4.591053982231241282e-01 1.302056961115244105e-01
1.235374092302233384e+00 9.658357591313437851e+00 4.597484328140169829e+00 7.181136800695703259e-02
8.018776894940117250e-01 9.827147253794823456e+00 8.755970419458736220e-02 2.372548024785290366e-01
2.528125588375239818e+00 4.834726641687186799e+00 4.279104241873187497e+00 2.292614734804419296e-01
2.708622751712186361e+00 8.149228585283410098e+00 -1.139848990765698622e-01 2.678644651266364751e-01
2.186058509768991520e+00 6.170155438522137104e+00 7.643521987118728767e-02 1.424682530953431392e-01
1.485679032630049523e+00 1.368389742663603492e+01 3.499214301639479441e+00 9.824817334853000461e-02
7.910973504277134527e-01 4.946166182728501504e+00 4.019257379975782474e-01 2.532554055918404545e-01
2.007242094145421429e+00 3.644407950670959018e+00 3.297040055304243378e+00 2.495656960677198888e-01
2.517956069994240043e+00 5.489649856383191917e+00 9.256974703399929449e-01 2.029786419484717608e-01
2.772672170932195979e+00 4.022566386419820894e+00 3.183017595860948568e+00 1.117402380410773693e-01
1.492324054916823073e+00 3.028034189793963105e+00 6.316818161706685419e-01 2.102357947454836784e-01
1.099119644950237618e+00 4.185420288003712130e+00 4.338044169823305207e-01 5.124660827568776611e-01
1.224291696635515070e+00 3.679002543478634646e+00 -1.683329243917654372e+00 2.852308594076536918e-01
2.162821354945817287e+00 7.425896181200339008e+00 2.704295066894914612e+00 4.662695117220013175e-01
8.583833232130092528e-01 9.428355709828959874e+00 2.352047026379052941e+00 4.555006839821791331e-01
1.924318519737248989e+00 5.209258666981852137e+00 7.541257773134961706e-01 3.623917083708450559e-01
1.790627537928031199e+00 2.620634502465794213e+00 -9.410003415774023106e-01 2.099246898062306632e-01
1.993512962970914515e+00 1.118381554958849122e+01 3.739931918886109763e+00 3.052587824940453665e-01
2.917282831428149592e+00 5.791159877445488213e+00 2.783511592982948368e+00 1.918365680789683725e-01
1.884338127128800666e+00 5.346887497897235164e+00 2.270181954688956338e+00 6.868045327396575528e-02
1.110017418654829724e+00 3.613742641255761168e+00 -9.253072906773746054e-01 2.551413741580054184e-01
1.180631493067416882e+00 7.527145106964800547e+00 -7.266245203331540559e-01 3.230549676514737345e-01
1.233413815425407511e+00 3.624533483747191198e+00 -2.722449059629507007e-01 3.482894212667604628e-02
2.129807728915397824e+00 1.268692079214666535e+01 -4.438176598059514477e-01 6.587394319720069058e-02
1.679641779403705515e+00 6.275039572945285471e+00 -6.535560473871977472e-01 1.648356514883768664e-01
9.302048568613134893e-01 4.325248499118909962e+00 -1.211689017324023787e+00 4.906275522350625473e-01
1.363256530868835359e+00 6.856422550372738733e+00 1.151303919599112158e+00 1.845560712924965707e-01
3.195113330428982934e+00 3.085537367063361902e+00 1.863840892568910945e+00 2.028807208180050392e-01
1.481815104096630753e+00 8.227239211856971934e+00 -1.650232381973491869e+00 3.454589990899476493e-01
2.000753186671529793e+00 5.951631757836022274e+00 -1.381914718018828037e+00 4.368662430560120435e-02
1.218176490851290872e+00 7.637999434609245242e+00 1.075984308771156250e+00 2.867427379896216322e-01
9.882603980261800425e-01 9.433139038569537504e+00 -1.576076545609753188e+00 9.070113222106335193e-02
3.080001040746418006e+00 4.631793724166946902e+00 -8.040961322511646081e-01 4.609822284514178414e-02
2.105962159247331211e+00 7.027046205485351749e+00 -1.558312232772201211e+00 4.031274576085892847e-02
1.700273071555378213e+00 1.036003800233525496e+01 1.314415474899024439e+00 2.009407798416709967e-01
1.893474254426768422e+00 4.587523759865470119e+00 -1.854592370691692249e+00 2.894126317946861260e-01
1.896144524565737788e+00 6.210261637087529429e+00 -7.429808443887484515e-01 1.208549712130214115e-01
1.777802040615699797e+00 4.176397483428488044e+00 9.720233550007559842e-01 1.852010303862202389e-01
3.109547037334280617e+00 1.658023797447986070e+01 3.648205531345555475e+00 1.069013211867783086e-01
1.778323149368782108e+00 5.215603172551041666e+00 -1.179173546889551449e+00 1.601243487042756930e-01
1.671949741843331561e+00 5.692449746668597932e+00 2.222410244067317908e+00 9.771051991556915783e-02
1.172702764242866458e+00 3.835370727172192407e+00 -1.550978820762964450e+00 1.831690430660091740e-01
1.100765110761958265e+00 1.113845429960430344e+01 3.872758268146662353e+00 2.249416727157393936e-01
1.072679009794180072e+00 6.743614767603739679e+00 -1.399310654754923888e+00 2.163000732903230805e-01
1.302144575890532119e+00 5.207632831217739344e+00 -1.022139655749229714e+00 1.471994635322085021e-01
8.204917663169095654e-01 6.123132018098451645e+00 1.281408137766253397e-01 3.309527310546629408e-01
1.862152133096017570e+00 5.140373512584260673e+00 2.254392596502308166e+00 1.380584319118019765e-01
1.824942484583695235e+00 6.711847728503560262e+00 3.432520088296412419e-01 2.939535440361691898e-01
2.581759536999911564e+00 7.680686714656493663e+00 3.300795839047053981e+00 9.693411775445552603e-02
1.511257487850134140e+00 5.261961305244906129e+00 3.437459320342592939e+00 1.391103101208963633e-01
1.593412279167929713e+00 6.794819898508794864e+00 1.737533597816982578e+00 3.327022734045624319e-01
1.388176120519198475e+00 4.755082536762609280e+00 1.419081712972781517e+00 8.933166415335666577e-02
2.148963905419074560e+00 8.442570002569613763e+00 2.412145861067807928e+00 4.547533787341294653e-01
9.145601766217850148e-01 4.896801537461487719e+00 3.498530492025969885e+00 1.451528093920358420e-01
2.464786218767486492e+00 8.900422790744704216e+00 2.823138450239830455e-01 4.534777997188675358e-01
1.354982149430616900e+00 4.624211414007509013e+00 1.498548712095130186e+00 8.903140091254210797e-02
6.883644686152858849e-01 8.815792635993433990e+00 1.220423407365864188e+00 1.349497710050528154e-01
1.433379931965303999e+00 4.147385668097342659e+00 3.836376894405607585e-01 9.899045560427453816e-02
2.000908595859451911e+00 5.013791218813491213e+00 2.756904485232448465e+00 3.072305657941867829e-01
1.847747176417031456e+00 3.975562838053644299e+00 2.293064824822221404e+00 2.607311557259167634e-01
1.814843994905358748e+00 5.861831199231260392e+00 3.775721832114883547e+00 1.787868314552578108e-01
2.334776460936667686e+00 6.117028643618811934e+00 -6.388470166119522009e-01 9.932323768669452935e-02
1.070853272553852875e+00 8.933015739651787968e+00 2.457489577163046057e+00 2.116227443228600458e-01
1.219180462664211317e+00 6.101201734028989243e+00 1.105644311404736513e-01 2.285034956313626575e-01
1.487545418831569322e+00 4.875390096507683957e+00 3.593361341255424168e+00 1.293306443741824574e-01
7.628660222064598262e-01 4.809298382744342071e+00 -1.388761680601633408e-01 2.070640442737630149e-01
3.386910198535402206e+00 3.839865967892492904e+00 1.644396547186585122e+00 4.041178983826175242e-01
2.787491420814456333e+00 3.759268705814934552e+00 9.742213479365897655e-01 1.332887354163339588e-01
1.999189682020337422e+00 1.336416984081370352e+01 1.443855706343550871e+00 1.899420631780906477e-01
1.546089241599463371e+00 8.984573402777842333e+00 -1.434064903157877824e+00 2.588868620813641330e-01
1.467475491442641999e+00 2.697352421723616889e+00 1.956545610660485934e+00 3.807417424597211997e-02
1.071784699673394625e+00 3.527918916864107857e+00 -1.775622005365202760e+00 2.600022799523563077e-01
3.881499686813076444e+00 8.499778758167368053e+00 2.138384606310935077e+00 4.129110426770262743e-01
2.929451865282087120e+00 7.752976186691272531e+00 4.914974954792293182e+00 1.436686227670169735e-01
1.672466425791903522e+00 3.380966017437112114e+00 3.205271567831897706e-01 1.657231429023191815e-01
1.538712893335703491e+00 3.600031119457858697e+00 5.512043557376027358e-01 2.233958584934122860e-01
2.162007297467913425e+00 7.936928584015181087e+00 3.478800412413327159e+00 1.056336988609957173e-01
2.634106537988564867e+00 5.730463038895803329e+00 1.180963705914906070e+00 2.275827324424010700e-01
1.631612005067973659e+00 6.269583748113718435e+00 3.341588690365465908e+00 5.897266438501523600e-02
2.037183406082387904e+00 8.726340062851365431e+00 3.346690744774405424e-02 1.373914782267776635e-01
1.382355381659953419e+00 5.061583413415990051e+00 1.715525617674613867e+00 1.724906823090322783e-01
1.491958288398043564e+00 3.564357181470263480e+00 -6.395619517030762813e-01 3.520430441087284978e-01
2.212052736963547428e+00 3.449033194292964843e+00 8.007080624893918586e-01 1.665765808753493504e-01
2.451195227026614631e+00 5.606697489122695721e+00 4.428455996215831192e+00 3.657441247404678020e-01
1.383057300826338043e+00 9.823160171017295994e+00 8.125769837776393167e-01 3.264175961593345776e-01
1.423996467797610466e+00 5.872619989805764718e+00 -7.232367808348181271e-01 1.710085236702089950e-01
1.966327996430800029e+00 5.508400004056575483e+00 3.646592002922627307e-01 1.355286279156855955e-01
1.828038730214840202e+00 4.367453699999274797e+00 4.731419029551263700e-01 3.193288580672219990e-01
1.893329403737310734e+00 4.176725231398052962e+00 7.329558824068185263e-01 5.795082730318688036e-01
1.262469234792743533e+00 1.087444581966121682e+01 1.237037451145955202e+00 2.217092345819463017e-01
1.120399732347047816e+00 4.623330576172350881e+00 -4.676346635790207262e-02 4.993860265528859976e-01
3.351852905963278229e+00 7.280939907524649257e+00 2.853840190449025815e+00 1.458677287182708060e-01
2.815359174079103965e+00 3.987983539489673657e+00 2.418942124167441143e+00 2.222324342952635701e-01
1.270536002330968417e+00 3.806164441242957608e+00 3.249289367771616366e+00 6.516225690479676702e-02
6.705418769785587152e-01 6.037114555271283933e+00 -1.125645724431402428e+00 2.502398078098473366e-01
8.439994972703288578e-01 3.672955061917646091e+00 -1.212984918466068152e+00 3.989909730585997627e-01
1.684430132911327149e+00 7.771854082567776878e+00 4.562777384564352112e-01 3.240138260938362769e-01
1.693102218774083623e+00 5.073059584501739216e+00 -6.863055805022973965e-01 2.041401766224057723e-01
2.974818072339611597e+00 5.157307567537505300e+00 3.946553144122092238e+00 2.997048220402199759e-01
1.870125403381907025e+00 2.754475517385077232e+00 -6.410861422523114195e-01 2.686792646432922815e-01
1.777814265519554349e+00 6.289818219653501075e+00 -6.955219846327531652e-02 2.256650424803845201e-01
2.796068965593080158e+00 6.858620968131956097e+00 5.709942240879772868e+00 2.185105321436677239e-01
1.480367639160576232e+00 5.507229512964253004e+00 1.092118689239101270e+00 2.159067161790089451e-01
1.932579092311827562e+00 2.968881605621167097e+00 1.900931460601125389e+00 9.571999879032752623e-02
2.676770965271626501e+00 5.361617786541616582e+00 4.746357048282942692e+00 1.794869656123334045e-01
1.219532985302441253e+00 8.733068058070569961e+00 3.414577423813674351e+00 1.050935870543819317e-01
1.217666709746331177e+00 4.840976418348574839e+00 1.961245544264014651e+00 9.089664024426294398e-02
2.255150678658831787e+00 3.088788371363165197e+00 2.185765873057037734e+00 2.785531982080278190e-01
1.016069088650185082e+00 3.313355760506276226e+00 -6.040775398552629127e-01 1.404361192732186403e-01
1.188896289921308025e+00 7.311872079170194105e+00 -1.384422760349985904e+00 2.591031941539334582e-01
1.037967047687744726e+00 1.048869028794725722e+01 -5.658969618226042941e-01 1.079859970476896164e-01
1.018224859426129392e+00 3.464001769190634406e+00 2.896410279379828534e-01 2.445196995617390789e-01
2.037703902645933152e+00 5.421096451258050841e+00 2.486147123287459682e+00 2.266003309932776988e-01
2.174831687874128061e+00 5.842563340609192579e+00 4.526732420143781077e+00 1.319409645287898392e-01
9.395026387724304540e-01 4.416581221305603044e+00 2.336496875718101496e+00 1.888261561077321238e-01
1.235662770844552449e+00 3.100869800915669217e+00 -1.489482986405318288e-01 1.343858275783619549e-01
9.944759670595822998e-01 2.914023853514518869e+00 -4.667731987118393100e-01 1.702805077362744002e-01
1.043938230943140422e+00 6.424369304613748000e+00 -2.344343530268706566e-01 1.254244593565567445e-01
1.241571920188570211e+00 7.102603823013478035e+00 1.211412319367707324e+00 2.803791212752671513e-01
1.603742362994271975e+00 3.082660113460404805e+00 -1.356327925803224588e-01 3.331925057642819155e-02
1.220769769672337857e+00 1.086771680752026370e+01 -1.670314975300409621e+00 3.105785780580237465e-01
1.675246340753239860e+00 6.317646267525955928e+00 6.356467169056910782e-01 1.883976671298244476e-01
1.984612613922522861e+00 6.211756683084852071e+00 -1.261630482724234170e+00 1.029368846421817307e-01
1.337133492736382490e+00 7.546360152497108231e+00 -1.612752908144506891e-01 3.542578514666975820e-01
1.081401515027728077e+00 4.844126162760115761e+00 2.468482101221157077e+00 1.396951109684518855e-01
2.044373902962992595e+00 3.779965818708438174e+00 -4.722915933557153556e-02 2.698142237910909902e-01
1.625553159707618933e+00 5.965813040133060241e+00 3.217998753078019192e+00 3.708073009202780268e-01
8.007840746718459801e-01 4.582025728860410929e+00 -8.417451744226885912e-01 1.869075401322217722e-01
2.903907599597326694e+00 3.684359240412372394e+00 1.422035101632376008e+00 1.180263915961956567e-01
2.037613865682930570e+00 8.059194369818401427e+00 3.656750668550496908e+00 3.706992473213306938e-01
1.899364608606554539e+00 7.016535595925971869e+00 1.068260373393957074e+00 3.001628761024563996e-01
1.266560158849706630e+00 8.043343691946072127e+00 3.749085812775706517e-01 2.626917178870587510e-01
2.037613865682930570e+00 8.059194369818401427e+00 3.656750668550496908e+00 3.706992473213306938e-01
1.351602156831879675e+00 5.320586714135172812e+00 -1.451877188374309513e-01 1.126286100659613376e-01
9.942722082089823221e-01 5.603649714172801666e+00 3.387519087095802739e-01 2.608462561275238789e-01
1.652036482005277751e+00 6.515697610986233457e+00 4.137985407838699281e+00 5.854116192733369028e-02
1.712959484977523816e+00 4.634509760106095833e+00 -5.782648925272210194e-01 2.421474213607238690e-01
1.042566158684125277e+00 5.501102208980345409e+00 1.083909210955497304e+00 1.758011569105236149e-01
9.192101557503202791e-01 3.265222779538736742e+00 -3.622728460137558670e-01 2.934362423342616877e-01
1.198333541442125227e+00 6.084783412792351243e+00 -1.224131224813053587e+00 1.369046798189682834e-01
2.332298431041388120e+00 6.799052789256801788e+00 -5.931276577395585559e-01 1.811884772592389781e-01
1.758672148809481195e+00 7.210577271295717239e+00 -1.618765714137906819e+00 2.905640999814398384e-01
8.188592674951814532e-01 5.250922890557893297e+00 1.167163431302885801e+00 5.002192257059667746e-02
8.822693818672583399e-01 8.833748852393091155e+00 1.714321577811159791e+00 1.299569451562082034e-01
1.925766755663478991e+00 5.050071959972828317e+00 -9.345734075176204136e-02 5.203141452447207493e-01
1.833712374559290925e+00 6.183426954547435628e+00 2.774451021442676968e+00 1.930376776752437684e-01
1.153552295690880358e+00 6.812965170284472016e+00 -1.556422888677164273e+00 6.101975648863872809e-02
1.000307820573484108e+00 4.213157129142511614e+00 8.574847662104596591e-01 1.867434887725951120e-01
1.159854105182408945e+00 4.728221979490650817e+00 -1.209353401333630451e-01 1.645124844451708590e-01
1.121467994284520264e+00 6.745853358128000465e+00 5.793293037982270022e-01 8.005974744764569884e-02
1.054252629626031945e+00 4.523430140610230410e+00 9.306627399491778085e-01 4.154045559127171883e-01
2.301079146332523084e+00 2.189889406850384024e+00 -7.361886689570784625e-02 1.779018697181829201e-01
8.486905325269697986e-01 6.430377035480506542e+00 -1.295970300454017732e+00 2.710597552610653493e-01
3.143117777801619273e+00 8.483349407128004671e+00 5.716121199390786778e+00 8.273812692339518882e-02
1.297423459031223913e+00 2.927467004325305044e+00 1.220340898647555683e+00 2.593618675173248733e-01
1.460979901642030621e+00 3.606856110056710030e+00 -6.101438767454203660e-01 1.958428481168952850e-01
4.217839046488020216e+00 4.858654990450790301e+00 1.402762769788287178e+00 1.882371473547254648e-01
2.161531037142694789e+00 5.950689142603504678e+00 4.114356631984833257e+00 1.237532617624170078e-01
8.561572744193090001e-01 3.650322318725152115e+00 -3.709499335047189428e-01 2.545536993456294361e-01
6.594500957278187636e-01 8.758647890892818921e+00 5.314062504884098370e-01 1.973759496800682467e-01
