# Hierarchical MCMC downsampled to get 500 samples
# alpha, beta, mu, s
1.092141231349200492e+00 7.764165763434983880e+00 -4.766818407014943304e-01 2.534574551380498475e-01
1.229391351803813759e+00 5.354269153710260909e+00 3.670630454097501438e+00 3.692248390254727619e-01
1.308429375998809929e+00 1.066943868979829624e+01 4.318590410642296762e-01 1.068268610613639230e-01
2.261477936649426645e+00 7.009146958112123293e+00 3.808575621820430523e+00 2.059344774877302775e-01
1.102848181679370265e+00 3.743223118483391509e+00 5.093530750679873265e-01 2.066462211435271257e-01
4.551660435900437007e-01 3.624984455987981136e+00 1.119634246517604348e+00 4.410362936211557616e-01
8.351272882947479159e-01 8.851808204928161672e+00 6.015954293154596400e+00 1.665816622852433759e-01
1.490558956700114734e+00 8.334911673908838026e+00 3.127344978755263405e+00 2.313887054048316683e-01
8.782505721920372821e-01 4.301553709724690755e+00 -1.440971100106137381e+00 4.241934542595689889e-02
2.192350050670816231e+00 4.761387403960761766e+00 4.892961126296763830e+00 2.604826784234448578e-01
1.317399659679936663e+00 5.562753421163058043e+00 4.208703574918039259e+00 1.874953617288334651e-01
1.900367747498337812e+00 3.891468615942577536e+00 -1.303314854172170412e+00 2.142633757431956498e-01
1.352198833245084941e+00 2.642460341184696748e+00 4.309622039305669006e+00 5.337921820606684742e-01
1.008123772316420919e+00 5.630097426348762646e+00 4.800792945335495610e+00 7.032791838764856918e-02
1.724169888127020656e+00 7.152242038368235022e+00 3.619639927943767432e-01 4.118706122348613219e-01
6.766473451377956749e-01 7.747410432323251328e+00 4.339732316508228216e+00 3.945364999520392102e-01
1.444606587412477827e+00 2.924715803869061048e+00 6.140915921933785881e+00 4.503766960194219987e-02
1.326496058070548711e+00 6.546588453868805502e+00 2.775320237806579993e+00 1.937028298059092768e-01
1.251517740464866524e+00 7.057678030613470099e+00 -7.708917990772843343e-01 3.285146277190192921e-01
1.609836095965477831e+00 4.215593226700087293e+00 3.398026743015318818e+00 2.336485567020106513e-01
1.398890665642360531e+00 6.557499385473882114e+00 5.768240303872413932e+00 2.005532203257554547e-01
2.178220023480458512e+00 1.086327795611955693e+01 1.172829593680808635e+00 1.236359112887981115e-01
1.853871795460425353e+00 7.075580993022141385e+00 2.229525650896543532e+00 4.991232565019940171e-01
1.789701916638440471e+00 9.488411984414410583e+00 6.326287709445429286e+00 1.197419960689136004e-01
5.587324353916953701e-01 4.190361620696721801e+00 4.625158093030021789e+00 1.408299491809031356e-01
1.023376693049103059e+00 1.431839698034464625e+01 5.860854597654411080e+00 1.946656366345037303e-01
1.764377388145075054e+00 7.129105174785296484e+00 4.027358242835802571e+00 4.238969718925288815e-02
1.357210325377659066e+00 2.677664704005474405e+00 4.224397230168046136e+00 2.507512856326095663e-01
1.062397954296225189e+00 3.001448701245625017e+00 7.312721762590594921e-01 1.236136765279661348e-01
1.475956465948793817e+00 1.037315975825869785e+01 4.826457823080165355e+00 1.052790461279142498e-01
1.897254511841376390e+00 8.368495697656396004e+00 6.268506803618826950e+00 1.834355925569817192e-01
1.298134712134364044e+00 9.374068883859923318e+00 4.765215708826161745e+00 1.481299485443270947e-01
4.126747780407049593e-01 5.429789034430634764e+00 4.554847325680267289e+00 2.911004605970541892e-01
1.410384332810655339e+00 6.290828426150924635e+00 3.712868907411115416e+00 6.772024074837285079e-02
1.032002961000962671e+00 8.429292209980411954e+00 2.910908173700303081e+00 1.751975858220090054e-01
1.967400413973619422e+00 4.679069271384442175e+00 -1.840291436288498672e-01 7.298986172459236144e-02
7.702087618063772068e-01 4.702204568094209947e+00 4.039789531155779656e-01 1.305525571485151026e-01
1.209580343441044370e+00 5.322715638546857697e+00 3.277787687755354451e+00 2.731840774297704666e-01
1.214160181114401826e+00 3.511460479941839186e+00 6.277975519025381423e+00 8.405909131772826282e-02
1.038224749633862354e+00 5.556092148377091533e+00 5.763467001099058962e+00 3.205778891307595885e-02
4.373907330311357367e-01 5.380433111461529805e+00 -2.885236606894565625e-01 1.991722831954086670e-01
1.979682635689802073e+00 6.853832325829841920e+00 1.494822392631048213e+00 2.003285314141448892e-01
1.070612261320774694e+00 8.805452113237880241e+00 5.566438494757806943e+00 8.434460278182885629e-02
1.982043691403835517e+00 8.777168387538822003e+00 -6.230867646207514099e-01 2.196538388907427475e-01
1.658026393061833081e+00 6.604764958227886673e+00 5.167635961248148391e+00 2.529653000783986250e-01
2.294900591352127872e+00 7.513436500624342429e+00 1.130458732485607687e+00 2.799462266140305688e-01
1.283672167850348211e+00 2.944492414453386608e+00 5.882429182149489399e+00 1.324230315933280777e-01
1.971886030358046549e+00 5.696897627342144332e+00 6.310037075285235275e+00 2.567237746915013163e-01
1.410704276087775710e+00 7.718893033373737111e+00 5.577070124599641687e+00 2.957935128968888217e-01
6.502331497818283346e-01 6.284363183104983541e+00 -3.289852249065445822e-01 1.142581869863953659e-01
1.176204781180213876e+00 5.169244714437555288e+00 2.108673695348600496e+00 2.092935408826296639e-01
9.867977547649778858e-01 5.042676523678855105e+00 5.961492649765172125e+00 3.500604777367553599e-01
8.864904846740068178e-01 1.147735734386263395e+01 5.549745101240872280e+00 1.883629858545548541e-01
1.109006896620690741e+00 4.599130543404897686e+00 4.684278524009887867e+00 2.144147160487458459e-01
1.469104029903642417e+00 7.517968618913474010e+00 1.448310524814946376e+00 3.077078015764098118e-01
1.640985296254050763e+00 8.254259313761584949e+00 3.024578494720032484e+00 9.907865131468102105e-02
6.110535157092340519e-01 5.562622331575761692e+00 5.582595938328479335e+00 1.927896116534611182e-01
9.561896779723105810e-01 4.584913670559235044e+00 4.760542875860773293e+00 1.188600810980668665e-01
6.352194020798261898e-01 5.204435094647775095e+00 3.986027487681051973e+00 2.545422858763596863e-01
1.733598087784129715e+00 5.888162360882585489e+00 1.820191714194289712e-01 8.787449012148497440e-02
8.735742295911195221e-01 8.441125410398054640e+00 4.324174940834399905e+00 9.557806980856461965e-02
1.723692311109125130e+00 5.346008244102971929e+00 6.676370793164992712e+00 2.600205247871714143e-01
1.090336912949534165e+00 6.416262162060847096e+00 6.087244132266549812e+00 1.663926323317597156e-01
5.941716503843332831e-01 4.600226421090685136e+00 1.899026941991148520e+00 8.220645590943620462e-02
1.745756583213058155e+00 4.416890735312508198e+00 -4.544121409001780076e-01 1.468289483396244544e-01
2.374349560827029748e+00 9.525015251431792507e+00 2.410840767821381903e+00 1.967728108482771077e-01
3.201518781880620113e-01 3.617503972246560284e+00 2.731262822557096293e+00 2.028016868084193958e-01
1.202759429260148227e+00 3.390916151977228843e+00 4.517567864236337272e+00 1.664904215929652043e-01
2.583413005837095433e+00 1.062983757402060725e+01 -1.389787181810833605e+00 5.498181148687186770e-02
1.668323325315323125e+00 8.731239936257125578e+00 3.397824954015109533e+00 1.297108526820849872e-01
1.034807956830346320e+00 4.047118203704674677e+00 -9.413703525697556529e-01 5.550453866079009535e-02
7.510254480510970554e-01 9.162261240872590307e+00 5.793971453246197889e+00 1.105372313950461760e-01
1.044014575036632309e+00 7.295740732196348333e+00 5.444742528787413605e+00 1.476632050181294620e-01
8.377218964946689939e-01 3.611379591540449407e+00 2.785062694046444243e+00 8.605237755475111938e-02
1.714262664020664628e+00 6.523823176731101903e+00 6.062007747705678185e+00 1.145468719631994869e-01
9.196853917384677501e-01 4.978174996980248679e+00 -4.822458391929236310e-01 3.112290780002778812e-01
9.287847244840714556e-01 6.920983867220238395e+00 4.753760687882556013e+00 2.436424935229268840e-01
1.003981184503450530e+00 5.794025031404789416e+00 5.885633638066011919e+00 3.463202670807436490e-01
1.014237771837673607e+00 3.689643072128023338e+00 1.408992171007153793e+00 3.062682613264827713e-01
1.306095869689770428e+00 6.787119857749331686e+00 6.681742400961496742e+00 2.251401816547639601e-01
1.548176392264677403e+00 5.644082029663692879e+00 -1.324980180624915072e-01 3.131797018762716434e-01
1.474929283135825164e+00 4.574961125850112609e+00 3.282765836216436917e+00 2.431630716571182571e-01
2.416094707008592746e+00 6.875180785763551405e+00 2.843506718216746165e-01 9.255927044313856655e-02
1.063893354171150163e+00 3.634066304018717108e+00 1.273368471155173598e+00 1.747359765257403552e-01
6.782719738194402659e-01 1.244461715698150428e+01 3.006377388315429222e+00 1.584109772508130731e-01
1.831595579788764194e+00 6.454979893976378946e+00 3.116881468195311200e+00 2.260522956158605157e-01
1.373009736724017493e+00 7.396749341449230464e+00 4.812496774989964976e-01 2.123658862193327779e-01
2.928985029066911494e+00 4.783364042287664653e+00 2.936359448329803890e+00 3.887302748579291728e-02
1.406074448825479273e+00 6.148308762594158594e+00 5.904331036624648199e+00 1.091009187312514395e-01
1.801201209111513268e+00 9.115452311768054372e+00 -6.884888440689667100e-01 1.882489527373391036e-01
1.263537538181226827e+00 6.918698594336451180e+00 6.223550194706954919e+00 9.792875751223388547e-02
6.445419974138101304e-01 9.212272610820651408e+00 5.345926008691380460e+00 2.985083853331816361e-01
1.409682685635220922e+00 5.698452211662255351e+00 4.424384230008175933e+00 9.361969351878252077e-02
5.282756178047932627e-01 5.566916285942577147e+00 2.139673070619084960e+00 1.528746674536978489e-01
1.206282024139508025e+00 3.644656897270462714e+00 2.122614936475717418e-01 1.894372946570327121e-01
2.365458212065512988e+00 4.287697716473839016e+00 9.645966795438550845e-01 3.382950884455702134e-01
1.074642711694060893e+00 6.731753481937265526e+00 5.548557718095665336e+00 2.117865454124571167e-01
1.597476279841249625e+00 3.770084049068739063e+00 -6.936802807475586086e-01 1.378632301447633157e-01
1.240552594854537727e+00 6.288464762501311256e+00 3.871388198612317311e+00 9.575071513434474380e-02
1.218008729505394960e+00 4.731902982939699243e+00 2.383626959115159316e-02 1.442602115960898157e-01
1.619366660111718703e+00 5.810904297231505922e+00 6.530322656757567401e+00 2.547858398960866633e-01
1.270205655747735030e+00 5.730171390307315704e+00 -1.398258191207914614e+00 7.108450281442783847e-02
1.661240158486752216e+00 6.597299165362735529e+00 2.988151259643159641e+00 2.360868610095885889e-01
1.210719573180680797e+00 3.035379052459763471e+00 2.199612145073675418e+00 1.496594618289451839e-01
1.307383750450452631e+00 9.698021204474317258e+00 2.547530304396440126e+00 9.670031167353033974e-02
2.191342109084050360e+00 6.078994272709881130e+00 8.746347004708198147e-01 1.983752094265377464e-01
2.930191720590977766e+00 3.223307934622330340e+00 -8.506625570641420664e-01 1.648331674929530422e-01
1.798228778995569321e+00 4.847951788307773846e+00 1.033441014778646139e+00 1.136874325452978673e-01
1.878821051187537394e+00 3.127635176715656939e+00 1.436014713623771533e+00 3.293694217813531999e-01
1.123857031081630264e+00 3.674028374028773136e+00 2.276190061230945361e+00 5.692023585708137767e-02
1.039340569105677403e+00 7.686396545550324255e+00 8.223339189084981626e-01 2.277473122182713250e-01
8.248553472100745854e-01 6.472878471349768681e+00 -1.690769892348471526e-01 2.704208712246529700e-01
1.086756236139503562e+00 8.002708530371737794e+00 5.463723565585685726e+00 3.114221289672400306e-01
7.510500270030783243e-01 4.736718175262367936e+00 5.670397129197790598e+00 7.816933188893704365e-02
1.818444826247825219e+00 5.071129796015583224e+00 2.805088168410263538e+00 3.540528181895961635e-01
2.329815353273620104e+00 5.538454240570393594e+00 -9.531747225834628079e-01 3.671917548140102294e-01
1.365743187471127662e+00 6.854766480970988063e+00 4.121065744092101468e+00 1.517919243395753348e-01
5.358102210569875012e-01 5.026831732535701036e+00 4.379106380576970992e+00 2.114374137363922435e-01
1.573683767104482767e+00 6.874182376611818412e+00 4.964591677781428070e-01 2.275010144028108972e-01
1.424877371535484105e+00 4.614249160904487113e+00 2.675638581969928431e+00 2.022790490741735447e-01
2.004426289252879467e+00 5.218263541219957169e+00 6.126796389603105908e+00 1.910849388336303689e-01
1.613614136421940515e+00 5.212982196926199130e+00 1.139850803643408295e+00 3.201953359425031564e-01
2.231477624912314717e+00 5.936971578052558485e+00 1.417442322064119020e+00 1.515519504282172303e-01
1.729308048362038441e+00 8.027826769365715265e+00 5.962276424698137234e+00 1.224237216743137846e-01
9.206052881113095943e-01 4.732966595741565641e+00 5.875658797607648864e+00 2.777633051963286914e-01
2.251018186414294409e+00 7.359922973551396908e+00 3.486235616847579877e+00 2.109677291176766389e-01
1.622646180316618114e+00 4.940611986197657401e+00 3.232930819626412600e+00 2.366975112568193707e-01
1.981398176613854645e+00 5.271493626544927480e+00 6.151678732512230852e+00 7.935100032890771149e-02
8.510667321803039309e-01 6.335580667753216488e+00 -1.708684582785950479e+00 1.092795855932089943e-01
9.950827906998251926e-01 4.348464907633566412e+00 4.474526801555118727e-01 3.879980384905521440e-01
1.932601703174647856e+00 6.018284641031932836e+00 6.428949296471746955e+00 1.429072115543565114e-01
2.009876817678399430e+00 4.001898718030831859e+00 3.649947721107313470e+00 1.558681054419353007e-01
1.101990880329983158e+00 7.922761010146345484e+00 6.341914567403295067e+00 2.533832411886832725e-02
1.016200321489508562e+00 5.065558716760917513e+00 6.016244916950375110e-01 2.165329550153876903e-01
2.218986250845652375e+00 9.836430589619070020e+00 5.797185275357451317e+00 7.613216029216574032e-02
1.966131253401014911e+00 7.087774088269235939e+00 6.240583049232354185e+00 3.485336319928097892e-01
1.287300458600670883e+00 5.741570103852041029e+00 6.383364709313078755e+00 1.343343864731461612e-01
1.275465573828767241e+00 3.882521155000598245e+00 4.651477400409232743e+00 2.711758508116653421e-01
1.110710889113154964e+00 5.269037293118459253e+00 4.617554088862181771e+00 2.138547645668373298e-01
1.567171726960078448e+00 3.554597250997662439e+00 2.021473136326132902e+00 3.476579415940420636e-01
2.158944911254465637e+00 6.966188603201249663e+00 5.059105673652799950e+00 1.907046646289115577e-01
1.575097506773971423e+00 2.598060209497299322e+00 5.266972954448851496e+00 2.096973218097399061e-01
2.270752186901623393e+00 5.579319177093845283e+00 2.995059859146102177e+00 9.416843821973025497e-02
1.656733996768263495e+00 5.673807020029347115e+00 6.183717961791290740e+00 1.356577000879989336e-01
8.631509713265081984e-01 4.582984369231724919e+00 5.530963789960415156e+00 1.520080024189000012e-01
5.539546240452060122e-01 5.060943886851961615e+00 4.783988854195154516e+00 3.175979234201853907e-01
6.009229636526535190e-01 5.946317721436666481e+00 3.983214674289883295e+00 4.857471793939040217e-02
6.638485787166510388e-01 2.265618854564271256e+00 4.488983309141167055e+00 2.557772812448901867e-01
2.167498224664044848e+00 9.175937450770957682e+00 4.065687646651284792e-01 1.858904714963514893e-01
6.946612411757639993e-01 4.004234534221769337e+00 -4.333757829734714573e-01 2.374049984474608521e-01
1.733026947429278319e+00 7.284774209261324351e+00 9.583579599422451523e-01 7.490798582549759721e-02
1.760980802316444604e+00 5.186457105607848561e+00 5.818788297359815509e+00 2.219273351307429476e-01
1.905540656900180485e+00 7.000185594856027649e+00 4.609882496583640688e+00 2.380038087710051320e-01
1.635321351765145703e+00 5.137225619664873122e+00 2.534666522868937122e+00 2.770156767997898339e-01
1.013611983311413001e+00 5.486592938622083970e+00 3.078837878848198262e+00 3.200776459616621050e-01
1.539995619146584671e+00 8.209737253674973090e+00 2.966358628007411014e+00 2.321138051828126880e-01
1.794993025028537748e+00 4.035681197272545262e+00 3.101488285362589359e+00 4.112736774869515388e-01
1.463257468640019265e+00 4.483234567896788647e+00 3.922971920384527689e+00 1.124774465542382890e-01
1.614830870771261306e+00 3.484923006269528223e+00 6.372441772282638084e+00 1.278857379227248958e-01
1.049616701725294421e+00 6.021661200138319181e+00 8.014664374893705201e-01 2.954922165943872914e-01
9.806562373725897785e-01 3.722318688377274309e+00 3.753463705508322867e+00 4.215075790966031910e-01
6.860396720408996618e-01 6.731592552212858571e+00 -9.736452791470013857e-01 8.016292961168786091e-02
1.385140946025290587e+00 9.343058294510750983e+00 4.479884514032557163e+00 1.806084881811632903e-01
1.273865167396305287e+00 9.163438052257438571e+00 -1.095187065888037381e+00 2.509940886225854872e-01
1.931656297080530438e+00 6.509859860763564043e+00 2.749598643128963626e+00 1.608908432583778525e-01
1.012581855122777652e+00 7.716691644932657468e+00 5.690107705243451441e+00 1.054409987900387785e-01
9.601172284848652483e-01 5.154845306465714927e+00 -1.680980665072892899e+00 3.391169689333666248e-01
2.342163888682207151e+00 5.364092188272331363e+00 6.291460356008060195e+00 1.929793606329691102e-01
9.274612904879753206e-01 4.122438513572015850e+00 1.438867424800943429e+00 1.115108508609853333e-01
2.741809661185817593e+00 6.532740837686572988e+00 2.094561149047829307e+00 3.690809256825312579e-01
1.588503520277416703e+00 6.753952345319545358e+00 6.087574792954606906e+00 3.461632543588386013e-02
2.372039337221459654e+00 5.183825046927661440e+00 3.030768925989061113e+00 2.976535544448006831e-01
2.521534760859089452e+00 6.163751742447757032e+00 1.802421144607885939e+00 1.483744461245207202e-01
9.903239958554670430e-01 4.108882400050053008e+00 5.790553937454756550e-01 2.465469350857839859e-01
4.313075326277742705e-01 2.738792968096986691e+00 -9.453412605502642396e-01 2.596590630460413052e-01
1.517719893199923398e+00 1.224764740488831727e+01 7.759045802541553183e-01 2.810354532857210486e-01
7.016433742689820452e-01 4.852841367428327501e+00 4.560375049661097968e+00 3.547570393379179121e-01
1.971324917376735764e+00 4.460745966887890823e+00 -1.847881045437901326e-01 1.407673312209248850e-01
8.296539732803898115e-01 6.680846044429359587e+00 5.633472178241906825e+00 1.797936439723579471e-01
4.864039181182379101e-01 4.893009361222651954e+00 3.413329368634435923e+00 1.417120397334569182e-01
8.203359773583517311e-01 4.878826618510956337e+00 5.996229364183182753e+00 4.471820836152404777e-01
1.047835168809384321e+00 6.301109019292255198e+00 4.215289256764429560e-01 2.227032710867550835e-01
2.354755276269597353e+00 5.163449155933044210e+00 -9.141361427136451834e-02 4.051265548402208094e-02
2.773415906708092571e+00 6.197551024512270246e+00 3.572970198814418907e+00 2.292951936363969989e-01
1.154703038698848827e+00 5.077645191710146833e+00 4.636806403158924894e+00 1.036789935524977668e-01
2.275039206569142713e+00 6.297241643965715063e+00 6.488606191758598207e+00 1.485543793998141404e-01
1.094975878561127214e+00 4.536898830805368377e+00 5.938321310725120483e+00 1.596371153730821169e-01
1.236888529516253277e+00 7.424056159355018281e+00 8.973237288496843655e-01 5.943501819419370891e-02
5.171681234609496469e-01 7.310951233032920271e+00 1.324736922800027195e+00 3.030297830818262650e-01
1.149689282530129253e+00 1.132976682865688289e+01 -5.241348508665244488e-01 6.013373510344526274e-01
1.995397908760996097e+00 7.803686065714263265e+00 2.645731477278155275e+00 2.772349121384798387e-01
9.409936671578248424e-01 4.959771330884429119e+00 5.703489668012752922e+00 3.407719657852282813e-01
1.749818886201547574e+00 4.577560356484286608e+00 7.013406170805835949e-01 1.390438837575949382e-01
3.343947726691058886e+00 3.362550827559777744e+00 4.251560299579373314e+00 8.424184054159883361e-02
1.387958831843853824e+00 4.693724040463949088e+00 5.885593852554894312e+00 1.681337129012472620e-01
8.548405993969302452e-01 7.798433790342016891e+00 5.349796230715545775e+00 2.557331516527217019e-01
1.177155849092238693e+00 7.087241831365674649e+00 3.904581175738896626e+00 2.205342972567335691e-01
1.194478595473329907e+00 7.412328751480977473e+00 4.755728646166643259e+00 3.941542382961954472e-01
1.661454824269548380e+00 7.074048844273218783e+00 6.579505011262545278e-01 8.004042161707292102e-02
1.001810473400287282e+00 6.167366148954441130e+00 -6.767600375870785889e-01 1.363890266372697613e-01
1.857599234730229920e+00 3.153226547964548487e+00 5.592181258247229891e+00 3.467459862368994505e-01
1.209158284177038301e+00 5.818660472673692574e+00 6.156427830997060369e+00 7.451838035931017401e-02
8.361936149577570143e-01 1.007898042065954769e+01 5.721881538532019640e+00 1.221208604556914684e-01
4.300584399470848695e-01 8.201496790745999022e+00 9.238581690087790399e-01 2.244261129749292594e-01
6.634376439248904633e-01 7.106320275790482199e+00 4.894933978755549475e+00 1.523885996887648919e-01
1.421437917951086982e+00 7.038618905000725512e+00 6.171442030075766638e+00 1.326292713392662470e-01
1.572915660582531849e+00 3.254454543156104940e+00 1.626089191150440927e+00 1.599831500995337052e-01
1.394618017998125348e+00 6.603859445833926145e+00 4.266096046326359748e+00 1.487843514695644798e-01
7.603857434440002283e-01 8.966377110068679102e+00 5.731236847391534717e+00 9.928671698691846070e-02
9.042327154487891372e-01 5.818974310830581587e+00 5.202924647268093672e+00 2.933806601719961271e-02
1.207376971486822548e+00 4.887648279541465079e+00 2.032586069287049213e+00 7.347824947726114275e-02
2.125994373405693416e+00 3.140510082069201125e+00 6.372919102077475806e+00 2.584771858942003231e-01
2.101252734826100088e+00 4.210454688939541334e+00 2.256023233307009157e+00 2.249174222020705050e-01
1.159959626262854204e+00 3.368460954071757385e+00 1.614935944819201108e+00 2.905693571046670531e-02
1.673722581244640573e+00 3.372803770205629714e+00 4.906107601532219142e+00 2.215917721945413199e-01
9.418479469495006917e-01 5.078040422216444583e+00 2.528283296180644513e-01 3.431291066535173684e-01
1.813332278777997075e+00 4.238669575495942254e+00 6.427714793953080097e+00 2.589909346441695015e-01
8.488409781493795325e-01 3.103036853063650735e+00 -1.056110771391027825e-02 3.168764911943304230e-01
9.760893941308868005e-01 4.610551661363912146e+00 6.054481056004826556e+00 8.327236923312333894e-02
1.951443218028363180e+00 5.845464636963240146e+00 6.332937124951425467e+00 4.482905000718773181e-02
3.376708843220227463e-01 9.991474812006131856e+00 3.050459051164831070e+00 1.733949171027031610e-01
1.030390972490999868e+00 3.789983138205613500e+00 3.691156350608893355e+00 1.840622819498220208e-01
1.222617066871767744e+00 6.865122234385563793e+00 2.896555032834853272e+00 8.305683756555790054e-02
1.533446904305274083e+00 6.203403501539796139e+00 6.393368873176050293e+00 1.086544770578974500e-01
2.747013902866493495e+00 8.255235395856614034e+00 -5.027334200749504767e-01 1.075380672925590614e-01
1.830158817428226170e+00 5.920353658254964735e+00 4.483105124057004121e-01 4.003662659035161497e-01
1.020001275925272788e+00 5.719845686513522764e+00 5.716878151068656599e+00 2.901610842466138540e-01
2.120135791100693279e+00 4.773858421156470300e+00 6.192211640258458161e+00 2.377755542846538561e-01
1.114048104636848668e+00 6.135069621821308772e+00 1.899046769242862975e+00 2.706185829885693339e-02
9.519169734206669453e-01 6.644251995594065541e+00 5.747135415326211749e+00 2.717111333392570049e-01
4.675662766334431897e-01 7.344728280232319939e+00 3.868828334417493409e+00 2.621591666837372880e-01
1.696572324038079671e+00 3.371522451928860686e+00 3.352993184853617858e+00 8.977158706087598472e-02
7.356133179332807748e-01 4.830963300743713162e+00 3.610247288017443879e+00 3.675103931210022545e-01
1.304102596976678630e+00 8.082821816804603543e+00 8.009226094820407482e-01 2.920361772989080729e-01
1.876688066038105784e+00 5.420333893131187963e+00 5.161567969312899962e+00 1.740486225692671751e-01
1.597225233236228448e+00 5.882348113303959458e+00 5.877699963434261932e+00 7.391810663915159008e-02
1.350209604693918264e+00 6.335658831605021746e+00 -1.204936032194479534e+00 2.429828192129001307e-01
6.643863645423671027e-01 9.093478318557998819e+00 5.238557399530200165e+00 2.205067050033598930e-01
1.214647660082485370e+00 4.259957462424772245e+00 3.095108014387632167e+00 1.845134335657613867e-01
1.048666304603887323e+00 7.715821586937589238e+00 -2.786589981504187796e-01 2.228973621859582366e-01
2.175461709424915124e+00 3.256593370978871693e+00 6.350734165573531875e+00 1.331851448847710395e-01
1.671748769260609668e+00 4.898161187522447335e+00 6.920904506896785602e-01 1.228744508463592566e-01
7.075393857503791128e-01 3.876580194676617630e+00 3.925340251244224810e+00 2.539581070961245968e-01
5.371290251695216567e-01 3.588465686733059989e+00 4.917536282625983191e+00 1.197568311232017207e-01
2.345407211840461414e+00 8.591486950871551898e+00 1.929522955151890651e+00 1.426495710255068772e-01
2.288052769711910628e+00 1.311516312859045108e+01 5.896487819557801657e+00 1.376620313277440721e-01
1.197244927561357031e+00 7.376888708666848871e+00 5.708242154691715697e+00 1.474919922283494111e-01
2.931819780718353030e+00 6.684679102133541662e+00 5.423948380249878021e+00 2.765142378736167861e-01
5.905770652086643757e-01 3.996448996105086415e+00 3.745796902216997459e+00 2.555019965199420984e-01
1.875798699906885192e+00 5.325911974635142876e+00 -1.352854840108221879e+00 2.030102231593163553e-01
1.949460548829055950e+00 7.488839557343648146e+00 4.757028849703738516e+00 3.345053105725225850e-01
1.951649164662207836e+00 4.168443620619230572e+00 4.534454777563111882e+00 1.906334967981526129e-01
9.133288506970653753e-01 3.900358897256803736e+00 5.428649234254256939e+00 1.542093675923834062e-01
2.448238181634464272e+00 3.831043369845692936e+00 -8.098233738177977870e-01 1.555627564223283077e-01
9.236099450600094851e-01 5.862785397265430021e+00 6.126012821416886744e+00 2.139297205031992777e-01
1.135878324042671084e+00 3.933373863344610921e+00 3.993182257871327412e+00 9.796266825826727143e-02
1.249273640158650833e+00 7.149313833107548533e+00 1.325336280796684196e+00 2.879002441842313242e-01
1.803806004229256965e+00 1.163661027316433483e+01 -2.350142442938667475e-01 2.024657813629463787e-01
2.767310110512834598e+00 7.340897197654062900e+00 3.596657868104161437e+00 1.591254626327014976e-01
2.166766506800061887e+00 4.728336760604785027e+00 4.774138245409170089e+00 4.551181397307651477e-01
2.116388810012224120e+00 7.209419147824997154e+00 4.679602088082853939e+00 3.854952572886438666e-02
1.665691981600588845e+00 7.517153393805377171e+00 1.597268926809494616e+00 2.350464609153455897e-01
1.058298328821219991e+00 3.836255171304872036e+00 5.164718392321374196e+00 3.344706116868071955e-01
1.987808197889241457e+00 7.220933019504352401e+00 5.546923336540272587e+00 2.354780337879996965e-01
3.376708843220227463e-01 9.991474812006131856e+00 3.050459051164831070e+00 1.733949171027031610e-01
5.439095898874587443e-01 4.341718280370582939e+00 1.679172575822258429e+00 6.398911826040368234e-02
1.015425458074625142e+00 5.605863507201451768e+00 1.800187219246969228e-01 1.435293156770158507e-01
1.721260003343120903e+00 6.537095401863611599e+00 -9.701429170104702848e-01 2.071500907772978739e-01
1.511603381957266068e+00 9.273056833490603168e+00 6.262089045958743050e+00 3.213740305759793525e-01
8.479708769195536400e-01 6.726527044428749491e+00 4.809179513083116753e+00 1.852137375952137566e-01
1.256634798771078643e+00 5.286666325403658107e+00 4.594758009784664310e+00 2.127014430347438090e-01
1.483715502160419142e+00 5.967028683565978042e+00 5.853186997278738701e+00 4.482762899398524126e-01
9.273691243417903074e-01 3.858958313599415657e+00 3.474426111584425492e+00 5.072604743131947647e-01
2.126414504611871426e+00 3.284272560132671881e+00 4.466351122470298307e+00 9.166372446429128795e-02
1.620986256356766297e+00 4.248283847170363003e+00 6.200216379851050341e+00 2.110103292564936561e-01
9.865906099171899424e-01 5.436807041382544448e+00 4.274613565721372410e+00 1.179520286448322575e-01
1.748214025747013345e+00 7.270925902631981685e+00 6.205990061450508577e+00 1.530033671521373317e-01
1.208805104880229075e+00 3.333000109690022583e+00 3.074552772369488540e+00 3.472289804344895758e-01
6.783109474164252806e-01 7.401867751318587985e+00 5.133113713795903976e+00 1.047214898650874471e-01
9.422456305788331488e-01 5.757206975482723976e+00 4.899237478147976610e+00 2.169271836627030825e-01
2.478311865748647147e+00 9.165349451016011173e+00 5.545999194216622463e+00 8.428690947633048214e-02
1.226888425461378551e+00 6.137370883191862525e+00 6.401911233967490844e+00 1.559419533357298548e-01
6.937288058322333972e-01 3.293045603302870994e+00 -1.612284361171223424e+00 3.207623641663340242e-01
1.091055318193547397e+00 3.840745493412794698e+00 1.265672990621840910e+00 2.415500040886437161e-01
1.248285003274717475e+00 6.227478204180489918e+00 5.816848338515215211e+00 2.227824988568500864e-01
1.463734657512461013e+00 5.402487643698040465e+00 4.895741326531376281e+00 7.647374902244147288e-02
7.216835709910269792e-01 3.168511091361573939e+00 1.782367629353007077e+00 1.809856467661177803e-01
1.351240636039490406e+00 6.739508162788098389e+00 5.608514539039418878e+00 1.079277468108183341e-01
1.738717738273590330e+00 3.929379696434529112e+00 2.761564314426337763e+00 1.227926996590531644e-01
1.482588691673425885e+00 5.072591350809966038e+00 5.375300914728279977e+00 1.930273342932635749e-01
1.349175446194856187e+00 9.428874308524951786e+00 -1.247919613091527102e-01 3.469325871477227929e-01
7.766007829759912218e-01 6.453251121953396563e+00 5.368187503831109986e+00 1.229595437920694145e-01
1.688607725611922961e+00 3.567984524623245779e+00 2.027019352591385992e-01 1.592705147729425175e-01
1.121679595285548059e+00 3.841245050953034479e+00 1.642769815989824300e+00 4.936870018723171077e-02
1.524903755118107718e+00 8.263826594285532678e+00 1.263621181205785149e+00 3.406093253060316073e-01
1.024015963705828147e+00 8.103908843656382643e+00 6.154801250451005679e+00 2.952927771713799165e-01
8.281003680073464324e-01 4.968860816135183711e+00 3.272084173000928686e+00 2.044044367260106632e-01
1.905698368074698834e+00 2.742908798005241788e+00 4.403870456252821697e+00 3.909384538427970734e-01
1.969744414350627526e+00 8.825081383255142242e+00 3.006436019720135633e+00 1.327197416725769408e-01
1.771995825320535900e+00 1.040567343449142967e+01 5.972448040965718796e+00 8.727935009054804683e-02
1.925243180224518458e+00 5.880610275363474138e+00 1.695062125056835178e+00 2.333336450428443731e-01
1.460656730864809516e+00 3.012153235859162503e+00 3.772045488222200760e+00 4.811539288272232984e-01
1.647811825466346525e+00 7.836032557157129652e+00 3.905854093203475763e-01 8.351777767512905126e-02
1.467986356426313144e+00 2.909448231099649007e+00 6.101594618544303295e+00 1.095217873491449306e-01
9.941593510027797453e-01 5.785928977136250317e+00 5.868754591642811214e+00 1.444629396256788267e-01
1.322894007018530216e+00 4.913774486411595532e+00 2.759444819916162306e+00 1.668514649578468068e-01
1.055641930996837230e+00 4.862483211913560588e+00 5.985099409721374997e+00 1.479407781685954659e-01
2.438199287490104172e+00 6.121226794211020561e+00 6.677874519508048223e+00 3.188094008061707063e-01
1.074785630642990597e+00 4.906410596234662691e+00 3.104578053939821114e+00 1.637605510333248748e-01
5.466987505984967077e-01 6.177480746120058264e+00 3.353756224593845925e+00 2.113114760046957696e-01
1.452969382197720316e+00 6.835561093043954983e+00 -6.136471237873810658e-01 1.049178139571607521e-01
1.044047088032726167e+00 1.100067342034215656e+01 4.855527399245510800e+00 1.235294025787342098e-01
1.578620529031867781e+00 3.954249426256819522e+00 6.238687026595775897e+00 2.770482038427624083e-01
3.260947526833624988e+00 4.796713465361065687e+00 2.952075943656835566e-01 3.305469915860925756e-01
7.684018865738250215e-01 6.643668139071452927e+00 4.512072173584060764e+00 3.384800261652737285e-01
1.009806738388783653e+00 4.200302271816219957e+00 4.854248587060938647e-02 3.209444377337539178e-01
6.429641956468967745e-01 4.034154071885216020e+00 3.843745970558264613e+00 1.547608055970493279e-01
1.700392995425862530e+00 8.541980250671945996e+00 6.120134163437598751e+00 1.352636568738595779e-01
2.655410775419918767e+00 4.789334973934966655e+00 3.785563773010619748e+00 1.541558614671441896e-01
1.153249895368049671e+00 5.801638534106598577e+00 4.346671965504503632e+00 1.359456291775018033e-01
7.987459532058279743e-01 5.225672856468004390e+00 5.411553719409717189e+00 1.418678717984268867e-01
2.151025206850423199e+00 3.869638139914796771e+00 3.627950002144021635e+00 2.260648973472486611e-01
1.002480791453457698e+00 4.908231380468278005e+00 5.450010540928412972e+00 1.254916576313362120e-01
1.230384170554424728e+00 4.219758974736101287e+00 5.376024073852485152e+00 1.219084798085957322e-01
2.067380155071789183e+00 6.645916886639728460e+00 6.252500656209776686e+00 1.069234185485384847e-01
1.062287458004030460e+00 9.084922951202141661e+00 5.477578259844062103e+00 2.677808783835362583e-01
1.517986144310139007e+00 5.510569536290720549e+00 5.593430818476258004e+00 6.536861022187627490e-02
1.092044006423710467e+00 8.312899016104156047e+00 4.015266058782772873e+00 9.539776126847321347e-02
2.023383342965242804e+00 3.638538782774773495e+00 5.333933975015391127e+00 6.059549945002161431e-02
1.067414887261283418e+00 6.726993188710883587e+00 5.339955760256238193e+00 3.761443548733939823e-01
8.932662117976670757e-01 9.876862411513560147e+00 4.394480187897830348e+00 3.460837172003179973e-01
2.574962906983827793e+00 4.239201642220343125e+00 -1.459816464113230960e+00 1.841733776102723874e-01
2.750268939891000741e+00 6.766681504990104123e+00 -1.772534423625421240e+00 3.003469717871008471e-01
1.035441479988227442e+00 7.199612046813157029e+00 5.734336613281506345e+00 2.087883095168459324e-01
1.980329296337163481e+00 1.321347230604017220e+01 6.473302094613464064e+00 9.596628322713410264e-02
1.585445406723530848e+00 5.238562883599241715e+00 2.608034187881855814e+00 2.199889909915686004e-01
2.041773870416105918e+00 2.985508297618759688e+00 4.631943810891455016e+00 2.612230574101779834e-01
1.266152694326307948e+00 6.690080828097849874e+00 1.908030888935458469e+00 4.227578803415206199e-01
2.079357403683788075e+00 6.492464146472950226e+00 -1.258997999539599455e+00 2.248935250864331770e-01
7.931853172919079986e-01 1.067308766079148796e+01 7.916332880787063653e-01 5.602327983254060673e-01
2.652374036661519607e+00 5.246577221739778807e+00 6.408963447237046474e+00 1.033582020080503344e-01
9.820878912051318466e-01 1.080200202644775942e+01 5.288108643751252558e+00 9.743360123709798870e-02
9.424400128305013835e-01 3.802853412106763198e+00 3.166253379230176357e+00 1.021583938501163802e-01
1.873089400519720282e+00 8.182685903954135753e+00 3.839374718612281967e+00 2.566652542518462199e-01
1.587611882780374906e+00 3.097659302003350934e+00 1.489546730376568151e+00 1.681758766474729105e-01
3.505481930014437530e+00 6.645128169686841169e+00 5.751289494712922057e+00 4.749447837858986055e-01
1.118457648936893589e+00 1.423472900445004541e+01 5.617516659224688347e+00 1.623031632713278771e-01
1.680106134601743850e+00 7.153294583604949075e+00 3.986114761319600852e+00 3.098299153984107601e-01
1.178039303379160296e+00 3.869829297667231938e+00 5.559475986682866022e+00 2.461218702951328274e-01
4.186582876638518247e-01 7.143914144701911439e+00 3.578383156483515570e+00 2.957837218059425344e-01
8.055943382650030404e-01 6.083652956701821601e+00 5.667292681257522169e+00 1.326755774649568120e-01
7.857539160060060812e-01 5.493142235285128905e+00 5.460296646766073181e+00 2.084883142951041712e-01
1.497854015356713031e+00 4.396827605242272341e+00 5.683752897574644081e+00 4.509704810748302872e-01
2.022625998818818882e+00 9.332221323680348846e+00 4.987463472986027213e+00 1.865565818028044887e-01
7.904784513437511650e-01 4.406930840617683032e+00 4.786270382153531955e+00 9.862688642875977463e-02
2.503895516339955218e+00 4.173028978535430866e+00 8.362633366201899232e-01 1.155009944170171943e-01
1.470509245930007758e+00 6.095917966938122490e+00 1.313159962513319901e+00 5.253919611160119407e-01
1.069687382427425337e+00 3.752256738228734179e+00 1.273160315726022507e+00 1.562129821764834670e-01
1.415008539717667269e+00 6.375033481508984856e+00 2.746830634328731868e+00 9.177637563241118623e-02
1.735876143838455343e+00 1.033302809065180305e+01 4.033976892702824557e+00 7.991681460486967092e-02
3.218312005012825772e+00 6.996526544295138095e+00 5.852633412928539336e+00 1.285941405604233423e-01
8.079747537905835886e-01 1.092879129103580738e+01 5.588027621927002642e+00 1.088134873538800368e-01
6.117792888112169036e-01 4.951796169590966024e+00 -3.962770610601100696e-01 9.480275537399875108e-02
4.398894582800648712e-01 8.892821308287832238e+00 1.979438755696421470e+00 1.936443252307102625e-01
1.672271147908605649e+00 6.322752640971103233e+00 6.049928277563711987e+00 4.110150069530970063e-01
9.059596144426361741e-01 2.434998332277873434e+00 4.900531778622176482e+00 2.978277686392779011e-01
1.480980793380675120e+00 3.227916936303023121e+00 5.658919625865224567e+00 1.198502462830259990e-01
1.785549467606680540e+00 6.240545636353560965e+00 5.933981234683948891e+00 2.043210466331252806e-01
9.525813537220332305e-01 6.008114848846337175e+00 5.901452840996999072e+00 1.444538880834998762e-01
1.241667321347849962e+00 5.989568911937881879e+00 7.136239195822822179e-01 1.239042361684476179e-01
1.583873554730448108e+00 3.284209002866526728e+00 5.314223832313140772e-01 8.024284927527784717e-02
1.142082411767949557e+00 4.963245568063845425e+00 -8.131266550117413061e-01 3.134339973131573531e-01
1.840844256404625234e+00 9.978839098569594057e+00 1.929176146735145148e+00 2.583885847392437540e-01
2.417746815179616426e+00 5.445560155156165649e+00 2.378625470582568235e-02 2.266583917332360976e-01
8.992868443551983448e-01 3.367977865065326704e+00 3.534755528480206799e+00 1.197573582320609065e-01
1.512017026212262305e+00 3.276719714275500461e+00 2.525437102477593676e+00 5.189537122769567745e-02
1.882458851005804235e+00 4.617730567421595822e+00 1.326336125742237471e+00 2.756808827087200431e-01
8.207597850897305758e-01 3.299206126877261447e+00 4.368765336008923583e+00 2.237732577281209001e-01
8.655663889249121112e-01 3.431886542881770197e+00 1.590526343006236409e+00 2.743721056375160172e-01
1.652713801678644234e+00 5.024562888055521093e+00 -3.233199175087020372e-02 2.917456340967846118e-01
1.347161421312052854e+00 6.951440230796318787e+00 5.029110270571536923e+00 2.560589569978956037e-01
1.265010380223708264e+00 5.828840574849721179e+00 2.754302979509126281e+00 2.005424621177264721e-01
1.335406129595779312e+00 4.551255383960429057e+00 9.930908741099195858e-01 4.907784256729774003e-02
1.976308463312926422e+00 4.344622896640967902e+00 3.764606664566322092e+00 1.167343680663093519e-01
1.762240484459389744e+00 5.774591440650628016e+00 4.126022610307075844e+00 3.379118540474357335e-01
2.078840901331001856e+00 5.903624577061554746e+00 6.133300193944549505e+00 2.621091574543813474e-01
9.158952821403223421e-01 7.564911087167799586e+00 5.494251980693559467e+00 2.247036927818827634e-01
1.340959892518142738e+00 3.086202267027285728e+00 2.700672044830440655e+00 3.064589076999438833e-01
9.409542543301686601e-01 4.085808444086818980e+00 5.755771009574995212e+00 4.712983814977993180e-02
9.439755272824883470e-01 5.587630931394482303e+00 5.210581163270632032e+00 2.843058820086045713e-01
1.470276616729388364e+00 7.144052077539141621e+00 9.540362400476903870e-01 2.291904996607151135e-01
1.812542711478666524e+00 5.707943773478231009e+00 -8.509476531064319449e-01 1.999457284585978989e-01
1.222042456519703446e+00 3.465522659682511719e+00 3.441276071424264060e-01 1.989707469150542307e-01
2.597910523458379917e+00 8.234894574232408004e+00 -1.316478220330567606e+00 1.846685017026700737e-01
1.664580249944264567e+00 3.019442121855310468e+00 -1.221543628426250194e+00 2.430177686984468788e-01
1.286955536431037883e+00 4.700406059141671200e+00 5.786262352920147123e+00 2.358013503169676395e-01
1.225355197767191040e+00 2.379482026928496197e+00 6.151047934954910978e+00 1.162784492057268304e-01
2.145554053097546543e+00 5.030233023550978899e+00 2.025023501898777223e+00 3.050071466388596386e-01
1.446276660131868397e+00 1.844185082956270705e+01 2.171012323656359211e+00 1.542566207601643868e-01
1.340606592164657940e+00 5.675862633142687130e+00 -8.102685304989196702e-01 3.350667801503441900e-01
1.749641132558765522e+00 7.240521791771765692e+00 4.954444448304701432e+00 3.503266498679187824e-01
2.080361551140550880e+00 4.007844113253663743e+00 6.013771122846977235e+00 1.753628817934633766e-01
1.243120640895431617e+00 9.897928774754891634e+00 1.567727252042625530e-01 2.650635760102243998e-01
1.639225713785343652e+00 4.054122751917863532e+00 3.745740828468201222e+00 5.032008582150095943e-01
1.330321613162797956e+00 3.485562461665080658e+00 6.399433827118454765e+00 2.660338477996488926e-01
2.397841077411857924e+00 4.216426541643285120e+00 -1.218586881535414390e+00 2.766396810109540971e-01
2.594833062314832794e+00 6.388642320936058105e+00 2.211204124843436869e+00 6.985154659772954688e-02
1.678164782418338330e+00 7.834057971139197107e+00 8.727904734045348611e-01 3.080269428803807941e-01
1.404485419891047471e+00 9.971135012745303783e+00 5.262578279514453783e+00 2.937917223334893246e-01
1.817094911310354055e+00 6.222781904840241296e+00 2.238426246168514488e+00 8.703970427243855335e-02
1.324394563647547596e+00 6.047232537303576905e+00 5.927217352767850223e+00 9.300494702544069570e-02
9.435074422126134008e-01 8.451613278555781150e+00 1.003881521811370803e+00 9.690020705295208925e-02
1.639324073638958268e+00 7.757314498302971373e+00 6.588202015479893703e+00 1.965643032060877538e-01
9.569327261768496573e-01 6.289961275129295259e+00 6.040352641834512148e-01 3.602415817801429831e-02
9.553237213739751432e-01 4.794933275505582237e+00 1.522994107424705756e+00 2.770483667423988550e-01
1.017130164827766414e+00 3.359706725071800903e+00 1.922712797595423684e+00 2.867289965668360918e-01
2.301436973290091448e+00 5.348990378343054353e+00 1.593884674340313889e+00 1.997748917280697811e-01
1.595623852672513721e+00 8.031813823435875577e+00 5.332507337488124222e+00 2.837640111604692317e-01
1.427385279129748108e+00 6.163152634603250135e+00 -5.723252000413817653e-01 4.606030371119719247e-01
1.403388788572678569e+00 3.568682206977980886e+00 2.447567040100151470e-01 2.386110339637791400e-01
2.454833419924244975e+00 6.752943015496348345e+00 3.375548270086884628e+00 1.275462003732965588e-01
1.674178486202526628e+00 4.203535643089290730e+00 5.163564952003842912e+00 1.864907480813555174e-01
1.257233784631798912e+00 5.549050656749329846e+00 3.794420619014337692e+00 1.731959309098871358e-01
9.243621992463161297e-01 5.379360927739122111e+00 -1.221611774158007702e+00 8.130659651228680507e-02
1.112767058135796461e+00 2.801486230723115867e+00 6.290422641219142186e+00 1.062076331060705925e-01
1.686089871272717922e+00 5.622729839522460082e+00 5.036075555578375607e+00 8.093295971465787331e-02
5.975197068665587530e-01 4.448981814797581258e+00 3.337040852819917802e+00 2.923179916818222646e-01
1.573578861677912499e+00 5.120406408406169341e+00 -1.281360492399178597e+00 9.561401320179074848e-02
4.987275761241436456e-01 5.759058878817889138e+00 2.805309732212160512e+00 3.667149926679197369e-01
3.336305245111379492e+00 3.575071616732979241e+00 -1.362818989129539693e+00 5.327942977168796668e-02
9.899142703446278668e-01 8.029342087171773557e+00 3.673419604555696605e+00 1.156406105327850986e-01
8.066686137625964648e-01 6.041205916125956144e+00 5.905119909111869347e+00 9.947769690828020539e-02
1.405136853199778990e+00 6.045785055441641909e+00 1.857495505682699832e+00 1.624080545915661533e-01
1.785959955296092749e+00 4.876929886524368207e+00 -2.838874042987628021e-01 2.727452135289674118e-01
2.555674551769928637e+00 4.203946589967499925e+00 3.627055269632014411e+00 9.141425158504251636e-02
1.616106266013902948e+00 7.110910858137979851e+00 2.570114272452843629e+00 2.116547721771296353e-01
2.348665157537968007e+00 1.269282759031051455e+01 6.256213801721316692e+00 6.376925322223617187e-02
1.027997543787797508e+00 3.143407930441603160e+00 -1.576070116487523709e+00 3.658910580623203068e-01
2.528896895067350492e+00 2.503687009826726317e+00 4.680629435767079904e+00 6.926254667393119679e-02
9.359473221047820424e-01 3.921622298751360702e+00 -5.489415394214960386e-01 5.607345389080070630e-02
1.610563339266414928e+00 3.470108785113605876e+00 3.722325760063132538e+00 2.706384040903636601e-01
2.216792098707964787e+00 2.916630053180651050e+00 5.850264613905619804e+00 1.832831927662000870e-01
1.540239180010318787e+00 6.588420472092289870e+00 -1.415997046985106200e+00 2.462279777135499836e-01
1.547078549008381820e+00 6.573047820474013037e+00 2.392274220884260227e+00 2.178891391973088176e-01
5.596830214098026390e-01 4.359149691976194063e+00 2.928911224139892688e+00 1.584281632665806572e-01
1.939410190031580106e+00 6.655300351715631280e+00 6.557706606017097428e-01 1.992472972583298751e-01
1.173180410838162935e+00 3.814833010960327009e+00 1.069073175186937119e+00 5.750984633397814016e-02
2.580576951892502802e+00 8.680414355349231670e+00 4.220360935123698809e+00 2.578688054732188317e-01
1.280543803171600103e+00 5.815255765797987308e+00 -2.071952813607282895e-01 1.000999651594959017e-01
1.623418317986632609e+00 8.943866381741411686e+00 6.277429926993304932e+00 4.407498398467141199e-02
9.660130170148245599e-01 3.538027251775488935e+00 5.731140151237609004e+00 3.749122359028432827e-01
2.428286779903701564e+00 5.247112664105799240e+00 5.262460528939104876e+00 1.552089173065491490e-01
1.852699096594679684e+00 6.586062405288620525e+00 2.938674910122372808e+00 2.181337542304912780e-01
1.338655312000357256e+00 6.048911144194354605e+00 -6.161047030134465530e-01 1.224317680939717295e-01
7.852730682656383632e-01 4.685908706063699469e+00 3.011242508135889118e+00 2.606632175867148460e-01
1.166294080642605868e+00 5.281715498869615999e+00 -9.930182411029602196e-01 2.484289834160362254e-01
8.264165972092447632e-01 6.307054427282188236e+00 4.069164863128617249e+00 3.369793951952005928e-01
1.381332550558207695e+00 5.079153393643990988e+00 -5.193683187447104554e-01 2.193447754332718824e-01
6.898004029767286216e-01 4.423535083440249593e+00 8.366130099470222570e-01 4.159231124596143858e-01
1.348227112104552372e+00 7.635792447890903389e+00 5.041118677267617976e+00 7.284211395605044714e-02
1.083527289922504799e+00 6.835834197542948409e+00 5.743136961794680140e+00 1.296043226738425869e-01
1.601798691693938625e+00 9.213520522935979784e+00 1.184509810951327013e+00 7.594417211822294955e-02
1.501716433859801469e+00 5.531037620514832831e+00 3.438981983726385749e+00 2.946795785915915511e-01
1.389818711655406380e+00 3.188478015128529464e+00 1.118404479455212375e+00 1.366245580657964864e-01
1.185977421799902842e+00 5.182252971664468078e+00 6.247200212227482119e+00 1.819749497398928106e-01
1.159733057810175660e+00 4.761093949263465852e+00 4.826117776608235488e+00 1.824298667569265453e-01
2.179236465551122048e+00 5.434765190231701126e+00 -1.659530810243443621e-01 2.907734985942047046e-01
1.451336120078453362e+00 4.797211407412899753e+00 2.742396959673396140e+00 2.206893445368540985e-01
1.254241599929855289e+00 5.341219937102714255e+00 6.254899411024794631e+00 9.973257468304655426e-02
1.273554473360186012e+00 6.253279602341663690e+00 5.969428811339114738e+00 9.144122614395353010e-02
1.400668760431111215e+00 4.662707681112551406e+00 5.633848596084725990e+00 1.575169976600873933e-01
2.021830052416623502e+00 6.758074351833117888e+00 2.097558068406268461e+00 1.173960234833719973e-01
1.300525380501833528e+00 3.726587187432293113e+00 -6.220622103603646869e-01 8.688600909974959763e-02
7.608584799387660969e-01 5.129350955903086096e+00 -1.841947852497245908e+00 4.794040876113206395e-02
1.906945942076356149e+00 7.453495783786981299e+00 2.849913565013421302e+00 2.732405703125638796e-01
1.105642698615318498e+00 4.203076027135131731e+00 4.607055441435281118e+00 3.942989872033954568e-01
1.755197022283513153e+00 4.361405192454523849e+00 7.625504974521285506e-01 2.666283785705995668e-01
3.019060352871699937e+00 8.387862469176985414e+00 4.519437994527605085e+00 3.500160270930630646e-01
2.093039307442545738e+00 2.417593292577087549e+00 5.766396883746798707e+00 6.453925689840650515e-02
1.050052455846928190e+00 7.970042986141108621e+00 6.170487530800162546e+00 1.208152794026031013e-01
1.931259726635312424e+00 3.611671107637885125e+00 6.346851313213536017e+00 1.585558564793020375e-01
1.554923148803203592e+00 6.571392217294359739e+00 3.322227881101272651e+00 3.318693816987446921e-01
2.298172862267665373e+00 8.253760602704279137e+00 -1.705260644104640289e+00 3.365043168753077407e-01
2.161642244779937716e+00 5.786144048589638267e+00 5.541414728764352260e-01 1.761341383520202142e-01
2.410537309288255603e+00 3.704333246696750237e+00 3.071306698770708721e+00 1.079227212151080001e-01
1.476012321150606210e+00 6.064962390384423863e+00 1.376427872849663947e+00 2.507510416887126503e-01
1.334853270587094132e+00 7.097456222665478265e+00 3.551353109002358011e+00 2.727231984302452839e-01
1.392223979980954818e+00 7.265495189974584100e+00 1.586782396150156149e+00 5.955317109622444427e-01
1.690390491457765432e+00 5.385778492870290535e+00 4.021277973961197461e+00 2.346885458025451399e-01
1.598299304208250282e+00 5.490687392896423269e+00 2.511804099754074926e+00 1.423445053269480620e-01
1.260259010540027091e+00 1.090737558662709894e+01 -2.599487841236227670e-01 5.687686958556438244e-01
2.213122796847919016e+00 7.251598239139078750e+00 5.595980517474695048e+00 2.147799883206286675e-01
1.007283326633654941e+00 1.202141281397617334e+01 5.726234511892084322e-01 1.778437664163788068e-01
2.261522451854061977e+00 3.101118719702478987e+00 6.412869635372807409e+00 2.604837673065529824e-01
1.007607310046212623e+00 9.862568118597229372e+00 1.934043884755278997e+00 3.884979698399336490e-02
1.094207970312962130e+00 1.021265403137841332e+01 3.551532242691416208e+00 1.409801152574400862e-01
8.700851026644352837e-01 3.555102352014093192e+00 2.968070658875062051e+00 4.316863593469530413e-02
3.477749324740132320e+00 3.727364971047809394e+00 6.513204845256915121e+00 2.035523137682608286e-01
1.324854804246404116e+00 5.849931873720349174e+00 2.936438171729360391e+00 1.472819301804035030e-01
1.113404274963289975e+00 8.535588614070674041e+00 5.112085516063714863e+00 8.964002083454873648e-02
