# Hierarchical MCMC downsampled to get 500 samples: alpha, mu
1.218802884821734045e+00 3.495146647454659306e+00
9.960486488990072385e-01 1.609322211496918786e+00
1.951041447305630117e+00 3.151527677558648044e+00
1.331377233234002588e+00 3.176191012454776974e+00
9.859376107552747515e-01 3.958914554847045686e+00
1.187599924270755336e+00 4.287553017046677795e+00
1.573682337029184586e+00 1.637883615472435661e+00
1.151596793528090634e+00 5.125920178875259303e+00
1.396200518503745602e+00 4.438420358886064676e+00
2.596820785047942781e+00 5.792768490776863288e+00
1.593043819626309254e+00 5.432245390177255828e+00
5.156098384635399157e-01 2.759932219606327841e+00
2.142441351569446262e+00 5.022431954566897616e+00
9.666659072910452899e-01 4.589151639738747512e+00
1.886737166426192269e+00 2.377029127280879950e-01
1.765820539486018026e+00 1.241674051160555958e+00
1.883815576501632005e+00 3.671926243838461446e+00
6.478994180430149852e-01 2.854531825927217881e+00
7.157250556078128545e-01 4.139002982913598139e+00
2.674387159290512184e+00 6.030024072945259661e+00
1.437355146127307304e+00 2.975995422710908667e+00
9.162602877324504957e-01 4.197405249081228362e+00
1.136894506667995408e+00 4.409950041025900269e+00
1.599357684636532939e+00 3.161787978667280896e+00
1.600402310234902536e+00 5.756762124218822052e+00
1.276683002802203593e+00 5.236323174204954078e+00
1.480867355256357154e+00 4.661415869147718105e+00
9.433423803139109332e-01 9.164421514088758602e-01
1.055044581168384177e+00 2.980658290504514696e+00
9.921166760061287393e-01 4.180040879737179971e+00
1.494398572895531796e+00 5.365593668654252468e+00
7.185655962159578358e-01 3.154925142354447321e+00
8.476563850678556777e-01 4.820532065944916233e+00
6.314847644980621233e-01 1.695847422489804135e+00
1.686831155445792874e+00 3.202935647924697093e+00
1.377534246931077622e+00 5.470590023873979746e+00
9.191456250011729168e-01 3.333819175749483499e+00
6.920757327841742246e-01 3.586252859350714139e+00
1.070085006069757760e+00 4.555091202801470729e+00
6.965655359956223203e-01 2.802448877433560082e+00
2.043680083708135253e+00 4.909045656907446542e+00
1.901021666418184486e+00 2.054849352392315698e+00
5.903496501633554994e-01 3.455426900870801177e+00
1.354110899342470864e+00 4.399209517910788847e+00
1.609788891781035236e+00 1.636494513481022928e+00
3.903761707426096628e+00 6.515495313004140421e+00
1.813206289933128268e+00 8.055414082007748000e-01
1.898692717158351195e+00 4.995585845075085629e+00
1.634222688165158033e+00 4.752742198444861899e+00
7.464969299383242829e-01 3.132956439929071912e+00
1.902625424686215538e+00 5.221797180005360417e+00
1.784390416335629448e+00 2.425383285960085900e+00
7.662202238374995478e-01 3.635955853324741138e+00
1.360630209582969430e+00 5.234710594421655649e+00
1.449655545548004465e+00 3.320017519592947330e+00
6.828916979739818593e-01 8.033195205508592007e-01
9.725325479659854278e-01 4.412147844089274074e+00
1.421319179410604372e+00 3.726329384260706590e+00
1.613231144669359463e+00 5.328716056015813329e+00
1.032180058552812252e+00 5.045439820474571846e+00
2.251220564655671108e+00 2.791444896959673461e+00
1.814990165489776208e+00 5.920626928891824292e+00
1.638829549027599253e+00 5.195499660442537859e+00
9.325750448566461070e-01 4.284909923616943672e+00
8.920720398898293046e-01 5.149843254210752619e+00
9.978167231150983918e-01 2.833984563931958967e+00
1.894707349530643015e+00 4.913783416145157013e+00
6.829296754035506511e-01 3.935794168223293088e+00
6.532082993831032081e-01 3.896230316795797677e+00
1.138653919517019109e+00 4.472611139121572599e+00
9.915140343521177124e-01 2.977651843366479589e+00
8.837760053497127899e-01 3.694843342677740949e+00
1.697546813719146730e+00 4.748117940204970466e+00
1.356688401456837001e+00 5.615904212412584862e+00
9.502065137723975097e-01 5.036427966139592982e+00
9.569700762296357022e-01 -2.467005522234400061e-01
1.742641938620077102e+00 5.160330973113363306e+00
8.653913932098847850e-01 2.915329855637446066e+00
1.071832365281403687e+00 4.518963076893317776e+00
1.333098877901704116e+00 1.152975631690428715e+00
1.301614029902476766e+00 2.954904017264996963e+00
9.443033786991251732e-01 4.131258524592039905e+00
1.479273779835500235e+00 4.729078806490290887e+00
1.062738293802697020e+00 3.101555592215650137e+00
1.122596322976686434e+00 5.307470845722158437e+00
1.712035009566190702e+00 5.916081951903112923e+00
1.027703068309562262e+00 2.882885971293014382e+00
2.098826500046363286e+00 2.992965208335170324e+00
1.237529480622246991e+00 3.161558855961219994e+00
6.878119947293308556e-01 1.572705268433754355e+00
2.020201594186965988e+00 3.299073148714060100e+00
8.510631154476560045e-01 2.572921734118187143e+00
6.960039989312138964e-01 4.748541044522175625e+00
1.823166722201652545e+00 5.707317378957210252e+00
9.056361770166974079e-01 1.851742542303922878e+00
1.165196936140281192e+00 3.257425310169432819e+00
1.406708517074077625e+00 3.885307037389723828e+00
1.072392311976277268e+00 4.782390676156043519e+00
1.320563223628775651e+00 4.091824027441204770e+00
1.053119738014036022e+00 5.532601771527003720e+00
1.227013789900665675e+00 2.104423218510746985e+00
7.949403545012347916e-01 4.010933291265263101e+00
1.642910362259061952e+00 4.896959264350866370e+00
2.406476772678550979e+00 5.610085881174149414e+00
1.972848272734163633e+00 6.544628048950917432e+00
1.987821662525950162e+00 5.817709005372337039e+00
2.504250928622997474e+00 6.120588983728460164e+00
2.550358394057392175e+00 7.580292194765710923e-01
2.206385354284154943e+00 2.863642528775450558e+00
2.346624001129038461e+00 4.420392698064766535e+00
6.376988502924585411e-01 3.730536900452087856e+00
9.047843254939070823e-01 3.468397733176877828e+00
1.237297234015899638e+00 5.242188944624651015e+00
1.119022043428977931e+00 2.372951859851995415e+00
1.360964870174405927e+00 4.717793762930456047e+00
7.476609439693354675e-01 4.133576105689656721e+00
1.518844300559804461e+00 1.173172825417989174e+00
1.717668370109026510e+00 3.471998094384580291e+00
1.563862036934854816e+00 3.088049772141605587e+00
1.473469428068263865e+00 3.618722685756968538e+00
2.186154786252806570e+00 4.656404930463359904e+00
1.292085835770161673e+00 2.348526452084038318e+00
1.030167880559752502e+00 4.887762298299080044e+00
1.666873612104998514e+00 4.605222715860874949e+00
1.068290474121519784e+00 4.709402739451733488e+00
3.283561424602064793e+00 7.577861201890079279e-01
1.479273779835500235e+00 4.729078806490290887e+00
8.998650184507360761e-01 4.493430227287512402e+00
1.279046364649115919e+00 3.426880222861867775e+00
1.009838434590179190e+00 3.313830138929939828e+00
1.671589642271912757e+00 4.757317792907563181e+00
1.836281350177914495e+00 3.847714238743684234e+00
8.259108857541171966e-01 2.323741336440402261e+00
2.377192207406530589e+00 4.987676813740286264e+00
1.105745261461895446e+00 3.147618000200465893e+00
1.679780943536561821e+00 3.377970276326188070e+00
1.791872004953547037e+00 4.819646371881732172e+00
1.257708807724968736e+00 4.573774862160631116e+00
1.558512480428202451e+00 6.004047225163160029e+00
1.238654157887098872e+00 4.394111182128759729e+00
1.348270753256058052e+00 4.475230899387779182e+00
1.357632153360596838e+00 4.699945907377728105e+00
1.346424877821332799e+00 2.562437700396132279e+00
1.560017934072388979e+00 4.324391839697890205e+00
2.013435027486333073e+00 6.066332430063380521e+00
7.848835421672647472e-01 4.603972961581534129e+00
1.643118237943349325e+00 4.912153574350281993e+00
1.160761398805052025e+00 3.036116885853128000e+00
1.290133807219024709e+00 4.616979089397759140e+00
1.699903461830188478e+00 6.116713347798389933e+00
6.513425291905855508e-01 3.925398365970270476e+00
8.956947566712761821e-01 3.219833903506716499e+00
8.724731838079484714e-01 8.168932141181937112e-01
1.078396558145946704e+00 5.129369713418350685e+00
1.212615156031197738e+00 2.814010470944265041e+00
1.028649807935888560e+00 3.938426546059459188e+00
1.538110608701351856e+00 6.677136854373186825e-01
1.520842697983958658e+00 6.146049307165379894e+00
1.135121967497844553e+00 4.993168608415061271e+00
1.318560700479709302e+00 3.621505753621066859e+00
2.206701738987788985e+00 4.908665068889415117e+00
2.187222776787470568e+00 4.788971920196489762e+00
7.864397587162357262e-01 4.854620811310628170e+00
1.500846625720442473e+00 5.737721550727481912e+00
9.373608460643608753e-01 4.889027189556879982e+00
9.736008974258559823e-01 5.398709658890685326e+00
2.651841374592153855e+00 3.625324841881511606e+00
2.106258383484670205e+00 2.625220356375866704e+00
1.102189104721243318e+00 5.089587492996868079e+00
2.031254444993563890e+00 5.813939422396434686e+00
7.131555681893788634e-01 4.673180056935843041e+00
9.931277835028420320e-01 2.882827645690173135e+00
2.314378678316391547e+00 4.652899399416338788e+00
7.721796772327085279e-01 3.936579220354252673e+00
1.047663358281366364e+00 2.523893955281663715e+00
1.112845509007024614e+00 4.906533737816727303e+00
1.856804844470238969e+00 4.981809424667265063e+00
1.307267288273998851e+00 5.447477346780561724e+00
1.454745272077064167e+00 4.703058468648873891e+00
2.360109665860266492e+00 4.397986934242621437e+00
3.511414985025551161e+00 2.444344535454917811e+00
2.046603603881337108e+00 2.307947340941452374e+00
1.111104162394623396e+00 2.739474452764500079e+00
2.661032315608269805e+00 4.460394145013415468e+00
9.869850341306400932e-01 4.008503097341098886e+00
1.105535157719299111e+00 1.201025186588974281e+00
1.939518327589073943e+00 2.399228286389628817e+00
8.329960202968971217e-01 4.457878976061659060e+00
1.090629322985894767e+00 4.310220713213942290e+00
2.076502821019510225e+00 3.175212791262682077e-01
9.027047555369196452e-01 5.159957811981348286e+00
2.305995716729916101e+00 2.104901361927920433e+00
9.878931197682799814e-01 4.084920893200670200e+00
1.444885344805679539e+00 2.050765021104586694e+00
8.947052378855423482e-01 3.961572990366303504e+00
1.921474881632852849e+00 2.149501715351275877e+00
1.029102298214974454e+00 3.922721359613109637e+00
1.473474450651370837e+00 5.806887631964381846e+00
1.292085835770161673e+00 2.348526452084038318e+00
1.203707845318032321e+00 5.146732827658510701e+00
1.793501903484901572e+00 4.306539203744849331e+00
2.809227450255177949e+00 3.560090248512976618e+00
1.507935276377354361e+00 3.811825672092975292e+00
8.469327065388948528e-01 1.290346560530146514e+00
1.582065856534296877e+00 5.812355019393000255e+00
1.186058132232258977e+00 3.613142030294385521e+00
1.574618760034763643e+00 5.137258172265886103e+00
9.225740560624057229e-01 -1.165926606183141034e+00
1.741936782875822987e+00 3.229237972336217233e+00
1.593525951466150170e+00 4.481557120641332048e+00
1.346846499619436699e+00 5.556440860909233947e+00
1.190311683194208436e+00 1.650749039746867819e+00
1.479082866984187117e+00 1.859018725137332684e+00
1.200288745233544008e+00 4.478458860792299490e+00
9.135139029759331564e-01 4.707232563952208793e+00
1.328814415551729855e+00 4.080423293468570911e+00
1.025100913442417827e+00 3.807003281140881157e+00
1.252613312618163999e+00 3.107300911442070657e+00
1.769372066750076078e+00 4.305698263893982691e+00
1.016799457544804719e+00 3.496419691913288830e+00
2.469035664054616497e+00 4.470891576824961966e+00
1.245455812616850011e+00 4.574345632163491437e+00
5.272131576109151396e-01 3.430027999455890431e+00
7.509421757677392506e-01 3.921406641333011311e+00
8.689031241246634174e-01 3.497756098824887250e+00
2.035737568461027713e+00 3.924643553362649584e+00
1.141211442052960878e+00 2.236586417989967934e+00
1.612610359367130819e+00 4.805841045079993101e+00
6.832349805110697893e-01 4.334058394039057127e+00
7.786990672659072077e-01 4.697917225722975765e+00
2.035893209978214546e+00 5.276905533352801214e+00
5.331981192796466651e-01 4.181695136555852343e+00
1.512700265802822797e+00 5.181633342286950494e+00
3.584962421293879764e+00 4.248427029593422333e+00
1.384246355494598513e+00 2.737867603365181424e+00
9.256988347667884920e-01 -8.348749373262120965e-02
1.292643260048015108e+00 4.458767342642486753e+00
2.459665927174549793e+00 2.938660017188217566e+00
9.655033175690359570e-01 3.887692794182727951e+00
8.801657084115783736e-01 5.757067248011917826e+00
1.145215208433686405e+00 3.644011199733963036e+00
1.385290218876286117e+00 4.873753186284410788e+00
7.844729191354127273e-01 3.130487839249058268e+00
8.928866759762457139e-01 2.749738697633560491e+00
1.555130604721179921e+00 7.418420972887755926e-01
1.472033327321751184e+00 5.307430783240493888e+00
1.593124915128663499e+00 3.467718914996245072e+00
1.192393866184388918e+00 5.067327614828537108e+00
9.844750911242857727e-01 3.952669995594740637e+00
2.988444775303029655e+00 6.250149833353672690e+00
1.518174157072319064e+00 3.972384168638908530e+00
1.362883549210243794e+00 1.531575880533463829e+00
1.318818409692169347e+00 6.882652124105304026e-02
1.530413067362448754e+00 4.397695028321499500e+00
1.640036620820596536e+00 3.416654411525735568e+00
1.331832323346741065e+00 5.043356937889295288e+00
8.991113809514487132e-01 4.650995676654956057e+00
1.612833636143345517e+00 5.335900807624169850e+00
2.342051797114643286e+00 4.438106462340046576e+00
1.200104627309063865e+00 4.007941314213280037e+00
7.948303641156821975e-01 5.561544845402892179e+00
1.784390416335629448e+00 2.425383285960085900e+00
7.716994596263859751e-01 3.968900219640898008e+00
1.553688356557119565e+00 4.479508094260623352e+00
1.562659768575672459e+00 3.199295144886574960e+00
1.531682329024989908e+00 3.899905542376922440e+00
1.187943203904994416e+00 5.630777108938552544e+00
1.240679592412428978e+00 5.363804965363565103e+00
1.079887481920282832e+00 3.682391543685961111e+00
9.650157022121593764e-01 2.513963793493446452e+00
1.721116597570467421e+00 3.585312691350611036e+00
1.524759870609213364e+00 4.146392229034733035e+00
9.844424948968381051e-01 4.784256586286518065e+00
2.477225385338491570e+00 5.500992453074949218e+00
9.833491823743871763e-01 3.998186180813404711e+00
1.536406201433637264e+00 5.238064879521161288e+00
1.952291016070667018e+00 4.142459961243031286e-01
1.172217826641433147e+00 5.618027194239522792e+00
1.116689404410060149e+00 4.321581401288367097e+00
5.775365278208621778e-01 8.432894338729424177e-02
2.920566903537043846e+00 5.829014505979982275e+00
9.872131629550338072e-01 3.156408010525691310e+00
1.391872480862581973e+00 4.912458154708328806e+00
7.303539478048983735e-01 2.721731699587214059e+00
1.755031375655550896e+00 1.982562753922525234e+00
1.248362025239591500e+00 5.072128281797559701e+00
1.004534254879964283e+00 4.748095432361796320e+00
8.045335505207420468e-01 4.883733993548790231e+00
2.231147177779842394e+00 3.535400670760985076e+00
2.270514197245258270e+00 2.819199809042180149e+00
2.573396329701960639e+00 4.976637581910014596e+00
1.588676472888036484e+00 5.033414348991387399e+00
1.121623189620422956e+00 3.243076898350927273e+00
1.485385865165190777e+00 4.695739038011141453e+00
1.327982302981325580e+00 3.773559943390274007e+00
2.260481769641137006e+00 4.967907591258144073e+00
6.548366382221779691e-01 4.616883447628115533e+00
4.825671153755197729e-01 3.363145760312641119e+00
1.181753824585538792e+00 4.870075820673206657e+00
1.457392472718785026e+00 5.340635696595304793e+00
1.461081294967517596e+00 2.666242265319405114e+00
8.789304286996180160e-01 3.890602725728909306e+00
9.955686834480724778e-01 4.110809994288956659e+00
8.883018440607147737e-01 2.647614628315531959e+00
1.252751270562017627e+00 1.835353492330296099e+00
7.948098482259575714e-01 2.213468453473932396e+00
1.257492994672634756e+00 5.243309612908360506e+00
1.431763868321818567e+00 5.584986184222097805e+00
2.147446828938191388e+00 2.547785007867262141e+00
8.776711744667220483e-01 2.810784130731272423e+00
1.760235761275667610e+00 2.715261460091995982e+00
2.425088587710266363e+00 4.223275869957505257e+00
8.609087264734162082e-01 4.547729731582830226e+00
1.843725072899895068e+00 8.747990878303133488e-01
1.296039318271278606e+00 3.744478713016861082e+00
1.270641190444046886e+00 4.068804815912644202e+00
1.178515738935367541e+00 4.294710783824939426e+00
8.312368993413761231e-01 3.612197144316166675e+00
1.293807272941248199e+00 1.624421499844326267e+00
1.801717392185557598e+00 4.089189739985496175e+00
9.358177046895785889e-01 2.525081180554673566e+00
1.107765784018194921e+00 4.049060936161134272e+00
1.302047331088594495e+00 2.657247953857171829e+00
1.170720282093045128e+00 3.660782849629526048e+00
1.661763907614857594e+00 5.516970953337660077e+00
1.412615071630104246e+00 5.380909471594138793e+00
1.293454767743092093e+00 4.175180792991779910e+00
1.126876062099280151e+00 5.254008515895789877e+00
1.508274829117183469e+00 4.714076668423543559e+00
1.044863200838610728e+00 4.582044231488039188e+00
1.301964417009356501e+00 5.709329901436231758e+00
8.215849300267784594e-01 8.658405802641163662e-01
1.339168333862965188e+00 3.576508973555647675e+00
1.414319766824349900e+00 3.611156573062636710e+00
2.267240045449798291e+00 2.095965777909710059e+00
1.239122251222950721e+00 3.899110347515588604e+00
1.794301112353754002e+00 2.077870775133919157e+00
1.197548848357648410e+00 3.718091097047030225e+00
2.102318963927856998e+00 5.155522153106713468e+00
1.953366684941245213e+00 4.270972914323954761e+00
6.791109203177412290e-01 4.586095651365734938e+00
6.443047059132887000e-01 4.409375144697760263e+00
2.421387030277095231e+00 5.758011306252777572e+00
1.267382017397263638e+00 4.773569866691275365e+00
1.555682601275591104e+00 2.843067933897707622e+00
6.165891711307667222e-01 2.766845135965649405e+00
1.267463411008230345e+00 5.050274771352807335e+00
1.671634839262002625e+00 4.831489443916082038e+00
1.118374461540005971e+00 5.687636044132584168e+00
1.333492631767635661e+00 4.956291845303201882e+00
5.937195021619467994e-01 3.371425589526726441e+00
1.628092901596839948e+00 1.897292126732648798e+00
8.127368210910365098e-01 3.464507245993511120e+00
1.006201763170765595e+00 4.795950754448951692e+00
1.433460598391959273e+00 4.861518207292061966e+00
1.576555064721284038e+00 4.081471857290804195e+00
1.294577089366675260e+00 2.667101916184732247e+00
6.716126437670753013e-01 5.438296862547304045e+00
1.666807140579795510e+00 4.205642008173953172e+00
1.827937793763287022e+00 5.009338041784151763e+00
8.278460397834167539e-01 4.410839241479855843e+00
8.995760382134770916e-01 4.234730212459997034e+00
1.499651124780826406e+00 5.059614069447610163e+00
4.006521992404752930e-01 1.522803956954439375e+00
1.049914854573999801e+00 5.267573091712079325e+00
1.548230384809498927e+00 4.720290844535003139e+00
1.607083249897600208e+00 4.855700714147598518e+00
1.301418372956443470e+00 9.793753311148835072e-01
1.176671780631890707e+00 4.569123744539782983e+00
1.200376069184481587e+00 4.607966010173440097e+00
1.570830175093873793e+00 4.202302394281804077e+00
1.051632059115613416e+00 3.900168714875737574e+00
1.517036660080154364e+00 4.981450281373013489e+00
1.656497527368698375e+00 1.732384184170756569e-01
7.894964590072446331e-01 4.645546328276431325e+00
2.184151019945256511e+00 2.569767944856542030e+00
2.674032276914544592e+00 2.296879597666329431e+00
1.514535914463313482e+00 4.521436378297561731e+00
9.339648760560768093e-01 4.593360375743974267e+00
1.495527680985084151e+00 5.470009243694774703e+00
1.578600339089322624e+00 3.247268866052656744e+00
1.045738956878610626e+00 4.681780714367418383e+00
1.095421715423175568e+00 5.405033929135311332e+00
1.213430164415026713e+00 5.109415371201986744e+00
1.680505180639555007e+00 3.909894156807489196e+00
9.639364008276553042e-01 4.120465832618203983e+00
1.534020902797515573e+00 5.521489137341957232e+00
7.928729653439648972e-01 4.189013035461474743e+00
1.063783586866220432e+00 2.893197876903947918e+00
2.149219893136095738e+00 5.215339168952309201e+00
1.893927810903990316e+00 3.708693544908779227e+00
1.011016940090014860e+00 4.026157313547082062e+00
1.449968900652618409e+00 5.505757324855202306e+00
1.613602794672694074e+00 6.023303574761560419e+00
1.357632153360596838e+00 4.699945907377728105e+00
2.582776956510649757e+00 4.238817060536423931e+00
1.731976592805979154e+00 4.689403811467063754e+00
1.676895737073950565e+00 3.767107146032455667e+00
1.014519105366891827e+00 5.320958822803047106e+00
1.712674904058094416e+00 5.758399417388583963e+00
1.490500093406494919e+00 2.984812664787942715e+00
1.138810144791744250e+00 4.531394994911133622e+00
1.019985769168253231e+00 1.292005422414198579e-01
2.132086914453593884e+00 5.668947551543519481e+00
1.518943090986516697e+00 5.570082344757092407e+00
2.390151123498798214e+00 2.195336348123946735e+00
1.215683883516754271e+00 2.949585413441771387e+00
9.385866707940613285e-01 4.657337376555409136e+00
1.181667567061584823e+00 4.157732355806316171e+00
6.558018841324527726e-01 4.247072337389163899e+00
2.761601748621246966e+00 1.393545289488675509e+00
1.350366871401056823e+00 5.175848776996264888e+00
1.797850723899899528e+00 6.210342759044862326e+00
1.588012621336459596e+00 5.323421966241879133e+00
8.405514168207084413e-01 4.597905840534251887e+00
9.624566068685329601e-01 4.607957771139582270e+00
1.301442401676162763e+00 4.774850724704892357e+00
1.271745559780841583e+00 4.453244890678838885e+00
2.598646821635683946e+00 3.935775743289043671e+00
6.229169646255693360e-01 4.105216129738645137e+00
1.968098792275671860e+00 4.938782259968272470e+00
1.529318937110530907e+00 4.978817843451174951e+00
1.186161826243882000e+00 5.016088131584228726e+00
1.629598542261167626e+00 8.517055658507395322e-01
7.469661685892063918e-01 4.499956554860272462e+00
2.208835168814839101e+00 4.191185068522532475e+00
1.352840461523072912e+00 5.013131546189840471e+00
9.774814411168329942e-01 2.797233709030306326e+00
1.503617569704881696e+00 5.342807623683153651e+00
1.336974745134749787e+00 4.533793269587455654e+00
1.069765526576705206e+00 4.020703730909300333e+00
9.115266582725504163e-01 3.449176956430287877e+00
1.625177554929125856e+00 4.720381393801839742e+00
1.467966037014000191e+00 5.046958150593688686e+00
1.141712223031944529e+00 3.746343320250558051e+00
9.649527244763693723e-01 4.313773188878461617e+00
8.000171852181151566e-01 3.249989162963499822e+00
1.857306927779828420e+00 2.202159555116690814e+00
1.985636143163629574e+00 5.455499782362460692e+00
1.249968681112210378e+00 9.981758787686045853e-01
7.267048294127058661e-01 3.140900904669412963e+00
1.658188329140974915e+00 5.492891837898433494e+00
1.396962938399741727e+00 4.373157603939516136e+00
2.098690595444642870e+00 3.630635613390647887e+00
5.280354922556556030e-01 3.823549458871304818e+00
2.075885483008667265e+00 2.114699161241125225e+00
1.285408197646917161e+00 5.041456589848889003e+00
7.955295139036651086e-01 3.157245790583283807e+00
2.731738381306340280e+00 2.309719823680344675e+00
1.076176617293243210e+00 4.488978403514593651e+00
1.119928481694296707e+00 4.042108251373611516e+00
9.080214428737042320e-01 3.823266568602003534e+00
1.216308735724750401e+00 5.112623002140166406e+00
1.427724640986216098e+00 4.609969744833977146e+00
9.216900190976361484e-01 4.101771303715541883e+00
1.682739802544033436e+00 4.599544051385121790e+00
1.553735992327113014e+00 3.992211726291800655e+00
1.262675256054837991e+00 3.244603077995880547e+00
1.593900733398744496e+00 1.843522670083461712e+00
1.353564529470396849e+00 3.680635660155072486e+00
6.507970764972295097e-01 3.551169678260289064e+00
1.657525774986340572e+00 2.094903668990165890e+00
1.928004831535925279e+00 5.679386610056024409e+00
1.511845084773949299e+00 5.079679587620845815e+00
1.231487152594753498e+00 4.381716503622666181e+00
1.641133708490258414e+00 5.680508604358127656e+00
1.324077330562774879e+00 5.512624955264090687e+00
1.619098157077502487e+00 1.932693966002178243e+00
8.754207442057657662e-01 4.351519953215371217e+00
9.260236490701960754e-01 4.357265640024584386e+00
1.059019845666322457e+00 1.769226394805307745e-01
8.824399220407639355e-01 4.617458936112615042e+00
7.257188630283634145e-01 4.827684488041557032e+00
2.504372576338476097e+00 5.684769062730794076e+00
2.232377783018070883e+00 5.780069035527157340e+00
2.491612279737033919e+00 1.631199559415396072e+00
2.617672749077395444e+00 2.837347335376166235e+00
1.737096879249098169e+00 2.033016085653946980e+00
1.084734517843268575e+00 4.841494941813706099e+00
9.317621001247577972e-01 5.843430977475339017e-02
2.259670211333110412e+00 4.929412428577600203e+00
8.621686525643570409e-01 4.192876254710800943e+00
1.247146693538231599e+00 2.410050426556671788e+00
1.116241511985216928e+00 1.528168830849678139e+00
9.127825384725263280e-01 5.091835648262208913e+00
2.586908909136895751e+00 6.015826071216001658e+00
1.380741228461239034e+00 4.647338334090900247e+00
9.841407158922544918e-01 4.136046617467219022e+00
1.407420446830164096e+00 5.341086252740687712e+00
1.643118237943349325e+00 4.912153574350281993e+00
1.392963124759872606e+00 2.729841372062239202e+00
9.778069955533468249e-01 5.015841379055451910e+00
6.646956688250765799e-01 3.016633766033371522e+00
1.326648844024306051e+00 5.646127069073153315e+00
9.606533908330411320e-01 2.333761465647378852e+00
1.714061645613677021e+00 3.344576469501921778e+00
1.401436950528294423e+00 5.162214318810503855e+00
7.626981588032407666e-01 4.349404743887127722e+00
3.879056463917968767e+00 5.216317860243565363e+00
8.644531014221781273e-01 2.224869893998796311e+00
