# Hierarchical MCMC downsampled to get 500 samples
# alpha, beta, mu, s
1.805785035930543847e+00 4.764023993836815407e+00 2.451755606601196735e+00 5.900674934451702325e-02
9.068189028469819668e-01 1.192856697803113875e+01 2.434220690596849312e+00 3.005504078011229097e-01
1.302340216832953423e+00 6.264146994147570702e+00 2.312104521838134641e+00 1.696206274264740188e-01
9.672708776453032842e-01 7.966397269568356698e+00 2.347028614113581213e+00 1.381661808985172879e-01
1.047642474351737851e+00 5.580889555933385537e+00 2.245982709440359937e+00 1.435887425476116142e-01
1.216133692351067719e+00 8.405488448347286479e+00 2.458845026229561359e+00 5.623295552005033726e-02
1.316693330747386925e+00 1.206679536210407910e+01 2.254505192052849605e+00 1.542098718371021637e-01
1.522207506116271203e+00 5.770410789002943908e+00 2.373625868627858626e+00 4.201632432930615946e-02
1.175316174059821028e+00 7.106969391830802785e+00 2.080960855202957926e+00 1.196377155587706465e-01
1.132616984694463813e+00 7.251377391415074314e+00 2.386019118953137674e+00 5.609468323774296356e-02
9.475929298829995906e-01 5.428294328018060888e+00 2.273830261694287813e+00 6.261730874850519879e-02
1.240901522424514125e+00 8.069079301764112699e+00 2.367553983614692825e+00 2.136744193051413193e-02
1.078262036090321452e+00 9.836544717674104987e+00 2.619676958063730243e+00 1.996258991792615178e-01
1.035543871065306876e+00 4.709308882223362858e+00 2.416427637385210492e+00 1.163335006822988765e-01
1.139053076957915689e+00 4.728135213414335070e+00 2.580039667046339691e+00 2.650420801700607010e-01
1.122093510641875458e+00 6.748560585120706889e+00 2.402334248822465490e+00 6.582985271312777331e-02
1.336846491326994624e+00 3.398477992754263877e+00 2.392883342229301658e+00 5.341264036416696476e-02
2.050432838657373136e+00 5.955095649036628913e+00 2.215379582824855476e+00 6.574682801840417423e-02
1.119300916915174193e+00 1.122063842535441758e+01 2.323842150674698459e+00 1.472078934861665023e-01
1.016118707829988699e+00 6.858496343348125635e+00 2.477462867392574708e+00 1.561103544327338277e-01
9.935574597082469372e-01 6.170422802832741915e+00 2.177441190448147434e+00 1.441838202567742033e-01
1.452235142366631537e+00 1.010384621907058644e+01 2.418499064220260841e+00 1.606018464330679074e-01
8.202506976538728178e-01 1.327165832946107571e+01 1.858895592216804005e+00 2.409510306809461433e-01
1.024270577891178924e+00 1.204440093412135937e+01 2.122238302918332042e+00 2.175951266207369339e-01
1.371232024714813758e+00 3.965696318711261714e+00 2.204530189539569029e+00 2.807350165874421544e-01
1.129030856042000375e+00 9.588187107422497135e+00 2.313131591878648141e+00 2.085719217574206197e-01
1.119590193522588706e+00 8.336135529407284750e+00 2.253040895137087496e+00 1.184895085301781725e-01
1.440799397621963962e+00 1.202145613972837346e+01 2.417435036794207903e+00 1.105049881118880528e-01
1.446543886996434658e+00 9.436994373139874881e+00 2.492363399003066693e+00 1.526461079547707378e-01
1.203170994591916676e+00 4.613717230570396843e+00 2.317553122702404877e+00 1.337347598074187793e-01
6.844711764498982998e-01 2.907513088192921202e+00 2.121567143186428694e+00 1.593997240682788752e-01
1.095009843243806458e+00 6.564635916757267431e+00 2.335632161861169287e+00 1.239312988994004106e-01
1.418280009565062949e+00 6.972463219548477475e+00 2.306471329011705595e+00 7.114389092077254284e-02
1.071633860136830707e+00 7.151882816188788183e+00 2.308606516634228445e+00 1.782355431118806954e-01
1.534105716375129713e+00 7.199033403524769170e+00 2.526907416122058159e+00 6.018996703483422972e-02
1.202304473259538042e+00 1.493667190422852187e+01 2.335394731531723167e+00 9.794938729210170281e-02
1.456714279556527769e+00 8.942324379253490108e+00 2.407642877987480556e+00 8.205978475169037334e-02
1.035565171283107100e+00 1.135837007605280213e+01 2.216941662898181065e+00 1.897154859608855548e-01
1.186536063745765590e+00 6.248507679071687804e+00 2.130767563172541124e+00 9.902981542833194650e-02
1.783080301068706408e+00 4.936784979866063239e+00 2.439351039023537560e+00 6.308650292767403744e-02
1.111745700761497924e+00 1.031891887228521831e+01 2.419302311144678086e+00 2.326272042210954794e-01
1.314313923099849069e+00 7.495472535509131617e+00 2.301224713423148049e+00 1.704974106239582898e-01
1.022779019049410598e+00 1.087519507075821146e+01 2.442472043081276745e+00 1.947427174680638473e-01
1.499162941687921968e+00 7.489943451964727217e+00 2.442246772886710549e+00 8.093462600132175777e-02
1.249305526917828590e+00 3.945372610160795546e+00 2.255947369845635819e+00 1.071475983924504577e-01
1.108274062822343309e+00 9.338167520722402415e+00 2.604294212970001077e+00 1.704655058206557272e-01
1.199873398335332020e+00 8.737241783232565950e+00 2.399814605283724589e+00 1.046921046296800800e-01
9.661082569741828996e-01 5.073082710522940353e+00 2.310817289295918897e+00 2.902608855470600185e-02
1.401134460845386842e+00 4.915503530842422641e+00 2.354636060949726328e+00 9.763150063139817980e-02
1.388370503881269036e+00 4.246897533972441963e+00 2.260143778668180836e+00 1.238955640673900238e-01
9.733522270822347888e-01 7.634204642423232379e+00 2.209452845531309162e+00 1.091631535738392111e-01
1.205367753498816530e+00 9.738694782296780872e+00 2.316295479021150960e+00 1.355683142235488137e-01
9.553032118991860999e-01 1.263831643737212573e+01 2.202088376944937309e+00 2.258742409615221436e-01
1.182855748587824829e+00 6.886026271250159425e+00 2.474097180608826108e+00 7.875775456355993409e-02
6.873917290388611434e-01 6.084296943457160545e+00 2.168083858259029828e+00 2.386579200444298166e-01
1.459888027182185466e+00 8.115891930287988387e+00 2.576761000904376875e+00 1.336881823985046347e-01
1.137631547897313578e+00 1.025038079847168859e+01 2.128524697808663380e+00 7.347541777127124252e-02
1.460424216805020547e+00 5.341154040926980429e+00 2.539853771201911137e+00 8.864634287520041511e-02
1.022877544409746431e+00 6.768838024807784848e+00 2.237186833718871171e+00 1.547001845573765799e-01
1.459754032081286956e+00 1.028327127010314257e+01 2.354389873045376724e+00 6.119856435270976114e-02
1.273458819873749981e+00 7.624824597870190956e+00 2.300482999674525075e+00 1.077394051986931417e-01
1.137856033583963589e+00 9.099234406221341942e+00 2.316953647453015019e+00 1.164641525396098165e-01
1.381925806184535865e+00 5.448601148642914005e+00 2.212241163062346416e+00 1.178096868079389764e-01
1.440869052062694555e+00 8.256506926708015115e+00 2.309257530921314139e+00 9.491820082811538994e-02
1.010343777508919461e+00 5.187614092077057037e+00 2.374494345268619355e+00 9.889502136430357304e-02
9.358991394635991501e-01 3.515415023061669864e+00 2.270691896799776899e+00 1.092219494912735067e-01
1.506025494473784754e+00 3.176502361951500930e+00 2.430429128631129476e+00 1.581032764144277292e-01
1.090777099371053493e+00 4.366212980088013396e+00 2.272223807405144402e+00 2.136911757649175292e-01
1.421388070553749605e+00 6.377203369520105802e+00 2.509210770803303792e+00 3.759677803618949321e-02
1.913347733550291752e+00 4.065981293155202181e+00 2.408545077502777243e+00 5.858489338181199768e-02
1.326530755640340509e+00 9.186174347491894210e+00 2.432570388132288652e+00 5.720828525900029105e-02
1.311224884677311353e+00 6.943559634331563757e+00 2.419882781802048299e+00 1.069170119321094375e-01
1.333524266257795299e+00 6.231990344287020811e+00 2.244460738732128036e+00 1.104909253275084130e-01
1.341107226843512246e+00 3.698613132261000302e+00 2.408693490733088360e+00 1.314447319332607556e-01
1.216153414076935002e+00 6.227183672549800875e+00 2.461113873228315985e+00 1.227084720673196766e-01
1.319526196282345021e+00 4.821963649534111163e+00 2.309546175302803039e+00 6.407379086889865294e-02
1.333628101570540236e+00 3.830102025797790244e+00 2.280986023435140453e+00 1.451725470984697453e-01
1.087312897023044123e+00 7.774969601628877847e+00 2.334119066447871926e+00 5.318434180998238281e-02
1.287587674436116325e+00 6.258285556246768522e+00 2.339270973101102769e+00 1.422771559101801697e-01
1.446377943477406003e+00 1.085170708754093027e+01 2.272278928585820701e+00 9.002410615230498070e-02
1.175575946667105187e+00 5.701911836099134767e+00 2.342165726983362006e+00 1.468836497156533472e-01
8.920651262225102185e-01 5.438841080173171250e+00 2.405107087903879393e+00 5.577311198325621278e-02
1.566720235300299358e+00 4.481704466934155029e+00 2.474585657240971681e+00 8.396041680147313391e-02
1.151722250720103702e+00 6.467620623233091948e+00 2.296135494097514940e+00 7.914912101303943348e-02
1.622813466341399335e+00 7.483486020196467692e+00 2.421662802113283774e+00 1.050530394960435682e-01
9.600887055975778628e-01 4.623740774201628767e+00 2.331687410725555853e+00 2.346636535531376466e-01
1.309384474168809431e+00 7.679760007510486375e+00 2.280291431748185715e+00 2.322086782210346922e-01
9.019081464581391039e-01 8.744224152862365429e+00 2.081578517562308939e+00 1.157740872037016922e-01
1.212585053777599731e+00 1.291219925255287926e+01 2.269159838554740460e+00 7.976250483034982852e-02
1.418027115956730810e+00 5.809493340593077093e+00 2.334239490913040616e+00 4.499945805848268310e-02
1.268157158641251669e+00 2.659714145388486717e+00 2.472075587964547072e+00 1.160098512445120605e-01
1.402508561516921048e+00 8.456909893125684974e+00 2.411134188362529240e+00 5.411652498736958111e-02
1.214392762040458429e+00 1.115232651017772447e+01 2.122803409709811628e+00 9.790949839591264747e-02
1.225963642126817632e+00 5.466495284152756540e+00 2.401391438399186562e+00 6.679221428302178909e-02
1.255498439039657521e+00 3.952647658628231753e+00 2.298019630409371850e+00 6.710267885347583061e-02
1.259859499498221957e+00 3.721424621165033475e+00 2.328614670222680427e+00 8.572109885631752635e-02
1.097203265547421536e+00 6.361807439258822860e+00 2.221583539433226395e+00 1.039985237699693477e-01
1.100143478684262544e+00 6.912700679631774037e+00 2.212495163634415896e+00 9.020362961497176146e-02
1.124834746729378665e+00 9.806942241764737389e+00 2.223384408956661229e+00 1.978489929481027920e-01
1.266592371674144291e+00 6.712240554568740691e+00 2.197053452742370183e+00 1.398740719160453949e-01
9.823919848831742518e-01 4.691204932829659668e+00 2.131716556549785313e+00 1.175285676683633096e-01
1.664205375895557282e+00 6.556009318380730200e+00 2.454527582640201988e+00 5.970890697228654898e-02
1.142018271818415087e+00 9.775147691023379437e+00 2.246868487360575539e+00 9.269780006284622509e-02
8.860594851607259681e-01 4.181338921016532595e+00 2.380768475485771862e+00 7.115883768253100650e-02
1.015403925189614975e+00 6.147618333786388334e+00 2.216397427465746972e+00 2.660512897751008965e-01
1.083109228259888646e+00 7.713858311393373413e+00 2.350300581019240553e+00 9.812112690889077116e-02
9.805161059003436597e-01 8.949992961611300757e+00 2.401936344123193567e+00 1.501112376737912535e-01
1.446328503734987780e+00 6.459430592892284828e+00 2.301005734155734839e+00 1.407596027491570811e-01
1.227336700215681642e+00 4.837154304246190861e+00 2.253889782536946385e+00 1.458335305927471737e-01
1.551189320389090742e+00 9.262418075219496671e+00 2.655828594377509511e+00 1.105107735926583457e-01
1.448057690251641105e+00 6.926329105022050570e+00 2.419647562010220021e+00 1.712454906323164772e-01
9.745900125319805207e-01 5.446513269218046460e+00 2.284711792913598938e+00 9.091402448000747427e-02
1.223328476415588950e+00 8.450221935931756079e+00 2.356377214641803164e+00 5.146332409286351328e-02
1.225123190887366320e+00 8.727185362099556087e+00 2.386746471118271096e+00 8.653758379590480165e-02
1.238793625996821302e+00 8.257563531189212824e+00 2.508467226459134114e+00 1.240841346891096431e-01
1.484476794675579026e+00 6.622828758277409911e+00 2.369170628132016621e+00 4.986382215022285014e-02
1.711801442298189757e+00 5.659248900368675450e+00 2.441661717618664795e+00 2.433773187277725181e-01
1.396541409332412886e+00 4.849088014994817009e+00 2.345232403412621291e+00 5.855999628439020194e-02
1.253346010161423774e+00 5.527557547204772881e+00 2.217639074209775352e+00 1.536756784011143184e-01
1.239721092413347270e+00 6.538268974077800166e+00 2.315385897242524305e+00 5.654327656932953139e-02
1.488746058534626382e+00 7.162730788148212291e+00 2.520696555492354829e+00 1.183814909961870832e-01
1.856136873660682918e+00 4.957095484899219251e+00 2.647626520947476969e+00 1.717343272949929389e-01
1.687324352347519874e+00 6.157574551920841799e+00 2.291530257155501182e+00 8.662350288358483530e-02
1.198186332622189321e+00 6.907631538386051595e+00 2.362003851933622389e+00 6.170869525126262967e-02
1.319674801524365781e+00 7.713064055675062924e+00 2.255680466363113368e+00 4.769013549264327495e-02
1.868738443171495511e+00 3.281231078941653223e+00 2.385382571424886855e+00 3.430820998918659992e-02
1.599691160981259630e+00 6.910649662196314047e+00 2.335212155583386018e+00 7.197271155068436788e-02
1.432412241196133973e+00 5.690980280340093067e+00 2.469307609522074287e+00 8.195655305602031482e-02
1.613194966515118178e+00 6.012930217747625150e+00 2.385143609931810182e+00 6.238537317330446197e-02
1.839992606384323048e+00 4.553868555845761001e+00 2.243368917018654596e+00 1.477363552229559174e-01
1.283638245688012214e+00 1.091030618921609197e+01 2.240922980269143494e+00 1.662941492600656379e-01
1.301448574050041884e+00 6.752297133906034254e+00 2.166732851588062392e+00 1.112525488354124126e-01
1.264047041658690862e+00 8.036559333270961503e+00 2.322505401111036427e+00 6.441823584784328593e-02
1.010339216926854800e+00 8.654739838166538135e+00 2.161311557329915090e+00 2.017651298509450797e-01
1.014637270350260190e+00 8.307300477469683031e+00 2.758756647226058067e+00 2.247407242110421588e-01
1.173402255428917407e+00 6.272487603893106112e+00 2.373089138831109501e+00 7.909228332957182750e-02
1.277988585131740296e+00 4.418755927729055344e+00 2.453200153113485271e+00 1.465876774744204747e-01
1.356041916499228117e+00 4.187907514447980262e+00 2.370921456401567706e+00 2.505752736478648601e-01
1.317785340530557514e+00 8.840008076073329946e+00 2.228871442404690928e+00 1.473202946778343070e-01
1.063186373998732392e+00 4.430715987621638874e+00 2.352003080492761189e+00 1.061650922074807990e-01
1.068657243252798539e+00 4.209678533196399286e+00 2.072283039351070943e+00 3.574159508397481422e-01
1.403260084792240736e+00 3.973722246410962722e+00 2.304949172674366054e+00 5.659747753866438413e-02
1.298131686352132164e+00 2.824223097546219474e+00 2.243519574264380090e+00 7.462797793952286041e-02
9.367123991351633538e-01 7.661772613210887428e+00 2.260104354330658705e+00 1.402888268923840887e-01
1.229890085742036954e+00 1.369804692857383088e+01 2.101536148978579099e+00 9.385076985322651777e-02
9.111618722346866983e-01 7.128258240933435630e+00 2.318644829209663527e+00 1.971372326172408096e-01
1.274180452107991357e+00 1.033990351211571124e+01 2.236944343470745444e+00 9.535028895292260720e-02
9.140779448235170079e-01 6.289950360170759147e+00 2.274031503585099312e+00 1.230532012316179896e-01
7.777039244048683519e-01 4.599179418785547924e+00 2.357983124781307893e+00 5.248903601554195247e-02
8.827641408804229872e-01 8.620605816246349917e+00 2.188351316362676435e+00 1.289881504704480375e-01
1.086258994369862396e+00 5.054057761895890621e+00 2.359229793254011831e+00 8.528961064969620143e-02
1.043196553490421730e+00 9.662717629716926382e+00 2.249248766957274714e+00 1.517064945640706208e-01
8.898900162723374363e-01 6.140845078547117808e+00 2.322624219719710226e+00 1.768200728522256460e-01
1.016808439612864490e+00 1.110018742735183572e+01 2.323947898533206935e+00 7.363673753247404474e-02
1.726473499299824521e+00 5.888973081212213856e+00 2.553932703842196172e+00 7.914417929651994255e-02
1.410341506114584975e+00 7.440977897753206172e+00 2.442187977977613667e+00 1.153889463283074429e-01
1.817744225903743294e+00 4.887754423252001601e+00 2.386660027068186807e+00 1.316155554520844762e-01
1.116509913778881424e+00 1.482022457362229417e+01 2.269787462458196625e+00 8.379434970981135267e-02
8.761755828069970331e-01 4.671506197489593504e+00 2.299155252706643005e+00 1.574020107132985957e-01
1.193445526281686764e+00 5.078668225927441604e+00 2.254658021402770718e+00 1.655352976212177973e-01
1.126707437637734177e+00 6.035614630240161205e+00 2.359089230849946706e+00 1.527959531312179653e-01
1.123904528887964771e+00 4.705905091963320963e+00 2.505613985338819738e+00 3.041125176919300399e-01
9.336317613372306923e-01 6.787811297766163321e+00 2.285531000401969326e+00 7.142001019937091466e-02
1.808501253367235106e+00 4.752980922499769889e+00 2.457820106937056437e+00 7.403651405053196521e-02
1.289699701183142588e+00 6.687799941467108766e+00 2.524454410944168448e+00 1.332366511440211398e-01
1.424588413024648448e+00 5.352300868404562983e+00 2.361640874211652363e+00 9.988162212345950974e-02
1.357598515201935196e+00 3.275233056469357251e+00 2.451652643257692610e+00 2.009434885794209313e-01
1.174030069427602019e+00 5.844575411753764271e+00 2.398029866241570218e+00 1.330903633654992591e-01
1.487794624561561641e+00 6.003153384879793997e+00 2.505538026081306047e+00 2.154864884024603189e-01
1.327947331954500765e+00 7.653005314938264192e+00 2.413920045853225282e+00 6.394517063458260431e-02
1.327944204181444654e+00 5.411337545110534997e+00 2.434713325532540829e+00 1.440489417190872201e-01
1.372080460357838927e+00 6.099423492004665270e+00 2.283227522219729355e+00 8.147750281233583081e-02
1.142879504910442545e+00 5.091600137553264460e+00 2.166655687230017335e+00 9.714907316566009920e-02
1.295760717829607778e+00 7.233768427759782682e+00 2.404534011808555416e+00 2.693811251291328146e-01
1.445487377546408325e+00 3.635786445536836720e+00 2.374299996584525729e+00 6.441240004243915795e-02
1.166016245307380350e+00 6.764133846611754208e+00 2.427716740632821057e+00 4.265541864619010193e-02
1.414774108950010323e+00 5.650079246138775879e+00 2.412167877419724604e+00 1.094869653294919254e-01
1.187592389833993289e+00 6.546679648308957766e+00 2.249345377295880244e+00 8.528466736415751814e-02
1.159792833794405675e+00 7.789611418089644523e+00 2.347034121845130716e+00 1.310302341309242391e-01
1.038146557353588850e+00 9.890743865201917728e+00 2.330885595416935629e+00 1.090874455361027506e-01
1.013769975007122959e+00 5.982248262356553603e+00 2.301704991818859458e+00 9.008725426354392829e-02
1.141944494201015070e+00 5.702770018801134100e+00 2.408217273498425737e+00 6.390206738455056490e-02
1.431865414279470228e+00 2.521076335001156465e+00 2.386603363489524732e+00 1.446602029740139406e-01
1.345317775714885755e+00 6.308123569914580564e+00 2.299867171046304115e+00 1.343532451555765062e-01
1.317499973689327586e+00 4.223767951474370896e+00 2.270682808828513366e+00 1.483176787612949243e-01
1.064081303127653255e+00 3.080930007304414353e+00 2.199324966214244004e+00 1.624794009557103958e-01
1.288722815847080039e+00 4.721202502583900618e+00 2.261223310177883139e+00 5.409528167072920335e-02
1.382376603604733356e+00 4.294051636561830421e+00 2.253136551561465861e+00 6.798306660848375815e-02
1.374247336936224917e+00 4.949831371515373668e+00 2.157714510350211778e+00 2.133238891754911937e-01
1.445254490810618631e+00 6.290977166207699867e+00 2.351243120584451063e+00 5.801763181543428960e-02
1.182739879851463893e+00 6.380967793739641181e+00 2.216596654434056290e+00 9.815467181977860500e-02
1.067823328843654718e+00 5.746336104193201066e+00 2.485308450638259892e+00 1.452293404685126854e-01
2.075168291321183300e+00 3.046316977224704292e+00 2.499143255127538765e+00 3.096046278540468683e-02
1.744655028039409528e+00 3.542072355722362786e+00 2.443817052240717214e+00 1.841017310840276922e-01
1.001726281980011679e+00 6.698930723786251207e+00 2.306153294526004149e+00 4.032211798952219095e-02
1.337679956641208534e+00 7.798120685114481532e+00 2.345630646797050023e+00 4.060858357937124907e-01
1.239022795151997647e+00 4.796271499479141553e+00 2.412317586598888397e+00 7.409374853525260707e-02
1.340755544066782656e+00 6.111044410874860056e+00 2.392967066426358702e+00 4.209843132480155237e-02
1.021154408830804439e+00 8.493963881805552063e+00 2.279188348643441220e+00 8.025363745558947159e-02
1.091768857564056949e+00 3.826046167969924916e+00 2.334706090566670778e+00 4.342942224436478760e-02
1.015006726535577553e+00 8.428538286978838556e+00 2.055903990611901211e+00 8.862606869377688545e-02
1.268233270507075794e+00 5.970432943359661238e+00 2.094203085606467507e+00 8.633642048533490820e-02
1.650116561390951642e+00 7.876395318990599748e+00 2.407042574500363408e+00 5.921910068845975122e-02
1.088652074920768209e+00 5.534116029495560696e+00 2.313358283981514329e+00 7.667731789434203971e-02
1.310554954095805025e+00 4.973063186641132560e+00 2.173456609383131344e+00 8.527878215972957421e-02
1.141710204413825203e+00 8.583315136698240977e+00 2.446535416601052670e+00 1.333503275708079194e-01
9.037852270550200684e-01 3.653585785672481379e+00 2.307065945492392967e+00 7.515073088250077971e-02
1.381191439740837135e+00 4.378608415703428847e+00 2.381584363439849472e+00 7.862009093637048474e-02
1.182708592073924869e+00 4.133338817817755917e+00 2.372708448454795338e+00 7.727359976345420101e-02
1.188485477192035455e+00 8.305571010590151459e+00 2.402460595570087953e+00 2.279848246703197190e-01
1.338969459833113440e+00 4.520139220219324017e+00 2.246137460136390374e+00 1.891807217783314787e-01
1.731569009053874675e+00 5.143907874440770911e+00 2.410897740212936569e+00 1.080094306727334835e-01
1.442421802921949991e+00 5.667469958627967763e+00 2.301793084096646069e+00 1.312034956330542512e-01
1.293809610012013778e+00 4.475928950043568832e+00 2.487954438772804089e+00 2.265840860121566824e-01
1.069523553214873024e+00 7.505712918590079497e+00 2.250611512801166558e+00 9.528825912830204969e-02
1.173802249450122570e+00 5.102455354208211169e+00 2.221373375590398602e+00 4.631811325270897284e-02
1.179723211511206182e+00 7.031597873381968178e+00 2.388222684736244439e+00 1.159252351655419983e-01
1.348097517772230303e+00 5.088975198672057054e+00 2.346257418258148597e+00 1.046618807071821866e-01
1.167802459921405411e+00 6.078696720277863008e+00 2.304901943587603252e+00 1.327135640769593339e-01
1.464872367479014947e+00 7.859596484226473834e+00 2.364264050063676237e+00 2.674143463410145333e-02
1.290169434457397735e+00 7.094706554860678693e+00 2.531387275724835462e+00 1.089867006767941127e-01
1.148647150650076165e+00 5.192248754721783932e+00 2.324877349484145039e+00 1.754921576641909342e-01
1.077784053401559694e+00 6.826370427975669841e+00 2.251533926432459864e+00 1.889800015106714026e-01
1.403625469577586937e+00 5.298517965770418670e+00 1.964194058952517530e+00 2.823970091821028094e-01
1.020870393281367638e+00 7.048690249625249926e+00 2.426636303787822690e+00 1.393574692472820398e-01
1.429527533480822177e+00 4.433036673423616847e+00 2.270354581272976180e+00 1.849083127811152194e-01
1.355221387324658133e+00 6.316198684992666124e+00 2.517700363704081568e+00 1.184669979975269682e-01
1.445412964237842823e+00 3.378461130583585437e+00 2.381236806522140981e+00 2.891611218842150832e-02
1.380681313861858772e+00 2.905305251464798566e+00 2.301983787049133756e+00 1.582120658840228677e-01
1.011028008996343264e+00 6.286178891696509119e+00 2.318040974841083290e+00 1.319215433343554067e-01
8.857648057216229720e-01 8.156603063104746809e+00 1.956135622547396258e+00 1.636577587561501290e-01
1.483581889099428341e+00 5.954137039138645449e+00 2.480906841819011444e+00 1.970792066009338372e-01
1.207417376877075732e+00 8.342754874306752555e+00 2.388567939437779675e+00 5.285176069858950332e-02
1.673070892448329738e+00 1.218730088321982308e+01 2.406049004965465699e+00 8.851267396248524433e-02
1.860924008894279114e+00 3.512413493169372014e+00 2.460764466536958128e+00 6.305646866534983519e-02
1.240742054039778441e+00 3.222172044113353451e+00 2.458047477843384065e+00 1.169442849289706321e-01
9.310310102075605165e-01 3.500394182508500762e+00 2.373918728490649777e+00 1.572475896982998000e-01
1.580925000936378000e+00 8.221173774112711996e+00 2.409139158924199275e+00 1.222049575296780405e-01
1.195806346536069764e+00 7.379035857096511108e+00 2.235485685470420147e+00 7.509671108535195816e-02
1.340702813586287734e+00 6.329425217287138139e+00 2.357102178537207049e+00 7.393801625725124338e-02
1.342522745436127485e+00 3.975735496897136567e+00 2.306638326512935766e+00 5.790618059215081603e-02
1.125942196755445046e+00 1.179433332778734922e+01 2.269749087578180280e+00 4.689544551414124435e-02
8.977194634932857964e-01 6.208345553308836529e+00 2.244721232929090871e+00 1.399376596288255670e-01
1.044702529476843944e+00 8.534665411296401771e+00 2.255837188438825525e+00 7.471956891102177201e-02
1.327735143363017123e+00 3.902233301390345854e+00 2.458377329046508741e+00 1.122848336263727598e-01
1.337947374661982769e+00 1.033127281840688028e+01 2.342639556877100571e+00 1.050506921568552243e-01
1.497901188434721531e+00 7.884063134424803998e+00 2.355536509872748319e+00 5.285660407388934057e-02
1.460620080668719289e+00 3.823153147982969902e+00 2.382745721336803513e+00 9.146893352340709771e-02
1.000675855993468977e+00 5.014902528334315157e+00 2.299786915344917304e+00 1.457236799069124566e-01
8.746122783604525219e-01 7.614278253050385636e+00 2.272422966455368787e+00 3.612396736795921437e-01
1.076598377415563634e+00 1.202158656620929555e+01 2.433568371181837886e+00 1.612248303458391208e-01
1.123143814111331684e+00 5.749486488056539280e+00 2.187293397523421223e+00 1.848123993667878384e-01
1.447265999132004266e+00 6.419217147914085153e+00 2.401323268902765928e+00 4.786529770527915562e-02
1.520286580879268046e+00 5.838019108849778149e+00 2.279818730953055983e+00 1.432443407145650160e-01
1.253051993419423304e+00 3.552692856649656061e+00 2.330982274771247198e+00 1.129810666511860406e-01
1.468510347067889743e+00 3.660561477190184654e+00 2.339434732684876117e+00 8.339191052522798575e-02
1.741647168074067498e+00 2.405577886889268768e+00 2.264630025318236317e+00 8.382666548078837598e-02
1.043143214289546483e+00 6.261708141261426164e+00 2.318595856675023104e+00 1.211960829889815877e-01
8.762671375119065464e-01 4.987801669073932409e+00 2.235416357472054472e+00 2.115895318615858001e-01
1.953221432877269903e+00 3.355363802923549521e+00 2.511917714076899344e+00 7.337998881966303899e-02
1.275312072208596215e+00 4.506660864152528312e+00 2.156027902436497445e+00 1.774081358525801122e-01
1.649558777274100496e+00 6.360787970049197604e+00 2.289307501155634750e+00 3.205904400032499324e-01
1.082742724537530066e+00 1.151416154975911432e+01 2.375904513760938030e+00 8.046617261882482719e-02
1.088170807612039992e+00 6.171665666074506618e+00 2.139766813418618963e+00 9.219350848288573874e-02
1.239721371869300537e+00 8.714991533336888807e+00 2.319930775160734981e+00 1.146132346155084025e-01
1.135546582737466448e+00 5.089712990419029026e+00 2.414201504851829050e+00 2.125513968638372275e-01
1.410406956208145379e+00 6.859670876137888840e+00 2.264786850259754569e+00 1.197996975979231798e-01
1.289515724997257973e+00 9.513099755503258592e+00 2.461952515616039339e+00 7.858113505419220268e-02
1.826931166605605839e+00 6.146323636189030992e+00 2.261411259957409214e+00 1.307623151373225046e-01
1.220732207832004867e+00 5.865070550395460103e+00 2.325335227851127229e+00 6.471176909594415771e-02
8.098781641463661529e-01 7.002457440013648338e+00 2.330759282036205526e+00 9.401840721474213902e-02
1.324558051847863016e+00 3.186854426916965188e+00 2.350360241239372705e+00 1.079650670616828650e-01
1.156039113885980685e+00 5.324956786561317656e+00 2.221137152347296251e+00 1.423006182661001873e-01
1.377584681361684993e+00 5.261489832634172359e+00 2.313610501330592761e+00 1.478684085261824099e-01
1.171025858176940382e+00 5.774821424693926453e+00 2.294004284319306919e+00 1.861826627576290971e-01
1.010712573209247234e+00 5.594788101081837439e+00 2.416443908307077226e+00 3.826645157575842698e-02
1.558538025659347070e+00 4.563937381563026641e+00 2.649202247793467357e+00 9.616914214552003959e-02
1.051601816209219997e+00 1.122727640717252307e+01 2.234415905183246398e+00 8.016148540105848264e-02
1.274841715747104809e+00 7.090221262286942050e+00 2.211443187585810044e+00 1.967820594172230431e-01
1.393149962390978658e+00 1.047547553222750771e+01 2.281479421298846511e+00 1.131457087001635636e-01
1.200015407302475579e+00 5.311876689198429702e+00 2.324553057920633936e+00 1.091482555378916613e-01
1.804254433108211320e+00 6.465756600413676836e+00 2.400409515009303885e+00 1.363824559351490551e-01
1.201665842331638867e+00 5.818668191361639153e+00 2.442731633107453337e+00 2.136689210285297180e-01
1.156146890459160526e+00 7.214427269655806718e+00 2.316738355200444133e+00 9.317721583636390248e-02
1.356993490257263346e+00 6.208341776121109490e+00 2.306636404203179058e+00 9.421115693482648434e-02
1.111866126423955992e+00 5.092707162699719348e+00 2.372529934653577310e+00 1.527781397989440570e-01
9.428594966036618619e-01 3.319429028606369236e+00 2.483270420067996032e+00 1.465787942727511395e-01
1.016680744287232319e+00 1.235136780476737428e+01 2.166726549922891376e+00 7.724739863235402515e-02
1.580184765846484263e+00 4.978873619506569703e+00 2.495137815549040461e+00 1.232260794533702880e-01
8.578306679820052461e-01 7.152128635902765375e+00 2.421351239061845906e+00 1.799300440005675294e-01
1.188273016882584798e+00 5.533658597062180107e+00 3.069594728487598179e+00 5.325520621239505648e-01
1.763203923799326445e+00 5.513010799405420492e+00 2.457501743472281230e+00 4.618871367893800928e-02
1.290388233007774943e+00 5.719364547954465472e+00 2.452955464408197894e+00 1.605836325132886655e-01
1.431967394957459172e+00 7.525874603830628118e+00 2.422790767082117824e+00 1.374469149193269790e-01
1.306651590596717760e+00 7.136320608638646590e+00 2.346907654402466736e+00 1.171082432002078788e-01
1.023858087812148376e+00 9.138680306637155581e+00 2.111534911507265910e+00 1.663281901784263717e-01
1.050604218463117467e+00 5.604219075101440239e+00 2.481930315305858503e+00 7.145444808027173744e-02
1.137413452131220692e+00 7.434639754008159684e+00 1.993733746665027562e+00 1.743850037539540210e-01
1.424916751467588005e+00 4.750149681560717596e+00 2.224708529536232327e+00 8.541917246431593447e-02
1.291338765844867398e+00 8.953987180126077305e+00 2.409700937674396304e+00 1.186383121513686634e-01
1.266476722540762045e+00 6.727478435354907305e+00 1.998386718004625751e+00 1.229868608233488370e-01
1.064824583416503545e+00 7.804146775218054444e+00 2.288994832426715753e+00 5.987158505046636520e-02
1.298726472181599423e+00 7.160175980097699622e+00 2.295274996550989766e+00 8.862601280431862960e-02
1.239896647003765784e+00 7.417869552295559998e+00 2.380626727441342183e+00 1.211117626145489234e-01
8.993344468074400133e-01 4.885929306588789878e+00 2.385024492216020420e+00 2.877180055294386585e-01
1.263354217615940023e+00 6.178501876240996893e+00 2.476392094890839335e+00 1.229703761654313277e-01
1.182626759154298046e+00 8.218533951727208020e+00 2.326314457095726151e+00 1.114038154042746864e-01
1.047575641446033545e+00 5.730840232045277816e+00 2.420631310745718245e+00 7.824264804827008035e-02
1.042348257243237875e+00 9.554548505076930098e+00 2.241212767885251367e+00 1.747635238490526932e-01
1.109631855424677127e+00 9.327843772903454678e+00 2.439795293841235058e+00 6.644681474573733981e-02
2.051081316628137863e+00 5.291416963452766353e+00 2.519498625789671653e+00 2.576122378697133786e-01
1.434952709104071911e+00 4.980848073972272694e+00 2.487195991623089242e+00 6.828259310374580615e-02
1.012428582886268247e+00 4.409878114302141938e+00 2.306206316370842835e+00 1.366940042134308642e-01
1.961594940741876014e+00 4.831749906267837957e+00 2.366201539918002972e+00 1.324381151011986280e-01
1.257436053822893696e+00 8.167872047450142503e+00 2.362300955820348491e+00 7.853614400898215053e-02
1.261286178423205895e+00 4.302419879830052807e+00 2.286083334208552476e+00 1.898755666167358247e-01
1.428143785513774411e+00 3.894059266941350295e+00 2.423468874959052943e+00 4.736832064539035769e-02
1.034441734299991644e+00 7.181043746108321635e+00 2.160025589999546636e+00 2.211260193138608054e-01
9.674438161352731935e-01 1.281901919116947397e+01 1.988746946866606802e+00 4.004631118355905794e-01
1.203230294023556857e+00 7.938422699552155848e+00 2.337245113589206280e+00 1.681298434509799766e-01
9.822172195582753451e-01 5.082046359889034193e+00 2.327712020371743407e+00 1.778893737532212804e-01
1.194540970462200091e+00 8.127898987674345932e+00 2.456091321909828373e+00 5.161740095148076996e-02
1.047931012817741481e+00 9.112295013139508626e+00 2.225642821420398043e+00 1.335245311979796623e-01
1.485829492222464410e+00 3.363098565745650248e+00 2.388240010457188589e+00 1.099609885799830156e-01
9.637042859184611343e-01 6.336445883779997956e+00 2.113081806402491214e+00 3.377060485057933881e-01
1.141998375629964535e+00 4.334544727699415567e+00 2.288595743395827053e+00 1.217835013610599343e-01
1.759515557071181568e+00 4.095101483070335391e+00 2.539415702209044667e+00 9.501315013148771416e-02
1.387081998809020833e+00 6.606234198508165179e+00 2.463855523835461359e+00 2.301236681202191714e-01
1.370286244806763198e+00 7.243900955530920172e+00 2.344544718603224887e+00 1.066328813847691598e-01
9.724540413145101869e-01 5.072867294280026584e+00 2.271676565497440237e+00 1.497616172064475948e-01
1.332523984789775406e+00 1.017123629078467317e+01 2.465080270747767699e+00 9.772721237580669906e-02
1.132819762766709371e+00 4.388229638300868984e+00 2.316154286876032753e+00 1.526507394330170742e-01
1.064858947922083354e+00 1.629869039304082889e+01 2.207083978448507011e+00 1.027885962501506878e-01
1.689514392608308935e+00 7.702422545307248569e+00 2.191005361214113378e+00 1.043771506599188298e-01
1.268557986130178783e+00 3.789871680865203984e+00 2.348339833968867030e+00 5.948258402377609722e-02
1.287215009992368930e+00 7.478435353299596855e+00 2.265153708787517317e+00 1.073154287534750784e-01
1.528591634223363194e+00 4.693870123897267987e+00 2.380032945231325581e+00 3.584365470943776805e-02
1.207117330147733814e+00 5.126281888819689492e+00 2.405004629790070236e+00 1.903326066548642614e-01
1.402784826676658270e+00 5.011071318440500022e+00 2.340958313432149662e+00 2.390981058161201489e-01
1.098276591329285345e+00 6.417228656387963248e+00 2.373729943800807263e+00 4.376856787294115814e-02
1.282209591529103632e+00 4.872260195416321160e+00 2.465216416548533296e+00 2.238255393820432204e-01
1.178297902898003846e+00 5.044908020046509733e+00 2.192359580530377272e+00 9.717614110835838537e-02
1.712669246330115858e+00 6.624443760637698908e+00 2.345257739392697438e+00 1.684531711722195846e-01
1.695818038932047633e+00 6.238724687537086311e+00 2.193103728699924204e+00 1.875378097434727831e-01
1.398074781519846432e+00 9.068603363716681187e+00 2.415161942174018250e+00 1.174488994287555821e-01
1.616897662248665268e+00 2.396319715726679789e+00 2.414614868745245779e+00 4.640493746324837049e-02
1.394506228592590436e+00 5.304121877133010088e+00 2.527915107005877626e+00 1.482612188319418767e-01
9.629444883934814570e-01 8.345416029406772296e+00 2.475864803589931107e+00 3.207280283318395542e-01
1.375264578954601413e+00 5.116023742247909567e+00 2.187475734589992449e+00 1.146661712526460958e-01
1.335729273573600162e+00 7.768147106510263633e+00 2.385506135992731203e+00 7.924061592760361927e-02
1.183683376522623343e+00 6.543460944730729700e+00 2.490677004877452916e+00 1.528059403845209024e-02
1.245741883087142954e+00 7.655318513893697663e+00 2.442189976729622014e+00 2.279437717048212741e-01
8.663417354744239463e-01 7.487107073827852233e+00 2.167219284717758043e+00 2.177361134304123813e-01
1.132906786126356868e+00 7.315667697621022647e+00 2.507353082384999876e+00 1.042928598612815894e-01
1.134544716040774226e+00 8.367012906474434075e+00 2.153582235743030093e+00 1.747391377749329400e-01
1.012936418419262852e+00 4.918014230079379878e+00 2.158280268880915731e+00 6.363553574162385262e-02
1.244284573268023886e+00 7.689370950340648214e+00 2.420550385943192051e+00 8.247732631415660709e-02
1.127619200683412037e+00 4.974128092515853083e+00 2.407866898596704885e+00 1.031438853368067815e-01
1.489024329601859709e+00 8.032919985879221514e+00 2.605919091484230066e+00 1.628973184303767474e-01
1.150265897542484872e+00 3.199017235530748682e+00 2.351446637020371266e+00 1.926375084287660633e-01
1.144382434608032018e+00 8.140576240012014964e+00 1.971187942979884200e+00 1.497066926767015305e-01
1.282294801500241777e+00 5.002900621624679189e+00 2.353269497011283740e+00 6.350070271105875963e-02
1.375542070274235584e+00 7.706114987502410862e+00 2.345632235840231061e+00 1.902694726699020455e-01
1.273425278329407773e+00 6.468476511915286054e+00 2.369806916793633977e+00 1.007805593375666331e-01
1.387840363650834297e+00 8.457343606481195764e+00 2.286325030611022324e+00 1.886636677310377097e-01
2.269931262712426179e+00 3.455050009868151584e+00 2.337798545261795091e+00 1.716348704679108994e-01
9.245627183307412178e-01 7.018223713162331734e+00 2.306204274211309357e+00 1.294000114158228298e-01
1.573378485178260622e+00 4.857223400233760202e+00 2.443593544482335567e+00 9.617698252942903647e-02
1.205084587444502198e+00 5.063575329907976652e+00 2.371670007429296234e+00 4.246189564219386703e-02
8.316110737516485552e-01 5.153590306709196156e+00 2.562040522361650474e+00 1.992869271357120831e-01
1.205049337614005678e+00 3.292548990988033886e+00 2.162990328064928303e+00 1.705757705719196660e-01
1.356519995001023604e+00 7.603641509340058668e+00 2.290033028062971265e+00 1.556459457394721857e-01
1.481750001245657478e+00 6.809903094388500833e+00 2.327435745896228259e+00 1.681224488127657790e-01
1.031551764610449062e+00 6.409842622774148957e+00 2.338459683969940084e+00 6.345846030449769914e-02
1.159340506548558691e+00 3.373393769853445967e+00 2.305121394908475452e+00 1.124995135540198532e-01
1.506087954967486819e+00 5.685295455320845015e+00 2.355696958589971857e+00 9.947770222097540582e-02
7.378016627933388083e-01 6.109472969336744441e+00 1.990799088108442971e+00 2.805873478398582810e-01
1.423682957455537856e+00 1.060521727820246518e+01 2.413378142122368342e+00 5.948910166694332258e-02
1.192840212694683988e+00 1.023799369482589583e+01 2.260848291635231710e+00 8.529357986748470344e-02
1.539780247063440077e+00 6.854552549832389374e+00 2.406202906397534313e+00 1.270985336867100357e-01
1.474928841748804675e+00 7.783537540386507025e+00 2.498564320007900630e+00 1.603439516529091002e-01
1.600196851411815002e+00 6.233442291492970355e+00 2.564914824766914236e+00 7.243887279594544981e-02
1.301073760925544054e+00 7.875704397228777687e+00 2.437872857340176669e+00 1.061805393456857621e-01
9.681669044878924435e-01 5.990252526495049246e+00 2.364101358637281436e+00 1.185051894683720186e-01
8.424810233071790000e-01 5.426156643125863432e+00 2.352512373331721918e+00 1.714786934031213572e-01
9.624320666707742999e-01 3.178724477110545621e+00 2.148733537380191905e+00 2.848241882114403989e-01
1.517518844882104645e+00 6.810553666405732898e+00 2.420718385933451788e+00 8.289054630312801819e-02
1.413673777932362707e+00 5.278054556356404525e+00 2.434563566903049203e+00 2.159824591378623204e-01
1.440884730327089969e+00 7.143982598644471160e+00 2.318260376693390246e+00 8.228745952032968936e-02
1.195575501255466744e+00 7.049260217403057638e+00 2.349585786690910449e+00 1.020194530109059528e-01
1.701742155816234670e+00 5.606299501892638482e+00 2.403372898904450494e+00 1.622512367061446081e-01
1.321622165907127666e+00 7.461476079992347188e+00 2.324394891767172844e+00 8.605730481368686902e-02
1.297035918044319169e+00 1.086497205078106632e+01 2.179357890798207187e+00 2.640482762765880009e-01
1.404176923459271809e+00 4.575467356240774386e+00 2.137491533375862840e+00 2.129438331350723690e-01
1.270524403811674752e+00 4.779878624619477989e+00 2.425585839061590310e+00 9.270624523493906088e-02
1.198338543772879072e+00 6.881623195920994362e+00 2.588619765087075475e+00 3.197012233407280912e-01
1.141631785082782180e+00 5.846409769747361374e+00 2.199944552788967833e+00 1.048485334954749465e-01
1.177520354275348735e+00 7.569643609499872028e+00 2.215530389797923938e+00 7.626408731236693217e-02
1.715396699686651871e+00 7.770395839715396491e+00 2.359882237538170280e+00 1.197628274498853534e-01
1.179225855759953312e+00 9.620271664133802858e+00 2.157088427173147416e+00 3.892696659123984215e-02
9.920168993543536651e-01 4.991036028912465561e+00 2.351419537053732522e+00 6.526994536808385095e-02
1.274827198216498259e+00 3.780513422504802712e+00 2.388656174348651628e+00 1.394302024365495218e-01
1.185372477951184722e+00 8.953835861061598678e+00 2.252094517869704493e+00 1.370423481337665894e-01
1.285730643077139357e+00 6.067764660195903659e+00 2.327933113332392168e+00 9.390839105691278776e-02
1.214968626227312942e+00 3.908991613461640036e+00 2.328842719484945256e+00 1.408973529412180792e-01
1.436255332872192536e+00 7.586666895927093535e+00 2.437055890380397827e+00 2.093962471055244579e-01
1.280140490478282267e+00 8.175394199128296790e+00 2.243807159890155667e+00 6.012845884044246136e-02
2.146838611095031268e+00 3.227429640487432749e+00 2.420325373955497739e+00 1.842814165709403262e-01
1.578584679647156985e+00 4.513632623726393511e+00 2.615625136004638307e+00 1.317266336221495915e-01
9.456775156410850425e-01 4.068391075742704643e+00 2.114312856915540717e+00 1.596619044239097340e-01
1.122679292233398129e+00 4.149133310621883730e+00 2.277519812044234815e+00 2.538649987254061324e-01
1.121165736893195986e+00 1.005843505235465685e+01 2.278244529600617518e+00 1.282347155536986694e-01
1.239477164159710432e+00 6.506539989457644779e+00 2.199602100487375811e+00 8.773845553260517516e-02
1.327710672274207360e+00 8.810146380406360223e+00 2.133286516993885495e+00 1.855570513494000096e-01
1.300179297792839472e+00 7.243794213946079807e+00 2.291761646017687060e+00 1.339191832205094135e-01
1.261603973641971077e+00 3.621889292518210457e+00 2.544823676548502611e+00 1.063555253881856705e-01
1.195367326646494588e+00 4.599591437074278311e+00 2.407486710654633377e+00 1.364959392705763705e-02
1.672332669058432364e+00 3.695377935920909795e+00 2.436868337231279824e+00 1.646115887913403297e-01
1.220609134467506074e+00 6.679682934347114909e+00 2.412183665196343085e+00 7.496030748759546780e-02
1.442596822716567750e+00 5.894281938854104119e+00 2.430706514929642292e+00 2.213811483751625814e-02
1.124315356074393479e+00 4.094628148310027527e+00 2.045333924623003785e+00 2.076532859139491594e-01
1.068075171632551390e+00 6.978318317973480234e+00 2.422866118937129443e+00 6.211792731536708301e-02
1.317921706509992186e+00 5.444296841712690238e+00 2.368148972117487538e+00 9.628391690139859183e-02
1.374465965340727847e+00 4.477261407452735931e+00 2.448864106173788802e+00 1.508119263843421543e-01
8.756407779549254533e-01 3.091470445857820604e+00 2.418557988591274466e+00 1.326102734775673198e-01
1.341120384831449908e+00 4.523628853286117746e+00 2.354761185939084456e+00 1.442033836112862066e-01
8.559887241214635401e-01 8.032348297673815196e+00 2.282905845247670928e+00 1.564914949015472068e-01
1.584747420651319683e+00 6.715683822132956671e+00 2.568097660141821503e+00 1.105998983268501601e-01
1.746852111869619861e+00 4.219196923701201918e+00 2.706168080920335672e+00 2.577200911214012624e-01
1.048189806127982848e+00 3.982322247481306920e+00 2.121841222707264052e+00 1.433916233763388448e-01
8.407034391640227922e-01 5.481763921469158696e+00 2.027257699998743945e+00 1.188450145880549091e-01
1.305052584128833182e+00 3.508092843119785087e+00 2.442662482642401933e+00 5.212673579389969641e-02
1.157627835238471903e+00 4.056224170243744709e+00 2.278230284681244999e+00 3.946432873389676271e-02
1.373353151099970360e+00 7.432434669085164813e+00 2.445228752268437944e+00 1.631380022035835153e-01
1.547453998489003002e+00 4.495842177186864852e+00 2.289342975252767864e+00 6.754446734599683921e-02
1.468291498350807966e+00 5.892659346991838021e+00 2.405010894779140429e+00 9.500267139785897874e-02
1.385989816018576626e+00 5.116413201300087366e+00 2.266225009606905871e+00 1.449828262478473073e-01
1.273336767420931492e+00 7.864231441399905265e+00 2.475156082211281472e+00 1.011815868989672101e-01
1.430256569564438918e+00 3.255817256090200562e+00 2.387065339588767543e+00 1.082604186297768112e-01
9.165962174976001187e-01 3.996994268494476810e+00 2.268764794973042509e+00 1.291914077966826446e-01
1.343040771627544094e+00 1.015138124646724016e+01 2.433779301520468064e+00 9.790685728546827393e-02
1.030207478602608973e+00 5.360184572159495175e+00 2.288402080922563364e+00 1.376331017857454764e-01
1.239218444429015076e+00 8.158488509797052757e+00 2.383304435299182344e+00 8.339586844279457678e-02
1.052130810702249342e+00 5.807819704669258343e+00 2.196734513026109337e+00 2.168141227208880140e-01
1.107105306559202251e+00 8.572571365011253164e+00 1.979912142659593588e+00 5.196768204877871833e-01
1.528326140796230970e+00 9.684207973202756392e+00 2.596960267368075836e+00 2.395965125264757911e-01
1.390784363682415981e+00 5.450326253275743937e+00 2.400109382469157726e+00 1.697105183404813145e-01
1.373961955963296067e+00 7.388933121716956265e+00 2.452900469808590778e+00 9.071236470692080334e-02
1.138027255723448317e+00 7.324253063067679648e+00 2.447189043376735373e+00 4.929906476297706286e-01
1.270524403811674752e+00 4.779878624619477989e+00 2.425585839061590310e+00 9.270624523493906088e-02
1.477130390326493181e+00 5.518638299383023416e+00 2.444900994386619786e+00 5.858472980827360288e-02
1.098522370081707500e+00 9.155692097850920419e+00 2.259355097783411814e+00 1.729310679734738510e-01
1.320355631022866127e+00 3.682676233959375267e+00 2.267795790756053087e+00 9.304764225271211497e-02
1.454910149366339889e+00 6.658462388369564167e+00 2.510647497955812657e+00 9.686357840268135233e-02
1.084067931125014539e+00 8.103729433871356136e+00 2.397143297702778675e+00 1.446149072572365246e-01
1.367663337069706886e+00 7.535712686222052703e+00 2.449478684643318971e+00 1.829382034184519057e-01
1.118799468997588420e+00 7.858896447970838750e+00 2.285842800115924778e+00 1.396609575847559404e-01
1.179240760470191773e+00 6.116747370224109304e+00 2.256734060271372133e+00 8.494469898671479224e-02
1.338165570848232733e+00 7.126928910661328054e+00 2.267702847487211404e+00 8.186287628773927794e-02
1.388327511727292407e+00 4.657729282116018332e+00 2.303210441250925999e+00 3.155997628194633919e-01
9.909870404768172936e-01 6.189590187207597793e+00 2.368785729208590318e+00 6.494200532124749792e-02
1.237922607857355750e+00 7.674988739413000971e+00 2.519078134329411967e+00 5.113543878467247811e-02
1.123411686379444108e+00 4.105087642671091608e+00 2.343977167453273669e+00 3.708227027963476030e-02
1.767663428679846493e+00 3.838595785593390985e+00 2.348131874009819153e+00 1.123723315582628168e-01
1.350771825214762023e+00 4.975442816382666500e+00 2.404250243094642858e+00 1.035907613518874393e-01
1.021033751249221133e+00 6.586711480137703134e+00 2.284709190996896844e+00 5.456743346973971093e-02
1.299086246483624585e+00 6.017029487335639359e+00 2.382005350701748903e+00 5.358563022254678870e-02
1.095892059799361329e+00 8.475851752344263801e+00 2.414283542944669847e+00 2.696157026923811650e-01
1.217757207684334375e+00 4.956668100945473832e+00 2.502544824851912431e+00 1.475661168262256961e-01
1.356605811337493250e+00 7.162850336539513307e+00 2.246045858782883986e+00 1.750755531111085062e-01
1.402949226896124113e+00 4.273386923460517295e+00 1.977511897838167387e+00 2.089756547104821283e-01
1.018661542631462247e+00 8.119813776061723942e+00 2.299870955100197900e+00 1.731628923722102198e-01
1.728012880692989972e+00 6.530537504055246245e+00 2.350163883760939765e+00 1.108310810073178804e-01
1.173642239013421129e+00 4.344246775087321488e+00 2.261316842974463448e+00 3.015221701719354441e-01
1.008344758470475666e+00 4.484479510244103295e+00 2.260343715740852577e+00 1.851087813519183001e-01
1.383287472322229261e+00 7.251713487262447799e+00 2.446699126404057623e+00 6.019178468898418732e-02
9.302436338484314504e-01 4.907177254048805004e+00 2.224446771361208164e+00 6.635673338282489786e-02
1.170469102699900787e+00 4.033062095936488234e+00 2.426455502870354941e+00 1.343638594766142225e-01
1.520220796596600366e+00 6.251530153820914038e+00 2.260829082466027096e+00 1.647305364537547667e-01
9.720792702019372955e-01 9.380413669437981383e+00 2.472174753178355111e+00 2.593963500335503269e-01
1.199279867345698136e+00 1.045703640392288136e+01 2.404973171893427075e+00 6.876286580306903429e-02
1.500684825764738939e+00 5.263501928467347213e+00 2.334759359743391549e+00 7.798915275958798188e-02
1.205779073325051076e+00 9.630463883211699994e+00 2.468580892291242890e+00 9.103413735183760180e-02
2.080984122502220757e+00 6.392268271374556221e+00 2.508285181101149064e+00 1.732785819536357408e-01
1.226203274244130670e+00 8.640537375715846125e+00 2.407156366004945980e+00 5.256015015341387875e-02
8.944794717642308157e-01 7.801233462056901935e+00 2.287697661688392170e+00 7.444895801936472768e-02
1.542584564057903673e+00 4.022518630119403582e+00 2.465922355042825753e+00 5.820216103575670541e-02
1.014555810215639564e+00 1.231181402213676890e+01 2.283715403587682324e+00 1.742957495955229363e-01
1.450684614255421057e+00 5.077079647997017275e+00 2.436176829098744445e+00 1.007748471391437112e-01
1.602274097563017641e+00 5.099851823981532917e+00 2.480354287210355668e+00 1.016899520691275649e-01
1.231572843420298824e+00 4.781990046784385662e+00 2.490109268780209550e+00 4.571960300717633346e-02
1.178699726584163887e+00 4.672507268393703228e+00 2.512157064940939488e+00 8.645474511477789503e-02
1.463952808497030800e+00 1.056417147602792816e+01 2.511723479185956176e+00 1.390971788986011537e-01
1.249182883427883750e+00 1.008906945856745274e+01 2.383677005417362604e+00 9.802648573573767565e-02
1.359677682983150726e+00 6.944589086282167756e+00 2.429546137978159770e+00 1.353955674348890637e-01
1.111129923638015216e+00 8.073165356193149123e+00 2.311511360336712340e+00 1.599396582387000720e-01
1.496162445939215768e+00 3.623955157351195222e+00 2.331860568250033960e+00 6.448238925713645209e-02
8.350282580141021871e-01 7.142122294553111317e+00 2.316510931767138182e+00 3.065006790651621932e-02
1.468582421593297882e+00 6.421655881139613165e+00 2.403403683570644489e+00 1.093140595329421261e-01
9.473030140288305478e-01 7.441585774656334529e+00 2.480413922535469773e+00 2.003732324038763335e-01
