# 500 (alpha,mu) samples from hierarchical MCMC for Sotalol + hERG
1.351924630110135750e+00 4.468147079426104007e+00
1.301597508220453614e+00 4.089340209222778633e+00
7.367403944835777541e-01 3.727755871768624552e+00
1.202384437220297864e+00 4.184763416755282073e+00
1.152171393061002469e+00 4.073703064438577215e+00
8.057438643950410873e-01 4.320067425505430769e+00
1.032329439449078734e+00 4.240501678190494061e+00
9.912377301731526424e-01 4.070564865360385198e+00
1.041175197964524068e+00 4.257199303903822063e+00
1.083979484992733555e+00 3.793598178124859110e+00
1.108932040825860499e+00 3.866268565468104601e+00
1.115549240136901599e+00 3.788148336664036719e+00
1.057825003152214727e+00 4.025766044610010752e+00
8.948666168343424321e-01 4.110136883738668701e+00
9.592189137432871604e-01 4.052114682217371033e+00
1.064863551820536491e+00 4.411476011222513982e+00
7.598138998089141172e-01 3.816274354828944393e+00
1.063574339454611106e+00 4.139886624511655455e+00
1.199240775315320251e+00 3.825805064790163801e+00
9.837429943675948252e-01 3.933080578847523157e+00
1.164536072093840469e+00 3.937079480078862215e+00
9.697594687936966773e-01 4.615790926866117694e+00
1.037680460894329304e+00 4.112214339990350354e+00
1.018052113482880605e+00 4.277141616066829855e+00
1.161144585248737648e+00 4.412735235693515889e+00
8.468389056374319157e-01 4.353426667959674923e+00
1.034019925638937965e+00 3.992237645341101704e+00
1.025213861548900818e+00 3.831204546833397284e+00
1.057720991218865647e+00 4.327450488991098076e+00
9.020368976529776761e-01 4.170175402066941039e+00
1.053607578091197317e+00 4.570497007046241400e+00
1.340928412310109286e+00 4.276637765371839706e+00
1.026600873859934593e+00 3.788552124420430101e+00
1.220514327285387113e+00 4.039410682028222510e+00
1.183922634067914759e+00 3.578565451786410723e+00
1.113844264915997639e+00 4.131459858296338439e+00
1.393647294122997149e+00 4.014090469991857368e+00
1.308339321995964699e+00 4.006322814097724283e+00
1.456579293639883810e+00 4.005543652025916224e+00
1.101253087638875749e+00 3.787019891285035467e+00
1.239845666692018566e+00 4.118764400260106484e+00
1.023773697212655875e+00 3.877066641111566181e+00
9.772868961867330340e-01 4.151073736163256811e+00
9.609570885145056751e-01 4.071870605669986709e+00
1.233274878958960930e+00 4.076763844726746022e+00
1.098159552090242963e+00 4.418921254211581662e+00
6.986132308370096577e-01 3.910856812008039807e+00
9.528661651550562883e-01 4.057412520421381785e+00
1.004791840481116250e+00 4.184703440971044408e+00
1.311473399483229496e+00 3.757128034792777349e+00
9.390651729736898545e-01 4.029398313739767090e+00
1.381541305123683339e+00 4.061191785283465805e+00
1.343114737210620913e+00 3.626727622101603821e+00
1.164845481116596249e+00 4.168506603859551518e+00
1.016698875273849501e+00 4.128848990085879578e+00
1.433408021317593928e+00 3.976332375774199956e+00
1.020470222203459842e+00 4.080585967124007674e+00
1.277682127060734141e+00 3.932709807930525159e+00
1.374398435490635340e+00 4.256830138867831792e+00
9.624710020322922999e-01 3.655607169837253423e+00
1.044385320019893371e+00 4.393298255215352555e+00
9.422158795509554263e-01 4.073007879001710130e+00
1.120735592430983418e+00 3.926811383978459080e+00
1.114828145177241936e+00 3.788033928308060183e+00
9.286107356187167650e-01 3.929940996847518964e+00
1.300040299360567753e+00 4.160146581295967927e+00
8.585965639055497256e-01 4.420414572037012491e+00
9.102822579397700231e-01 3.882411610301705007e+00
1.288269371382930739e+00 3.831262579695970505e+00
1.654501000683067824e+00 3.879897778441859568e+00
1.025563914471923965e+00 4.303956264946079635e+00
1.162134612246180199e+00 4.116331429981984869e+00
1.108868102265847533e+00 3.954496040714647442e+00
1.011276144309876557e+00 4.044153201913825768e+00
1.123271634983961098e+00 4.173668999009344738e+00
1.107069436884985159e+00 3.874362599914370264e+00
6.978875536343285280e-01 4.098740868588111042e+00
1.956705964427635447e+00 4.110842553859274773e+00
1.049408480829970847e+00 4.307764191186113756e+00
1.553116438235073948e+00 3.725988931430888051e+00
1.039735483359290447e+00 3.937794134359264397e+00
9.425692636670077729e-01 4.301313553441394433e+00
1.627437779695374287e+00 4.137440840053018043e+00
1.207038729595852233e+00 3.867958514042061591e+00
1.005288575836762899e+00 3.950376855085201200e+00
1.093774251119190577e+00 3.833593716524289707e+00
1.250793032771185143e+00 4.473445053517576042e+00
7.218011755890496595e-01 3.866843574921032367e+00
7.274027125384593395e-01 3.938593401166263330e+00
8.147824805086026911e-01 4.087313603828768294e+00
1.234912367252176457e+00 3.833669639213540314e+00
9.854468745332335411e-01 4.081137471385217097e+00
9.374071150249974060e-01 3.643264636192558470e+00
1.632485545355479628e+00 4.164229679827980313e+00
7.882490108654944816e-01 4.106407840858252278e+00
9.662499978438268133e-01 4.144863357192701159e+00
9.708853632409467638e-01 4.048790725768095733e+00
1.265606641255894171e+00 4.419176718782400037e+00
9.251591688815536951e-01 4.129852186428579763e+00
8.977536213348343841e-01 4.427511141243385850e+00
1.489016827049812086e+00 4.098593498681022851e+00
1.133856311190929445e+00 3.909138301794867321e+00
8.818418873260367441e-01 3.975639410826725673e+00
1.560825250939757325e+00 4.092043483944297400e+00
1.213735980917075796e+00 3.758917056652345767e+00
1.027104766104295575e+00 3.790011182075045948e+00
1.109595246329323048e+00 3.930823115954237945e+00
1.004745045292130712e+00 3.806899741398130477e+00
1.159597849449437890e+00 4.298228181775348489e+00
1.097184481758770147e+00 4.265597377916343191e+00
1.059334849334562678e+00 3.915744697529095042e+00
1.366842146576491945e+00 4.175531254780578294e+00
1.370366900009185818e+00 3.845312718387146056e+00
1.209323725730287569e+00 4.156028814070508837e+00
9.569539200266058421e-01 4.113422062957027059e+00
1.409841512415292319e+00 4.168765619327069238e+00
9.519407140229581010e-01 4.128045072383716096e+00
1.567124799010286784e+00 4.167701573358344014e+00
1.078255668031205428e+00 3.715628043983900675e+00
8.842268301225355565e-01 4.131163315949498482e+00
8.626313620552760186e-01 3.861094747690726692e+00
1.562010328552734251e+00 4.242786611344454784e+00
8.816266833886775567e-01 4.118997866065782887e+00
1.070454462837847398e+00 3.958598746820267245e+00
1.332579425115836935e+00 4.271545923981449278e+00
9.085359101587515696e-01 3.779496798350036268e+00
1.007905109845276703e+00 4.058890939598821745e+00
1.153288573112890791e+00 4.025475817041008320e+00
9.529568999670845475e-01 3.887235242094580823e+00
1.081144276234413448e+00 4.740934624719521651e+00
1.183788818315659297e+00 4.060691848332635523e+00
9.592788399043770120e-01 3.824418355910240486e+00
1.196152848244098399e+00 3.971379887276802911e+00
1.147173462097018426e+00 4.046305180557251191e+00
1.011422670872486496e+00 4.158400311127555149e+00
9.938727301011848203e-01 4.032069130438009630e+00
6.930341785625538931e-01 3.966221777904385792e+00
8.493068715983626005e-01 4.380463446110277381e+00
1.112916127629699270e+00 4.552520310559645011e+00
8.297691048663217162e-01 4.176364859469061663e+00
9.866415120521940807e-01 4.026227589560703812e+00
6.525137271927140548e-01 4.046996752552075804e+00
9.659936190356595009e-01 4.184558868263418496e+00
1.584234540270259561e+00 4.142262698193435178e+00
1.005644786140530877e+00 4.244055424174877800e+00
8.611904821852263137e-01 4.182064759256432396e+00
1.071600282712612540e+00 4.029262526327486604e+00
1.127975354151652398e+00 4.451132595494261324e+00
1.033443184926182701e+00 4.046525349754828582e+00
1.026115238970351173e+00 4.301662821884712606e+00
1.130928252713813809e+00 3.589525996968435440e+00
1.135940413973003160e+00 3.760109703332291886e+00
9.910179772412062160e-01 4.918664314834480855e+00
1.128763787213107772e+00 3.800435482451018476e+00
1.135676125447084184e+00 4.001345712187885262e+00
1.433889579452028995e+00 4.181325347751805310e+00
1.078630619605166041e+00 3.958305289284600459e+00
1.072590272230689701e+00 3.979541144018758025e+00
1.388253997713401633e+00 3.985214957251171253e+00
1.089431160773695950e+00 4.111868641021487747e+00
1.066192858387999820e+00 3.510736088809867539e+00
1.083425045076372939e+00 3.905792037685437368e+00
1.186710128548177146e+00 3.932592793598055803e+00
9.719801572157070746e-01 4.083596672139919725e+00
8.919172582469513388e-01 4.348350143727208739e+00
9.932591208657578496e-01 3.996069906549484241e+00
1.162215313214963963e+00 3.956169674242710155e+00
1.024955851867715539e+00 3.992158287880700041e+00
9.010775126187182682e-01 3.910515718767435089e+00
1.296536455605723059e+00 4.146191724063955419e+00
1.224521199254082315e+00 4.474626966460632183e+00
7.301137551732546083e-01 4.186007393021417222e+00
8.220260124244600508e-01 4.079814655075112206e+00
1.231241203507084103e+00 4.334743295716925182e+00
1.063386108912939276e+00 4.297715151758479735e+00
1.207493126648967685e+00 3.968940922263731963e+00
9.054780925248356871e-01 4.372016544854061770e+00
1.221702020500670560e+00 3.839111604555709878e+00
9.111341867909937831e-01 4.253853821497096455e+00
1.133406346617763960e+00 4.234828624157445986e+00
9.784156025039481008e-01 4.054463484868200851e+00
1.007834959809384090e+00 4.304141584912905216e+00
1.194180271784094804e+00 3.983030015738286522e+00
1.172130748809984579e+00 4.002084435019270359e+00
9.919596792350049430e-01 3.833096377491582274e+00
1.164831302759827159e+00 4.232926576406650376e+00
1.093356281986765488e+00 4.063026889237204564e+00
9.097880309187149628e-01 4.135179095052238907e+00
1.308060586225034960e+00 4.271762266645621864e+00
9.216843948488543381e-01 4.100455533852971790e+00
1.122874374227992522e+00 4.342824068705444240e+00
1.374511235446136181e+00 3.763599508297373220e+00
1.035148056662727356e+00 3.989049687251104093e+00
8.603752514193578893e-01 3.968996846422703229e+00
8.627503493354159447e-01 4.149375030810229070e+00
1.026109474172232527e+00 4.142276245768988119e+00
1.040431430650067712e+00 4.135624536835323717e+00
1.297767758174740216e+00 4.260647475112944171e+00
8.985587290068860478e-01 3.938123245139414585e+00
1.049086096114691280e+00 4.048434138347065669e+00
9.316283429011121830e-01 4.232695138813843627e+00
1.019455564692909988e+00 3.920911456582311772e+00
1.065128431404809728e+00 4.368456159216798085e+00
7.922491092981109873e-01 3.951175214472575359e+00
9.482893056044978675e-01 4.149777543431742544e+00
7.615100720741028173e-01 4.024088977668990097e+00
9.665741746200897655e-01 4.055723956118455931e+00
1.460282239681738314e+00 4.082238633138899786e+00
1.077697166801856898e+00 4.406428088672722510e+00
1.075306913839444212e+00 4.416659872983289326e+00
8.299905816716898199e-01 4.396138658417173772e+00
7.733273390717525508e-01 4.128823024871580927e+00
1.165970778280991826e+00 4.219103995637767390e+00
1.046465249747977388e+00 4.020828447391739502e+00
9.034205999558898581e-01 4.163270862465429545e+00
9.012335893473989445e-01 4.158279986390277294e+00
9.232745083758131521e-01 3.786371585812420282e+00
9.688377707120351401e-01 4.171792054326259880e+00
1.456977726010983076e+00 3.831951115909470573e+00
9.917837907445350432e-01 3.894247339758956539e+00
1.151198269801422036e+00 4.156479350246273796e+00
8.669763002556568621e-01 4.218436004351119983e+00
1.043028010435814945e+00 4.013901944211230699e+00
1.138662707322093404e+00 3.981688483128043021e+00
9.753985423411877242e-01 3.690217558891243588e+00
9.631074534661356878e-01 3.785387762844323323e+00
1.294055021054760779e+00 4.282825236170889838e+00
8.973616193309570388e-01 4.072489193632979010e+00
1.061983789946012946e+00 3.896548236536014009e+00
1.007645909833199349e+00 3.829987775161315167e+00
9.728350981753342008e-01 4.259184301998492295e+00
1.277682127060734141e+00 3.932709807930525159e+00
9.425265833554173911e-01 4.070817793130435014e+00
1.078985479496609168e+00 4.447756654179539026e+00
1.416434739437622436e+00 4.159552677629825723e+00
1.081992531321544604e+00 3.856018505232984506e+00
1.277362013442663535e+00 4.044121711623501092e+00
1.065305853178695417e+00 4.092754334973065511e+00
1.124417274257672794e+00 4.222259814251636989e+00
7.602702066114731538e-01 3.976099311460721708e+00
1.016733821254196091e+00 4.383172115949537151e+00
1.536793921104698812e+00 3.939976765130488445e+00
9.582829287399617924e-01 4.026657104859229896e+00
1.027169730217738275e+00 4.027225213206113708e+00
1.283546342148124797e+00 4.492482599437703783e+00
1.079069074897446523e+00 4.064576050165992882e+00
1.225693348525383586e+00 4.003578168973881191e+00
1.015556815676715408e+00 4.006188376153764885e+00
9.208576845004805556e-01 4.139099522197218661e+00
1.046239114296504624e+00 4.182804144694880932e+00
1.146759552419852390e+00 4.054734018803404005e+00
1.057411234712473114e+00 4.094851251795621927e+00
1.183138386343813186e+00 4.050996530138932350e+00
1.171356100620172480e+00 4.121237918607615569e+00
8.713085820901286249e-01 4.096586882060047508e+00
9.150538357058819461e-01 4.015979490351694992e+00
9.308783318706591592e-01 4.234550757320210579e+00
9.490186975440815242e-01 4.355790163640451240e+00
8.544143436454296747e-01 3.933907491739134787e+00
1.240120936861273782e+00 4.110195180932223913e+00
9.769233231482721269e-01 3.872531774574460517e+00
1.090453755648108869e+00 4.217145488668404774e+00
9.780169759060556300e-01 3.980520002864488927e+00
1.100017504659195122e+00 3.844207793105783200e+00
9.808232838689106003e-01 3.871711049383263603e+00
1.104538696294314226e+00 4.024526945275970213e+00
9.482893056044978675e-01 4.149777543431742544e+00
9.063322659812003135e-01 3.952487323311952405e+00
8.842268301225355565e-01 4.131163315949498482e+00
1.184109331045388291e+00 4.179679231300284847e+00
1.113789348575905169e+00 4.252221208991147527e+00
1.389950733060788313e+00 4.138046663942123615e+00
7.997212091885578245e-01 4.015956665452459440e+00
1.091792413109489157e+00 3.989897987572004201e+00
1.122133650936066429e+00 4.555106323565877524e+00
9.850303646871768626e-01 4.114685912050235039e+00
9.408166255063252770e-01 4.177575118648317876e+00
8.092357288034935925e-01 4.114956447379542581e+00
1.268484496447105814e+00 3.928473259199911194e+00
7.681198670579825194e-01 4.474915324716247866e+00
1.074732073876954574e+00 4.007967388675701237e+00
8.533621829631979905e-01 4.240038403466118488e+00
9.205815576293744362e-01 4.302583453992922635e+00
1.087138195216208914e+00 4.267064873143886494e+00
1.506368053320551681e+00 3.888962539082866599e+00
1.191845952128345099e+00 4.102480214229611732e+00
1.182026783564537942e+00 4.203314087265390242e+00
1.299102874854395795e+00 4.063820104635018637e+00
1.273321996273658607e+00 3.993946253091360088e+00
1.343764239416696649e+00 4.164617429097464907e+00
9.513149966211130737e-01 4.028074401274056804e+00
9.555677242713686015e-01 4.608291667199486241e+00
1.749855062100748260e+00 4.419413660421663614e+00
9.313268927122776430e-01 4.004962240439347454e+00
1.185353777041322276e+00 4.211627057767336701e+00
1.107427492561792182e+00 4.279940121929186603e+00
9.467602802237088389e-01 4.686105175111030974e+00
1.534131270878129838e+00 4.092844036581354317e+00
1.968819721709036186e+00 3.841095005515092975e+00
1.129507061711716442e+00 4.341479287145081578e+00
9.181050291852855816e-01 4.241761809424976271e+00
1.094831979635435104e+00 4.103038007627229256e+00
1.175018550804622919e+00 4.008698457603875553e+00
1.303406950471330594e+00 4.192349423527866215e+00
8.751869059838299769e-01 3.884987157851911288e+00
9.762636028974643887e-01 3.782008694182808384e+00
1.337407515309579908e+00 3.887444732636618827e+00
1.127246227207511220e+00 4.130901256666932753e+00
9.738239126217886898e-01 3.945060016535617109e+00
1.216451069142618246e+00 4.094795642457144780e+00
1.236359015046667231e+00 3.537317782324766124e+00
1.014495511690769458e+00 4.008390746385113168e+00
1.321189677492006220e+00 3.558455423823834174e+00
1.144378660972678707e+00 3.953861831740122845e+00
1.105100173944825404e+00 4.111448256751624619e+00
7.578095405055318423e-01 3.609348830184201606e+00
1.084028690961851948e+00 3.911048829665819682e+00
9.940902096912828112e-01 4.302794084841197630e+00
1.083873640633842728e+00 4.246791350052514957e+00
1.120836529252864366e+00 3.423324265796587884e+00
8.710824084779406062e-01 3.959220790039553517e+00
8.140781888372723429e-01 3.890944739854620860e+00
8.876702108366348876e-01 3.572794139914525324e+00
8.848978315849839182e-01 3.980973548934304329e+00
1.247701243149482497e+00 3.998339077592273583e+00
9.822964496151714853e-01 4.048944992669673226e+00
1.220198022875600419e+00 4.373555470062312267e+00
1.167716526608250538e+00 4.117281450386109931e+00
8.474404151443728495e-01 4.422935522373551365e+00
7.901402192448073736e-01 4.294284297544697537e+00
9.451949024373297314e-01 3.920361807084412398e+00
1.151275861685599811e+00 4.303226757931551738e+00
1.198353070631003048e+00 3.923528964092482418e+00
1.110606112958050451e+00 3.896868814106043466e+00
9.437765791577835683e-01 3.849514117709349925e+00
1.071003409629130987e+00 4.518197855129863605e+00
1.056627007221820014e+00 4.064793458383744174e+00
1.195141308911997546e+00 3.999248148461688857e+00
8.905821194666336815e-01 3.961810241741035021e+00
1.203126373892442924e+00 4.288513434866469076e+00
1.016997549300890258e+00 4.281595357304810001e+00
1.214959663067787687e+00 3.758051464260884877e+00
1.046365527114084593e+00 3.638542962701214023e+00
9.145466884968551646e-01 3.873098126328374580e+00
1.205534032895351437e+00 3.958583702236913471e+00
7.385124817289373533e-01 4.224613122883338789e+00
1.341731473210622472e+00 4.204990650880388259e+00
6.636928426898004441e-01 4.093122406082462916e+00
7.632189121181743863e-01 3.977794462508469575e+00
1.029574051190298656e+00 4.368129213827032231e+00
1.156311592841946068e+00 4.203271806082866213e+00
1.140389852298312023e+00 4.327870369948517926e+00
1.670751164424736812e+00 4.046536548463957494e+00
1.470558635612823295e+00 3.978445100802058043e+00
9.363193521037835865e-01 4.050134818890290589e+00
1.249741875129544155e+00 4.281568635334072503e+00
1.007529669281640450e+00 3.867798109349879887e+00
1.443912392266964551e+00 4.346013308613721371e+00
1.361564910529433403e+00 3.997812372904095746e+00
1.081068685030115661e+00 3.983473933065611039e+00
1.229121512323182897e+00 4.070222660141551430e+00
1.068540254937864864e+00 4.254763521287443062e+00
9.412521067903119043e-01 4.368854847772873917e+00
1.347130254502132862e+00 4.387848268041946831e+00
2.022995005153137349e+00 4.010940052250843380e+00
7.113933988888657689e-01 4.181647329151521042e+00
1.196576737418874714e+00 3.875024884684444171e+00
1.408029520807625667e+00 4.214422938136296537e+00
1.529476550945727320e+00 4.320964867713421143e+00
9.302840370189978669e-01 4.047927612980196876e+00
9.241480281646810013e-01 4.064988685179080186e+00
1.157909118911613744e+00 3.909248382641601793e+00
1.114435564044615079e+00 3.779210884702552065e+00
1.015661873157889250e+00 4.453994749068719727e+00
1.035486648962135492e+00 3.878270638542289372e+00
1.176654836803798343e+00 3.997528945319311244e+00
1.070700599520683305e+00 4.550591065960566617e+00
1.243861460143915965e+00 4.042226655647666256e+00
1.337540138943895007e+00 3.950049717787607939e+00
9.950409817420601266e-01 3.860382198228296424e+00
1.302311652822177646e+00 4.222199799738167059e+00
8.219115098832040500e-01 3.867898076036111021e+00
1.049011277463932412e+00 4.570111893474286369e+00
1.418226562104550004e+00 4.353491191759668588e+00
9.779352739265588790e-01 3.700572357372244436e+00
1.269922905195091323e+00 3.830023417199886371e+00
8.198177864723040775e-01 4.205291515986773199e+00
9.594961013459949450e-01 4.105700367261796657e+00
1.672531241662388535e+00 4.037413469780348763e+00
1.013307783257795913e+00 3.866106805214410969e+00
1.072033764891584307e+00 4.006611763875055132e+00
1.116743080179406711e+00 4.129093778037189466e+00
1.003389583898713244e+00 4.129958471025129363e+00
1.207163431174812729e+00 4.527626427940524501e+00
8.645842900374978157e-01 3.852261309013043089e+00
1.430390692262776042e+00 4.074360747464221610e+00
1.290409907999140238e+00 3.813569215713261684e+00
9.601928668348241880e-01 4.248727399174914154e+00
8.643081562922415584e-01 4.358731133401045454e+00
2.273133847928093587e+00 3.735743909767316406e+00
8.894302535552361944e-01 3.959803456821379797e+00
9.807387142626831089e-01 3.971116547899261384e+00
9.636900357949909068e-01 4.299758977407242000e+00
1.209330872831052561e+00 3.895929272161287482e+00
1.020487225050917157e+00 3.882699633976406162e+00
9.573222118851814066e-01 3.940759787312138052e+00
9.596793319124830024e-01 4.107229578436968787e+00
9.938727301011848203e-01 4.032069130438009630e+00
1.536793921104698812e+00 3.939976765130488445e+00
1.009275721136372983e+00 4.310111336073737753e+00
1.231934125856270601e+00 4.136238048249234467e+00
9.664826609377638045e-01 3.995950108304831883e+00
1.083102143692786123e+00 4.025420179232577667e+00
9.807387142626831089e-01 3.971116547899261384e+00
1.182342886218080924e+00 3.908470526980991622e+00
7.873008251051669681e-01 3.614158900422192122e+00
7.921948720332849803e-01 4.158931475958290491e+00
1.318146637746359096e+00 3.950169554636688396e+00
1.026192230101266478e+00 4.039162689194787603e+00
9.981271802003298665e-01 3.901559461625572656e+00
1.200647326649310953e+00 4.036926570033506856e+00
7.753406986653766930e-01 4.329795840407542507e+00
1.301998957366128584e+00 4.259571993595739237e+00
1.006895520765489938e+00 4.145153635146722415e+00
9.466627819451466364e-01 4.197360211772033445e+00
8.598516910343569908e-01 4.201382417348684228e+00
1.139553388727738703e+00 4.071846322992414891e+00
1.431835600220705551e+00 4.060796294167642984e+00
1.099546286823956054e+00 4.275379893054454428e+00
1.670559875213816436e+00 4.190359736210213626e+00
1.482249015776938350e+00 4.054453829939393295e+00
1.030951172562360796e+00 4.169463150758105918e+00
8.593980837340474688e-01 4.069227719092707751e+00
1.008519820645360054e+00 3.486725967194266307e+00
9.487424227789991171e-01 4.270749206702162404e+00
1.144122180812412681e+00 3.835113341270544929e+00
8.649421751426977778e-01 3.904912608848126077e+00
1.026435071852591863e+00 4.138590133198858823e+00
1.270371089321626457e+00 4.267034931228597117e+00
8.793920885053159164e-01 3.997153958826623832e+00
9.841530630206786201e-01 3.775404675400809928e+00
1.145851466962265697e+00 3.858564799419633484e+00
1.258725282651151467e+00 4.170052326261097342e+00
1.352363626797281837e+00 3.968040848778063179e+00
1.269877527867192768e+00 4.014518209125439441e+00
1.194704505071843892e+00 4.347106684564959522e+00
1.213831962369847917e+00 3.793109746172190100e+00
1.048202822721403304e+00 4.042325534253747854e+00
1.039408066853906742e+00 4.037552079060462873e+00
1.091602085423938329e+00 3.933541677640939760e+00
1.231188849034922983e+00 3.940023767813344069e+00
1.176398072197667899e+00 3.906041739868141516e+00
1.156728783467362298e+00 4.015618081167311004e+00
9.170686937768582903e-01 3.622628583451737772e+00
1.035076547492977284e+00 3.737307148761640274e+00
1.173485114259737783e+00 4.116673417297426418e+00
1.814463921207029262e+00 3.818256498532869525e+00
1.564479982833894001e+00 3.832563426590667621e+00
1.594894101044443735e+00 3.963783229943176778e+00
8.180834864745046842e-01 4.000707294400447367e+00
1.019727407971622535e+00 3.828075706873976802e+00
1.162598995014045178e+00 4.098216057698308212e+00
1.037075923606406880e+00 3.953620605534371446e+00
1.473434190374615538e+00 3.849355687480267907e+00
9.863767168490000792e-01 3.842270802924522055e+00
1.560825250939757325e+00 4.092043483944297400e+00
1.008518881198964712e+00 4.579769369442487914e+00
1.138534566391038227e+00 4.153337261782585443e+00
9.687717121700499812e-01 4.468461737761415975e+00
1.278858206373237660e+00 4.809708438234097549e+00
1.024780931967910647e+00 4.010330323619857751e+00
1.003343343784179664e+00 4.171690067918397027e+00
1.066447016091467637e+00 4.157251195982238912e+00
1.048613023681825407e+00 3.837683324602457091e+00
1.148147889807519695e+00 4.166531667462773925e+00
1.127383664683450526e+00 4.305592628518285281e+00
1.116027714137898030e+00 3.608470504124436484e+00
8.685779563232945977e-01 3.658348071315637551e+00
1.137106913795540297e+00 3.114865095002723461e+00
9.441418871018404380e-01 4.369329620279922999e+00
9.965126812969822279e-01 4.013028028064219654e+00
1.189370713120225576e+00 3.812713713555950790e+00
1.352843288812502598e+00 3.906256455025553187e+00
1.083488525106767852e+00 4.239981908030924451e+00
7.726321140379984742e-01 3.932010895485941404e+00
9.982276146949304874e-01 4.354039902683989993e+00
7.681209986708237292e-01 4.007236588878767769e+00
1.230720705154837447e+00 4.235510833475540693e+00
1.229887226788296761e+00 4.034919448939213282e+00
9.463013775096678071e-01 4.104339419135562217e+00
1.156547024600013573e+00 4.211174779325382644e+00
9.351543304130636169e-01 4.286729270280234871e+00
2.068172952961871314e+00 4.247310010169854877e+00
1.185696566489570003e+00 4.024563333685774680e+00
1.224524968221080590e+00 4.123524855907817255e+00
1.089451213770125548e+00 3.847721863822973098e+00
7.872930190554987551e-01 4.016346036820721999e+00
1.213631628732299239e+00 3.934635130770780975e+00
9.871861742245471305e-01 4.405736564873405925e+00
1.318862893868999686e+00 4.316896240713986366e+00
