# Hierarchical MCMC downsampled to get 500 samples
# alpha, beta, mu, s
5.934332040088813320e-01 3.807918130084265051e+00 7.795197879032613741e+00 1.989462597804537713e-01
5.908223295395362840e-01 4.037524276255598288e+00 7.617332907997600877e+00 1.031538078267079800e-01
5.947866982168321659e-01 1.149014040590203400e+01 7.739120526383386434e+00 1.511681756289295908e-01
8.507377781464450228e-01 4.999093905566154739e+00 7.554659864548329828e+00 8.430327187578667836e-02
7.282047631184327408e-01 6.957525300029737458e+00 7.528467789850310510e+00 2.207238635618737344e-01
5.891957595678525283e-01 6.636392104120279356e+00 7.514020439064680090e+00 6.006042877129364604e-02
7.228273382789678347e-01 1.087139245344816807e+01 7.731988251934666323e+00 1.527127160861841138e-01
6.775345833358303871e-01 5.333846500790914824e+00 7.532331388539722283e+00 1.701154795140837894e-01
5.250173738819089442e-01 4.182152123097167440e+00 7.809924256198714332e+00 1.068296024835980601e-01
9.533585662931285398e-01 9.990572438409563105e+00 7.640607877103181345e+00 1.050318804748052864e-01
7.365551959236484869e-01 7.583596286475624559e+00 7.740316137462622592e+00 3.943013484080366837e-02
6.905820444496982846e-01 8.016398388107187856e+00 7.676373048096141183e+00 8.010702777144546038e-02
6.096923642031086832e-01 7.454936932432343788e+00 7.790804988398473796e+00 3.107401022248427180e-01
5.856554689367831079e-01 5.659594006830006130e+00 7.496141864391071330e+00 2.572517636956421216e-01
9.682258377917668524e-01 8.862029946411846382e+00 7.404012808653791744e+00 8.417350003311166451e-02
9.078621935200719140e-01 2.210498271312284047e+00 7.751448029541395002e+00 1.971776547113357481e-01
6.721167025564426245e-01 1.025018625014080875e+01 7.799937805088277720e+00 1.247806034740854553e-01
8.322727310072022266e-01 7.952803943519435315e+00 7.666911171222490218e+00 2.557609786063492763e-01
9.884387381112123006e-01 8.779796380270807887e+00 7.633871911881807470e+00 5.660287724335773263e-02
8.460708154248598456e-01 6.924447377363457612e+00 7.978753065159320812e+00 9.856642880797507333e-02
9.175231560773566830e-01 8.694751242792040813e+00 7.796801886423876837e+00 5.944316515963042891e-01
6.866841368899641029e-01 9.961329303877963781e+00 7.780300143465722407e+00 1.753907171075537730e-01
8.938136712995217170e-01 5.501101773672206541e+00 7.816270027631814443e+00 1.659296274248356351e-01
5.438072710951051825e-01 4.697292196417626187e+00 7.766160833840126010e+00 9.245355985470915527e-02
9.158061307938542006e-01 1.005784447270568194e+01 7.905983650838120269e+00 1.617567313706984589e-01
5.695069636172509497e-01 4.592672599749199058e+00 7.551501815059027400e+00 1.109737185199435039e-01
6.420942350229215112e-01 5.752540191616860810e+00 7.711974777409000836e+00 1.846225880326891056e-01
6.771724424626868188e-01 5.793284683034798377e+00 7.840802754992235890e+00 2.421490146426170664e-01
8.437377293721446403e-01 9.694331504473002070e+00 7.841329720527314251e+00 1.701648342464201491e-01
8.507377781464450228e-01 4.999093905566154739e+00 7.554659864548329828e+00 8.430327187578667836e-02
1.214369394593308948e+00 3.053902668676256038e+00 7.354149415401372458e+00 3.576625718177277036e-01
6.817721208012396117e-01 7.058360871709725259e+00 7.751817201684586323e+00 2.156805154004933223e-01
9.143671491900915438e-01 5.126772701574035196e+00 7.879055011846450185e+00 1.807864336788607973e-01
9.300568659892340939e-01 4.606973712328331416e+00 7.870479852164175227e+00 2.886472470895778408e-01
9.264488150925934695e-01 6.103842162778008174e+00 7.637308762654452465e+00 3.588871693709766997e-01
5.378975514663248969e-01 5.472512544581319638e+00 7.699748459574577097e+00 1.175414813070563558e-01
6.899743465670398201e-01 1.552416458653212317e+01 7.638226177486951762e+00 2.319153449132338451e-01
6.848840922485610605e-01 5.890115336739755847e+00 7.925114310794652894e+00 9.433577066637705011e-02
5.034856869503698817e-01 5.218137520383079320e+00 7.392688091449238996e+00 2.819450187134411312e-01
6.778702852562878967e-01 1.074506527701887215e+01 7.984775631049125799e+00 4.124130141556908713e-02
7.544924191492270449e-01 4.670460273383219452e+00 7.693952145742708915e+00 1.071038560574173737e-01
8.366405247039004900e-01 7.090820565662259156e+00 8.031223180823806373e+00 1.419884685763950216e-01
6.362552412584214778e-01 6.459998081619230170e+00 7.786669225517265147e+00 1.140415776682406207e-01
9.026683590925634881e-01 7.739810636034434310e+00 7.963963417201790129e+00 1.153128563339110013e-01
9.179345896632224999e-01 3.767543027268196454e+00 7.546598894547406289e+00 1.646253770849551712e-01
1.319810125948615687e+00 4.804891822804481905e+00 7.621999806740310746e+00 1.261816513899980119e-01
6.147302235949505533e-01 5.229474354440828421e+00 7.811348912369639130e+00 9.097127772626208142e-02
7.777662009406888233e-01 1.126061850867787051e+01 7.630060845663154900e+00 1.574951640020126331e-01
8.524962162743492389e-01 5.445089520805187711e+00 7.450572796202409975e+00 1.498321701846105081e-01
8.028549069030412877e-01 5.421411282215862215e+00 7.626452199788402275e+00 1.614038108989060971e-01
7.590135773753396986e-01 4.965792605735325438e+00 7.537797216821867430e+00 1.270754310231419215e-01
6.032884056115250804e-01 3.541637116686188413e+00 8.114136294316081077e+00 2.593309619646304021e-01
7.648296992937121397e-01 8.497374651275336532e+00 7.566718320331260017e+00 2.011826437115904476e-01
7.409847667038020891e-01 8.040941976616332809e+00 7.666951564892033666e+00 1.282381100577727195e-01
7.558080462203000671e-01 3.967746006072617959e+00 7.776531502930406958e+00 1.404262548345750761e-01
7.209621220976962785e-01 5.285360443915328332e+00 7.363073647046485704e+00 1.500631135325837529e-01
7.293818955233926093e-01 1.040236555388995399e+01 7.631582196639365989e+00 1.276335895066632586e-01
7.517074724410139908e-01 5.297460579448799223e+00 7.428945753090716586e+00 2.201526523417062231e-01
5.140915691196062953e-01 6.289080335262346999e+00 7.918936657800851542e+00 1.664354359128051297e-01
8.858444847922873899e-01 8.694382091611709384e+00 8.078035076552041005e+00 1.517080346881906350e-01
4.885224911974849205e-01 1.029425737139824371e+01 7.939698271613232272e+00 1.570246509676410662e-01
7.108920788096919630e-01 6.592206502361133147e+00 7.590719571255334586e+00 7.481236885062522712e-02
8.548037903117954306e-01 4.412875247379330013e+00 8.189203825686053762e+00 3.822035106577698071e-01
1.179826157934699138e+00 4.944845652313714979e+00 7.821245669131152489e+00 2.473757562332354609e-01
5.682537984373355888e-01 7.121219659494783194e+00 7.768726994107411521e+00 2.217440253776006009e-01
8.253464973968389629e-01 3.654915937468077303e+00 7.632957733188328930e+00 8.405002491046847934e-02
6.905092927182823193e-01 1.137021814472887904e+01 8.180955321592342955e+00 2.317737127565982214e-01
6.386362066329748233e-01 6.339758209624533514e+00 7.929794148282504729e+00 6.470266651426082039e-02
8.619589265722704674e-01 6.211054469983150028e+00 7.919163157252971708e+00 3.825712744545954891e-01
6.717335749232550279e-01 3.778385573732305325e+00 7.645677055461855609e+00 6.305259420834510853e-02
6.229262747079631346e-01 3.492044873272967198e+00 7.722536982080776546e+00 1.710381767575300249e-01
6.851990690609061074e-01 9.194555789545056257e+00 7.652351922962433939e+00 1.399746749068307428e-01
8.212631280475806150e-01 8.932575195498314358e+00 7.702232205008703758e+00 1.896361223119551187e-01
4.454569441774826055e-01 5.859453284249617866e+00 7.609268191411567628e+00 1.960987683507277868e-01
1.262526740304340533e+00 3.160684797900367826e+00 7.874336294985804230e+00 3.826587269278192149e-01
6.277108904251155197e-01 5.437815150950388698e+00 7.536942964645482412e+00 3.126442079461824730e-01
4.085678874626986201e-01 4.064491110310870958e+00 7.502923304473779531e+00 2.262450682809754310e-01
8.376721829705803257e-01 5.860222907998232422e+00 7.589251370907742711e+00 1.752080831393353910e-01
8.020336855915897178e-01 3.585558847202899191e+00 7.808261623768966153e+00 8.984519609086612235e-02
6.497444433024046617e-01 4.386213361454055715e+00 7.643439942469362869e+00 2.455682502576829740e-01
8.570287275105493707e-01 2.803571208655073033e+00 7.768374280605411464e+00 9.838550015593132414e-02
8.961205173857720307e-01 9.038729137670927116e+00 7.855994378116338162e+00 2.178303331884883787e-01
6.837034646803581417e-01 5.479532512442465197e+00 7.708924371290081901e+00 5.526388934909937101e-02
6.147840661844909960e-01 9.367335103452857581e+00 7.702679709899547866e+00 2.154194965766577097e-01
7.155072074343782340e-01 4.961603615692420810e+00 7.725962013595794708e+00 1.467350366609596057e-01
6.699741564473354893e-01 3.746530784734457775e+00 7.651490209347181271e+00 7.556212613404117429e-02
1.090482583499296165e+00 3.612747544988070825e+00 8.137013184047741987e+00 2.235170695517269268e-01
6.942803418695098205e-01 7.046830680694208482e+00 7.619937299798490216e+00 1.500188161002728171e-01
6.673653837843879222e-01 8.277671599050746565e+00 7.702453642723541272e+00 1.088179348233523080e-01
1.009138092704860989e+00 3.452890091553128649e+00 7.742163810480072073e+00 2.792179962940034010e-01
6.808684112096128338e-01 1.133995504400068910e+01 7.938860208229045590e+00 1.591295780244346703e-01
6.540373169576457757e-01 7.116257649630744808e+00 7.503415239696932915e+00 1.713779228381557829e-01
8.702873468771455956e-01 6.226014493992511944e+00 7.849896715410070946e+00 4.204550060858382177e-02
9.485282938028715138e-01 8.052630005816679315e+00 7.992749579745640709e+00 1.576864964505474143e-01
8.918652903055506176e-01 8.929940829410117686e+00 7.833112426844154541e+00 1.060048660470069570e-01
8.214910367524089763e-01 6.998596634862210841e+00 7.775990275428564580e+00 2.335209966063811482e-01
9.415837632827174231e-01 6.741600945190425520e+00 7.966864564798433079e+00 3.239548318425516937e-02
9.481904636219884441e-01 7.422025351273457972e+00 7.582131882062963513e+00 7.347628973794292917e-02
9.017365520783802157e-01 5.915839505651798724e+00 7.714397179209742994e+00 7.643081022975771466e-02
1.042186905677583431e+00 8.004108356519763490e+00 7.758977890929761756e+00 7.907331731007125053e-02
5.199823963610754607e-01 3.151101838488373108e+00 7.591080999271359708e+00 2.381644816725434211e-01
6.522839449384474353e-01 5.643163146540811859e+00 7.779758612288624420e+00 1.753301211995469400e-01
6.670817470175156583e-01 6.016248618612815235e+00 8.032736022466234971e+00 2.564558818271008844e-01
8.558099313694010890e-01 7.602227056717664411e+00 7.849665155686852636e+00 1.259564889525375542e-01
7.264442003532900483e-01 4.596314239667037782e+00 7.447073690079863084e+00 1.616535345999263740e-01
1.104685863407750546e+00 3.922496014891390992e+00 8.042218430281826258e+00 1.802602770623029094e-01
6.693914225108301697e-01 7.965778045334936053e+00 7.758922754801998778e+00 1.474752780305272071e-01
8.812816267051165608e-01 5.413992424135400938e+00 7.715182458077963545e+00 1.878448673491831533e-01
8.861816756362786984e-01 8.032867951838330356e+00 7.468194637955032356e+00 2.477205297226612035e-01
9.099627151315335949e-01 8.066292281910548922e+00 7.603917496949576638e+00 1.833281782329604925e-01
4.988676530416035759e-01 4.891794123917561521e+00 7.985096060780173310e+00 2.334411341962581710e-01
6.985460144577453345e-01 5.145230986938802431e+00 7.978396003938851955e+00 1.550979081947354010e-01
9.059326723060258102e-01 5.937792160592581858e+00 7.698604900187509870e+00 3.232407511810756473e-01
8.205206276188810044e-01 8.756328917704180981e+00 7.751801117317675960e+00 1.154902250856554152e-01
1.023137888560751385e+00 5.086632682508876790e+00 7.847125913666363139e+00 1.038903736122203658e-01
5.045461258559289508e-01 6.377116087460219518e+00 7.736949668306520422e+00 2.005584527004054263e-01
7.796882550613618568e-01 4.131026578037705121e+00 7.634199782878059004e+00 3.565245106670078545e-02
9.689992866236214475e-01 3.337193515464468518e+00 7.392797341802124222e+00 2.734423211069627047e-01
8.159141254956931988e-01 4.438673092774838125e+00 7.806328851767857735e+00 1.392729532285051364e-01
4.798142470997768250e-01 6.808750184949405870e+00 7.767198400253043644e+00 2.969446837997724575e-01
1.208895415974053478e+00 8.246025714551127095e+00 7.479968680048551199e+00 1.810261935993475180e-01
8.122589079956579194e-01 8.986301080655673346e+00 7.489723927655171920e+00 4.384948619808296533e-01
5.812065548344466093e-01 6.078389009903387041e+00 7.943466516287092993e+00 5.766799573927805511e-02
5.895425538811340793e-01 6.939973256688286796e+00 7.967907776186824442e+00 1.142712660549013715e-01
1.177953000192965893e+00 5.950817771225763053e+00 7.345110636932883352e+00 4.549025476711220373e-01
8.003869891397246139e-01 8.636094183492810217e+00 7.788399576741031005e+00 1.256480534794878756e-01
5.617469647924187015e-01 5.183520063814300194e+00 7.883753636436990675e+00 3.147044104365101513e-01
5.401662439861050213e-01 7.387461276296609647e+00 7.599030532553503470e+00 3.637348554987782090e-01
7.529126789507332163e-01 6.729160523798988436e+00 7.726918384084594749e+00 1.131991684800756903e-01
4.901927948249846234e-01 3.794638015691603528e+00 7.718409731057887413e+00 1.317953627999198241e-01
6.162194136871645966e-01 6.646866387224802608e+00 7.758956027118861343e+00 1.393844291651716027e-01
6.589659699922369995e-01 8.940302095991908615e+00 7.597053739077326284e+00 2.040052269105251670e-01
6.052914291052087226e-01 6.861645496282035239e+00 7.637757951264825707e+00 2.053749396241656144e-01
8.956217438916109774e-01 7.153358358576959120e+00 7.738962600444144080e+00 1.045187166846233418e-01
7.895787846181107072e-01 4.663728331755271128e+00 7.761624981878648022e+00 9.169697231519455261e-02
6.612126938218247929e-01 7.378343389174690792e+00 7.693753187787606862e+00 2.316786708553278951e-01
4.739587351939028581e-01 1.019822579138859631e+01 7.507726076411795901e+00 1.550874530731418954e-01
7.754487166048786850e-01 5.153025898787618964e+00 7.549980021245213280e+00 1.549774337061685658e-01
6.712308400103000894e-01 7.872269327527464000e+00 7.745411593387134808e+00 2.363490353067484451e-01
9.000625140308187166e-01 6.051472901636520518e+00 7.696837702745865428e+00 9.465333645801110585e-02
8.613873521498685015e-01 2.571859769708510157e+00 7.755252018743523656e+00 1.042682128339244563e-01
8.353382922876815275e-01 7.029968102686057208e+00 7.882088868062103515e+00 4.343111966530789347e-01
7.918784016538121806e-01 8.329381262997241464e+00 7.542656659223022864e+00 1.565469852843907050e-01
8.772565216804221189e-01 5.025586577761018248e+00 7.623301270730403090e+00 1.726953263351588552e-01
8.146451579000979493e-01 4.884300061484410094e+00 7.736716088636844013e+00 1.655182190350728000e-01
3.776223796842880787e-01 7.605284658537147635e+00 7.980119554012380156e+00 6.077086013713468848e-02
8.075266647125995956e-01 6.169183061038255644e+00 7.858087258762165739e+00 2.077725321280257387e-01
1.261718910132430871e+00 3.347015919496167058e+00 7.786962920949418887e+00 1.324547528994723944e-01
1.073578449367294185e+00 8.351945636940051543e+00 7.702353963628724820e+00 1.299935039619249943e-01
1.126520394496244748e+00 2.415707508440133822e+00 8.070953703580252991e+00 1.464978920865418754e-01
8.894474423033140731e-01 2.757129429813155230e+00 7.710778765064688400e+00 9.281642789370786462e-02
1.069533770840348952e+00 1.146386813792914516e+01 7.545758098527962865e+00 1.010681711043244502e-01
9.503054537542493518e-01 7.585599885095184014e+00 7.782391210908000900e+00 7.470933815147520751e-02
9.356138880377136147e-01 4.526590558454989477e+00 7.909490667780100459e+00 1.617478109784592222e-01
6.315907349735461196e-01 9.123038369305868756e+00 7.786157479935960524e+00 7.701418924738331895e-02
5.925572523713461548e-01 8.371011192724161276e+00 6.562764444599960001e+00 6.436480422713787286e-01
6.195701760028127225e-01 5.956735648410119488e+00 7.833127139221428337e+00 1.026694580728943207e-01
7.600799622294623914e-01 2.633853653530378036e+00 7.767159358957553827e+00 1.129440855975060165e-01
8.788731459250815892e-01 5.254646504016453612e+00 7.756386107963830767e+00 1.678103410660109762e-01
6.424200952220127103e-01 4.318056839296305682e+00 7.330899287527663510e+00 3.546995974192955758e-01
7.548342542748284201e-01 1.005450585157717214e+01 7.679614200455217699e+00 6.114355801725123579e-02
5.749008179058909818e-01 6.647911188406254723e+00 7.316002436058457903e+00 3.544182204913600143e-01
5.370860562127901527e-01 4.003784953915209499e+00 7.838515310087941224e+00 3.218907820027603339e-01
1.048903537350674098e+00 6.720271620942043000e+00 7.542380907891520714e+00 1.024994610108767024e-01
1.074414803729398571e+00 5.292090756756245185e+00 7.661776869176733840e+00 1.466947584628086887e-01
5.897882475191911222e-01 5.832949198465938068e+00 7.794595594154507978e+00 3.662101137833115860e-01
9.308111159760288356e-01 1.032694026044358004e+01 7.870289839820729050e+00 7.885936280206126692e-02
5.689006100141379418e-01 4.308877917391910728e+00 7.646636889650359592e+00 1.188487567122061966e-01
1.074319345852238206e+00 6.085148230640174738e+00 7.820536795093535609e+00 2.072342631489635933e-01
5.933610278670147231e-01 7.467886746597618419e+00 7.851627119432253110e+00 1.584294675586974954e-01
5.890720582105674064e-01 1.050526613262379527e+01 7.572284841271103240e+00 1.826279866037741062e-01
6.467381046164768499e-01 9.313416839183338070e+00 7.531527331809163783e+00 1.509222541459901978e-01
8.756512715782401868e-01 3.234613079705600303e+00 7.859048757366517535e+00 1.098284404893781069e-01
8.255234805798309372e-01 7.194680850385095638e+00 7.840117219080218192e+00 1.064257908965764443e-01
6.896665628995140018e-01 6.469678667929394500e+00 7.679932286468257097e+00 3.891592447227644469e-02
6.953332647334323768e-01 8.369627404199784237e+00 7.861018841581863370e+00 1.541971965767384156e-01
8.641824692200232860e-01 6.199505729450080160e+00 7.449617024268832211e+00 2.772135598815304580e-01
9.174029093935409662e-01 8.555236435582031618e+00 7.935262795146592829e+00 1.450195526559653614e-01
7.518234241973422716e-01 5.539807942489352932e+00 7.966928487387838764e+00 1.884111329753822561e-01
7.795556316154940157e-01 2.613518280262505655e+00 7.470633515965781513e+00 2.412164595453611393e-01
7.684838616928568733e-01 4.446509414327649345e+00 7.866975339227674446e+00 3.087320533995275840e-01
5.445506466025772374e-01 1.217853725379570484e+01 7.666104634271746932e+00 1.014836521059547525e-01
7.946713478874668501e-01 6.296347626032698486e+00 7.905971798948352003e+00 7.316363190262756278e-02
6.759245128182566065e-01 1.212736408781254482e+01 7.644401693793072994e+00 2.138191929322695861e-01
6.902428959641933037e-01 6.568748109399871637e+00 7.543839126097142689e+00 2.238202629233545515e-01
7.133190484325198089e-01 3.257590639330427251e+00 7.660228977430169728e+00 1.040333989127516234e-01
6.637361720034526957e-01 8.005692611139387793e+00 7.995316942825288820e+00 3.775186216294110220e-01
5.574101657159726830e-01 6.011827250666424760e+00 7.459083633826455006e+00 1.463438215427030342e-01
6.539340422099461092e-01 5.665785608970792531e+00 8.014098767611615770e+00 3.864805828476782223e-01
1.049216621603638933e+00 2.933889458930592387e+00 7.913428605367728075e+00 2.121976034574523662e-01
7.593522245536057369e-01 5.243525032170213152e+00 7.182862269354676421e+00 3.273596336276416441e-01
8.507375594248424155e-01 5.320510746615971343e+00 7.542318599488669228e+00 2.115236945882170705e-01
6.115678900597293355e-01 8.919716672832477045e+00 7.858630063252458164e+00 1.855967769696797720e-01
6.581662748853509548e-01 9.044263605342003132e+00 7.490630568846461834e+00 2.838140184962998913e-01
5.011056773882218707e-01 8.629858374367307405e+00 7.613751169815464515e+00 2.870645939621018772e-01
5.622634801929008441e-01 9.662157824640015491e+00 7.792687578915042046e+00 6.381451259498666095e-02
8.104858960908920551e-01 5.390110139699956449e+00 7.690175913399285079e+00 1.880734778612025426e-01
7.713343057782547918e-01 5.348646346834417642e+00 7.763808050503353542e+00 1.888923355856126918e-01
6.117727718726614361e-01 4.349418810119555445e+00 7.741996921268476939e+00 1.263244015752341687e-01
5.982291035362494735e-01 7.995397161232263628e+00 7.724393953162181248e+00 1.823956924675662616e-01
8.147643754087153800e-01 5.807158447297759096e+00 7.760290453297257862e+00 2.208031986655849543e-01
6.274647190534838881e-01 1.063061837761823014e+01 8.016695746707808823e+00 1.325434989777549144e-01
5.608006598754582406e-01 7.166012093725456999e+00 7.683116196348521498e+00 4.997922450562384405e-02
8.789929948820645045e-01 6.169425655741026304e+00 8.317000820997476396e+00 3.007509037819450226e-01
6.550572141635561119e-01 4.424574396529314058e+00 7.554959272144085247e+00 2.531748802170818990e-01
6.389572719007065027e-01 6.527586016207506781e+00 8.032226329804592169e+00 1.658652740263951986e-01
5.569462524996269259e-01 6.776051153742360000e+00 7.405707777022203508e+00 2.583292782745126859e-01
6.085471582412149694e-01 7.352688769366716670e+00 7.704210952255770017e+00 1.065904751248433202e-01
5.776016422702681119e-01 5.149737169028752781e+00 7.749797555387528902e+00 1.318029403171483704e-01
8.771187261508328614e-01 5.007919934455123290e+00 7.649011120101703476e+00 1.515452328002823423e-01
6.836011090236299159e-01 1.235278237773584209e+01 7.711147939542768448e+00 2.274433743720354340e-01
6.605949725163240416e-01 4.358018013893859788e+00 7.905115324259512022e+00 1.065155489822635915e-01
6.456664871363858582e-01 7.839680799389983079e+00 7.906585516206324549e+00 2.069745460038913409e-01
5.868051885853673433e-01 9.539097315237883734e+00 7.538400491998178410e+00 1.262426522756407432e-01
6.299584790896197717e-01 9.756197933107216613e+00 7.655185933152245603e+00 2.461233729111687030e-01
3.970189640805198428e-01 9.072020321056864844e+00 7.482773305134919006e+00 8.396973481373519455e-02
6.713469350631072752e-01 6.084988369293483856e+00 7.661470228624134293e+00 3.672133268417458463e-01
7.120656337077333475e-01 5.714680419886753349e+00 7.944572982801251904e+00 7.251739571712254029e-02
6.054291102061795105e-01 6.833340515910683699e+00 7.596982003522641413e+00 1.433980000256555309e-01
9.297752072366531895e-01 2.699385795296533441e+00 7.704524785290361777e+00 1.475028343351860449e-01
1.329846366336099539e+00 6.803072066265730911e+00 7.722464125058656315e+00 1.390484155072086447e-01
7.911009960602820579e-01 4.576410176627782711e+00 7.720745315491383209e+00 1.936175063867760504e-01
7.959225582403106625e-01 4.421541567002522655e+00 7.899090888622663620e+00 2.452497261237116255e-01
9.610506334440738208e-01 6.107047715422542211e+00 7.568292858633945741e+00 2.396287432030484998e-01
5.156183954432786987e-01 2.559002072121328020e+00 7.615766145476952964e+00 1.923624107757258006e-01
8.410886666830286185e-01 5.649639643228033137e+00 7.339878810106281293e+00 3.207061560623633012e-01
8.392851504231587656e-01 7.571169810075926598e+00 8.077863493194675115e+00 2.130082023525813328e-01
1.340568353980341909e+00 6.314856163183947935e+00 7.717800724080931651e+00 4.090579410269962191e-02
8.204870942411688350e-01 5.906335782955814295e+00 7.442461720158273231e+00 1.191616885963660694e-01
6.065141620501812714e-01 6.280431298226145209e+00 7.498525153965429624e+00 3.377028890883647660e-01
9.612521419907972264e-01 5.240222969558193000e+00 8.141006382313161538e+00 3.187031745005747263e-01
6.007435621940639958e-01 9.014837660681834564e+00 7.582685143978023845e+00 1.863794278355833944e-01
9.819931475863696857e-01 4.172665550152804492e+00 7.614219466239794620e+00 1.669993084827446350e-01
9.175183456114123226e-01 7.614857383797172474e+00 7.484206442186609465e+00 2.466716231316599672e-01
8.237837586572487325e-01 9.856900295365486286e+00 7.746896393710558826e+00 2.303586988861812679e-01
6.649908940216807673e-01 9.882972371475151618e+00 7.614074844374697726e+00 1.015558641609734525e-01
6.692066151356654835e-01 4.666338058637928832e+00 7.895097380443559132e+00 5.406216568364621833e-02
6.576501142334683081e-01 5.909233869059803190e+00 8.030528831632494757e+00 5.240649029853354790e-01
6.483289281779269775e-01 3.732115864419184970e+00 7.603596229963416775e+00 1.129571109459996531e-01
5.501999586327461778e-01 6.704012196189406581e+00 7.750400940228730384e+00 1.537401902639256301e-01
6.723999688194509661e-01 1.098827074430801609e+01 7.551315887717517938e+00 1.952446044639431499e-01
5.362940570780774241e-01 8.433297122383462963e+00 7.483613366801582956e+00 9.928773851017863583e-02
6.788506317836605630e-01 5.615630526260418698e+00 7.064617886477154052e+00 2.895875488335369341e-01
6.123410470358161550e-01 9.998134043346899702e+00 7.812671235503030331e+00 2.302914351254213288e-01
7.120386965525902223e-01 9.658019241399884436e+00 7.805577286512580315e+00 5.125054809586795379e-01
5.017198452288981203e-01 6.797588296490071791e+00 7.861927559451875602e+00 2.471751321011836922e-01
5.598714149545261920e-01 4.894728936903888439e+00 7.601471785800706371e+00 2.788790514761084194e-01
6.832969048499157871e-01 1.307869175273680007e+01 7.743443889793945267e+00 2.253191821270875694e-01
6.282912821700233907e-01 6.883455962943990869e+00 7.716563636275096449e+00 6.639403652486067231e-02
6.853628809164604707e-01 5.056091946663602954e+00 7.648672135998799249e+00 3.130440406249261898e-01
6.333237034995202741e-01 6.123231105107165284e+00 7.774767003022408751e+00 9.796518606574967925e-02
5.152085333398609412e-01 6.738125862023785828e+00 7.755384400951596646e+00 4.316935881157851762e-02
9.149300683196346373e-01 5.516181772301340658e+00 7.778037968271243940e+00 7.179310989416429201e-02
8.152404491805183007e-01 4.444356409193117585e+00 7.678694795316646449e+00 2.078721755740601806e-01
5.759196526331903376e-01 9.328492140039553959e+00 8.117613238833651934e+00 2.412200907601437239e-01
6.266444362142492563e-01 4.611585111170644069e+00 7.747854195042137349e+00 1.099175398866308329e-01
9.503864357484735903e-01 6.974889030427273262e+00 7.752479096204620390e+00 7.809566073753504423e-02
5.890451379573159452e-01 6.384306030101797091e+00 7.678916702831531715e+00 2.432737790895266317e-01
7.200056687803390032e-01 1.438698433850619907e+01 7.396866232435790778e+00 2.847516821689733413e-01
1.064971423234694070e+00 6.273668783124875858e+00 7.578778043750634907e+00 1.050277313666343332e-01
5.594997835666142283e-01 4.140525308295422313e+00 7.528175621381057780e+00 2.279341101722055785e-01
5.443294890311978218e-01 5.754289634847418178e+00 7.485305214536868590e+00 1.823259814874753360e-01
7.124788840900225795e-01 7.961993396898840558e+00 7.878976140428385122e+00 1.910660524254947368e-01
7.436576538882744281e-01 8.328641616393410274e+00 7.923360696852737917e+00 2.047152199501654224e-01
7.968325271950754685e-01 6.837366625061548575e+00 7.597080223563147605e+00 1.640084282477877464e-01
4.900414626080010772e-01 6.682564296145475424e+00 7.266316844544510545e+00 1.593417395248730717e-01
1.190110336997767027e+00 6.798783157116723430e+00 7.741345553042057404e+00 4.841549857703716930e-02
1.132018120573282438e+00 7.103090936128423571e+00 7.687252164177307279e+00 1.535971578002169879e-01
7.388628225501482349e-01 6.208302281625764252e+00 7.480003500688030549e+00 2.845578492951827965e-01
8.333203837887889209e-01 8.468716000986995951e+00 7.697312462311177050e+00 1.653216007637280938e-01
9.701664981719786418e-01 8.818862559199539319e+00 8.113879015475479406e+00 1.251788186688007065e-01
6.866513571730753496e-01 9.335211186465375732e+00 7.572909130154235058e+00 9.632357227679583245e-02
1.093364470666967181e+00 6.360153513881034115e+00 7.435112503279907692e+00 1.431128852998093670e-01
9.470169095976218587e-01 8.423409929865560031e+00 7.824941544302558505e+00 1.303203914426661059e-01
7.279618511058275621e-01 8.966499406065240763e+00 7.710374784577075147e+00 1.378705461631175022e-01
6.125188161284333965e-01 4.628743747449450829e+00 7.797632955190751503e+00 7.686430685937920004e-02
8.306471248592299794e-01 7.943819241414301402e+00 7.590739327569298034e+00 1.721938312338254229e-01
6.683420238203693353e-01 5.137017754870647934e+00 7.782325248161944486e+00 1.194161375765698530e-01
6.199264474588047635e-01 4.303088819037653501e+00 7.637739123497510718e+00 1.539279749947932430e-01
7.916839282404644074e-01 4.877454426033005497e+00 7.837074024324742538e+00 9.260303055971730313e-02
7.656961114188656214e-01 5.982359859955459491e+00 7.362217733394976982e+00 1.391776829508887259e-01
1.253599137119036255e+00 5.097433091314201192e+00 7.530066928589133290e+00 1.818825565233364860e-01
7.174606197100484861e-01 5.671755059972839241e+00 7.806761007749295267e+00 7.182863515197449034e-02
5.881364291211753637e-01 7.697806281383662963e+00 7.714298195775689315e+00 2.245499228726213214e-01
4.973951278035739221e-01 5.576527705284509473e+00 7.612227290888784026e+00 1.337582603004909554e-01
5.295815888657342541e-01 4.677658792345925853e+00 7.641213180572908215e+00 2.041162644519690372e-01
7.577664019121480576e-01 3.413390116603988389e+00 7.649367846194051523e+00 2.003714357015906056e-01
8.525105002365965801e-01 3.101961526926516832e+00 7.711338715436856894e+00 5.434945323632667247e-02
6.563979174810773420e-01 7.868543985793420958e+00 7.629424150428780749e+00 2.425975868701647220e-01
5.283248829831268534e-01 3.655410358389266534e+00 7.524332346237108560e+00 5.125775192092087151e-02
5.365606909779241374e-01 5.658944060582536295e+00 7.834969035528227543e+00 1.892202662801387159e-01
4.604149985677186141e-01 6.189181646557343264e+00 7.423397703176225271e+00 2.033036668218787257e-01
6.117533151175561512e-01 6.889747634298553081e+00 7.655814514754199607e+00 8.959405018993363279e-02
6.659351222430966999e-01 4.587448612220500266e+00 7.797228267789880540e+00 1.481798488532597713e-01
8.972409339725347932e-01 6.711914520184463662e+00 7.823657388052659201e+00 1.484966156621888855e-01
5.639074723149251067e-01 6.621058632083792084e+00 7.810281416850101799e+00 2.046361626300828851e-01
8.893632260385606614e-01 7.363836795145715541e+00 7.500964038206038076e+00 1.402593455711071135e-01
1.051835738551776256e+00 3.401019035154662529e+00 7.671214106717877179e+00 1.609697892010065745e-01
4.994654201239636104e-01 7.050285018374661483e+00 7.790235672904928244e+00 1.717891264500718829e-01
8.090824593644876384e-01 8.054804236759123270e+00 7.528596814991694863e+00 2.088813975967694081e-01
6.619531706840278140e-01 6.582137367915275483e+00 7.673924180775511417e+00 2.338215937098517827e-01
5.807643804868851678e-01 1.069713954858067417e+01 7.579014302090768318e+00 1.458045060054304343e-01
6.922613432354413066e-01 8.971436310490716437e+00 8.044958202655635660e+00 2.253166506093182975e-01
5.831548553771781496e-01 9.965048277735787607e+00 7.682860356751405995e+00 1.909972055297857463e-01
7.251263956718746462e-01 3.834274765488940417e+00 7.599967869760273054e+00 2.203904965750886347e-01
4.506536365588857951e-01 4.317520698062222273e+00 7.727414209292983394e+00 1.289333125363235910e-01
6.693476491416210372e-01 1.269507355284610739e+01 7.372055900055078936e+00 4.422064021871685568e-01
6.352282224115445297e-01 9.497235514558328262e+00 7.763468640453343284e+00 1.274328985069031750e-01
6.743336775366434166e-01 7.263806638121522496e+00 7.830362695113023186e+00 1.487367657342846261e-01
8.263414621253968306e-01 4.052145973875178164e+00 7.431762951312036236e+00 2.665665447250450404e-01
7.391777826424987818e-01 8.999732710185750051e+00 8.011777336237390301e+00 1.400559072852160525e-01
6.215184809581749681e-01 6.872404416803178151e+00 7.715835227764821447e+00 4.549498914361968516e-01
8.155487636972921228e-01 8.218480346808467729e+00 7.733605855267143170e+00 4.331915809389792066e-02
5.832691490675279145e-01 8.780520873752260869e+00 7.699421817916198840e+00 8.688071166100554132e-02
6.150545421620290387e-01 8.821851926518013087e+00 7.792785868577675856e+00 1.603484717055657094e-01
4.732569258199436080e-01 5.867629967189611051e+00 7.367119196521728419e+00 3.635750638426769599e-01
7.151792803178594893e-01 3.616763379556219515e+00 7.536835508162804231e+00 1.701695011848465278e-01
9.780224059436127826e-01 4.029500729008130833e+00 7.730118563011255439e+00 2.590811092796601600e-01
6.683104778970141435e-01 8.415063139882182242e+00 7.797226326209869107e+00 1.181946606930955601e-01
8.863021079814392689e-01 7.427587445372881625e+00 7.836223548075572864e+00 1.606786561171565930e-01
8.909416006950294786e-01 7.690867927732300657e+00 7.804413249798644259e+00 2.703588421904240535e-01
7.339750786475902622e-01 6.713770415416582260e+00 7.821242864451445342e+00 1.111531615062920086e-01
6.452962435325131363e-01 1.065729993039249557e+01 7.551271462896664843e+00 9.721568399779630110e-02
5.110422388292454876e-01 6.663554427220532261e+00 7.809133158641027528e+00 7.645305873994089063e-02
7.239075183971176441e-01 4.843749133721505729e+00 7.791310273078275728e+00 5.265101426146520658e-02
1.017670600415770066e+00 4.977448904323902745e+00 7.713126709743965748e+00 1.724976963711107036e-01
6.600552308860704320e-01 3.842221275285545801e+00 7.625300911984663976e+00 2.339553061559274671e-01
6.399818564829181655e-01 8.430065488819408870e+00 7.674604564820492136e+00 1.311874045245332021e-01
4.857964284458753390e-01 9.198537398683642508e+00 7.543559443805904152e+00 1.603827488078012620e-01
7.371940295406793631e-01 7.608835278091163445e+00 7.586570226983952558e+00 1.623859976277053085e-01
6.346997716706668236e-01 1.404581985500351848e+01 7.635044295825725413e+00 1.652353578130528744e-01
6.973861744402626295e-01 7.864192716771883696e+00 7.659487816906128899e+00 1.170895701154076457e-01
7.573530945433152306e-01 4.614389876727362783e+00 7.669941767049211379e+00 1.208019957696735563e-01
6.942721890334362378e-01 2.925676165196562373e+00 7.580817368173578430e+00 1.744125242094505812e-01
6.379822087811697351e-01 4.901796987284193108e+00 7.426531490887883002e+00 1.678271420512188195e-01
1.542768691084956512e+00 3.346643761390672100e+00 7.572009416384934077e+00 1.836637015051020838e-01
6.822386536892857123e-01 9.779843527439263440e+00 7.862976588178876014e+00 1.517075721431404012e-01
6.052480211692714551e-01 3.739650677838830539e+00 7.638079663894645321e+00 8.311839336982099202e-02
8.892786644471225577e-01 4.092976120891712810e+00 7.581519616602379941e+00 1.017106691368324933e-01
1.295328674410126446e+00 8.437675246076175029e+00 7.672465684929731466e+00 1.150561172012843358e-01
1.057873571923663603e+00 9.594480632245621976e+00 7.882964640136818524e+00 1.889655365799248476e-01
7.037080995326394639e-01 5.657037660152820280e+00 7.246634272822340961e+00 4.360211768933764387e-01
5.845482463510544013e-01 1.024848296613859944e+01 7.545503720377333856e+00 2.678387010048268735e-01
6.173917492298471865e-01 5.137829088259485921e+00 7.738239011704864723e+00 2.530645420505057974e-02
6.987985600009702924e-01 1.013547897494376215e+01 7.482986851223845548e+00 7.805247184137804883e-02
6.072951614890400585e-01 7.554680740204062772e+00 7.834654237291381662e+00 1.345629397424706608e-01
9.578564204939616911e-01 7.518899262908543157e+00 7.839550991876251373e+00 1.184868640531471923e-01
8.734783418322927817e-01 4.033219535922155430e+00 7.701928131047441894e+00 8.029701522851219464e-02
9.080084435119600839e-01 5.204057633186814691e+00 7.951048039552211399e+00 2.008959912860183439e-01
6.523052260311582584e-01 5.233714532011280340e+00 7.464709559801343097e+00 1.452144979834138205e-01
9.397344743095850106e-01 5.200085129190604505e+00 7.403062311246694449e+00 1.890728113737934757e-01
9.236076024008676999e-01 5.382063503839574103e+00 7.756668951460059525e+00 1.343927965103173805e-01
5.100601207680982574e-01 7.090349390144049302e+00 7.727676906500525966e+00 1.713250927461434370e-01
8.873856174205047020e-01 9.994409731297091426e+00 7.742681384598284922e+00 1.475874627819103446e-01
6.441524772489950479e-01 4.382072270470944275e+00 7.273015904810683274e+00 3.152135730615660547e-01
1.044301996877493810e+00 5.920264427471035873e+00 7.640913743987291618e+00 2.364688532808958688e-01
9.920644534838656270e-01 5.489784087343370089e+00 7.785647092530783908e+00 1.269172565987857770e-01
9.277329978954348411e-01 2.844131993601802133e+00 7.764985336166635221e+00 1.532483101573089979e-01
7.476052133299884161e-01 8.069849534751369902e+00 7.805642398826601713e+00 6.961575471123115921e-02
8.936958736085340860e-01 3.176081916704497132e+00 7.793465001682355009e+00 1.539759043805647432e-01
7.679404929804207747e-01 5.253714172244206893e+00 7.779139921898678089e+00 5.424578412483961609e-02
5.683275772096966216e-01 4.989549872402668562e+00 7.920045616449507442e+00 1.728846610900017788e-01
7.029973243723141030e-01 6.066270044910770487e+00 7.712354834931699266e+00 2.986943863149409406e-01
7.772875961567335956e-01 9.577713364132920404e+00 7.536273068877995307e+00 2.310969435275509465e-01
6.580114505932040947e-01 6.421767928973070028e+00 7.762844279731033303e+00 2.775609174721563877e-01
7.580212620698970616e-01 6.718750660744974290e+00 7.585417299219180620e+00 2.357623859625008200e-01
5.897324494669091699e-01 4.840865026748780053e+00 7.797589968487135259e+00 1.737634808044906110e-01
7.714304041909829657e-01 5.276008908766037564e+00 8.026329185452716786e+00 1.486490932996404335e-01
6.964262484155911981e-01 4.965012632268825499e+00 7.790712187651415377e+00 9.228261523893638296e-02
6.450526368299226432e-01 5.322544425034941185e+00 7.975369906440822554e+00 2.291966616226969178e-01
9.343950132236010786e-01 8.002204804232794899e+00 7.811079227398007419e+00 3.030776310630131642e-01
6.900533159685222628e-01 6.962561052545561679e+00 7.708205347313735523e+00 2.670178905533966973e-01
7.734054877268304873e-01 4.720798699880051075e+00 7.241106805114244871e+00 1.846632354910336671e-01
8.639273272598170239e-01 6.553791773188994085e+00 7.655644470651537858e+00 1.551007741241530735e-01
5.750263991800877994e-01 7.069521989958285069e+00 7.641096688701981776e+00 2.742811079583292733e-01
4.944837542442087064e-01 6.247540692454344402e+00 7.761168154742341230e+00 1.521203785386489593e-01
6.495764563754059528e-01 6.577737793148385137e+00 7.670763121021412445e+00 2.099158376416926652e-01
7.034383422571998112e-01 4.970046921855818312e+00 7.720615088273812709e+00 1.353782535770229334e-01
6.187825260365370506e-01 5.771952656044753383e+00 7.854534060443593368e+00 1.524503059503357072e-01
7.571561249343986555e-01 5.297691483783400379e+00 7.591394693576388519e+00 1.245660746123443546e-01
7.773282044512459521e-01 1.554187691357616785e+01 7.816595115171556252e+00 2.010719997740208209e-01
5.095671025980692548e-01 7.345579104093433287e+00 7.645943379733033396e+00 1.066311716313260716e-01
5.624723325769322990e-01 4.771164551684824673e+00 7.593908834427714361e+00 2.332633869836245877e-01
4.375268877801866130e-01 5.638952706715703478e+00 7.782852357537408672e+00 1.838137965170439370e-01
1.024893829322666816e+00 7.526470172682222071e+00 7.786178058785456102e+00 1.086339809645446020e-01
7.230914344185090936e-01 6.904793219045190611e+00 7.977354688790307513e+00 3.293128716699563197e-01
7.160280581807684230e-01 8.678335619769862674e+00 7.830876849111946036e+00 2.130503182160774500e-01
6.125146407265064097e-01 3.978383074253175167e+00 7.597892851421515381e+00 2.432352379270266984e-01
1.108242871307866695e+00 5.226007383471432455e+00 7.716872543733376943e+00 1.224380052222402149e-01
7.249152314791453833e-01 4.698698504934517572e+00 7.741031472853115325e+00 1.445155849264228021e-01
6.456164084850329887e-01 1.208043598176410782e+01 7.823844823076604449e+00 1.463519096327467461e-01
5.104767556301859077e-01 5.831143442800254206e+00 7.708373507190855456e+00 3.288215917155948853e-01
5.404131927395197099e-01 2.871528271885522621e+00 7.697672696939761749e+00 1.890424737761033369e-01
7.568048195339684980e-01 9.513947658032611443e+00 7.713880878380930284e+00 2.458494974516701181e-01
5.080265083989294883e-01 3.478605320200729878e+00 7.542029098336563209e+00 4.131256460273016046e-02
7.453386282106664318e-01 5.264509043006085243e+00 7.525898717154025697e+00 4.182237676754297917e-01
6.184850222577569223e-01 5.093028903415941500e+00 7.685503715718574824e+00 2.641388725234372625e-01
6.023505879743936697e-01 8.530822195336693170e+00 7.568100249524690071e+00 1.400979094462371788e-01
6.864439006688605183e-01 7.262020787292755131e+00 7.681028882791991919e+00 9.485752353159063177e-02
5.853517778200822974e-01 8.011223917290379859e+00 7.398642812274752067e+00 2.231711765211297493e-01
6.093304176473176570e-01 5.463828019890352827e+00 7.130082442554765976e+00 3.361943662432216873e-01
9.953618284223969548e-01 5.145675573622784604e+00 7.657373433490404224e+00 4.372575189488911440e-01
7.575633534840992001e-01 6.202513504240722675e+00 7.715692339276686518e+00 1.255322774367435001e-01
6.571609975889285415e-01 4.334934323517698473e+00 7.731867966093199485e+00 1.065972091652171438e-01
6.185932455706608657e-01 7.334941625325535952e+00 7.754840443526864746e+00 1.609455891111163939e-01
7.595545466084632213e-01 1.057126046767616856e+01 7.758428125482519810e+00 2.694738501414591925e-01
4.273501693195946305e-01 4.086278531831794680e+00 7.643906699179829900e+00 2.663394845095203300e-01
7.499608245783102589e-01 6.316390227414234282e+00 7.621853912335296855e+00 1.801465076215244265e-01
6.139576389594160188e-01 1.316919258790979796e+01 7.556373122618317950e+00 3.359538608753113720e-01
4.674559695158401751e-01 6.619939816287883971e+00 7.819186540403610053e+00 2.487549396116037759e-01
6.774809121251803568e-01 2.324225240720609431e+00 7.816971099394724121e+00 2.404096619178705263e-01
5.375947677003953817e-01 1.133680447024388194e+01 7.925737567931723682e+00 3.489445741894652842e-01
6.519840226914606074e-01 8.799360827525266160e+00 7.618725409555561434e+00 3.197937192922233329e-01
7.407535451447628816e-01 6.922410099164708619e+00 7.872644827711731352e+00 2.464178017505785634e-01
9.505091927280933106e-01 4.360312598330247980e+00 7.523600771250096741e+00 1.845318762288088443e-01
1.062906365982520862e+00 7.018373533784505014e+00 7.763789605530321936e+00 8.070986285068015853e-02
7.302765290585467861e-01 6.052431156445406302e+00 7.206202893273767174e+00 2.450665492014013902e-01
5.691815023718419519e-01 7.248429653203349865e+00 7.839198984256301905e+00 1.240621183257385601e-01
7.776429056538513018e-01 7.102252155575039971e+00 7.749572320814447579e+00 1.044779310772643854e-01
9.173201384819769100e-01 7.239972261840468271e+00 7.912635455723060929e+00 2.804371243319722096e-01
1.001522623902942888e+00 4.834782288738592726e+00 7.650803216646922422e+00 9.667017770853862657e-02
8.022710790117097979e-01 4.373765386735153804e+00 7.787215371197458325e+00 1.067368135736287277e-01
6.029778860855445899e-01 7.140357527872473575e+00 7.683219393508553985e+00 2.362321014368971572e-01
7.918852769739843644e-01 6.760549209864461062e+00 7.785836710551319761e+00 1.978200717619839066e-01
5.307702385722531391e-01 1.379206596905495985e+01 7.983124549871611464e+00 1.696572982866479395e-01
8.113481531582160677e-01 1.367851390391299127e+01 7.757337234116677749e+00 1.319223451239260603e-01
4.591701300134200525e-01 3.511074641040298427e+00 7.760494563313923067e+00 1.028410320308343895e-01
6.409291324748128682e-01 5.030091783519340609e+00 7.811417896200135047e+00 1.278550329642640926e-01
4.610249801086647170e-01 7.653419494491973118e+00 7.656350464376791898e+00 3.541458639261126085e-02
4.744285198842622675e-01 6.136730687929767392e+00 7.728448682688273230e+00 5.526846820694816809e-02
7.518222234631475320e-01 7.432451198643247992e+00 7.904050386470355960e+00 2.021267520645234628e-01
5.550586454795096714e-01 8.301243180661138865e+00 7.568557017996415226e+00 1.691122897987084595e-01
6.133246307918347462e-01 1.080992423199970887e+01 7.525560605540464465e+00 1.198504009152516342e-01
7.351215687726164738e-01 5.431157896681074071e+00 7.762778625641487906e+00 3.270023046219188156e-01
1.284606705392376869e+00 5.024547334336558535e+00 8.248249462445736313e+00 3.023395485378368996e-01
1.005159013224801390e+00 3.975179312372484119e+00 8.119413608589010067e+00 2.458790261103579178e-01
5.844990051166943923e-01 7.741764428631933370e+00 7.731819918246372936e+00 2.972993960455732054e-01
7.269254643761839940e-01 4.720373796441671210e+00 7.557440419351022953e+00 8.180022710521443752e-02
9.197318103539185996e-01 6.898713898606004591e+00 7.873746021485229285e+00 3.359036060002588975e-02
5.610755044810066261e-01 3.530740506561053760e+00 7.838710355550624342e+00 1.801973960913323680e-01
6.027802295185358261e-01 7.536281403787129740e+00 7.889344935594985841e+00 7.514582148376719450e-02
1.044655391380510112e+00 4.643391474804782426e+00 7.695963750780558499e+00 1.815059715770130089e-01
6.535703204791156740e-01 5.957702185297232056e+00 8.017461151951692955e+00 2.073140957304594745e-01
6.270275236233929794e-01 6.942727205255402545e+00 7.764129227146241874e+00 2.469556678813027706e-01
4.561790057398933396e-01 2.842779243502124853e+00 7.559591633855160531e+00 2.725241805796735362e-01
7.414894054810969859e-01 5.206788229856945449e+00 7.674295032002349970e+00 1.495190991948332493e-01
9.300481069933030920e-01 4.373895056176001717e+00 7.351296575983948145e+00 3.826288998442482492e-01
8.291877751190739332e-01 3.773097195182571362e+00 7.800947806970603082e+00 2.218804551626714083e-01
5.276520616745328240e-01 7.215125796115930967e+00 7.739444306066139312e+00 1.107114340946303011e-01
1.016559561940541867e+00 8.843958251697278783e+00 7.679314292330676750e+00 2.173507926278914759e-01
7.047507656838468693e-01 1.027896931816632708e+01 7.771893387576238155e+00 1.810931341007533946e-01
5.639574397535017658e-01 9.989754121669960796e+00 7.977899590215538517e+00 2.267770049476362793e-01
9.340991728999972210e-01 1.560399309211716989e+01 7.530892047602271155e+00 1.555338255702663208e-01
5.957395506463333268e-01 6.856861927133326873e+00 7.745407687391937301e+00 7.853756247826559900e-02
9.096924614973119771e-01 5.362263784096443331e+00 7.378651588971871789e+00 1.277995611591738745e-01
5.527325704683749841e-01 3.672266638469934286e+00 7.995554390552801927e+00 2.452361041200110114e-01
7.393415627820516534e-01 4.020689585269613175e+00 7.810561195844393900e+00 1.674044110571608623e-01
7.052184306846460693e-01 6.083771937982367817e+00 7.728180056811450704e+00 1.282424436786580579e-01
5.708171260139336400e-01 5.874333706025732127e+00 7.566597880500132156e+00 2.650201729318836241e-01
6.584986945602456787e-01 8.184784547690471257e+00 7.645997347988402915e+00 2.003931564535406107e-01
7.746081337243158060e-01 1.065849071917645929e+01 7.532281491230762960e+00 1.006229541510861858e-01
6.539385763384303329e-01 4.869286695893979555e+00 7.675936501988050331e+00 2.594627755047992368e-01
1.066819453546237417e+00 6.157969736714190567e+00 8.133143093870939921e+00 9.385822570925199393e-02
6.907292605576326183e-01 3.685548993194231571e+00 7.563264096068907705e+00 1.982735505413325550e-01
8.433408565205818830e-01 3.275853293217177331e+00 7.860058525733403023e+00 1.537392264302321065e-01
6.269850023486440715e-01 8.149629001483068791e+00 7.604573766256200074e+00 2.386387376546030004e-01
8.956794347993939365e-01 4.909340677864577174e+00 8.035921297225151250e+00 2.148503251821588522e-01
9.315564496109340897e-01 6.416645976710040777e+00 7.494117987761121036e+00 1.918961641242242222e-01
5.858913430345235041e-01 4.191381460279206550e+00 7.591486561274967571e+00 2.266395142380969729e-01
6.057991265684635751e-01 7.917033809010487033e+00 7.479901837493275529e+00 1.349204891532372330e-01
8.412596506736781388e-01 3.950773999211400600e+00 7.361521572085965914e+00 3.611053658797187538e-01
8.739942601564154590e-01 3.952659884413488811e+00 8.114038784936095539e+00 2.010795789337846418e-01
6.066926498128033529e-01 1.195933849490541334e+01 8.408105323687809829e+00 2.265691070754942693e-01
1.042728532554393572e+00 4.533354785351256133e+00 7.795254120467091319e+00 1.123082533604318201e-01
7.689070178085615215e-01 5.320782948460592188e+00 8.098145923618298880e+00 2.300164004220911496e-01
6.543265712304066062e-01 6.621671344127873837e+00 7.660997025997517085e+00 1.953656457061866136e-01
7.810565959403489300e-01 8.470668834129975622e+00 7.777290275977851053e+00 1.518884616684010036e-01
6.299044199287322510e-01 7.495560311514088525e+00 7.566232696426167692e+00 1.611736114422082922e-01
7.728360768126979474e-01 8.792615712497742209e+00 7.860760727169815887e+00 1.247610670104538216e-01
5.534874505201121675e-01 4.898961715846342102e+00 7.939633062564023902e+00 2.294508991085780492e-01
5.793517275225196217e-01 7.847749522280653700e+00 7.848118468612379495e+00 2.278063649436836979e-01
1.217231601349150427e+00 7.967420658260250477e+00 7.661494259593055745e+00 9.945491502995183752e-02
5.945294374285108319e-01 1.139818861396124561e+01 8.091704146518518215e+00 1.926126463021348156e-01
6.957300701991802061e-01 7.174075242171697120e+00 7.791092037944979509e+00 2.523376051930923403e-01
6.678583155503021729e-01 1.055874277940872474e+01 7.686916879251390000e+00 2.996946125253777682e-01
6.479157289737107472e-01 8.139493818254841528e+00 7.714461036649753467e+00 1.477905689122649413e-01
6.854529150427614015e-01 6.079343956331782373e+00 7.512300207982057110e+00 3.549570851062096577e-01
6.557276815218225918e-01 3.731809552861989232e+00 7.765131220760927988e+00 2.340168666115476082e-01
6.978541089663778951e-01 5.789141796337977652e+00 7.419011600264201256e+00 3.549194143409327151e-01
6.153283523109178699e-01 1.191564175539652837e+01 7.626971407254712787e+00 2.371021518078678669e-01
7.679285990210691359e-01 4.264514287116812241e+00 7.816195234424325733e+00 1.814261490808103394e-01
6.195441696070920212e-01 4.745638675619647806e+00 7.910644061614695133e+00 7.217283826235912358e-02
5.773730440075858228e-01 7.440472800569850165e+00 7.438408897984953860e+00 1.496330563793156765e-01
1.394357015206056261e+00 4.795609884148051449e+00 7.843337469896572323e+00 9.246579845238787898e-02
9.519181063632617956e-01 6.963578521151414513e+00 7.748218328861135262e+00 2.139244853353527986e-01
5.156439961856378318e-01 5.882519365951260681e+00 7.684287183093000628e+00 8.337935158221559950e-02
6.226841120046872069e-01 6.882593402509817437e+00 7.711380738663152101e+00 1.215870789988921091e-01
9.296890209319181864e-01 4.061487099632435260e+00 7.807625408514070386e+00 1.642360205225561476e-01
8.661915573270596580e-01 3.124390420479245645e+00 7.835373435945465204e+00 8.685932273587947117e-02
7.536872189163943414e-01 3.636491840298855749e+00 7.780337188131174919e+00 3.119821471344678132e-01
