# Hierarchical MCMC downsampled to get 500 samples
# alpha, beta, mu, s
1.619281912664321421e+00 4.464003793600892500e+00 4.769025026550014701e+00 2.157114271320651755e-01
6.913481916678372308e-01 3.873442246299373615e+00 2.556090407275790177e+00 2.401778513401029991e-01
1.032267440509951228e+00 5.679012434074901527e+00 4.215689198064088927e+00 2.449639450359143433e-01
9.783549381247553800e-01 7.094897279817740987e+00 1.821505696506631855e+00 7.683179939183354401e-02
1.222560249530079579e+00 1.093757286583573851e+01 4.741174955600811813e+00 9.821385630853166071e-02
1.455955492049687328e+00 5.809681640163673499e+00 4.512941193337454138e+00 2.117172013158774291e-01
8.963122746485603365e-01 6.230493260272333522e+00 -1.075539016223951150e-01 3.178821524793294939e-01
1.315354895101280785e+00 4.714382435549042683e+00 4.814668915439154873e+00 1.578777073978683831e-01
2.672435016084591552e+00 8.017020875043558092e+00 5.428377527188041007e+00 7.936551285291708335e-02
1.177341144225942493e+00 3.797415936221684607e+00 5.025142407054368654e+00 1.730267396350101405e-01
1.123869490674840543e+00 5.448518452385528121e+00 4.479798155737476861e+00 5.046946873118032806e-02
1.547152694207154955e+00 2.977758250976828336e+00 5.186799107025930056e+00 3.057967786471663119e-01
1.755185638108218482e+00 4.999975853941134751e+00 8.297699770823689924e-01 6.387035594241427527e-02
1.399329515795455059e+00 6.807736727736488191e+00 3.550353477596759344e+00 2.160994933199447410e-01
1.545540295617826354e+00 2.746719640370006488e+00 4.422236982562005814e+00 1.931741567562140494e-01
1.088374897475877345e+00 4.545556239559157774e+00 4.111434496267544425e+00 1.343757774831816076e-01
9.052279017568103381e-01 2.495715247389424629e+00 3.879200775296785864e+00 5.587032629651948745e-02
1.163442117104240614e+00 6.955586365235112645e+00 4.887688620085221203e+00 1.032752275211330922e-01
1.042314238833891960e+00 5.013829149479876790e+00 4.876438367742622404e+00 9.025065816858995893e-02
1.296911564822886831e+00 7.628527949538777442e+00 4.822458343673187819e+00 4.866258294029305459e-02
1.345697077753789994e+00 4.885452633373931874e+00 5.088804928016256390e+00 2.458561487537561929e-01
1.367236895813851882e+00 5.415544943433284963e+00 2.589910875784662725e+00 2.664837011641277287e-01
1.334861566825737089e+00 3.859404538712011057e+00 4.756597192843073252e+00 1.272082192856069383e-01
1.341025596155985156e+00 7.982329617288240087e+00 3.172226159393283673e+00 2.072642615112728348e-01
6.888016776765095717e-01 3.716220853254076584e+00 4.334534992381171570e+00 9.634188807960826495e-02
1.224355486129456327e+00 4.430292048425518381e+00 4.828260033900456882e+00 1.170352718881247645e-01
2.148764842466600822e+00 5.068780939410141961e+00 3.334910011092347304e+00 1.275820029235707476e-01
1.876854640565638999e+00 3.363714615414860276e+00 4.807607460783963838e+00 1.066626970781309747e-01
2.627309641670381612e+00 6.520183789474979896e+00 5.179134294974157449e+00 1.099959637412683267e-01
9.520530242164517709e-01 4.355426668455388395e+00 3.876508285214704586e+00 5.491536821572032823e-01
7.694858067749855701e-01 5.955107053179498955e+00 4.295052588800476023e+00 1.326251522929685067e-01
1.793390201522204297e+00 5.734067274063473718e+00 5.315772438152652768e+00 2.784141123160184805e-01
9.349992367829179640e-01 5.629299102025013823e+00 4.225706161163826913e+00 1.153886727696913084e-01
1.742781514284602817e+00 5.594946433842877376e+00 4.897910072724321218e+00 2.449627038738796669e-01
2.100617563917225095e+00 6.967725108266031420e+00 5.276910860746975906e+00 8.881120004347509145e-02
1.485069089135883313e+00 5.632770689499344563e+00 4.965411399402611892e+00 2.277531705799887007e-01
1.313572243275187512e+00 7.253767991138996507e+00 3.058948714840548089e+00 2.942608607387025565e-01
1.328054635970207675e+00 3.222585228972303817e+00 1.378048037800938319e+00 3.742095848397555824e-01
1.095114265583969404e+00 3.888827625380094855e+00 4.208431137240123299e+00 2.731169510444835247e-01
1.022147680760010724e+00 6.138982879863519315e+00 3.908152784474575814e+00 2.167194977842743508e-01
1.713824544368202529e+00 3.462988422190913074e+00 3.572518325220053192e-01 7.090360256596442423e-02
1.098055269062063966e+00 2.711892982008938802e+00 4.409052122236167826e+00 3.263898763327836572e-01
2.014752201036769552e+00 8.648710507802805481e+00 5.233706403035217392e+00 2.155484801658089922e-01
7.622419583302811885e-01 3.543396607810403331e+00 4.320311777345698934e-01 2.745039455660270855e-01
9.256453733859274502e-01 7.053551284389090625e+00 3.806246142338797878e+00 2.105460164680625912e-01
2.767596271594330304e+00 6.147689305799934445e+00 5.395112037974444164e+00 1.831083760460376075e-01
2.169315850238657806e+00 1.081303667080333852e+01 5.133668829311559101e+00 1.708852926220355839e-01
8.292897760390681716e-01 4.586892527645042072e+00 4.389737259822488191e+00 1.230298722929303729e-01
1.034039853669566300e+00 6.105554481263197886e+00 4.623829896360138747e+00 3.293244305529546279e-01
1.284372133253282922e+00 7.724146015630769746e+00 4.687089205254877378e+00 4.518638311834163868e-01
8.057088796958740140e-01 4.882604538283979778e+00 3.999492543540061451e+00 7.821960475921992118e-02
1.496236884717796922e+00 5.398911099254344315e+00 5.082213749766526512e+00 1.519926350040539942e-01
2.923740987810294012e+00 3.768531462696825596e+00 5.660077510303673343e+00 2.529430522974728257e-01
1.313983852384714934e+00 5.689515297343303857e+00 -8.541122156872696936e-01 6.274083648202445629e-02
8.908489082850521434e-01 4.920103223865703868e+00 3.883332079923023983e+00 2.446939708700832383e-01
1.225057783423864954e+00 4.956161564826212285e+00 4.452455544240224050e+00 8.011221095199842768e-02
1.181041706110182998e+00 1.387310798695435921e+01 4.556015607594811279e+00 3.412958456220462344e-01
7.857479795579336290e-01 6.881551923561721296e+00 -1.201599854867443806e+00 1.230447342897524610e-01
1.566958426392030423e+00 6.089446376308031539e+00 5.115587691100155432e+00 4.203658380831336583e-01
9.592330756358165011e-01 5.784047400402068106e+00 4.551953820902762793e+00 3.035883532697854492e-01
2.885192789351345155e+00 1.023090050691579478e+01 5.180436396871195726e+00 1.986676765155230284e-01
7.074312680073177040e-01 7.002706133228634222e+00 4.106545276919347565e+00 1.697669230686086883e-01
8.971072500236064728e-01 3.995343260879848035e+00 3.233438240238360351e+00 3.286990541632069107e-02
1.037896548728579837e+00 5.812119087203678092e+00 4.317809538582672246e+00 9.003704460862656245e-02
1.098925097824960950e+00 3.839717090776752162e+00 5.032736332086672704e+00 1.662931566740434020e-01
1.705060666208975118e+00 5.232102064275215625e+00 5.559998818578848478e+00 5.220776315736134210e-01
1.842303992255832412e+00 5.011686948017943344e+00 -1.443019344154206962e+00 3.493489249853315992e-01
9.383562295161242961e-01 4.761110204820872660e+00 3.970438926017632486e+00 1.281502810311127005e-01
9.973976218434157381e-01 3.693668672884979465e+00 3.779956491497121096e+00 2.488910883733345125e-01
1.157248117023171652e+00 8.649787847070964375e+00 3.395470141057943980e+00 1.474128434805036525e-01
1.481428502719980722e+00 4.823847915516479290e+00 5.252462124784776698e+00 1.208178775986043507e-01
9.897025841689754966e-01 4.481128193170392571e+00 3.263108542382133326e+00 7.276852859163090992e-02
1.401644810502596483e+00 6.847912071909128429e+00 5.126446063142104492e+00 3.165543343726545666e-01
8.437051962861707999e-01 3.341184561631680872e+00 3.398255982677854892e+00 5.749704751812638459e-02
1.673051439343232083e+00 5.780784241080066721e+00 1.929959639482588862e+00 1.361717580062099253e-01
2.291739640788342136e+00 1.145997261547703516e+01 4.989442311314756573e+00 1.194867339680671936e-01
7.697791114257754863e-01 4.932297255565006644e+00 4.398593910112646554e+00 1.107974865302543688e-01
1.353659188238723221e+00 6.369635208833415163e+00 1.833309063370124781e+00 9.573606454213232086e-02
1.254948189561698291e+00 1.002320862013895741e+01 4.521794135500055489e+00 7.893212207226633914e-02
1.216234546002478156e+00 5.779436256385269921e+00 4.388275459346389518e+00 3.163064789150533684e-01
1.956859294419113660e+00 5.958156799612674526e+00 -6.817364268778863812e-01 1.655120871700296037e-01
1.055443237195696993e+00 5.119415659149328945e+00 -8.612844397233083704e-01 4.009919070922605966e-02
1.394352019801138320e+00 5.252214009720866272e+00 4.108407756143726886e+00 8.173753269632545726e-02
1.420930921148886084e+00 4.416717130144411918e+00 3.979766241836615315e+00 1.199746886521581013e-01
1.097104126786537570e+00 4.241414610508718930e+00 5.003263979822397900e+00 2.952919233012804012e-01
1.762413730038698390e+00 2.765363253925716247e+00 4.776932831069012231e+00 1.076464873741783401e-01
9.213743172723312114e-01 5.831026038217014928e+00 3.320383444308994569e+00 1.689055072079010122e-01
1.425024326063760283e+00 9.404576830382984198e+00 7.311771172243186623e-01 2.498448746064285131e-01
1.061525471647720043e+00 4.837421344216616959e+00 3.098037822838898503e+00 1.315489171149119285e-01
1.592998598796410592e+00 6.402830390507125990e+00 5.076754967913542416e+00 1.589115041116161142e-01
1.298386057094967683e+00 5.596300097887779934e+00 2.634777621016465510e+00 2.016728828188529277e-01
1.834269678781336621e+00 8.696716918471020463e+00 1.491023188629128748e+00 1.389168298858720063e-01
5.383492817873309910e-01 5.240281739351985379e+00 7.073719398957579729e-01 1.108970256076505928e-01
7.605057008402869023e-01 4.076479622067560094e+00 4.113851483197100478e+00 1.422244807232603270e-02
1.514532494400232743e+00 8.169592971214072463e+00 5.006769611057777070e+00 1.093603894448188785e-01
1.533976921418047423e+00 4.877167153098702634e+00 1.460053473475394714e+00 1.060265615228213332e-01
1.211478090937444962e+00 3.746897789574010762e+00 2.523304650195345555e+00 2.782985159404466891e-01
1.149944488905795703e+00 2.817680218110480972e+00 4.873129799539610119e+00 1.699470353995891636e-01
2.186205965413030139e+00 2.959261208864283788e+00 5.377864227305583888e+00 1.065114502815994457e-01
8.072263240349492053e-01 4.953166007309315333e+00 4.177659337849880750e+00 1.001382899714936547e-01
1.733396912040219506e+00 4.777309090874734210e+00 4.296135677548704734e+00 3.185295580544385552e-01
9.566650905461254739e-01 4.433471478462236881e+00 4.300859598621604718e+00 2.711193609095121082e-01
1.787253275430365829e+00 3.760596394949303090e+00 5.597376277594865890e+00 1.686449736744760064e-01
1.053005188346799237e+00 4.436603009032624279e+00 5.026528203612239842e+00 7.089822804326137429e-02
1.948973034033400387e+00 3.657735458819967089e+00 5.387469692956371681e+00 2.951440136790906554e-01
1.227407902414181518e+00 8.541339176259885591e+00 4.314438637644900432e+00 3.138140618188279829e-01
7.896115632748630375e-01 4.999700229735507762e+00 3.058715703757464599e+00 6.342985881464928422e-02
9.305048281001013777e-01 7.371949414563905734e+00 -5.097143603870918360e-01 3.823946345987457862e-01
7.416488522187756338e-01 2.891493355781903585e+00 3.974984376576536249e+00 1.809606685662406567e-01
1.159939793959349874e+00 4.376651278734701833e+00 4.515920107492823909e+00 1.490968479444319261e-01
1.138522227882378335e+00 3.178188169744194713e+00 4.597949169361795541e+00 1.078522930709566313e-01
1.841010481642125995e+00 6.785557844559662044e+00 4.829483258437520021e+00 2.392083490988198002e-01
1.757368974474999845e+00 3.702131688845049062e+00 5.085130760679647643e+00 8.667599628175702564e-02
1.570975945112801808e+00 7.916604146315676438e+00 4.581423130771247187e+00 1.918698818629303859e-01
1.124439550573755886e+00 6.554746629695390681e+00 4.507440803976056287e+00 2.033305137080383129e-01
1.499699186580703447e+00 9.419014526295326206e+00 -1.490321214003616501e-01 5.917246428339986014e-02
7.103064981466855610e-01 4.068266667474792264e+00 3.877855713568199025e+00 1.650257199499294281e-01
1.752526125917579725e+00 5.890144140013754637e+00 4.982731209992333099e+00 1.497081166067446845e-01
1.633178050337843024e+00 4.785664282635030631e+00 7.330603218889788497e-01 1.510935446145785788e-01
8.187892730004481257e-01 3.636019197073191211e+00 2.520412012218231190e+00 4.813838602281364509e-01
1.087019664872544533e+00 1.008186149771890427e+01 -8.257703846529951264e-01 1.642794427347974429e-01
8.417934340273514060e-01 3.613219341399999784e+00 4.042988742542538816e+00 1.006341073781570894e-01
1.539720820925174705e+00 4.505570941373001403e+00 4.851625587467689016e+00 8.682782336144145852e-02
1.180891478745838441e+00 6.270820967657738443e+00 4.691402534163470861e+00 1.006724695855595042e-01
1.719574401191470203e+00 2.934450854406129405e+00 4.460385459602407288e+00 2.082297985485391800e-01
1.220448902587659479e+00 8.422450901155833947e+00 4.160607913879012187e+00 1.330506974905990569e-01
8.040804949792352829e-01 5.254576582676301122e+00 3.618070475249878459e+00 2.995076386456657636e-01
2.484162541925508449e+00 4.455612683022079246e+00 5.343043994231153171e+00 1.507474580008568710e-01
8.886726089433910625e-01 8.163032175182104666e+00 4.349379518812743761e+00 1.261091596852503272e-01
7.620085160185465778e-01 9.103366447389273475e+00 4.220342205821339121e+00 2.722040160022777822e-01
1.954241928925138039e+00 4.016320387179342255e+00 4.597984642192321836e+00 2.405316125812567152e-01
1.041314408064291097e+00 3.878508272436473447e+00 4.283803546083611913e+00 2.159790649669660612e-01
1.600609899749711129e+00 5.736693271869635069e+00 4.736022221379851516e+00 3.236135149614552953e-01
9.244841951316554729e-01 3.659856366437218345e+00 4.531011935149272141e+00 1.346087434615165779e-01
1.414602670096887671e+00 4.393829084633634530e+00 1.118087541936814366e+00 2.600868711163022429e-01
1.829305234599904351e+00 5.213398176086867508e+00 5.213749819046586076e+00 4.901930095375265500e-02
1.094470531908405153e+00 5.629883483152886114e+00 4.742629345062120194e+00 1.861179614622235357e-01
9.322261604446705485e-01 4.291955058094745645e+00 4.310038324794909670e+00 2.759709637544887073e-01
2.175048809544755990e+00 6.235274305167726183e+00 5.140985536797650468e+00 3.359083889722660476e-01
1.075646560436792853e+00 3.994574296170290140e+00 4.831763986626132379e+00 2.728935021833974184e-01
1.192961196557217551e+00 4.263705487757084356e+00 4.418503854220120708e+00 1.412803218971271091e-01
9.521344883565340256e-01 4.771136932027710387e+00 4.750009191141138842e+00 9.829793197814296057e-02
1.155939423843565184e+00 5.713242618171212150e+00 4.459551456384200030e+00 1.973884849339764269e-01
1.363064523773852565e+00 1.045618153775325254e+01 5.060286498596121341e+00 1.152284050569677420e-01
1.292022503129134359e+00 9.064160757114004596e+00 4.877259055244127062e+00 1.442137850263941201e-01
1.285624189859106536e+00 4.808682524893003851e+00 4.639477477790840965e+00 1.222607312510106403e-01
6.999236001545856567e-01 4.717552282537992525e+00 4.290670643393380779e+00 2.366029447472184355e-01
1.404000808571731262e+00 3.464903611590905541e+00 3.775608485946748250e+00 7.242852213036804487e-02
8.262212364845282764e-01 1.051386726537396221e+01 2.064858516804802591e+00 9.267637966115339909e-02
1.684839251841206975e+00 3.558400436497414887e+00 4.962834239393315805e+00 2.674750174644371925e-01
1.464116866564263431e+00 4.803667603734456115e+00 3.528915434671026308e+00 3.573673398966949882e-02
1.310487823779534100e+00 2.546424911128796875e+00 4.751712771289407833e+00 2.988817211402088336e-01
1.709074138261089892e+00 7.350064797694511043e+00 1.252559951853327913e+00 1.952629626466030333e-01
1.354588066805208602e+00 9.816494430891655298e+00 -7.994344486855646803e-01 5.445759161055276909e-01
9.973564332540671984e-01 8.411004387761019885e+00 4.405617491026809773e+00 2.028680244538030863e-01
1.130294586884124097e+00 4.331939061337710228e+00 3.165551788285771995e+00 2.495362041103240391e-01
1.034415730723476923e+00 5.883465150812194011e+00 4.521122023035799131e+00 3.717161084389413589e-02
1.077642427697263816e+00 5.846475706645751558e+00 4.625136151358081982e+00 2.359700030143632443e-01
1.564674142426904835e+00 6.705897352127034416e+00 4.744657279288875706e+00 3.161050206251414529e-01
9.540832862567574235e-01 3.796107987298667386e+00 4.253795420055331178e+00 2.329405475437180684e-01
6.136776892760101854e-01 4.849370242198702385e+00 -5.366601076459129871e-01 1.553302372312134472e-01
9.531200206895759086e-01 6.623404136817184096e+00 3.908656614983582855e+00 1.568428228397657498e-01
1.048804698253684942e+00 6.086264420785286511e+00 4.639567167936561987e+00 1.471942447107400520e-01
1.311011985295317039e+00 3.416635374868065345e+00 4.610309246344410639e+00 8.440269860293750370e-02
1.207621168708032489e+00 6.317659844779931255e+00 1.818479996920951525e+00 1.080615839697671027e-01
1.909387598190647406e+00 4.538339063190975686e+00 2.167547911900421287e+00 5.423587589672240056e-02
1.010855997986271904e+00 3.183764522013608378e+00 4.265592868024524087e+00 2.617456478698549915e-01
1.230168467340013727e+00 3.177057174440458542e+00 -4.896350405274889628e-01 2.117900699755276284e-01
9.470959233346092354e-01 4.214118786257236238e+00 4.261315140930007850e+00 2.591239306226869599e-01
1.170311561376045750e+00 6.200232014261739089e+00 4.724453582943126229e+00 1.740485729610963817e-01
9.327909199377794058e-01 3.365447769827613733e+00 4.445566826072254507e+00 1.917833341145610548e-01
1.014912491586559939e+00 5.997376969259311963e+00 4.895186190212744926e+00 2.410552175644176676e-01
1.418025872275367139e+00 4.344036879623468295e+00 4.690612454589055957e+00 3.884873502059034700e-01
1.472515490849649389e+00 6.270255870216843164e+00 1.148638219928797222e+00 1.769257593059541112e-01
6.878527973858584721e-01 3.262787881641032506e+00 4.118754331342049824e+00 9.416571843650800577e-02
9.877408697857587017e-01 3.764732533322345809e+00 3.561798658982440635e+00 1.731497431489087413e-01
6.074041458851822117e-01 4.375463515838961648e+00 3.306565832311437525e+00 1.735408200240261822e-01
6.971628018529347770e-01 3.571926232995718209e+00 2.879925852525784258e+00 2.329773072224481656e-01
1.429819780607238799e+00 2.892762111126721436e+00 4.838592797302591286e+00 6.669936108827946575e-02
2.057065073617815099e+00 3.856488469714347112e+00 2.580015219724571374e+00 1.148525803954730251e-01
1.165404624695117963e+00 4.362552042900338378e+00 3.393553216631683966e-02 2.221174154480568264e-01
1.137557198112191026e+00 7.793190854173342785e+00 4.558447040435012809e+00 1.318992954542725637e-01
6.901118811454937108e-01 9.315770945008402748e+00 3.896369223185597974e+00 4.849544566271183355e-01
9.638615564034427319e-01 3.457324105370859435e+00 4.679083751860172669e+00 1.837202666933010764e-01
1.265729501018299619e+00 5.252699885078195408e+00 4.702905901734601102e+00 7.843714999085292516e-02
8.950397371341471953e-01 4.206342218190638249e+00 3.980887030178155150e+00 1.413202760039283801e-01
2.430013129004643613e+00 5.766138417449559128e+00 5.174324867343205625e+00 1.641016608561564893e-01
1.596149560111527199e+00 4.923068751844835056e+00 9.921772195193746535e-01 8.971230052227964491e-02
1.219423280716017244e+00 1.011251474472853751e+01 4.790485528607088206e+00 4.736845030314525973e-01
2.118576404102940902e+00 4.613713577777981634e+00 5.037457836933106670e+00 2.300138142208378311e-01
1.330151445280800093e+00 3.496296213631156391e+00 1.524022051686785284e-01 4.569855139535349831e-01
1.277373309394077117e+00 5.622478397664306016e+00 5.018432549459582503e+00 4.065023900561482439e-01
6.958163408955887475e-01 5.001692752734593128e+00 3.707916332957372774e+00 8.268228249873557645e-02
1.057899851153740300e+00 9.798643723051039700e+00 3.076359034687645266e+00 2.515485670011299302e-01
1.432222965098947087e+00 5.792342630500087353e+00 4.863109162088829152e+00 2.247842295082279895e-01
9.955780243182259515e-01 5.656523383635719604e+00 3.880537951471848324e+00 1.511856711392169372e-01
9.513332396583542572e-01 7.147012352401723945e+00 4.834904531087850899e+00 4.072661633023811345e-01
1.708866295008028890e+00 3.295553251766309533e+00 4.829681213486402669e+00 2.250163409285823868e-01
1.848957870834500694e+00 8.525487644802433707e+00 5.246940108494024813e+00 1.316425110148627953e-01
1.935762099382278612e+00 7.676455923145409699e+00 2.863216516550552981e+00 2.152330967960874586e-01
1.200405458055139540e+00 5.785184833470637500e+00 4.680530004771980224e+00 1.191226108430575303e-01
1.767690180203396633e+00 5.598977585266003310e+00 4.622598408858501706e+00 2.544302778254620145e-01
1.840095016080805168e+00 4.159866140634707499e+00 5.265963271964365866e+00 4.577786994719078295e-02
1.640604829024888911e+00 4.766566388409732014e+00 4.653234352173860167e+00 1.979024485532618893e-01
1.051729795579716686e+00 6.382882339299080776e+00 4.386157453153907149e+00 5.997565929337434626e-02
7.226147927929831294e-01 5.215565716328365298e+00 4.476247865317729335e+00 1.764079492729535570e-01
1.594333422249394561e+00 4.456343169421217887e+00 4.837470999526472859e+00 8.424402596759428263e-02
9.929180477638342994e-01 3.786987862803684823e+00 4.795462929983820288e+00 1.470354673229558873e-01
1.968769981462256347e+00 5.155834955247855511e+00 4.513915879953990462e+00 2.436624678023024959e-01
9.716627183881691998e-01 6.264783541928411026e+00 -7.443745478803434068e-01 1.875104425950734621e-01
9.653167970094251871e-01 5.638253192344908626e+00 4.631479177908119027e+00 1.256302344289824957e-01
1.205617983192578180e+00 3.978483160663445872e+00 4.768668236046591957e+00 1.368175841289111239e-01
1.734469584430578637e+00 3.409695710006234393e+00 5.150380125081510663e+00 2.620889642884242643e-01
6.562673086222300389e-01 1.099387056043008215e+01 4.162040751221544710e+00 1.286803271147223537e-01
9.361465501372746578e-01 3.869203914240618936e+00 1.847308987954292547e-01 6.640759711313548586e-02
1.404828383394417735e+00 6.451602466828798121e+00 5.233036196492526493e+00 8.048527906932473330e-02
1.099207919569721081e+00 5.119187675591011732e+00 4.863697195553574382e+00 1.462357186206014736e-01
1.828028100899111497e+00 7.364483951355278002e+00 3.531166748218084184e+00 1.096433319366692249e-01
2.178328345183113690e+00 3.218661410074420637e+00 -3.210578083444043385e-01 1.100527883091204362e-01
1.651481289008326803e+00 8.164133885572544713e+00 4.749449840675771806e-01 3.725974094177361695e-02
1.146668844472626736e+00 5.824697614706816573e+00 4.881610308177588564e+00 1.637633341819071942e-01
1.395279458867885625e+00 7.312375467285669117e+00 4.852847407733301921e+00 8.692589231236549918e-02
9.695658081687368313e-01 4.414174942298592086e+00 4.316535858518820490e+00 2.067169389034147764e-01
1.218895260792943525e+00 4.032300615599629268e+00 -7.998597340997645189e-01 3.022360196593079987e-02
8.750857968287925059e-01 6.755885138760879371e+00 4.326938394234753460e+00 1.120334330575003118e-01
1.009210460650401986e+00 3.914459566737450658e+00 2.469939757629628918e+00 3.225446907188215251e-01
1.554246683200565471e+00 4.918546120954934153e+00 4.729967701094017762e+00 1.925010494256712001e-01
1.418242859947588697e+00 4.206959610989367881e+00 4.815008215449501527e+00 2.051059139146703403e-01
1.440773479430078829e+00 7.935496292791974327e+00 5.390929145152866475e+00 1.713702173070019985e-01
1.264445477205210500e+00 9.424825361368482035e+00 -8.230158650840896373e-01 1.518508442843223005e-01
1.909841338303490232e+00 8.564199728191228544e+00 2.658309854945085093e-01 6.470272701517321146e-02
1.013448519204712905e+00 5.672108232721623899e+00 4.244290903615321575e+00 1.406558985584092925e-01
1.102633204324586558e+00 5.198428445738479731e+00 4.974849281344721597e+00 8.266516726028899642e-02
1.696474920329305913e+00 5.716256143543605006e+00 5.132862174534193578e+00 2.991826785071604045e-01
1.247668379011620310e+00 1.203777723477526784e+01 4.944561071691111920e+00 9.540689879532288087e-02
1.288921136170308568e+00 6.459281404658377745e+00 4.550876551960933547e+00 2.748635084736028578e-01
1.382165766870107504e+00 3.982765614216642103e+00 1.057486263708277807e+00 2.146631394095948053e-01
1.121371211568062742e+00 3.524711450339876873e+00 4.182741573193724527e+00 3.277755661468393922e-01
1.754746051229154391e+00 3.542099766062942301e+00 5.058198644189719317e+00 8.589031056322242452e-02
9.415131624960727530e-01 4.671815238797006664e+00 1.602761503044978664e+00 1.411016362608994712e-01
9.522140903142063406e-01 5.003624013850981989e+00 4.212667637944666588e+00 1.078438735880795502e-01
8.343982383123216273e-01 5.635097570331994099e+00 3.280424980769501175e+00 1.098124211966056696e-01
1.011166742167074695e+00 4.357626039036587073e+00 3.957063815625916359e+00 1.811693385569220771e-01
1.817811693878984114e+00 4.895642760637333168e+00 7.128786318293766078e-01 2.377404080250032636e-01
2.000846773604523232e+00 6.381560679912137601e+00 -1.479637180106968097e+00 2.497059991328336448e-01
7.920222538999627249e-01 1.023309456229644887e+01 7.819767807693946970e-01 2.756621954549502984e-01
9.163145213794742228e-01 6.799237534088076629e+00 4.547310808080388789e+00 2.270360117101936637e-01
2.079828035697532496e+00 5.456277819250493266e+00 4.947165336731535135e+00 4.729039420068360533e-01
1.765228013421009212e+00 1.029728122999189033e+01 5.268324811464539792e+00 2.954054772310684140e-01
2.093922678164864326e+00 5.301631299070157510e+00 5.677335296575223289e+00 5.120979726269905274e-01
2.272558327523286348e+00 5.141660024893917935e+00 4.315015993273443762e+00 9.932409150729959446e-02
1.784882943949444023e+00 5.868087718630086158e+00 4.910404745901248980e+00 3.268586843840214917e-01
1.978990446123346736e+00 4.864464750863928266e+00 4.927113118309877748e+00 2.154083379182166746e-01
1.190290857043891481e+00 6.723563411884143193e+00 3.955700738167941655e+00 4.402460825663382926e-01
1.781070123867183552e+00 4.879089083960516326e+00 4.714094975840916746e+00 1.296217623224229509e-01
1.161417442701538238e+00 6.040161248873988420e+00 5.191210493887488120e+00 2.291384854714322850e-01
1.307289652830400328e+00 6.639335553727466532e+00 4.768739279300407752e+00 1.353030118037651386e-01
1.103655644899834698e+00 5.229138828565590202e+00 4.512759110257328565e+00 1.310726130274914025e-01
1.306249836900211125e+00 7.879277497377779937e+00 3.277783092474062077e+00 1.703121305446668454e-01
1.220553398126399847e+00 3.712466541348412363e+00 4.741847895334471374e+00 4.679949938360414285e-02
1.229826648918586063e+00 3.906286611171560175e+00 4.102523406907855552e+00 1.023731856349371777e-01
1.177399807604902149e+00 6.715645191219739907e+00 -1.722126794741226874e+00 1.004123317038512625e-01
1.475298656472641801e+00 4.714769715206818645e+00 4.910801622959560575e+00 1.590178057048866889e-01
6.537275128667162649e-01 8.020754836951510924e+00 4.045260620921284911e+00 3.680815408669075861e-01
1.181558183056109268e+00 4.381917923704996554e+00 4.856290898321484306e+00 2.200901203126621186e-01
1.564938470480761623e+00 6.015176372735397514e+00 4.961321154313811377e+00 2.606201329573355485e-01
8.763602800281395933e-01 3.867692162590158134e+00 4.470351771961651011e+00 1.784049333369427115e-01
2.054340782385012165e+00 5.637570426274477242e+00 5.072538470152419876e+00 1.809779794247069751e-01
7.198542626679574896e-01 6.092248444372805771e+00 4.023818818858762469e+00 1.723419568042229844e-01
6.241149258463695171e-01 6.218290607807348103e+00 1.427120641665213796e+00 7.193985930126403638e-02
1.947066352415826485e+00 7.104289118994818963e+00 4.829908947316898349e+00 3.004040586855019623e-01
7.810129540926978864e-01 6.340120610831998071e+00 1.055579106862443162e+00 9.453924695714682747e-02
9.636114337651258133e-01 7.316736518186186089e+00 8.124257671326984287e-01 2.030314144730977211e-01
9.878912309403012904e-01 7.016780310877841487e+00 4.451433993619968277e+00 1.356886021428211353e-01
1.509795824832474764e+00 7.725137139863362812e+00 5.041190757581210491e+00 2.344532774822389587e-01
1.654212014679007359e+00 5.266292045662138932e+00 2.560149538249357981e+00 2.862374287528738903e-01
2.174396239592905733e+00 3.886518069767906702e+00 2.023864693339975762e+00 2.140319162577823953e-01
1.371791212943312521e+00 7.910830704804279634e+00 1.119779580722008117e+00 1.159781667378517178e-01
1.717343085113888668e+00 3.396690084390624254e+00 4.168495212774702807e+00 2.600005160217128686e-01
1.974673292979686856e+00 1.085768411380740694e+01 8.772672977677460349e-01 3.069182867105667567e-01
1.971249524400814135e+00 5.209544363269104750e+00 4.899045952309028507e-01 6.628017350552355136e-02
2.375357997665531684e+00 5.454793555527459148e+00 5.156488492516476896e+00 1.595502475900432426e-01
1.333174539454954344e+00 2.939688262925716167e+00 2.379801042613027828e-01 1.126150783184987902e-01
1.721639141075199886e+00 6.647056682312340037e+00 4.943256069626744242e+00 2.522173340307504730e-01
1.042315025956753960e+00 4.922053038287264926e+00 4.179995251425704161e+00 3.510891743787783459e-01
8.579096311847318468e-01 5.368466298795794067e+00 3.598321868409459778e+00 4.593701778274349862e-02
1.287537711020084741e+00 5.172485834619653389e+00 4.613564117939874976e+00 2.530524985707609531e-01
1.404025294855739459e+00 8.988819569277882948e+00 4.722952851197876889e+00 2.226477284394572098e-01
1.199289436483704341e+00 3.020661167679651093e+00 2.930824430129332914e+00 1.170420748240331432e-01
2.484732674950661302e+00 7.361700023668775295e+00 -4.198762300111769097e-01 1.398392894912404150e-01
8.078953203903330715e-01 8.143254290023740793e+00 3.733031933718568673e+00 2.578634217445290311e-01
2.224522662991936794e+00 3.944241253805063518e+00 4.959910433078779768e+00 1.464731673425423153e-01
8.935652908663843652e-01 6.118003120986826637e+00 4.481903697588284885e+00 1.192434134037773097e-01
1.910710757567637863e+00 5.029655217387412058e+00 5.046104440274331360e+00 1.885391476285396828e-01
9.669500496066234518e-01 4.641037005638599666e+00 4.808219349729286662e+00 1.885063143456219836e-01
1.065800273556503974e+00 4.692291579322212414e+00 4.658056003499337905e+00 7.467570646366808451e-02
2.235183162489116526e+00 1.621548360613742545e+01 5.171175686262936999e+00 1.430443944555079838e-01
1.145361717177888927e+00 5.199801899845275521e+00 4.427666604967639863e+00 2.694054894402038713e-01
5.605858453881890080e-01 5.663057089392919075e+00 1.470021622434989350e+00 9.140721162814076373e-02
2.054407134842409555e+00 9.828576454189619227e+00 5.001392729478140176e+00 2.541924506184706223e-01
7.583171764046625629e-01 3.741809054581961114e+00 7.665549270391083247e-01 2.243828173019641881e-01
1.582128718204444340e+00 6.498599216589371785e+00 5.142531670640844155e+00 2.382105041874148232e-01
1.646349909133122846e+00 5.774045315690574220e+00 1.855818147546646202e+00 1.595403833586896691e-01
2.365765653505774946e+00 5.244596707954248593e+00 2.713082792044720470e+00 2.452093498877129241e-01
8.965491331788459917e-01 8.913753627217337439e+00 4.421125215025479838e-01 1.541084155786223153e-01
1.236665898168666011e+00 6.135337632370159611e+00 4.543507831733966995e+00 1.438580452388167619e-01
1.346606082358333678e+00 7.169992939465801740e+00 3.830322209001407963e+00 3.757645968579094164e-01
1.358486883042645976e+00 7.806788615005205045e+00 2.746575696821716761e+00 1.264930886355443429e-01
8.099962772985308535e-01 6.355994171214157440e+00 3.965500249065701865e+00 1.961299317045239188e-01
2.058509273266256212e+00 4.643969862868757126e+00 4.834937245245331638e+00 3.225554727953890422e-01
1.041302031817110674e+00 8.259247337005353629e+00 4.499353752309129817e+00 3.186470771266945445e-01
8.524284398615428193e-01 7.527996854442541519e+00 1.479835825129030669e+00 2.368785809167739953e-01
1.069595498349798168e+00 4.452563259955517161e+00 4.522691586286185839e+00 6.853010053193549223e-02
2.609890851042401927e+00 3.348605210671265375e+00 -8.415278901844784887e-01 3.453130689360808248e-01
1.597040379331642335e+00 4.779378947093006147e+00 5.024982156816333756e+00 2.254224267815859439e-01
1.869970092051595367e+00 5.038779210353153459e+00 5.382366216735038122e+00 9.815823607685902896e-02
7.580474200197950818e-01 6.916581996059933068e+00 3.636676203141744779e+00 7.239062749325451962e-02
2.323276813946927977e+00 6.842999020963152823e+00 -1.807300217296252676e-01 2.483909466823230328e-01
1.342560195626808062e+00 5.565834880179126642e+00 2.178443548006110841e+00 1.867845774711604234e-01
1.261275834351424541e+00 4.453068313762274855e+00 4.540361398628506961e+00 6.789530479454757017e-02
1.412444543266568653e+00 8.554545079075026592e+00 5.169532907911297492e+00 3.475526946437401676e-01
9.696219455250514319e-01 4.475030085470137919e+00 4.429557010589959098e+00 2.156952611480699722e-01
1.195196222359246052e+00 4.237394140302744638e+00 4.437562451186056300e+00 1.173521091465776073e-01
1.178897773032426155e+00 2.614758946258747940e+00 4.893597487679171465e+00 2.051132870625527738e-01
1.403761966092990310e+00 2.594901077834447456e+00 4.853914904428641819e+00 1.513394018745063963e-01
9.602324617174826660e-01 3.726197975378473082e+00 4.670418473500228096e+00 3.238194637809015397e-01
1.038844344792850372e+00 6.937981103053525445e+00 2.108374925007006517e+00 2.064979865579192608e-01
1.029117932709420868e+00 3.449510932076270908e+00 4.808532980514335087e+00 2.991878814649914231e-01
1.536729070019098309e+00 4.299721672951878126e+00 4.826586602988807151e+00 2.756864934990987948e-01
1.333300871794667497e+00 4.525554407382829325e+00 4.588428183639629232e+00 1.108146963538981788e-01
2.546516971404360952e+00 8.885559398728920755e+00 3.144584959519852951e+00 8.784110785845009040e-02
1.160797687058875205e+00 7.303148432101250975e+00 4.635908614028668495e+00 7.403717606644487359e-02
1.259380120267459713e+00 2.568753185033755049e+00 4.012969798599812954e+00 2.372439338041868739e-01
1.357043234019117195e+00 5.535941153166014317e+00 2.597300023266677194e+00 1.057066456135665744e-01
2.472240885178390801e+00 3.870696845695716704e+00 3.914508303256578170e+00 3.902227924844882123e-01
5.733223575406236616e-01 2.476681327434228308e+00 3.382946518210367071e+00 2.320633072099025918e-01
1.052354936026275389e+00 5.623830435981512110e+00 1.747034780507900509e+00 9.368422769279002860e-02
1.730133866064992088e+00 3.967104323264807331e+00 4.780644318912041335e+00 9.785922166396197885e-02
9.964118709830103171e-01 5.440731142982970781e+00 2.786146580864860667e+00 2.802532574159500856e-01
1.649407447303146812e+00 6.966986123002135933e+00 9.089644752297886265e-01 1.925600709304502167e-01
1.745737779326204997e+00 9.736741998319521585e+00 5.378598375157974232e+00 2.139654140520139969e-01
6.913623716339831748e-01 2.802910913241753565e+00 1.785590682967593157e+00 1.712699213644561791e-01
1.176807370063523317e+00 5.322280562393274295e+00 4.743320650943446459e+00 1.258325103671747991e-01
1.803586320234756624e+00 4.711111830360081854e+00 5.332093755486115860e+00 1.766533138466575004e-01
9.518625740960169335e-01 4.498444570701202849e+00 4.238538193895467820e+00 2.464728904025819956e-01
1.007898307524965453e+00 6.024403697592629392e+00 4.382565238540961694e+00 1.291202603673279325e-01
1.594647556288841139e+00 6.501475228707080944e+00 5.080810740193212105e+00 2.060626403145083829e-01
1.557118383401587147e+00 5.639881395219949134e+00 3.647163826603796899e+00 7.832802939135345699e-02
1.337020520626486464e+00 5.820917318302948118e+00 4.874880590597283181e+00 2.389669828421535913e-01
1.031031077581267441e+00 3.734096459093138698e+00 3.741441521941674342e+00 4.147978768917436054e-02
1.412444543266568653e+00 8.554545079075026592e+00 5.169532907911297492e+00 3.475526946437401676e-01
1.220490929099876665e+00 5.454486675807174834e+00 -1.472080183767312089e+00 1.787051999700968452e-01
1.408791675698013002e+00 5.858043554470706127e+00 4.743827304443270165e+00 2.446327065298228298e-01
1.635666561118711115e+00 3.330447465431929821e+00 5.144189717871511469e+00 4.997248085921932037e-02
1.278529091593414879e+00 9.162894201332150601e+00 2.180382675476286725e+00 3.354672355838417275e-01
1.426514974354224030e+00 2.346908593426691336e+00 -8.614161930875656736e-01 1.664914455678408733e-01
1.546911345500994184e+00 6.481769801151512134e+00 4.803685786973130867e+00 1.740597923614691234e-01
1.269962471342167776e+00 1.165101445248583190e+01 4.867787908378984341e+00 1.255315301013298357e-01
9.484299854301693200e-01 5.064615849020216665e+00 3.313686127817661031e+00 6.434676866783131666e-02
1.092277130238759275e+00 5.957057625919366828e+00 4.405842448374839293e+00 1.585343811084214960e-01
1.091357613642987223e+00 3.780058725206910442e+00 4.402943662115459844e+00 4.851284654361705251e-02
1.274570350843703626e+00 5.168996054115282845e+00 4.220299659482338761e+00 2.868033117927493714e-01
1.206073630222264326e+00 7.763782125479639085e+00 -1.123969866453500277e-02 8.694290723337606830e-02
8.657520656999393438e-01 3.470540209283265565e+00 1.850595109322079157e+00 3.201528470989796760e-01
1.524795052944930340e+00 6.351576331684054999e+00 2.751948924882400949e+00 3.500321572817002846e-01
1.203901385109236610e+00 6.206953785367394616e+00 4.954844495538217153e+00 2.618428643874631256e-01
1.731800445256004517e+00 3.577798161763413809e+00 3.408043461231090587e-01 2.789705268616564093e-01
1.841764562357145918e+00 5.074554304628223989e+00 5.252971049912675383e+00 9.205137875352559229e-02
7.537448568547384653e-01 3.232456117518182737e+00 1.688382132135290981e+00 1.459607650676271740e-01
1.985313986814239762e+00 7.955614271673125515e+00 1.551975792768363283e+00 1.961186732608725947e-01
9.842150213712457241e-01 3.993903577148070205e+00 4.203115628285540417e+00 7.831060419952814988e-02
1.165973853386845338e+00 1.245451332311312420e+01 4.813180345818673267e+00 1.941812363456935919e-01
4.706834124848482959e-01 4.602558474182516512e+00 3.323239030492981527e+00 2.962244412445880215e-01
1.235459293741852260e+00 8.745387787586244244e+00 4.528135948198351635e+00 2.314544453994903939e-01
8.916372476934901758e-01 3.530634734251751450e+00 4.771208539247706604e+00 8.076905218169187772e-02
1.440127645163049808e+00 4.929979446454081149e+00 5.017675172475409617e+00 3.577366366406822817e-01
1.233567771985113470e+00 5.549518240325160612e+00 4.646947350624738071e+00 1.204444985580116756e-01
1.905941553162099789e+00 7.073290155127160972e+00 2.269351213271682433e+00 2.009871043592826867e-01
9.570514162459423657e-01 4.938354072337493683e+00 4.360421945186462978e+00 9.979044702401690392e-02
1.874281958062208542e+00 7.862544640618165381e+00 5.390940582756600818e+00 2.308908534236089605e-01
9.816497043243792575e-01 7.510152161756134426e+00 4.931293616351529074e+00 1.031997111427142566e-01
1.166143458352007833e+00 5.276935984261244883e+00 4.339920444550872780e+00 2.669832014809216947e-01
2.354624848566699402e+00 3.532021823849686548e+00 4.686525671584957031e+00 1.758269488553954041e-01
1.320478083122585300e+00 6.890974235702815420e+00 4.946936416778741297e+00 5.317566017223446240e-01
1.520006005128851978e+00 9.535433447115821082e+00 5.191723934022507869e+00 1.073786622116838507e-01
1.299224355080128346e+00 3.713297341106735594e+00 4.756498159811473059e+00 9.006322017116316636e-02
1.555738690708200256e+00 6.015684256237980421e+00 3.110631875807625235e+00 1.870822317808868429e-01
1.501391202598450825e+00 3.470897829840393189e+00 4.659356011567163947e+00 1.298608507832484660e-01
1.731244094103467690e+00 4.872209947685252729e+00 4.673706900989906821e+00 1.159797688903477925e-01
1.549078540549533534e+00 1.293735496583192557e+01 4.495599439712253620e+00 3.402469682065684120e-01
2.149351062474083918e+00 5.147462271771813036e+00 5.099307465480372947e+00 1.991420998360825256e-01
1.366117984460833323e+00 6.636467308406498233e+00 1.878923955403862811e-01 3.397800431129929799e-01
1.251727508628906360e+00 5.816026737577470129e+00 4.972017146817588440e+00 1.199209536583120406e-01
1.104114738988612565e+00 6.085922000616152516e+00 2.976107869502409908e+00 1.703903128088216368e-01
9.009646146955755386e-01 5.826010808448269351e+00 4.644912440938324671e+00 8.011333791675250005e-02
6.825691106607598702e-01 5.083740337479376592e+00 4.073133389966979045e+00 4.568029896869022499e-01
1.470082649385147544e+00 7.156294625147284094e+00 4.649487113589597875e+00 3.634867406622734332e-01
2.708104328905620584e+00 1.032988521270775628e+01 3.974208104957462684e+00 1.692752452154465126e-01
2.055349665993847719e+00 5.245409318234139917e+00 4.807274652033979301e+00 7.459926101161500067e-02
1.773744291937836337e+00 3.203358171368672291e+00 4.384249594752276380e+00 2.276443891283315979e-01
1.250845694577620959e+00 5.501973970436382366e+00 4.974500850706974120e+00 3.442490127764994967e-01
1.832744130353079370e+00 3.251604910924331904e+00 5.048646295642416959e+00 2.166579993338662580e-01
7.321170529779558178e-01 4.463077122304689226e+00 3.512421505611901029e+00 2.926551089655466398e-01
1.188780197913723358e+00 4.973935597897004790e+00 6.430902356481851267e-01 1.047778295634443357e-01
8.720784165196495685e-01 5.118296162013841410e+00 4.155532276101978617e+00 2.003368816442472333e-01
1.369530577612960043e+00 4.072245141411853453e+00 4.389645262377348978e+00 4.019769264889912486e-01
8.720784165196495685e-01 5.118296162013841410e+00 4.155532276101978617e+00 2.003368816442472333e-01
1.860707172276992782e+00 5.184053143845228639e+00 4.597653944428214956e+00 1.550178776801264258e-01
8.256904714280119961e-01 4.548677188184368170e+00 4.794862741822722541e+00 2.903432722908082519e-01
2.128928242374753310e+00 3.296100350636382181e+00 4.844299722656666418e+00 1.479453212794704375e-01
7.503852140610799415e-01 4.830038280350120949e+00 3.328481713503884443e+00 8.360450397223156971e-02
9.405736633047219186e-01 9.620852935652113302e+00 3.828287886110181226e+00 2.072215196356184674e-01
1.032322818068758030e+00 9.116967234705004586e+00 4.436386791889644243e+00 1.121147043443630337e-01
1.541640378281880164e+00 7.716313513219443365e+00 5.383225757119777910e+00 2.157419684815729266e-01
1.829294921119139605e+00 3.897547498936308585e+00 4.688706265481084046e+00 1.229927406645958815e-01
8.716686392869983369e-01 5.110202492297258203e+00 4.584323782161614069e+00 2.805079850395736374e-01
1.931937235837847933e+00 2.254385260640160205e+00 4.254733371596043590e+00 1.219716661444193856e-01
1.413643067787502261e+00 6.701922798250793178e+00 5.292733555069870199e+00 1.290176410044047428e-01
1.142449744275447987e+00 4.831472175185631990e+00 4.252851152344653052e+00 2.405018322324365687e-01
1.612973422332545148e+00 1.177093368270229412e+01 5.346498785120905595e+00 2.646649929090670872e-01
9.877339131739341083e-01 3.342315290320097443e+00 5.514504573136076893e+00 2.784247257562651456e-01
2.112114050322720704e+00 3.993157463617388103e+00 1.011203152069122257e+00 1.722740715685909252e-01
1.283941725890698882e+00 2.880576191487157267e+00 5.297998407380528185e+00 1.146440462054658382e-01
1.417271938093493722e+00 4.565997051196450940e+00 4.932285834666341628e+00 7.699536109034042786e-02
1.230134224006955046e+00 5.624393612157750688e+00 4.299521667245083556e+00 2.129278190704174956e-01
1.403244325747916132e+00 4.498606787429484832e+00 5.214551996638277842e+00 1.275655243349549939e-01
1.249252561030837594e+00 3.880526024004235630e+00 3.818428588427460024e+00 2.084113158131293275e-01
1.364913419762474378e+00 7.021940157318602438e+00 4.738932032236525593e+00 1.382378169501055076e-01
1.034415113851172352e+00 5.335293837791143190e+00 8.414594037613309929e-01 9.848748442457057328e-02
1.212713844082431214e+00 3.806005377670184320e+00 5.100394378581050603e+00 8.722186479402380122e-02
7.202648951136378930e-01 8.033029869696250103e+00 3.989334753393069644e+00 1.456117220079636565e-01
1.683187475042819070e+00 8.152686188804421974e+00 5.191546782013166883e+00 1.299340173500281859e-01
1.392415902519077653e+00 3.995618145900444507e+00 4.046306600502699524e+00 1.585739770529586146e-01
1.388009810695574942e+00 6.270281569113631548e+00 4.689002380717260721e+00 2.800915159288970835e-01
2.523074274341211343e+00 6.613996061327370946e+00 4.994951542802780864e+00 2.117445546422461189e-01
1.096488350226637820e+00 3.129187931991411098e+00 4.371749859411736772e+00 1.173182471797766663e-01
1.004864659672804139e+00 7.939534416296195829e+00 4.359247075805527061e+00 2.051257908981684308e-01
1.482511821668491381e+00 5.579535118187833653e+00 5.055121384556797715e+00 2.520245777825065314e-01
1.360773149694205042e+00 6.291608350076656642e+00 6.761429451578283567e-01 1.209618337933250909e-01
1.057407885843573592e+00 8.848511012693945688e+00 4.563116958069341145e+00 2.123695931253666569e-01
1.218004086691939269e+00 8.882242600114802045e+00 4.295194906084235598e+00 1.680055230502625618e-01
9.061211614829169925e-01 5.543696442205328978e+00 1.729793802046271756e+00 4.174599833367945712e-01
1.163641611957080269e+00 9.895204773797585673e+00 4.704692341190143345e+00 1.261772005781001127e-01
2.070033043105005355e+00 8.642924332731826809e+00 1.127753594124923930e+00 1.485478982456739372e-01
2.923740987810294012e+00 3.768531462696825596e+00 5.660077510303673343e+00 2.529430522974728257e-01
1.537130444829456932e+00 5.445427291738662134e+00 -4.904442319483931501e-01 8.886961753115699136e-02
1.763667403721047577e+00 3.792187478747883311e+00 5.111873875504537423e+00 8.771243996247567176e-02
8.056294824995309245e-01 2.836183837997571011e+00 4.575252271622301414e+00 1.051928993382265365e-01
1.159086461924682565e+00 5.767336608908765427e+00 -5.623042509569541325e-01 3.344565805852611762e-02
6.065574132839105514e-01 5.326587258841319006e+00 2.937682860772652838e+00 2.634522254351085446e-01
1.572280371880324212e+00 6.668441252883992476e+00 4.533165359503409597e+00 1.717579987103336481e-01
1.289209378264316364e+00 5.116365641516754437e+00 1.220864547126600641e+00 3.258074358462809128e-01
1.482097886240665963e+00 7.031509700777706762e+00 3.347263372726301256e+00 2.144982684722111788e-01
1.456917340397591465e+00 4.233914736888683805e+00 2.504819993120543931e+00 1.208447963322165225e-01
2.315885136729949778e+00 4.975711867153695067e+00 5.195774250659659366e+00 1.510371152514824455e-01
2.195351205321513177e+00 4.392626750682389947e+00 5.306036729883365943e+00 1.574301091729194690e-01
1.420014359656802228e+00 3.852105464358855258e+00 4.751290764686406654e+00 6.642941778324122637e-02
1.121709162486428601e+00 3.807538447266297421e+00 3.487258046676276813e+00 2.116879720794991870e-01
2.584169555137460605e+00 6.846136011050215409e+00 5.525815664785572956e+00 4.348375828459630221e-01
1.417893460217087398e+00 5.401786955753104635e+00 4.915428062192367165e+00 2.366877778592187953e-01
1.684065352900864232e+00 4.308886873114722960e+00 5.108269918657755149e+00 2.176421460753264481e-01
1.064106829167673629e+00 1.402174707907583162e+01 3.875857529128924117e+00 2.700628494594236595e-01
1.430718538076346746e+00 4.861617920394445846e+00 4.549293157414157740e+00 8.474438328797608000e-02
9.965938907067042329e-01 6.783566098850715598e+00 3.445907693900280844e+00 2.396319922245890577e-01
1.535065152588694026e+00 5.802182579700237319e+00 -1.158160421988002176e+00 1.620860628372910173e-01
1.091863593452875758e+00 1.016201042259183218e+01 4.953764626514496783e+00 9.840094345263712683e-02
1.582128718204444340e+00 6.498599216589371785e+00 5.142531670640844155e+00 2.382105041874148232e-01
1.438967907597560547e+00 5.075957679052682359e+00 4.945285956591500387e+00 9.468690654953845764e-02
2.839492740367452583e+00 3.267861354410376507e+00 5.545240304249906771e+00 2.914481645408567578e-02
2.249321500721286782e+00 8.380786983200476215e+00 5.156676537550929140e+00 3.504985255499555863e-01
1.417702095526139461e+00 7.084721881558110113e+00 4.592181877548434876e+00 2.111286828111149372e-01
1.477388263244942879e+00 4.743291561130626555e+00 4.175889063186668082e+00 3.260023837491914378e-01
1.016839645851577822e+00 6.326099898311653646e+00 3.257525968911743064e+00 3.033638975040014452e-01
1.674692820925400838e+00 5.434373938232987200e+00 5.189610588939848057e+00 1.765601667571811140e-01
9.079805048787693567e-01 5.641143839921253011e+00 4.336635460383995166e+00 2.071875468108471674e-01
7.880347097425802749e-01 6.621853417037764089e+00 4.514641876715652202e+00 1.796681239853953338e-01
1.515328035526338768e+00 3.276837433112034681e+00 1.617208905819958353e+00 8.071400201812629904e-02
6.357566492081613285e-01 3.416714909640354403e+00 2.459794480587040866e+00 1.400522710582781660e-01
1.026377169157534297e+00 3.153885882671784380e+00 -7.673642635541706725e-02 1.359932812854419137e-01
1.653529303280748097e+00 5.989757254909451767e+00 5.102326770627879426e+00 1.108239963495180475e-01
7.520513945615456830e-01 7.147424827335513875e+00 4.022728280492809283e+00 1.301022157837443960e-01
1.121661119240088489e+00 6.687526679741609748e+00 4.316359121422318701e+00 3.207670064712216940e-01
1.750490695515901640e+00 2.624754503446727671e+00 3.654457708089199564e+00 2.019821687594489101e-01
1.147278630778231001e+00 7.824128420816595764e+00 4.727886331889568083e+00 1.538837622801323690e-01
6.853575680792169944e-01 4.396091657073888825e+00 -3.789964834700661478e-01 1.309970235524262616e-01
2.016708797493818039e+00 5.020795587678810179e+00 2.400771871016362358e+00 1.578584778685185319e-01
1.309016826785340371e+00 9.379456100736572211e+00 5.136875939726058604e+00 1.997077572562545589e-01
1.216290015722043094e+00 1.308399599945789049e+01 4.690815042825319026e+00 1.091546795309276119e-01
1.487728913763779914e+00 4.123657070130016145e+00 5.118970437598274970e+00 2.004306637091856635e-01
1.643740461885128568e+00 6.962467304100185217e+00 1.008808441167115211e+00 1.597172313650797038e-01
9.289806046367391490e-01 4.992912086117384796e+00 4.437626978949374745e+00 1.515917448617395691e-01
2.250568720736349615e+00 3.777510746333821778e+00 -1.091940318105833807e+00 2.063152962434479654e-01
2.469232794866713210e+00 4.429689117783785157e+00 5.370858411687626344e+00 1.135630538089280883e-01
1.970780325071975092e+00 9.259747467574500845e+00 4.764768646320026058e+00 1.734591203087960387e-01
1.429353143139730165e+00 7.049154891671264522e+00 2.110269603438309494e-01 2.450331373123752488e-01
6.339102485358317773e-01 4.973929728477842538e+00 3.684992151051128761e+00 3.928017013007673586e-01
1.508678210045916401e+00 3.388899734159490862e+00 4.911101273712922932e+00 3.587986565180941723e-01
1.949328039938314827e+00 5.210081897035264475e+00 2.346218755451890736e+00 1.918682265881777871e-01
5.950869080634723085e-01 6.761996175504267903e+00 3.296918587815043100e+00 3.001769247720668110e-01
1.067946901387185177e+00 5.600584508586834431e+00 5.112753061480467487e+00 1.627486561060185744e-01
