# Hierarchical MCMC downsampled to get 500 samples: alpha, mu
5.365900891598789357e-01 7.822701921743623998e+00
7.480413476089468050e-01 7.526022603046802928e+00
7.643915282970767944e-01 7.928690950161098705e+00
6.319219584100201903e-01 7.326445344834727535e+00
8.595868007031192137e-01 7.730516206593698314e+00
8.081745618498860084e-01 7.653368074390028752e+00
8.112110588624050767e-01 7.736938971798577924e+00
6.860898813826972198e-01 7.741287647163270336e+00
1.470638762191025073e+00 7.883479074720177060e+00
6.893700828736808450e-01 7.798996097410391570e+00
5.687377630169357934e-01 7.638697030766338436e+00
8.199273097470182181e-01 7.989765349289123186e+00
5.173113779261474532e-01 7.838504143400590429e+00
5.709299598771724327e-01 8.002449022773594933e+00
9.113521692609319880e-01 7.685529847487041266e+00
5.400283885438934561e-01 7.378519451920586114e+00
8.353036335451190508e-01 7.806868271542715121e+00
6.109083303505465912e-01 7.827705356911297763e+00
5.942327067219631553e-01 7.439274829150257951e+00
5.820143748884687440e-01 7.656045542374335433e+00
8.992230297380875426e-01 7.866806797385273775e+00
7.435337468230451829e-01 7.663579076839866389e+00
1.188607515112044766e+00 7.932342445034044509e+00
8.250541677175676769e-01 7.830200106372386948e+00
7.258408360216550559e-01 7.729270189214250131e+00
7.809872270933828631e-01 7.448094305690855066e+00
5.705875341517294697e-01 7.709057989929902988e+00
6.604414039611141707e-01 7.493897569904278022e+00
6.496383549136327540e-01 7.813862847824285751e+00
6.624984454908577902e-01 7.477258763072532233e+00
8.777318296050247159e-01 7.594961964015778833e+00
6.344931520864179886e-01 7.638898191965155959e+00
9.837566063075933176e-01 7.817938076015379600e+00
9.069151818053462488e-01 7.756523466406973100e+00
8.214042427262876478e-01 8.010647685435779763e+00
9.752174959961807943e-01 7.675558888166252203e+00
6.541693026672990019e-01 7.627691749226985785e+00
6.831323260044281920e-01 7.850503097855092705e+00
6.408798517555656105e-01 7.615271643069580598e+00
7.114876444008187972e-01 7.783085599942427102e+00
4.858258322457966738e-01 7.669933343030032269e+00
6.239550909842865867e-01 7.614253521447876594e+00
1.079388656606756980e+00 7.745763549367867817e+00
8.136705783087359034e-01 7.785596530451954322e+00
5.969532669415905657e-01 7.434292631781592497e+00
6.111309595141357631e-01 8.114943478170602020e+00
5.391320773128041033e-01 8.011652988126193975e+00
6.165918131133738544e-01 7.937865036313470846e+00
8.966671130388730315e-01 7.516842228378066260e+00
5.715015692487641630e-01 7.625940587862926279e+00
9.616347766584522061e-01 7.717354714829401274e+00
6.664773232077548792e-01 7.631026612282798993e+00
5.145862763613213708e-01 7.837533510363396516e+00
6.432405902985259827e-01 7.812338425732382241e+00
5.870576438410085585e-01 7.802147951869073950e+00
5.415494742613938817e-01 7.714074620398834625e+00
5.581262586156147121e-01 7.948332707392899543e+00
5.480183239189313493e-01 7.686178596930117735e+00
5.842211140329679475e-01 7.663653661550398510e+00
5.750089423453682569e-01 7.794467903743193204e+00
1.145785235902684107e+00 7.726543324297534099e+00
5.704733203390760510e-01 7.936476342179977550e+00
1.111491571405175627e+00 7.753901470289211950e+00
6.006357433343310070e-01 7.576597414199429004e+00
1.251401773774271975e+00 7.654541615055083348e+00
5.671411558918586504e-01 7.530100623691033057e+00
7.955082274381093388e-01 7.817879033946891987e+00
7.585684789441698994e-01 8.036724899674425160e+00
8.096873723517286070e-01 7.662404744346776653e+00
8.801198536006678008e-01 7.680832036523776551e+00
7.499977041549761303e-01 7.707157473504312684e+00
6.493313042398100032e-01 7.841905324073382033e+00
7.089989823942423053e-01 7.877822266652532157e+00
5.420259466694736794e-01 7.756322608497189464e+00
7.105090654052987897e-01 7.416292748789084399e+00
6.434735709882479782e-01 7.789938216330094534e+00
8.209634895720783199e-01 7.539407447497238124e+00
9.416884368748184020e-01 7.728142699252227743e+00
1.012198159222200244e+00 7.449043643244316115e+00
1.018940282196519886e+00 7.691465903297767248e+00
8.016066202587966982e-01 7.591280045711449986e+00
8.394109459949024021e-01 7.897570076831841313e+00
9.057655603119575405e-01 7.839678493425368266e+00
1.035256739078635579e+00 7.705416942313011219e+00
8.025159341533505408e-01 8.032719194129143148e+00
6.622352574726606544e-01 7.263504684327934058e+00
5.165791981587862791e-01 7.914402250918238124e+00
6.056563052326102703e-01 8.003667357398217774e+00
9.436034621435316350e-01 7.751714424595170350e+00
7.110780998839499878e-01 7.277076687082354667e+00
8.587707212586287442e-01 7.675320154007229334e+00
5.586461096633248413e-01 7.700303695985151187e+00
1.066308063069203005e+00 7.939416222386560307e+00
9.110115113556892519e-01 7.754987320799815009e+00
8.363967444780030513e-01 8.061049122933944489e+00
6.629997927330371077e-01 7.597514410429216269e+00
5.051721116083693897e-01 7.749668558987617750e+00
6.496572224712022781e-01 7.553747151194937892e+00
8.939659589349778779e-01 7.632727336735216639e+00
8.241666485188242630e-01 7.751100908139052947e+00
7.953464076582642539e-01 7.642095582779337981e+00
9.232959015806372349e-01 7.577740817511178228e+00
6.813543328859712478e-01 7.966269664026977004e+00
6.556741609971695750e-01 7.802313148555557021e+00
7.929668552206086130e-01 7.396310766221485977e+00
7.873110725218087635e-01 7.635020318784950355e+00
5.012748835367428768e-01 7.374183925354309110e+00
8.108895461480175593e-01 7.889229945543243083e+00
6.556869545930704701e-01 7.747662809641098214e+00
4.376516364246977875e-01 7.769088505656891464e+00
9.733862888341850983e-01 7.630108766445656165e+00
7.972852693223491105e-01 7.869117166382180173e+00
5.909856258375859595e-01 7.663363189788529262e+00
7.746422336555055521e-01 7.923839794048211260e+00
7.600598411035918156e-01 7.481408032524807794e+00
9.279694301748208085e-01 7.894745059923303110e+00
5.545971181703068797e-01 7.596547494726157090e+00
5.254044460805989969e-01 7.788054592468689030e+00
5.948659984317067329e-01 7.964546958467590088e+00
5.781260865626187684e-01 7.780990912457699693e+00
6.193067920022037320e-01 8.084861728233063261e+00
5.541255267147338071e-01 7.965823302606167999e+00
1.052587155740009717e+00 7.661421874503113294e+00
6.795552536583108205e-01 7.585831507862501155e+00
7.106360769650842402e-01 7.681086628611164535e+00
6.968577831752759133e-01 7.366082956730943820e+00
6.342453747241759698e-01 7.411781772752082276e+00
5.705417985418812510e-01 7.628824694546818996e+00
6.460339877096669126e-01 7.685357381513317598e+00
7.602554801557213082e-01 7.796417477343984714e+00
5.969038500185434026e-01 7.613284966064064463e+00
9.478454589167839561e-01 7.703491384408046372e+00
7.694382131582393480e-01 7.616914366977350248e+00
7.694382131582393480e-01 7.616914366977350248e+00
5.130364520340247037e-01 7.313291718498425631e+00
6.379437055425907221e-01 7.575773591570060361e+00
9.255504138247159229e-01 7.895269954468131068e+00
7.974124527907184845e-01 7.729553689585030085e+00
7.455346893557446286e-01 7.613698687282325572e+00
6.988563208116549408e-01 7.848699200772899509e+00
4.982478920350877916e-01 7.613413291395490390e+00
5.955695622654084698e-01 7.885601816526801144e+00
6.919172129247669334e-01 7.721018990316705022e+00
4.395790529189099738e-01 7.588636532256801459e+00
1.217967071870516893e+00 7.820628628265033022e+00
7.570968304535231619e-01 7.356667044528764521e+00
6.577059818080421838e-01 7.807189308631233615e+00
6.638853643481542610e-01 7.697007707478481287e+00
6.698284269412126957e-01 7.532917022272182628e+00
7.172497667761230655e-01 7.656148713002803419e+00
9.592988214994024876e-01 7.778523813104976981e+00
5.434004457206497163e-01 7.692907135100412575e+00
6.586260353092662223e-01 7.711673379754898860e+00
4.945509785720569873e-01 7.678975236886490308e+00
7.755635882824724048e-01 7.546257473935733984e+00
6.720646004101475945e-01 7.959748115823586545e+00
7.581063587397763870e-01 7.634009442384261490e+00
8.328974202472422261e-01 7.573683205187268896e+00
7.932758052652645331e-01 7.625675381921666052e+00
6.798423470146325309e-01 7.526254523085157189e+00
8.093755130905047057e-01 7.617665595483490648e+00
6.909806079665471445e-01 7.784943448235986274e+00
7.325142822034018675e-01 7.325528697928183952e+00
5.802265609361499932e-01 7.907401050297277578e+00
8.984291487218371008e-01 7.928063895260277327e+00
1.130841148945702646e+00 7.794898017216844721e+00
6.216631216738029986e-01 7.589129023501984150e+00
7.146500626959715330e-01 7.728495584277654373e+00
7.386447051958507926e-01 7.752603122650443268e+00
7.769204687572893731e-01 7.935374526985502719e+00
6.583176416825130550e-01 7.559059192536036420e+00
8.805704692048665905e-01 7.574462357995140671e+00
7.899406675018534330e-01 7.786289307679867377e+00
7.680302437877363220e-01 7.759280144032959292e+00
7.175504380709624153e-01 7.731222474887213814e+00
7.370465604244561542e-01 7.919331397056514454e+00
1.135354464408381725e+00 7.611373651974667531e+00
9.229989728433944940e-01 7.684175596744702297e+00
7.351539358419352244e-01 7.596635362414246195e+00
8.570406801060685975e-01 7.609531557658330669e+00
7.146321195147518068e-01 7.588401198299000505e+00
8.095793966632878202e-01 7.649754306773719925e+00
6.664201774742489759e-01 7.578484013464589886e+00
4.512795850654846008e-01 7.676750632241198247e+00
7.861180324967148580e-01 7.778920645590353011e+00
5.774513807187352521e-01 7.740036258607874586e+00
6.419262908356613284e-01 7.664951751621178921e+00
6.271290699306808492e-01 8.008020925516978750e+00
5.353555260984845798e-01 7.735912545032165966e+00
5.856101165106684103e-01 7.591172179285091914e+00
5.022229926486823093e-01 7.949443181423816895e+00
7.015716082920844254e-01 8.011821640090136754e+00
8.943710607495658493e-01 7.591696427720014739e+00
8.037372535835853871e-01 8.084017769925972985e+00
5.785329017515881134e-01 7.593531811724106184e+00
9.967355296949547139e-01 7.598902486080122642e+00
5.563629494379089824e-01 7.371376067260202447e+00
9.032460103556344544e-01 7.478449069882238120e+00
7.955082274381093388e-01 7.817879033946891987e+00
6.614236856377492257e-01 7.519866957816723207e+00
7.642749866948732596e-01 7.635485101296743515e+00
9.097475080745969223e-01 7.383521093218927689e+00
6.784834034140981851e-01 7.698466279528102696e+00
7.573610208906522701e-01 7.970799169253489858e+00
5.814727196484479332e-01 7.953594386499768909e+00
7.152222589210824877e-01 7.610197469527168579e+00
1.178073121473230289e+00 7.744124737293056171e+00
6.029108687644435527e-01 7.716646526753302204e+00
1.107869931965250077e+00 7.678590135764314262e+00
7.456756220449640704e-01 7.759638617241591874e+00
4.556054875186027475e-01 7.797727801978131090e+00
8.037409113876661237e-01 7.993177037826433740e+00
6.851385572456057949e-01 7.704253295462279105e+00
6.977163424988798157e-01 7.649691900955684964e+00
7.417037401572539324e-01 7.593925253298216660e+00
9.654973807072944059e-01 7.562593591474477073e+00
1.300720993999797237e+00 7.556696958992198176e+00
1.092683473623732970e+00 7.657672215437938412e+00
1.236915268910556476e+00 8.045610024291427465e+00
7.776191582993077223e-01 7.683461183326050659e+00
6.789562028651834336e-01 7.835784802045560937e+00
7.536247790816775760e-01 7.876591556349154644e+00
1.207832198396960655e+00 7.900627777591645362e+00
8.539873801955573107e-01 7.729211024181533496e+00
6.401768898567485877e-01 7.380392341454058425e+00
4.717781176759521244e-01 7.637750858304496404e+00
5.188631592503729628e-01 7.554641904201433000e+00
6.675518127011439429e-01 7.741781333180165703e+00
6.528222859220343954e-01 7.420108818788016869e+00
4.100762035362028324e-01 7.735324092877393198e+00
6.224245165168322824e-01 7.360269260198209373e+00
9.447759420083938764e-01 7.892863050024264027e+00
5.617693992773941103e-01 7.609092986073601850e+00
6.424251909441226482e-01 7.939401222012999249e+00
1.025692246700050436e+00 7.611781240040639496e+00
7.997670368422336029e-01 7.736505545975211007e+00
4.600384070959488980e-01 7.844647646898743609e+00
5.038032297585848251e-01 7.802446715821367285e+00
7.280378436673680120e-01 7.906849605675492221e+00
7.213093003509345458e-01 7.740585021426736212e+00
6.417965694252527609e-01 7.728435915913663301e+00
8.663471600986401011e-01 7.639007298153412506e+00
7.204821270424215385e-01 7.630926208187383430e+00
6.766886155204949738e-01 7.823823704217566899e+00
8.086733655428650636e-01 7.754146035699152506e+00
7.489917115776177914e-01 7.623493835087197468e+00
5.678446056558268396e-01 7.760968617937084701e+00
1.051024620264792375e+00 7.625612288766655311e+00
1.016599627511860282e+00 7.608232362564688600e+00
8.575885513919643266e-01 7.378189261684510392e+00
8.891000248924963989e-01 7.657733661681628057e+00
8.705064901364854002e-01 7.738687063607140537e+00
5.954439792514839569e-01 7.267440789448217586e+00
6.485705438539650647e-01 7.644301132011914746e+00
7.739360134468901142e-01 7.357253709687020304e+00
6.443062909109384950e-01 7.596672252108926493e+00
7.494788981765525548e-01 8.007956370828628323e+00
8.382988609891707243e-01 7.558837252635703940e+00
5.683615774986879865e-01 7.625308400920832064e+00
6.988949977897375154e-01 7.605821022651737096e+00
6.214453774279929954e-01 7.736033834126264885e+00
7.915628887102393874e-01 7.932579879046100402e+00
6.370893041680767421e-01 7.497956463611902045e+00
6.247937517843653588e-01 7.713918131431751313e+00
6.292170413395202777e-01 7.625989660905601042e+00
6.375473525426829102e-01 7.859903220332141949e+00
7.469886672791540283e-01 7.932338717500612368e+00
9.363520656260566621e-01 7.485815853156845279e+00
5.681574322979513481e-01 7.383951739636789746e+00
1.045692843348776213e+00 7.854740851416323721e+00
6.520902456715912399e-01 7.517983731322390284e+00
6.576639634630103703e-01 7.441748784041505083e+00
6.846067060414249283e-01 7.655721711876467772e+00
8.831075212205314884e-01 7.441815230315887320e+00
8.898912588718209671e-01 7.427162283488368821e+00
6.229567081518894156e-01 7.713867719080979235e+00
8.690374641841515091e-01 7.706952658792945776e+00
7.564073695369242234e-01 7.689236031540684024e+00
5.209029252778898389e-01 7.809026962880847300e+00
5.002785117409772608e-01 7.944201589943001629e+00
8.975899879219403354e-01 7.676123814985942317e+00
6.068156416051918578e-01 7.859539151700039916e+00
4.835839909632700384e-01 7.414798841405036534e+00
7.463110976630045190e-01 7.685315003190557270e+00
5.310798878149037838e-01 7.702264205076725823e+00
7.445271492898097865e-01 7.743238402885798344e+00
7.811246145059091983e-01 7.982200653061380713e+00
9.407482854174444853e-01 7.758592109976055085e+00
6.260953306867769186e-01 7.741193809510602541e+00
7.233169419988232374e-01 7.749005827912943012e+00
6.864431631052883009e-01 7.702457279866171902e+00
8.727422994685051227e-01 7.750423599505104733e+00
1.289186565961634390e+00 7.755342491799967597e+00
7.362252952874879242e-01 7.832898956084050290e+00
9.448304642307301382e-01 8.077924908779303692e+00
6.139207783882532077e-01 7.679397120092377627e+00
5.709134058711216042e-01 8.039310595459710385e+00
1.291440835412419830e+00 7.870372885857120693e+00
1.330532740041862949e+00 8.092891260014823729e+00
5.658225655903734719e-01 7.658963758014813550e+00
7.333704206990120378e-01 7.660192669264542786e+00
5.542655299348879794e-01 7.546223266803248286e+00
1.010460173362635050e+00 7.783979342281999614e+00
9.892742850821113487e-01 7.730272704047440158e+00
6.296974941256623381e-01 7.727129802232557410e+00
6.332394323112626733e-01 7.674040088981361585e+00
6.304424965567310135e-01 7.510724712774212719e+00
7.060460884303796369e-01 7.737140155930625873e+00
5.485658073458481443e-01 7.948885133996493657e+00
5.909303973501980334e-01 7.780740272067331098e+00
8.086003281026954426e-01 7.757797834158167483e+00
7.072322949203501130e-01 7.567084437133637209e+00
7.704392587563513306e-01 7.584938959103584288e+00
4.468491710460605892e-01 7.472283526069596782e+00
3.935469088587006392e-01 7.708843975795399039e+00
1.010070988769401046e+00 7.961234012808061422e+00
4.960358560514136483e-01 7.291451200984105263e+00
6.102787591003873136e-01 7.900953465843407741e+00
6.955556383021600508e-01 7.760789552802033420e+00
8.594391072118625630e-01 7.746137421442088389e+00
6.976573389960084581e-01 8.047112022740734005e+00
7.450004997070271973e-01 7.970490463165223360e+00
6.783646223494388394e-01 7.569159558136593802e+00
6.852442432345147161e-01 7.731823903201361148e+00
6.683469863709456948e-01 7.704723194762877370e+00
6.130735836678637973e-01 7.780580562547247503e+00
5.984611528088823462e-01 7.772988494261717562e+00
8.097489686256910124e-01 7.302874963731835756e+00
7.921208285730780840e-01 7.708630301188314604e+00
7.393866565702509330e-01 7.576361382239731768e+00
5.413003790495533041e-01 8.018894037859608304e+00
7.729010861777907415e-01 7.712891412117969026e+00
6.870218245129658952e-01 7.618427240323575766e+00
8.860475557317014639e-01 7.722006455524219604e+00
8.330579092886382098e-01 7.827427585197489712e+00
6.576041100222221880e-01 7.523346539798121846e+00
1.045559428399564839e+00 7.222384671199224115e+00
7.432677326845121835e-01 7.655928743421348770e+00
7.756806933137283533e-01 7.210282231110410223e+00
5.013499920905455376e-01 7.671692059721343604e+00
7.210462508116308733e-01 7.730424474524380862e+00
5.601944888496546149e-01 7.963452205349140556e+00
6.135016703041208386e-01 7.679097657433659130e+00
7.593073607727769403e-01 7.740016744708222873e+00
8.550797870460091765e-01 7.597893497885961800e+00
7.486171392699708660e-01 7.662086164473785210e+00
9.386558134585413216e-01 7.941251319000599551e+00
6.667601743324138575e-01 7.542658435353930102e+00
6.906194925212565394e-01 7.880563536537404268e+00
6.724017970630866703e-01 7.245905032232982990e+00
6.354988489041436539e-01 7.651375953454514267e+00
7.624378484058640382e-01 7.910370556187879210e+00
4.782732294955018837e-01 7.910595680333289081e+00
5.785224100911356970e-01 7.820435335162052581e+00
5.565914095248301052e-01 7.386220105778877887e+00
8.381352159223600662e-01 7.535924881142360476e+00
5.805663355939283399e-01 7.755933117746900862e+00
8.606827939761174662e-01 7.517348411363985683e+00
5.452951734443912679e-01 7.669828090265348841e+00
7.148392103332461556e-01 7.485530209974594840e+00
5.110782332034514708e-01 7.811590942379646130e+00
7.219064382203638219e-01 7.846357419764252938e+00
1.049147226376786923e+00 7.570484163064007177e+00
7.648396902426444210e-01 7.984544725799486820e+00
1.047750104778416791e+00 7.798464779816136172e+00
9.268278954723702112e-01 7.596827402360963433e+00
5.750835919801832175e-01 7.762055486424945805e+00
5.946523531445023769e-01 7.546522877501169901e+00
5.863447423794611035e-01 7.611837738474312332e+00
1.166735626219375321e+00 7.699491148039245836e+00
5.350663426436902403e-01 7.631391606749877710e+00
6.328742950943869738e-01 7.454447966130648418e+00
6.101909481684044678e-01 7.533004993603831245e+00
6.125223637859135151e-01 7.834560156886640314e+00
5.279197401704397441e-01 7.648675505087276782e+00
9.097475080745969223e-01 7.383521093218927689e+00
4.506486632100744072e-01 7.870898583020820460e+00
9.214455376275789700e-01 7.708439513091539297e+00
8.273610724334701239e-01 7.748313918072970097e+00
6.295021464309120685e-01 7.971722123948818961e+00
1.467955030792398308e+00 7.751082594069722553e+00
5.853678222932947595e-01 7.928529476344536420e+00
5.898416268647158622e-01 7.658008629639396325e+00
9.652142508202103954e-01 7.748777107963435107e+00
1.058002032197985942e+00 7.987868895464857566e+00
6.263810813378163367e-01 7.853856584142857145e+00
6.391974151134149906e-01 7.397691617810397524e+00
6.437775212463738850e-01 7.395905998947482907e+00
6.533844092672440595e-01 7.616167257717698647e+00
8.050334715255980100e-01 7.809448836299748287e+00
8.709768160970963180e-01 7.870305730541995892e+00
6.056426474003668847e-01 7.704727339201360437e+00
6.526293221187836613e-01 7.781376879354961140e+00
1.308977257743546785e+00 7.871727857208341561e+00
5.863641867383435624e-01 7.230545922367688227e+00
6.673234737238254999e-01 7.481835012522192407e+00
6.516720248274070482e-01 7.785103919366817671e+00
6.592368153106599182e-01 7.663081288771046218e+00
8.097032361143520207e-01 7.597790623802631593e+00
7.262543111167371057e-01 7.719148702170505416e+00
7.445729075393245910e-01 7.883883753466796485e+00
5.567445786085103432e-01 7.641862358591849258e+00
7.823402223260804700e-01 7.752864059971942723e+00
6.477107238289934177e-01 7.520054718884562561e+00
8.241236526481354741e-01 7.561946403823899487e+00
8.966671130388730315e-01 7.516842228378066260e+00
7.226223229549760818e-01 7.904655593654876355e+00
6.431047113700890661e-01 7.840349204915874282e+00
8.229245742725199708e-01 7.871097582542721405e+00
5.942797270545907562e-01 7.939362748763779898e+00
5.885020332349691907e-01 7.915118618083768709e+00
7.699852603656021088e-01 7.983479824860084229e+00
9.817625742799570565e-01 7.753275522865370917e+00
7.664449737216890712e-01 7.703502953719826074e+00
6.161103049726952552e-01 7.716420882406190174e+00
6.516867749777596197e-01 7.971987890330677118e+00
4.968310934543125335e-01 8.115044705806480962e+00
8.633337775213719700e-01 7.816695231331942217e+00
6.121459458137641363e-01 7.580027967343964335e+00
6.489306940894745690e-01 7.443269885601968561e+00
5.521092883554120645e-01 7.869585215506970322e+00
9.647186905343931862e-01 7.976355743359629713e+00
6.743591787035021490e-01 7.656136236250690175e+00
7.394433422896881103e-01 7.613201415531218430e+00
9.074203649558101326e-01 7.736060493145762607e+00
4.660659332701948543e-01 7.624532761595829378e+00
5.543895312709110623e-01 7.602783048262595322e+00
7.577194828789352021e-01 7.411372839428829629e+00
6.641604729492132098e-01 7.581881078889857406e+00
4.750791713891798218e-01 7.716332839876161032e+00
7.462308963316103272e-01 7.655929356583089707e+00
6.029094343352578989e-01 7.614062980722928309e+00
7.841250540960492676e-01 7.690496713955510266e+00
5.379442486561302195e-01 7.815481358138984369e+00
7.596378701868841121e-01 7.609300790330951081e+00
5.170259211005722166e-01 7.627567610762773676e+00
6.631913127403108454e-01 7.603531609576986483e+00
6.870646982110329981e-01 7.784973641009358403e+00
7.402505432274941732e-01 7.919104585445072786e+00
4.522659083501314736e-01 7.734702684780626392e+00
7.434448157038999749e-01 7.777437804702320712e+00
5.461338587474086070e-01 7.626768747578264396e+00
5.610307010106344583e-01 7.784431218962748922e+00
8.861540201545006212e-01 7.822399973856425603e+00
5.418372160029726325e-01 7.903815338117389011e+00
7.288068779085852267e-01 7.856227479841514594e+00
7.134897265647778264e-01 7.592270617730595639e+00
6.249652704828501104e-01 7.759309272951077752e+00
7.352059511361740407e-01 7.504569334039923767e+00
8.054882407249273069e-01 7.675028556426614301e+00
8.018390143516871404e-01 7.478826265640297066e+00
5.948987313589633175e-01 7.463743342025111360e+00
9.161950471635614823e-01 7.836173605780059503e+00
6.458001482379245317e-01 7.595337878930839004e+00
8.977167054639836330e-01 7.737787009585463061e+00
7.218095907818246060e-01 7.955825366738362270e+00
7.534067058978927145e-01 7.833847893905025117e+00
1.065094243943815799e+00 7.711517258422445842e+00
6.067970647926387295e-01 7.562361699070685006e+00
6.993259685237613876e-01 7.792475189070331432e+00
7.791698361165318998e-01 7.804239572625742305e+00
1.046591947181619631e+00 7.762378322855421509e+00
8.922839350812596937e-01 7.791271600795592001e+00
6.424639193605761189e-01 7.940944151475577861e+00
8.684203753152244243e-01 7.782998734691906506e+00
1.239732438981365314e+00 7.681062410821496655e+00
5.597667733514284372e-01 7.678987842703173250e+00
6.062835767307227508e-01 7.837262790768338760e+00
7.933141787337367745e-01 7.610358380003550138e+00
7.733332866898188218e-01 7.832704199221202757e+00
6.825866776123364899e-01 7.483151657557312930e+00
4.603499711310539144e-01 7.649453034148790742e+00
7.837151228749504872e-01 7.551569543099994064e+00
7.104006729324410241e-01 7.839022461588347923e+00
5.210269169956864843e-01 7.798307348451276155e+00
6.948683679580076600e-01 7.378994290642276965e+00
6.175699691056752982e-01 7.764804337024730607e+00
8.327585197784290738e-01 7.875543718445715768e+00
5.862579614733153255e-01 7.631904516174371267e+00
5.976428216770719448e-01 7.927076672556883530e+00
6.230384252257691324e-01 7.640600127496105287e+00
8.206752950236004818e-01 7.672948634989204209e+00
9.436350466060384745e-01 7.811369346317222018e+00
8.903999440037501101e-01 7.801962149585752293e+00
1.129629498085107597e+00 7.804940705419293856e+00
7.220018152526773703e-01 7.619215861544414992e+00
5.733484124853504005e-01 7.303866596145207168e+00
7.312978746176153066e-01 7.604976797075341466e+00
9.197259225908646085e-01 7.439742126032743208e+00
6.985782227360550767e-01 7.715422060183681374e+00
9.611649911332307283e-01 7.926272080015066557e+00
7.964258119554188387e-01 7.811438483525238397e+00
6.335838576760928209e-01 7.789704232692250763e+00
7.714656561093489184e-01 7.714689868816279272e+00
8.594538090377236150e-01 7.511322392610720655e+00
4.963155403566459900e-01 7.858224698646357531e+00
7.177399312401400167e-01 8.069959472050070914e+00
6.978495469468296575e-01 7.954184550294275624e+00
7.677069936273309692e-01 7.660689166421442486e+00
6.046144288024177804e-01 7.785255108376964550e+00
