# Hierarchical MCMC downsampled to get 500 samples: alpha, mu
5.812744777043508115e-01 5.249299396379013771e+00
1.129468098016205957e+00 5.452744255302255816e+00
1.327675262860660510e+00 5.524661255164358131e+00
1.322323302762239861e+00 5.714068249865509763e+00
8.408853449977113925e-01 5.575908905287311867e+00
2.565187431324140732e+00 5.835173766603388046e+00
1.886313252292700415e+00 4.346874050011142465e+00
1.285505200884444976e+00 5.531992812969382278e+00
9.004308128269689071e-01 5.285599465196055391e+00
1.119565265760084749e+00 5.666703046097107510e+00
5.940705555573554397e-01 4.847978571640111589e+00
6.934595419372281411e-01 5.303483679594319433e+00
8.445406458870220456e-01 5.205963797683159200e+00
7.646334908651950535e-01 5.419149458723707902e+00
1.239449651218008652e+00 4.854084368186579290e+00
1.148135252124071970e+00 5.653358188308736487e+00
1.445366884665260976e+00 5.691886405167239538e+00
1.088994432042240224e+00 5.269498707169170792e+00
8.609571327478402480e-01 5.066198770126121076e+00
1.345568844317440060e+00 5.789636358659449478e+00
1.492068278908563084e+00 5.581594175174624972e+00
5.691433403736569918e-01 4.893670437580611932e+00
5.156576067193670010e-01 5.010910043387362123e+00
3.708370076858892861e-01 4.845059655660631570e+00
1.659316635184303834e+00 5.527813219272823986e+00
1.166815641687354521e+00 5.803406611325964803e+00
2.377918351808619324e+00 5.880345700048364321e+00
1.606017152774600332e+00 5.706522340268096016e+00
7.297275049458232798e-01 5.126324856662460405e+00
1.162244305162030145e+00 5.387244301731970886e+00
7.346952074442749669e-01 5.186150377780657905e+00
5.468959666390980079e-01 5.033696111993607225e+00
1.485404878283368646e+00 5.349704698613922282e+00
1.070168994617791247e+00 5.360850745227191183e+00
1.710122126319010505e+00 5.518201072172124633e+00
1.254848248802020727e+00 5.465149545973868150e+00
1.035109763001091698e+00 5.000154941516414375e+00
7.857362411716188877e-01 5.435011569893290151e+00
9.609866475189781099e-01 5.758610671744432530e+00
1.737148568746673005e+00 6.088736990606451016e+00
6.402411524038829072e-01 5.174481832430904760e+00
1.207164160609939252e+00 5.599385981236471466e+00
1.863998286080095657e+00 5.969852538776212469e+00
9.688581861982368260e-01 5.599443794715306844e+00
2.084202301737120067e+00 5.461744679585041062e+00
1.327482428138698101e+00 5.615693533586675557e+00
8.825569515011556510e-01 4.505780722005107819e+00
1.124279250085020276e+00 5.069878657590956905e+00
7.635494758090659584e-01 5.247394908286699966e+00
1.923310120269343226e+00 5.744173722891714462e+00
9.501342223006180587e-01 5.333701206558902008e+00
7.261617745433206483e-01 5.351394762443179687e+00
1.056169857441448645e+00 5.716090904648076787e+00
1.100508657145274682e+00 5.459312336476703997e+00
1.457780074113986357e+00 5.917094348372955004e+00
1.061297710435878727e+00 5.420313705732665355e+00
8.712457668419072432e-01 5.332861367866487790e+00
9.606081901693457326e-01 4.947318360999577891e+00
6.301654609516132988e-01 5.115295718454563101e+00
1.455688869683728681e+00 5.635587446307002146e+00
1.457529070450227504e+00 5.707503290907110838e+00
5.964719654224656109e-01 5.246325344636226795e+00
1.449053132730067528e+00 5.847096685633636604e+00
1.067872372617277632e+00 5.551951693168553525e+00
1.437138148492300926e+00 5.643554686999757486e+00
1.403258428361286558e+00 5.243447209533329101e+00
1.155336240347335508e+00 5.556084945853292822e+00
9.130000284251752474e-01 5.075644628962126426e+00
4.433737138392870314e-01 4.214706191503641897e+00
1.728382417701389784e+00 5.503495957894967816e+00
7.289907030584972247e-01 5.633176636335008425e+00
1.527095433629893195e+00 5.714031708965751299e+00
1.196953601325983829e+00 5.429665756902502416e+00
2.005767785908682654e+00 5.827798928817744972e+00
2.287158839361171925e+00 5.859060193663096605e+00
1.053932973529605022e+00 5.511123547977026860e+00
1.050047305156642352e+00 5.190521892836041040e+00
1.584340175251320870e+00 5.454608807095882916e+00
6.776772899850347365e-01 5.035493258774312864e+00
1.448111292784823645e+00 5.571501442727867293e+00
1.665633875630623706e+00 5.716635288274262372e+00
1.855488674577492114e+00 4.939731307542206906e+00
1.342616076670641423e+00 5.728257149246012148e+00
1.011577495551244654e+00 5.661209853812398940e+00
9.444579335215965710e-01 5.278785363319796531e+00
1.640612367857712472e+00 5.688061265603238326e+00
1.240161120259213545e+00 5.525283504840488469e+00
1.197899278043283777e+00 5.563961231478455893e+00
1.402564707854081938e+00 5.368903167320882019e+00
8.248871095250087659e-01 5.308953196328176638e+00
4.821678051586100189e-01 4.644557667866221706e+00
9.521556473471330939e-01 5.081825830633468044e+00
1.001994987179338770e+00 5.270072593471933686e+00
1.218587268107110155e+00 5.607286129283356679e+00
1.340659209281418462e+00 5.741155549719998419e+00
1.261815620056777609e+00 4.982540004828559965e+00
6.666787152843094422e-01 5.545691413769360700e+00
5.941300577410051353e-01 4.825762437635176205e+00
1.901782720323004661e+00 5.717972562582354534e+00
1.163047619111053033e+00 5.487095209500405524e+00
2.160262583468950393e+00 5.773582022673030778e+00
1.255196669171558810e+00 5.353034371101609956e+00
7.630772938170906627e-01 5.315554408878651493e+00
9.310806046475434972e-01 5.311221508256195101e+00
8.110147699225143114e-01 3.776766292305940187e+00
6.635827370051851082e-01 5.018427448251689960e+00
1.453178831090220058e+00 5.406260488697329336e+00
1.070246946779731978e+00 5.945812394731804673e+00
9.375047001913244804e-01 5.632088441230864717e+00
2.055505626158993238e+00 5.530851902876263715e+00
1.036013348114659394e+00 5.535372006116840993e+00
8.233841336268209465e-01 5.304343423896176191e+00
1.380495875508421344e+00 5.763521223377177094e+00
1.339103809061158223e+00 5.452958091486292957e+00
4.633912204667194334e-01 3.917250469924567824e+00
1.138193176919454430e+00 5.710629830087128767e+00
3.148317198965336905e-01 4.041207121399732038e+00
8.872230225774089263e-01 4.702038688784632825e+00
1.449576060879576689e+00 5.641313220064300360e+00
1.404372571738377040e+00 5.374330110936878846e+00
1.096533192184042882e+00 5.030515334177379394e+00
1.289118531801781264e+00 5.890234621257839365e+00
8.220493298634096169e-01 5.330548768523706293e+00
1.071279256638468791e+00 5.446627327759678394e+00
1.925354371016396282e+00 5.530846375122387748e+00
3.631360053914169383e-01 5.156594308463811949e+00
1.278639236957999081e+00 5.575013839947248862e+00
8.140625196096802352e-01 4.968196205675231347e+00
2.244337791450496500e+00 5.656596667969466807e+00
2.320533823199174783e+00 5.779167836100665312e+00
8.727316887165942338e-01 5.285189065147160470e+00
1.267399262881970801e+00 5.807853730639146228e+00
1.453202470057245899e+00 4.999357858669141841e+00
2.042225632972660243e+00 4.351472456723914028e+00
8.423930513812568632e-01 5.269017995535007159e+00
5.760707669659503871e-01 4.662156982037747532e+00
1.446095732291035496e+00 5.819316920939908044e+00
1.495977435798501398e+00 5.553303395157395350e+00
5.831092499671628460e-01 5.263628590563167897e+00
1.240259682771951866e+00 5.771159249796235180e+00
8.120582314887873077e-01 5.810643431028474026e+00
4.592107167003708912e-01 4.778672805849499383e+00
1.374222817537289698e+00 5.471004663520568911e+00
2.082010836262213616e+00 5.657621955614380305e+00
8.061616160290239197e-01 5.245422227342221078e+00
9.206155940366638202e-01 5.679412917814742556e+00
1.314543973174999492e+00 5.407074221655908453e+00
8.551235068183380417e-01 4.901167618684050709e+00
7.866049665331497076e-01 4.587551382102052600e+00
8.807034220852576478e-01 5.257241617757463459e+00
1.279557412052710230e+00 5.082657004139200296e+00
1.320174374942467033e+00 5.743250395020067955e+00
9.500403999152218226e-01 5.490434700283021385e+00
9.228336109255139696e-01 5.738618916935401160e+00
7.485798292740674098e-01 5.326520948426827218e+00
5.876396066740713353e-01 4.557710932566770623e+00
1.116180286287901779e+00 5.736490338048801263e+00
1.315435779620987899e+00 5.608731901236277295e+00
1.266011501722113852e+00 5.443744993344497907e+00
1.205412328513650211e+00 5.574766668277579384e+00
1.664097741154177523e+00 5.558300232566625532e+00
1.516201534680726715e+00 5.720403077530066049e+00
1.966028899350181325e+00 5.837984678000524674e+00
1.442242201633243237e+00 5.811631140735701528e+00
9.333084701895982827e-01 5.649262343632655003e+00
1.948625469480125272e+00 5.794901173528011817e+00
8.179998834480646241e-01 4.891431533679098109e+00
9.968041573445002301e-01 5.385067156775421360e+00
1.197763351549425037e+00 5.578607043613159178e+00
6.747119170118690556e-01 4.929607254849423192e+00
1.251919643937760895e+00 5.418205210382611270e+00
1.324377253060180282e+00 5.215661140799539908e+00
9.334831295001265739e-01 4.953766529823838027e+00
1.264092195160571919e+00 5.762507990606120067e+00
9.948180372321654419e-01 5.449662546062740809e+00
9.288185246475219037e-01 5.531612799693736982e+00
1.690683186113597358e+00 5.502874489995861040e+00
1.751709124603286094e+00 5.700208605796500017e+00
1.071323392134017505e+00 5.121295404903399628e+00
7.562272952298406681e-01 5.493546163898932022e+00
8.070561921645107439e-01 4.981350174359242544e+00
9.575883439667307595e-01 5.062454705042561010e+00
7.061804708797532193e-01 5.264648621424582231e+00
1.544830185921071353e+00 5.355422833540097294e+00
1.779247522907856816e+00 5.748684378588779786e+00
1.590361390293457466e+00 5.752410805048995712e+00
1.888271669905863037e+00 5.376406452357135990e+00
7.372349991194186991e-01 4.862567271932099366e+00
1.209123744933426892e+00 5.243770178708582641e+00
2.106881797468993511e+00 5.788256299189570520e+00
1.297364485365704034e+00 5.040046066950331749e+00
7.536696610526916196e-01 5.389496383996405626e+00
1.940575369326255517e+00 5.327334481342393957e+00
2.024348359203612002e+00 5.848868664352260716e+00
1.170903484498042157e+00 5.676949193295626195e+00
1.342885412420184998e+00 5.135127980232949696e+00
1.501255628574202694e+00 5.265011428597042631e+00
1.031727832021512858e+00 5.223550889475760961e+00
1.783447744875754415e+00 5.288133608968071719e+00
1.667784114623540814e+00 5.702857118180884477e+00
1.400845491952782629e+00 5.836950364429336346e+00
1.205412328513650211e+00 5.574766668277579384e+00
5.537922919946325351e-01 4.670593831181772515e+00
8.351764944684804126e-01 5.413186029976431612e+00
2.147839138835191619e+00 5.748436768933597563e+00
5.714860615839055802e-01 5.145580297230860189e+00
1.761816226128802398e+00 5.634060442538960878e+00
1.008424941747323889e+00 5.462254761276518877e+00
8.484438944825897222e-01 5.592278259923734396e+00
2.232796541672057877e+00 5.792975673758241406e+00
1.094837253649691755e+00 5.584192116793160743e+00
1.209688745014651401e+00 5.901809000852249021e+00
7.088797671424827973e-01 5.307663049997422000e+00
2.195316537165764803e+00 6.010012678866223368e+00
1.210899954355813879e+00 5.167583116197067561e+00
1.405995672783788342e+00 5.491623924945166380e+00
8.136487029321763931e-01 5.240674122151041558e+00
1.099035029988671974e+00 5.364486565960381981e+00
1.671735916809196087e+00 5.484740080153700070e+00
9.311584436149983324e-01 5.535915424607827262e+00
1.666043292499656880e+00 5.830045937909357434e+00
1.773901357986902516e+00 5.569126886635305418e+00
5.911503109433992043e-01 5.210370094444246369e+00
2.359047963242741019e+00 5.202369096784258851e+00
8.953923749400778398e-01 5.708617357426192918e+00
7.566108756763706422e-01 4.699605741914522739e+00
9.194258274637608919e-01 5.087009099319459438e+00
2.375540355440907803e+00 5.723310004172338594e+00
9.684072573920575744e-01 4.631527562062968784e+00
1.848943429058815813e+00 5.579890634761034640e+00
1.903764260670397723e+00 5.630053344908258595e+00
2.016757665293809954e+00 5.646627286468647533e+00
1.367970180975082606e+00 5.687904901222562870e+00
7.398577565160581182e-01 5.452070057732275821e+00
1.723550753808076985e+00 5.800638595632515049e+00
6.325978556307032541e-01 5.210860206177462040e+00
8.294932989676400137e-01 5.097017660954908713e+00
1.080383971382942621e+00 5.765337342681273292e+00
1.412394545896626052e+00 5.677718300001338925e+00
9.676535871800576727e-01 5.287068344897778438e+00
9.160937619509728069e-01 4.544641001341601871e+00
1.010269159246717230e+00 5.517144052957634770e+00
1.385699028392597398e+00 5.473520470924367665e+00
1.399313924710786416e+00 5.616458119011420891e+00
9.364651631825753331e-01 5.328601867457569696e+00
1.362991091735942462e+00 6.169921639248275191e+00
1.627419160455600533e+00 5.543454469941326401e+00
1.093248266412973235e+00 5.535639104126342858e+00
1.550550985612582311e+00 5.651698667322279768e+00
1.267884232700130731e+00 5.612220635413151193e+00
6.118793327746646638e-01 5.206494012193763510e+00
9.014987385919752683e-01 5.576276563175615486e+00
1.277099580602389928e+00 5.284478649544966267e+00
2.586269130998164023e+00 5.898977440395149152e+00
1.140645090974336417e+00 5.496252063651268394e+00
6.503420359398651707e-01 4.815963569836222646e+00
9.325202493725556208e-01 5.202867260752127798e+00
1.021742013183791986e+00 5.145553524882076069e+00
8.877828276868724444e-01 5.496859935016808585e+00
1.041638175502469288e+00 5.524025781216425734e+00
1.606251519160971419e+00 5.489668011678091375e+00
9.565136039328967499e-01 5.453921874517475565e+00
8.833172101171877788e-01 5.572790544182886663e+00
1.378668193084983340e+00 4.800614945541672007e+00
1.336498337941245174e+00 5.883999228292413619e+00
1.528498000305846372e+00 5.782151800769049110e+00
1.601527240111911610e+00 5.015666572897131026e+00
1.575980641107635583e+00 5.760618516209374818e+00
7.821765777246508788e-01 5.269354877324127884e+00
9.027356379655524510e-01 5.238941889411816710e+00
1.377034696550835768e+00 5.503555413415979203e+00
9.462704122832295006e-01 5.548863619281786619e+00
2.510440068730775298e+00 5.785313430873876506e+00
8.657434490348252520e-01 4.766748849492603135e+00
1.122339744605892253e+00 5.351192489601607427e+00
7.168888226994567514e-01 4.766207266861202996e+00
1.019844852056476237e+00 5.487744093712475291e+00
7.505872400443974746e-01 5.189875077028776929e+00
1.321644004233814895e+00 5.292213874825175246e+00
7.265305551889473801e-01 5.376907334852844222e+00
1.314774717319849184e+00 5.004085737271207535e+00
1.350413195208052031e+00 5.218078274707819375e+00
4.458279498825892806e-01 4.958049610721992906e+00
1.031066099078687959e+00 5.283767436189335420e+00
7.899491034511502141e-01 5.497551747000166245e+00
1.197518707011593353e+00 5.153737140521839066e+00
2.533657985031798177e+00 5.683090966476373573e+00
6.617537836006707197e-01 4.782870792531235260e+00
5.093033912454113521e-01 5.337125526740554626e+00
1.733359293649898047e+00 5.463293970954174128e+00
1.135594859398379564e+00 5.702749839197465143e+00
1.120448625838186718e+00 5.487404175268029149e+00
5.492041734695747301e-01 4.762698667470402825e+00
1.817942746557987821e+00 5.989929479705066839e+00
1.207069131992290822e+00 5.443217588759242886e+00
8.617737960067198832e-01 5.336945639885870563e+00
1.666668566277569097e+00 5.503144432142577536e+00
1.429035261624143516e+00 5.862827611040459352e+00
5.312278747808761858e-01 5.247795293565120645e+00
1.191118193536676584e+00 5.649542276313046507e+00
8.024920391592822444e-01 4.721644823058463558e+00
7.084167273149091226e-01 5.005149674701346640e+00
1.262516070214771080e+00 5.131643642479694734e+00
1.068500185148425485e+00 5.285669596481609389e+00
2.005073578400490497e+00 5.946006757389911357e+00
1.209044526159553268e+00 5.080417003698577183e+00
1.395021365761577981e+00 5.009739675383635849e+00
1.224622764594639035e+00 5.527161830073874071e+00
2.523663041850811251e+00 5.474246958322543932e+00
1.749317976930823804e+00 5.666796258233252281e+00
7.884744461884500843e-01 5.300084366010309189e+00
6.336984475248262916e-01 5.460233893348830136e+00
1.462827492806260787e+00 5.627504798136209629e+00
5.026079548820199250e-01 4.563380703996263499e+00
8.903823032854811803e-01 4.970828170870653651e+00
1.137240445864339033e+00 5.767884796023266425e+00
8.197075483744258317e-01 5.620682296753818363e+00
1.413514438332498013e+00 5.687418041744246366e+00
1.469457399135411624e+00 5.702209681891558191e+00
6.554121191235029453e-01 4.037118765372737172e+00
1.066145739446950902e+00 5.480554573181835920e+00
4.081412556486525567e-01 4.602391741733341313e+00
2.276068799804717102e+00 5.635350287856810247e+00
7.460863199801338608e-01 5.076417108560673519e+00
1.607121695459862165e+00 5.311960076061985170e+00
1.527887495274884877e+00 5.450579448812103323e+00
1.346235908209776566e+00 5.716901383301013162e+00
5.357962438755123902e-01 4.869875913378666432e+00
8.416649805976623711e-01 5.514068397627680085e+00
1.107564350744131954e+00 5.936488905650475267e+00
6.288057194286806872e-01 5.170897860836878301e+00
1.002792209023702918e+00 5.654174239052095707e+00
7.532963431173116398e-01 5.521883921072224588e+00
8.261983282470274359e-01 5.658200524469980230e+00
1.214303578342365686e+00 5.335971939789061480e+00
1.941663282148481384e+00 5.800301390652434108e+00
1.098787200941179876e+00 5.259932431496051386e+00
1.213965451329305889e+00 5.374152981299788578e+00
1.423942311746146050e+00 5.494330480976179487e+00
9.821918425290301347e-01 5.397966459955572560e+00
1.802497518620221451e+00 5.504806792395549486e+00
9.885818661598372303e-01 5.655540594170379798e+00
5.533142447814706211e-01 4.931589141675724264e+00
1.148807690129648229e+00 5.579999877083349880e+00
1.063907478285997632e+00 4.797493935932299003e+00
1.045457385540762507e+00 5.290134094627282124e+00
1.106595340227889857e+00 4.813254173865180618e+00
9.373337140009163626e-01 5.361670592845268146e+00
1.810672374066912615e+00 4.446093727984842481e+00
1.346919713683090825e+00 5.497503893114441098e+00
2.316866684668649423e+00 5.828867239681407852e+00
1.340845652456239989e+00 5.013503776840447124e+00
1.132058540835553240e+00 5.154747624893271762e+00
1.033620366848180705e+00 5.439347937298337321e+00
1.251017938021126152e+00 4.954678420249656767e+00
1.906041406330155619e+00 5.491229994506190870e+00
6.017117248665312390e-01 5.331041854826565896e+00
1.546169587638065668e+00 5.474205979981279668e+00
1.424466349628552342e+00 5.297227085491558185e+00
1.028345609545986417e+00 5.192290735921664790e+00
1.697077968624281841e+00 5.910775306110629401e+00
7.141624036718853263e-01 4.621012950529753027e+00
1.163881371072514659e+00 5.618313675084383618e+00
1.135792982375716242e+00 5.493397087238915510e+00
1.278910412620949621e+00 5.713534108505414544e+00
1.411572607882859209e+00 5.522772669398562151e+00
7.545322323632690509e-01 4.880781394762720993e+00
1.526406565073382904e+00 5.489212776145613759e+00
1.394485228011837386e+00 5.319168861382681079e+00
1.653210036505394553e+00 5.852273620992481717e+00
6.298564123300083306e-01 4.645809472220054026e+00
1.100282114402092226e+00 5.516578013576424411e+00
9.793870148075440873e-01 5.051130967242124292e+00
8.162899979434248277e-01 5.067378780201481803e+00
1.084631315497575965e+00 5.171160677599397459e+00
1.728346220223591523e+00 5.837719160552604869e+00
1.564776601647642318e+00 5.358064148820977479e+00
6.080450859824110266e-01 4.970040189072219228e+00
7.496648426434953105e-01 5.224354991530339554e+00
2.089989142050834303e+00 5.380090279783628304e+00
1.334664307411812523e+00 5.493048899944327879e+00
6.635576210273059772e-01 5.420804691997783920e+00
9.174659227791763794e-01 4.792869698955876778e+00
2.105751762609336719e+00 5.892912534738678154e+00
7.539639381167012600e-01 4.994295410940432944e+00
6.403177040963256017e-01 5.188280031875097009e+00
1.213345132913639324e+00 5.883725150563421380e+00
8.834006277970706256e-01 5.548214351080902773e+00
1.449360630229500346e+00 5.853235744937154372e+00
2.118361960652225040e+00 5.559700427428075464e+00
2.245729760204410841e+00 5.834505824738575264e+00
1.223628301569721133e+00 5.543684139946055467e+00
1.051615491760268695e+00 5.310971230488794603e+00
1.353962971170006968e+00 5.686961047826743609e+00
1.288556758521958168e+00 5.420772849720444597e+00
1.043616994989220226e+00 5.126460561539386340e+00
6.046505082595842184e-01 5.095941985890735104e+00
9.655738254751203842e-01 5.318357438536338577e+00
9.910727912695036501e-01 5.494353316467711856e+00
1.110042194792739245e+00 5.341515848345006034e+00
1.475228195388801788e+00 5.583567419958228584e+00
1.066131230504090865e+00 5.274750081482737940e+00
8.350073163654835318e-01 5.567726572345390146e+00
1.882016984449359054e+00 5.622502612036321068e+00
1.149191441106865774e+00 4.507622273950033787e+00
8.486077013777189038e-01 5.784816815078332120e+00
1.708536799738991308e+00 5.568083508919529301e+00
2.524269183985395237e+00 5.900033361688631572e+00
1.577175183797824509e+00 5.900513336027094269e+00
1.112598793153725119e+00 4.980505945403674417e+00
1.298646012098328528e+00 5.355714773574957732e+00
5.631297599339639692e-01 4.899197458555395457e+00
1.377207561011549064e+00 5.536898708209633924e+00
1.145596267680735636e+00 4.845144373813696781e+00
6.051978399124264829e-01 5.315416225442567644e+00
9.308081642509943299e-01 5.290742955835481709e+00
6.865538405835074354e-01 5.024704803989228807e+00
1.419002937908730111e+00 5.358319639102997023e+00
5.332473457178187326e-01 4.557771533819996002e+00
6.446973708330475672e-01 5.090063166079661805e+00
1.618872582708747787e+00 5.633485347137788146e+00
1.471846566801250145e+00 5.699914124363465007e+00
1.660870045042332377e+00 5.590478763307349830e+00
1.226986861307819421e+00 5.514247638158500386e+00
1.578693009386570756e+00 5.499002084217213593e+00
1.144065102318557292e+00 4.901795569808988340e+00
9.442668866954655460e-01 5.356826377074048295e+00
1.079182340716130284e+00 5.269910025049795443e+00
1.130284535276062208e+00 5.285354104322980362e+00
9.017180418306106615e-01 5.655990669721167485e+00
1.480898439958248769e+00 5.451012106192278495e+00
7.127912933181064226e-01 5.300330853475663240e+00
1.067900842113306270e+00 6.446112703330479476e+00
1.280800965907754829e+00 4.769122873302982235e+00
8.650433293899172371e-01 5.023849097886240678e+00
5.929445547816218909e-01 4.874356186785221645e+00
1.683258216445843169e+00 5.597690416846613282e+00
5.233766428436624762e-01 4.811527987645140669e+00
9.565383866575807303e-01 5.365092206557981136e+00
1.839632840569676686e+00 5.619419715348256794e+00
7.126165696428310437e-01 5.014726847296945955e+00
6.080078772703914058e-01 5.510878867723913110e+00
1.755244095216593747e+00 5.075109453023295636e+00
1.650769055752819403e+00 5.746824344306067367e+00
2.435682651768249052e+00 5.628421644221637266e+00
1.149931635465859525e+00 5.102929478488317017e+00
6.370178335193911190e-01 5.071867543294048986e+00
7.448474004334793008e-01 5.307467312287448280e+00
2.618806933975776463e+00 5.721089670598869859e+00
1.197104745459629083e+00 5.667619952233643232e+00
1.957279396703968777e+00 5.457788053792845595e+00
1.357589394028293484e+00 5.380042026370663422e+00
1.676888997654453428e+00 3.817404527010473281e+00
5.459266283258450425e-01 4.226371672564583903e+00
1.591594449371813269e+00 5.779013567344893687e+00
1.138382342264396829e+00 5.700848228258642791e+00
1.193981331453642269e+00 5.308614440817054358e+00
6.039934987316546433e-01 4.904864924427959849e+00
1.843944411247921744e+00 5.500276163340908298e+00
6.932144968380331562e-01 5.216190811711507003e+00
1.001166589840071452e+00 5.572248102590445562e+00
1.327656797494248808e+00 5.077892755543492953e+00
9.437565179195213094e-01 5.564342412333270538e+00
1.682772368375054839e+00 5.631370670326980132e+00
1.281067776046707518e+00 5.575981617855330086e+00
8.338358424882353903e-01 5.102946412708610602e+00
1.702712647057585515e+00 5.657458240381920689e+00
1.680242613567737964e+00 5.770288077899214052e+00
1.888551708137669705e+00 5.744519397868590893e+00
4.356082297991066277e-01 5.355813319069707035e+00
1.147207583095147365e+00 5.364780026170766547e+00
1.398528390114602615e+00 5.782632040832535125e+00
6.687572366421532521e-01 5.280549237126544782e+00
1.042376439249818265e+00 5.140055676708607635e+00
1.184061877117566830e+00 5.281411794227100387e+00
8.908715504592018553e-01 5.096845488820414438e+00
1.009985784101260720e+00 5.679622652497609003e+00
8.342438119164229393e-01 5.766319938191909245e+00
1.044992721135506564e+00 5.051708691966325659e+00
7.201872744134889537e-01 5.327386852507999926e+00
1.001355033087945490e+00 5.358638917815199854e+00
1.648895315928779359e+00 4.967096973015440398e+00
1.507662755885416983e+00 5.778215098724813537e+00
4.400688237265597547e-01 4.284554663122167817e+00
9.126337702611596603e-01 5.543603348897009120e+00
1.002224387738043010e+00 5.566748520706745751e+00
1.524109894927242026e+00 5.943178364463299168e+00
1.167281711171870295e+00 5.802987889059957105e+00
1.168707502802462717e+00 5.383029633730414432e+00
1.072091961069336907e+00 5.596373982443455297e+00
1.447379798218299651e+00 5.504592130478417999e+00
8.430277976905485859e-01 5.227968333132781531e+00
2.137373448810520049e+00 5.563336633845349155e+00
7.044468893663178299e-01 4.946985528388122333e+00
1.297065375923732944e+00 5.432528101460551540e+00
1.033394797189717496e+00 5.307816641939306024e+00
2.535891030540455837e+00 5.757634334730322045e+00
1.081688471358712489e+00 5.239589378564268429e+00
2.183004188625290887e+00 5.859022760963563670e+00
1.175923466036376208e+00 5.714148639738729329e+00
