# 500 (alpha,mu) samples from hierarchical MCMC for Terfenadine + Nav1.5-peak
1.431736865376574297e+00 5.579287257743102302e+00
1.105751764307792762e+00 5.573394054961776867e+00
1.832722455092149927e+00 5.774503336761993566e+00
2.351176169607954058e+00 5.805957695931817319e+00
1.952904029357626747e+00 5.787698315231044610e+00
1.957224121024343733e+00 5.563881403741017806e+00
2.288210495037671599e+00 5.689195841706465195e+00
1.591106838734376971e+00 5.729851909317309477e+00
1.347411431475154631e+00 5.589351078756120472e+00
1.478112111310235122e+00 5.595648185016762532e+00
1.760186891510520546e+00 5.671403443875401074e+00
1.493640136482053293e+00 5.272470868624011153e+00
1.206113900518442916e+00 5.562617621954370151e+00
9.501743104826394504e-01 5.199792627148551283e+00
1.490610109869546340e+00 5.484896076461631687e+00
1.184783526516055119e+00 5.465220026466009351e+00
1.965844563766121489e+00 5.615515249892537142e+00
2.381182612076288230e+00 5.743571606046099731e+00
1.474795492054151058e+00 5.434422098931832146e+00
2.134787167408804365e+00 5.493252565583471636e+00
2.001394666880976558e+00 5.577057850698623476e+00
1.396975732219194466e+00 5.610737792832476423e+00
1.110208665025444796e+00 5.296493286853117155e+00
1.294747552796505330e+00 5.226745444971918175e+00
1.289847541444330892e+00 5.423153647119869802e+00
1.026528721457532267e+00 5.160144734571488812e+00
1.724823523960818950e+00 5.445801516397188458e+00
1.958325833865274257e+00 5.598588827697541070e+00
1.933088566909051842e+00 5.705305161319398799e+00
1.733565852870302182e+00 5.632917191551227276e+00
9.186339175317578265e-01 5.018861005946096299e+00
1.026002792406542685e+00 5.720214036342641251e+00
1.303151646435615874e+00 5.577433315416978843e+00
2.254857877828065682e+00 5.681335902460683762e+00
2.047859906642963690e+00 5.709263003228159938e+00
1.321740153940382356e+00 5.502356342900037944e+00
2.034163525973814224e+00 5.623572912467405871e+00
1.319934111503032526e+00 5.512130340207128221e+00
1.815580784938923165e+00 5.679684381770040424e+00
9.376756297472692570e-01 5.392499145208196509e+00
1.492181277735819656e+00 5.770724912822067232e+00
1.385101405608915925e+00 5.377096909866274643e+00
2.575381206440207738e+00 5.745535093278027361e+00
1.240143013681278772e+00 5.338448655921392394e+00
1.697093901434960861e+00 5.581493911607956271e+00
1.247068356627191177e+00 5.803121843317478934e+00
1.272641252402698875e+00 5.338465346801431366e+00
1.708729884871031723e+00 5.637830280060623700e+00
1.905288144777218307e+00 5.664495618129133270e+00
1.325507931113111715e+00 5.332212432426817195e+00
1.645683198753131959e+00 5.680018266907381985e+00
1.546621719027275521e+00 5.579487797587358244e+00
1.838765570657427961e+00 5.792591096470895984e+00
1.787718683492307115e+00 5.469210727207125977e+00
2.007251121771676861e+00 5.420993448410911242e+00
1.725966540169519892e+00 5.879125018518842616e+00
2.147575620533943574e+00 5.600031176579052250e+00
2.320261144012337962e+00 5.684050331314813853e+00
1.576600813830156822e+00 5.599111640944963497e+00
1.738714871949633700e+00 5.680024397973581607e+00
1.585107270991860329e+00 5.653088382535080392e+00
1.803160905856714624e+00 5.619460111481665798e+00
2.174276410584513819e+00 5.792070877319924982e+00
1.456134577132546237e+00 5.321770041465154755e+00
1.586318217969936883e+00 5.639807294515340352e+00
1.417348438617510364e+00 5.540500818976579644e+00
1.612884697630530884e+00 5.733960864659266576e+00
1.523335557261748407e+00 5.643098377793202225e+00
1.560770223186732641e+00 5.403773505432613256e+00
1.490942426102464191e+00 5.508897435449441105e+00
1.145631876451471909e+00 5.516840370350712064e+00
1.464459180265663463e+00 5.565356745781717684e+00
2.718119274216158843e+00 5.767254634966053395e+00
1.675707326658022911e+00 5.622617642602557808e+00
1.089691840721946692e+00 5.304223598948294871e+00
2.111995146465086570e+00 5.501724269137880263e+00
1.129671958020624034e+00 5.462692740111383394e+00
1.860487575403201088e+00 5.432995558786821277e+00
2.088002775378573705e+00 5.626814421252777976e+00
1.373990832200283396e+00 5.655259743643688886e+00
1.450424541386230670e+00 5.502429031514464164e+00
1.872829186343660801e+00 5.486306253853557635e+00
1.062826194287208814e+00 5.560406410901768126e+00
1.369835598992947379e+00 5.593408429689128880e+00
1.438153964691246900e+00 5.525356511980826113e+00
1.328582626408857603e+00 5.730519136929744128e+00
1.654131818676937371e+00 5.706967379651647576e+00
1.205036036571427216e+00 5.491267974505345428e+00
1.461466443344447530e+00 5.470099414918765390e+00
1.993155200116586201e+00 5.601057624606696095e+00
1.206385352617691087e+00 5.324222988148124003e+00
1.539399970020139063e+00 5.440482815022297913e+00
1.298355591537965203e+00 5.316558149173813419e+00
1.566997358492472792e+00 5.416186037038103862e+00
1.520068461179269859e+00 5.768881314039305153e+00
1.199359152287154284e+00 5.533143507039757658e+00
1.645581701756948512e+00 5.618561751482022970e+00
1.142286417155361944e+00 5.015840969856903087e+00
1.478531411990508193e+00 5.568304429280046541e+00
1.622968766442035804e+00 5.120167218290062827e+00
1.974236372511776860e+00 5.741131531117826370e+00
2.386273754090395105e+00 5.678872886855316438e+00
1.773237785805866329e+00 5.749810183420090759e+00
1.908737034643575692e+00 5.580123047843949635e+00
1.185454895234041794e+00 5.482399216526440355e+00
1.049332764842705101e+00 5.150233326494441322e+00
1.309581442437749432e+00 5.186642888883615576e+00
1.597289697942193554e+00 5.530266814991117386e+00
1.715501403594408725e+00 5.640368339554690635e+00
1.942816235968445548e+00 5.600977598683313907e+00
2.213256658308374369e+00 5.647885584393107727e+00
1.341249811280230464e+00 5.326087473221569724e+00
1.789187439099773957e+00 5.614020846079118776e+00
1.757523016029942431e+00 5.480433008368466474e+00
1.207573843288502369e+00 5.639673867046267830e+00
1.762670605971984106e+00 5.653098184448683838e+00
1.599482810995912052e+00 5.553078668070709156e+00
1.832961276317603971e+00 5.813033179036864340e+00
1.749004406416937218e+00 5.454602236461807863e+00
1.463673092479323312e+00 5.634503570273885487e+00
1.654234960561822065e+00 5.601300186021893168e+00
2.009264590921729265e+00 5.594503573851230982e+00
2.417681210318503471e+00 5.791764681444821150e+00
1.095027479498018597e+00 5.611762675944945933e+00
1.579440340373232443e+00 5.312568591750052249e+00
1.293355893661225720e+00 5.376479784926487149e+00
1.898524475877759299e+00 5.640036767909555770e+00
1.346894073377225221e+00 5.583589157306407813e+00
1.547319618117352302e+00 5.389301915272753263e+00
9.877833496537415936e-01 5.185532307214926639e+00
2.435778826913178818e+00 5.590471604853068044e+00
1.646804435613478557e+00 5.564572215016315049e+00
1.259211802706242889e+00 5.277453417616716713e+00
1.273735524929253460e+00 5.253692306427629077e+00
1.283989402861058338e+00 5.217518483716081512e+00
2.144715662530470190e+00 5.399092057188290994e+00
1.994044391108548808e+00 5.518964735873584715e+00
2.579702228980116807e+00 5.682220971124337439e+00
1.959709841130653496e+00 5.680439547080968765e+00
1.609227218897217870e+00 5.319328549517880589e+00
1.274035290839793388e+00 5.365024520750599990e+00
1.797955277036301425e+00 5.792139069058328538e+00
8.857400366840415540e-01 5.149293750024548366e+00
1.736824347673094682e+00 5.233488634457186706e+00
1.729910911791790573e+00 5.632610872157001403e+00
1.862801973253798371e+00 5.757993969959366076e+00
1.827974098986306473e+00 5.522431164238135182e+00
1.793880988900588447e+00 5.370384206446439102e+00
1.423768062361853159e+00 5.528688977479283118e+00
1.486571395139771434e+00 5.641300495419927508e+00
1.750328515839282506e+00 5.568716590780135256e+00
1.332081414412300546e+00 5.312312040521194767e+00
1.791082933353504547e+00 5.712346045078620094e+00
1.734702742910284368e+00 5.521561496793261803e+00
1.547210643664782559e+00 5.453870685877295621e+00
1.490851792715786273e+00 5.355686194108455922e+00
1.546008391662039516e+00 5.475046646796712935e+00
1.471358124741061424e+00 5.553527965957947288e+00
9.013575295044522484e-01 5.207396255387843453e+00
2.026489882653858654e+00 5.840645581197338565e+00
1.587686926206412386e+00 5.591058978883708619e+00
9.455702854808473168e-01 5.210423900626316218e+00
1.278677821613305232e+00 5.305120080466512178e+00
1.537243785783371841e+00 5.404261068050564276e+00
1.380823102599524121e+00 5.659789515205756238e+00
2.057897800018204215e+00 5.683406413694105375e+00
1.407243747759508334e+00 5.414308070686966623e+00
1.782762664413258369e+00 5.650301202584572913e+00
1.766805687264818792e+00 5.664854214776531727e+00
8.997117223303526812e-01 5.216845214893719884e+00
1.917338415460080547e+00 5.573797270729202502e+00
1.205344885458353499e+00 5.243294776232540144e+00
1.358465513464282237e+00 5.473938159176538143e+00
1.178116280812885996e+00 5.387481755780862969e+00
1.341121023547638513e+00 5.572060456155859320e+00
1.183256401032069860e+00 5.386165607205505523e+00
1.419545657165116825e+00 5.495299189495455039e+00
1.993579183183710191e+00 5.727073954304009895e+00
1.509349792483054786e+00 5.463502011484624887e+00
1.459989204123188777e+00 5.448747469727122095e+00
1.244734335320089924e+00 5.193370782191434110e+00
1.899213381941853740e+00 5.521077486691218894e+00
1.156527381520034758e+00 5.461487778827727624e+00
1.354853850004313021e+00 5.654049200892599103e+00
1.564506530539265139e+00 5.543460894642807446e+00
1.850120815921550976e+00 5.917489122371084598e+00
1.985573691269035823e+00 5.663224421858928714e+00
1.707935004794119527e+00 5.613684417377818647e+00
1.509396874515381626e+00 5.653668130864529573e+00
1.556146646613792983e+00 5.662890833627875153e+00
1.336823731719387842e+00 5.369492517780820151e+00
1.588028829627299299e+00 5.554676236590806226e+00
1.442647853699808635e+00 5.744812609560256078e+00
2.625682505420529278e+00 5.706978716148753961e+00
1.386349203617188497e+00 5.385864437724224629e+00
2.070896674105387358e+00 5.581338425074829246e+00
1.348599828668183287e+00 5.651012780062596441e+00
1.990305418703356422e+00 5.717253833536181773e+00
1.330353969872009046e+00 5.387408787814170985e+00
1.401087059583626004e+00 5.663706690459048509e+00
1.526983455170512816e+00 5.712075438848072118e+00
1.342437190210394427e+00 5.583734038696910318e+00
1.922324549694347740e+00 5.464002383988106004e+00
1.207883647478379396e+00 5.556613769669786151e+00
1.595539930971187736e+00 5.522003361626299345e+00
1.093851818401678777e+00 5.667110398202519050e+00
1.806502079567895880e+00 5.524381986972918490e+00
8.102595249372203101e-01 5.509839098064414742e+00
1.621405664066174479e+00 5.946850636188136363e+00
1.632842989996596383e+00 5.639643135610217684e+00
1.478289751291308241e+00 5.744469730841311517e+00
2.567623379343605627e+00 5.853864412137355089e+00
1.251399044550381756e+00 5.297087879344346995e+00
1.058215727399001160e+00 5.411108294476733249e+00
1.531904732085103138e+00 5.547158401625887691e+00
1.129808178986936751e+00 5.577878732215862279e+00
1.826267862621263394e+00 5.684819192349266359e+00
1.521014395107531225e+00 5.388978627714312353e+00
1.180275416300016200e+00 5.143123622720969124e+00
1.822675344003744868e+00 5.653070353553118821e+00
1.436047877145822493e+00 5.491046424557899819e+00
1.712392604258926587e+00 5.720340336566852812e+00
2.084564196426280880e+00 5.592915555725543442e+00
1.183966934879575161e+00 5.461340021698653402e+00
1.199060454744376614e+00 5.415020764774017614e+00
1.069289020006718882e+00 5.528664958422994324e+00
1.261695174268380626e+00 5.548492913704052398e+00
1.614651607439684611e+00 5.495760263875466123e+00
1.039968314225802937e+00 5.375146480501805435e+00
1.461883533972464289e+00 5.579809073007414355e+00
1.456106528276652101e+00 5.439080432931119979e+00
1.813009177218106949e+00 5.183402554037184196e+00
1.886082363530088735e+00 5.717824221683616592e+00
1.993579183183710191e+00 5.727073954304009895e+00
2.104362690502195044e+00 5.816808853991455308e+00
1.540264912132819575e+00 5.622414165139331566e+00
1.296852823663030341e+00 5.421227200811803648e+00
1.720368691339098532e+00 5.663300090647808815e+00
1.074005426268819896e+00 5.460887833604851416e+00
1.953751632685740480e+00 5.834228649958852486e+00
2.306409786963748765e+00 5.655598127291482591e+00
1.522809590388345846e+00 5.567112373985063201e+00
1.244377856690334072e+00 5.369350492779515704e+00
1.938879761430919890e+00 5.380106166155592895e+00
1.459958866135072419e+00 5.412977244055388937e+00
1.344387096786129554e+00 5.555928860174729422e+00
1.290174086679936050e+00 5.237397284700867850e+00
1.172229565034360377e+00 5.462417434615865375e+00
1.322922972998325841e+00 5.603761305958522954e+00
1.718371735035538972e+00 5.391319513326095603e+00
1.097732624350379105e+00 5.470628676623393361e+00
1.192894734537637946e+00 5.543459529821800125e+00
1.437414215467406997e+00 5.538855616547571081e+00
1.948607107682402972e+00 5.635264068768482737e+00
1.408104173647507285e+00 5.623058132134166165e+00
2.036237260835106699e+00 5.380584175144000447e+00
1.529355451079671857e+00 5.330867577783975797e+00
1.653706695709743713e+00 5.541703394365167235e+00
1.319764465118034469e+00 5.397252945634187782e+00
1.247648511547952532e+00 5.614626136784894861e+00
1.592432146049536534e+00 5.350415054385426750e+00
1.038034694235761002e+00 5.447293164932402121e+00
1.842174661699777172e+00 5.639010018074209540e+00
1.773239226119807332e+00 5.668458578943065262e+00
1.675089423035685421e+00 5.580135520150319550e+00
1.348704464929743718e+00 5.490099474116275857e+00
1.502201364847645770e+00 5.529890496573047542e+00
1.547644040345935945e+00 5.596092511777683853e+00
1.455425271092533723e+00 5.626391412001142456e+00
1.800012918222635205e+00 5.719260294849334514e+00
1.547329691999180135e+00 5.890384466223092197e+00
1.290199930378778781e+00 5.418196666755359381e+00
1.483797777520287520e+00 5.598630418082539251e+00
1.797696548543232353e+00 5.553083398546450944e+00
1.776786660840658394e+00 5.662286754369536546e+00
1.714302828796559819e+00 5.601779031581490820e+00
1.042592251716203622e+00 5.447844100712170956e+00
1.959328708804104480e+00 5.818588105392948684e+00
1.882092995198805907e+00 5.758006693800491682e+00
1.352312815505767984e+00 5.491754424774971888e+00
1.433955286345950597e+00 5.487415978865593402e+00
1.963710862059962592e+00 5.745716405373050506e+00
1.515745603011592335e+00 5.612002302480522786e+00
2.313299603857521980e+00 5.582276133122427986e+00
1.727312247178776072e+00 5.766378079774162835e+00
2.473960419993250781e+00 5.687511580137387668e+00
1.820893725647816153e+00 5.615648473346011471e+00
1.412731664652266961e+00 5.617469956636111483e+00
1.574535993091845887e+00 5.557708676009306181e+00
1.519003318970758798e+00 5.502508726001869910e+00
1.497901529808165488e+00 5.767667315559801722e+00
1.629396437576524859e+00 5.535969657160077162e+00
1.630429527331368034e+00 5.513027712796827906e+00
1.502581794080991129e+00 5.472696669419445215e+00
1.366889924746450546e+00 5.564136036472123514e+00
9.308881977211351799e-01 5.662877428442644856e+00
9.111243649301834502e-01 5.415677608000668108e+00
1.511180663912468747e+00 5.567316809729285332e+00
2.656119847865693995e+00 5.784266903019458006e+00
2.201711799595311270e+00 5.818701761886998725e+00
1.658153204222090116e+00 5.536888028594797895e+00
1.773576655087987453e+00 5.620883188582867618e+00
9.313533360359219637e-01 5.449391867059231842e+00
1.790814744779430256e+00 5.737463149104795157e+00
1.603755414949772584e+00 5.620587330288853600e+00
1.350152553780356479e+00 5.357870925111511973e+00
1.013653610543756134e+00 5.388804399581426985e+00
1.555617729051828713e+00 5.439157372602934970e+00
2.472206486307236162e+00 5.746192974989276614e+00
1.595911864046990924e+00 5.576713101097396041e+00
1.535477768425270062e+00 5.546727602301778859e+00
1.458271749825402530e+00 5.379651455439390162e+00
1.788506039426820626e+00 5.572680814299606489e+00
1.599453271725197467e+00 5.595067611298203403e+00
1.360592012722029898e+00 5.649114268340808209e+00
1.625838428298007843e+00 5.383621800085358622e+00
1.463178870567791501e+00 5.557484645580530902e+00
2.008322888805246009e+00 5.570141238562440478e+00
1.591735700406265774e+00 5.863722785677082605e+00
1.625959992832484380e+00 5.691356860915655069e+00
1.494898117543925986e+00 5.512507024279876156e+00
1.783662841200048366e+00 5.478540912612282376e+00
1.528726932930428939e+00 5.489686060684430657e+00
1.556156939242698600e+00 5.814885823791712482e+00
2.444896973849095101e+00 5.829302002762760004e+00
1.753295900165651622e+00 5.714432918595890420e+00
2.681587402491662164e+00 5.828636637108045804e+00
1.775105445602891630e+00 5.733998937128511386e+00
1.810610074603021813e+00 5.654364218765623562e+00
2.176335419922522441e+00 5.227509354311818512e+00
1.961092207290868084e+00 5.674842760089064519e+00
1.290358273444999426e+00 5.411052619076349934e+00
1.834364715417716507e+00 5.643291608203805154e+00
1.389743441262601742e+00 5.487654483337593092e+00
1.504199693821083539e+00 5.761244564401116541e+00
2.106107258577334385e+00 5.631511766950351827e+00
2.182347497545235715e+00 5.266773371348377530e+00
1.381077254572261825e+00 5.525665604603323899e+00
1.337152737994392604e+00 5.257562196548140498e+00
1.231280964289284796e+00 5.550449566160227555e+00
1.288543781216014095e+00 5.566563395334485520e+00
1.864653915161001096e+00 5.832364582664827601e+00
1.772926866141324886e+00 5.555337666667226948e+00
1.916238163041225295e+00 5.759346896750022538e+00
1.787718683492307115e+00 5.469210727207125977e+00
1.225645381694204783e+00 5.307341800364736351e+00
1.570869050760107966e+00 5.463039258293474809e+00
1.451421680763510969e+00 5.553016072018825078e+00
1.139511591541087165e+00 5.320266022281489704e+00
1.935447222901874209e+00 5.602073870955033286e+00
1.554158153980903290e+00 5.443608161794587730e+00
1.260548616316338633e+00 5.615305814224519132e+00
1.435135155781768423e+00 5.563654224858384012e+00
1.907137184361432869e+00 5.695294744454789893e+00
1.041960603854126255e+00 5.259766786666848049e+00
1.852184361658137490e+00 5.561212079996749047e+00
2.223452954226896150e+00 5.636803835360375992e+00
1.283761772624087305e+00 5.335864469376033981e+00
1.476990059528910271e+00 5.447799042983469953e+00
1.494898650492389125e+00 5.473688882137899725e+00
2.237557056172591263e+00 5.812236745683414973e+00
1.548970109894372227e+00 5.907117394954656930e+00
1.205036036571427216e+00 5.491267974505345428e+00
1.292638040765193175e+00 5.031996461332449044e+00
1.623691801394308465e+00 5.558685880308878779e+00
1.356884483291247001e+00 6.004832544732192190e+00
1.119635991943293440e+00 5.329276209276851084e+00
1.865739363508494453e+00 5.614600868556255620e+00
1.465635448201362934e+00 5.533033313098603578e+00
1.347944693495495505e+00 5.531379511078933220e+00
2.012022042074811168e+00 5.676338948143108354e+00
2.133282795648415942e+00 5.720363699776957134e+00
1.596773550347877713e+00 5.684247195442112321e+00
1.014921132236688450e+00 5.589332852890404268e+00
1.433885774741954444e+00 5.654798041274007758e+00
1.317732918208194270e+00 5.753630268297813544e+00
1.649864428560565699e+00 5.787887621587572085e+00
1.409599203023941927e+00 5.556200959287333596e+00
1.439158604788279172e+00 5.462387186702603259e+00
1.383134787345505989e+00 5.574823974896692569e+00
1.763695335405254694e+00 5.474104856711472955e+00
1.833018967002600252e+00 5.551980642124749288e+00
1.677780362056775498e+00 5.444561557533075913e+00
1.951731582895146255e+00 5.624208339982967431e+00
2.143669578283477151e+00 5.825512540372566939e+00
1.298446407397017666e+00 5.550917657354423440e+00
1.538461790557952957e+00 5.753646408983585481e+00
1.396141390909618973e+00 5.221566043784352296e+00
1.449893370580427110e+00 5.469915905354065799e+00
1.891345043353336530e+00 5.606932645440931395e+00
1.643054847344497915e+00 5.576791981037226620e+00
1.230508074218851888e+00 5.508360261724547513e+00
1.379096905287353181e+00 5.477423723269143174e+00
2.179133984443335503e+00 5.659928373290701309e+00
2.201505512753504590e+00 5.654905015474491314e+00
1.035956487652171187e+00 5.263809215898561433e+00
1.333526553989777819e+00 5.772488902617014084e+00
1.274386902123058052e+00 5.251294037586520247e+00
2.357417108028529551e+00 5.761513866984294907e+00
1.708948766417773601e+00 5.630813071501703959e+00
1.343423925364589433e+00 5.538458243977665951e+00
1.510597368941509089e+00 5.539564663333458761e+00
1.421381608673991215e+00 5.445870215716609231e+00
2.049310473053206572e+00 5.835798652794188968e+00
1.999584456130521826e+00 5.749173269107772377e+00
1.193547198232201900e+00 5.439207716018680472e+00
1.611008053950516938e+00 5.617567774289619287e+00
2.328822114375359575e+00 5.651714761683094501e+00
2.029618390693598062e+00 5.886580886820795833e+00
1.665739338376814871e+00 5.613174416829363800e+00
2.096442725249308747e+00 5.393858208798762099e+00
1.180596372524325588e+00 5.362644406483481063e+00
1.205036036571427216e+00 5.491267974505345428e+00
1.594369984811482732e+00 5.530100314500044689e+00
1.733690375256973226e+00 5.759800895068342363e+00
1.488791573455948480e+00 5.914323804607066748e+00
1.875592532498924658e+00 5.345060751634099105e+00
1.269818690488014434e+00 5.641220245510774944e+00
1.411746491714642504e+00 5.561398037694918806e+00
1.284358648125241809e+00 5.433945206004656470e+00
1.783569534925216971e+00 5.754665968476070148e+00
1.380092766298286255e+00 5.552616661804099074e+00
1.410194791799491476e+00 5.756832988436350718e+00
1.317703489950292406e+00 5.413859589714925313e+00
1.931547490014296153e+00 5.791777887172208317e+00
1.101345259350913652e+00 5.228005791272766878e+00
1.558100321071375527e+00 5.650692896292866862e+00
2.465963747782996318e+00 5.632317464948146224e+00
1.187655076374645402e+00 5.710485333910101602e+00
1.336664675896653609e+00 5.652365538570244929e+00
2.079760989365996959e+00 5.661468362649110908e+00
1.701880372739473346e+00 5.677676568305837002e+00
1.073638490950387991e+00 5.535605606267716361e+00
1.766667910592788937e+00 5.567535064577622705e+00
1.572183791719516055e+00 5.360168526814747203e+00
1.505522283270709805e+00 5.326091141872347556e+00
1.702617887793759444e+00 5.482977525218458048e+00
2.072541593700000906e+00 5.654606136724642518e+00
1.798408745159301603e+00 5.544534838395678733e+00
1.689638537034467092e+00 5.676888137154818104e+00
1.319943764342148329e+00 5.339537550787522235e+00
1.428816732986441629e+00 5.631974372204529011e+00
1.695927382450725718e+00 5.602862131233179888e+00
2.037292406054278526e+00 5.666406695855057407e+00
1.895883368187735840e+00 5.872626586485358402e+00
1.056301839395303421e+00 5.455896368447920253e+00
1.217916176141132123e+00 5.076869123899634850e+00
1.133887406915281559e+00 5.162882274144583228e+00
2.073655475110656177e+00 5.481648244416642335e+00
1.908032779425010705e+00 5.885699759974813539e+00
1.651481480910136135e+00 5.576278500631375756e+00
1.156237185169169734e+00 5.455924773377105907e+00
2.087286685686633447e+00 5.393384855651132348e+00
1.680769959103515232e+00 5.673980146300135807e+00
1.157526748866972266e+00 5.475820224014559479e+00
1.752074681922878963e+00 5.453877734403951294e+00
1.764526282055009831e+00 5.720920720934977943e+00
1.516569132001321041e+00 5.496357927809401467e+00
1.733306789392448310e+00 5.498195143239648530e+00
1.621444859808175654e+00 5.607610582243919950e+00
1.811690440315390171e+00 5.752824753193294782e+00
1.706852470020443269e+00 5.735042579078201364e+00
1.350712593532240380e+00 5.554702406352294730e+00
1.707657262934451525e+00 5.491216767808355215e+00
1.351403692001383661e+00 5.608870941474729754e+00
1.148828616544668169e+00 4.766714854967106341e+00
1.527890016937770712e+00 5.664263482595731425e+00
1.259173139750070280e+00 5.203563475126530058e+00
1.841037671871782244e+00 5.690759882077146337e+00
1.262070492809271638e+00 5.391179696783600761e+00
1.491994653827356299e+00 5.680229283640594318e+00
1.624724258558485346e+00 5.595796188754295741e+00
1.840359540835553975e+00 5.715502454788372155e+00
1.524016963940457270e+00 5.571846918219342193e+00
1.977222362381720888e+00 5.694817960032595217e+00
1.680017994741372034e+00 5.613473428887457040e+00
1.672918495902246505e+00 5.467847119106741260e+00
2.205793571659407704e+00 5.710057697610329441e+00
1.136975747563143013e+00 5.188518996145406348e+00
1.805850783366022450e+00 5.671679521333043539e+00
2.041063111295797761e+00 5.695821025621759404e+00
2.052997783305024360e+00 5.625994980223333108e+00
1.784864629901582678e+00 5.630349604769689265e+00
1.314067712200625015e+00 5.570440890212272400e+00
2.022555957409039706e+00 5.603315811344852904e+00
1.288543781216014095e+00 5.566563395334485520e+00
1.691629751701132278e+00 5.450556360824926116e+00
1.583578458044019754e+00 5.612829665621327457e+00
2.214881029899458564e+00 5.506212149112004184e+00
2.689251372434082299e+00 5.836946942507234226e+00
1.794083532892524202e+00 5.712162914702605399e+00
1.355725346862479030e+00 5.680041905676826097e+00
1.449130064272875495e+00 5.576263945250123477e+00
1.637656177803590962e+00 5.310762234578103147e+00
1.494101347004143099e+00 5.471892859705634216e+00
1.416854106079227904e+00 5.218373749705623510e+00
1.342030720051429871e+00 5.599736240705974311e+00
1.966592010823395409e+00 5.570670493471055806e+00
1.227741224293988243e+00 5.361833447081412629e+00
1.307610815241858848e+00 5.624652952228289315e+00
