# Hierarchical MCMC downsampled to get 500 samples
# alpha, beta, mu, s
1.848272897149707106e+00 7.136958846955018920e+00 3.553090372926578144e+00 3.038345158478810704e-01
1.204137070156575007e+00 4.174952804823385044e+00 4.210813734990298762e+00 2.765081296281609591e-01
2.211833900309566836e+00 4.196327828697910434e+00 5.220563047576284532e+00 2.125282380458242137e-01
1.822844967016019613e+00 9.283047357650181297e+00 4.425512603708977366e+00 4.315896749723133197e-01
1.110117495365491092e+00 8.891904058817177159e+00 4.492466134709826697e+00 2.580534486119457349e-01
1.755025332815686623e+00 6.996724187951462781e+00 4.065200436418456853e+00 1.742381323066475307e-01
1.182952195920908611e+00 3.193747154394773524e+00 4.890647048969219313e+00 1.262753145734836213e-01
1.634327396536806365e+00 4.820457254156339744e+00 4.339187846576052721e+00 2.716454538167461519e-01
2.261371085026486760e+00 8.479701599939282630e+00 4.518787347389189968e+00 1.903453002078175638e-01
1.921654466266383698e+00 9.924903393704607169e+00 5.185163799899347836e+00 1.482992310139906178e-01
2.011764339374173982e+00 4.812362786177158291e+00 4.995076417661339363e+00 1.925818419799956438e-01
1.943016032297498530e+00 6.133051154339351108e+00 4.558229993954364012e+00 4.692061810050204285e-01
2.179201296367747176e+00 4.247934816367633815e+00 3.922520809099788064e+00 8.006006552097242324e-01
2.689643505845451088e+00 6.928966912890097696e+00 5.202054295011439677e+00 1.448352268439914436e-01
1.222913420926173611e+00 5.379197644797883981e+00 3.818882234399264330e+00 4.340840752820867010e-01
2.740647977515747069e+00 4.288086629039386644e+00 4.654260622671906766e+00 2.102654043087914815e-01
3.256909980112088210e+00 7.156239226942989085e+00 5.078663926694405362e+00 2.172923722118555723e-01
1.663081673343275613e+00 3.788380163817635538e+00 4.653327478371730663e+00 2.519508344058168370e-01
2.300568861784238806e+00 4.936581345311276792e+00 4.814000683542219328e+00 2.358735204285232478e-01
1.680779751692293322e+00 7.222306345541808170e+00 4.642313044794589949e+00 2.702783972436196280e-01
3.615173893021615292e+00 4.376222147947116170e+00 4.574402890075091044e+00 1.391505331372910881e-01
1.669420861386025301e+00 3.884310649295667162e+00 4.821049795543448369e+00 1.193689042931050381e-01
2.165558830416283609e+00 6.419643513883880992e+00 5.097690509720022689e+00 1.749800040701708082e-01
2.103691483541240803e+00 6.858881147301401526e+00 4.977063101614387364e+00 3.122978912725541956e-01
2.541604662443016860e+00 5.469374657082471280e+00 4.103604679649061282e+00 4.143557950846791793e-01
2.722319563415467769e+00 8.855281077836531622e+00 3.819506713719304170e+00 2.243981529336669944e-01
1.863133123464556951e+00 8.851108370075463583e+00 4.766921135924403252e+00 3.735105448860169819e-01
1.872220277627860696e+00 8.358371304864833817e+00 4.474698007336090022e+00 4.312641832665665143e-01
3.016050314737870330e+00 2.239836067901468386e+00 4.681251255006939616e+00 1.447838448536219458e-01
1.822844967016019613e+00 9.283047357650181297e+00 4.425512603708977366e+00 4.315896749723133197e-01
2.138400771222661145e+00 3.473007040204224793e+00 4.797439547263111059e+00 4.254109841742392817e-01
2.471892511053126906e+00 7.126969210710035973e+00 4.533629246710988880e+00 2.828831911825591128e-01
1.609806256340587716e+00 4.498337733440480157e+00 4.936900558153711316e+00 3.170465903435398802e-01
2.754733804147131870e+00 5.694419529112744627e+00 5.004397020092105741e+00 2.025203992348305060e-01
2.543134740130503779e+00 8.385715428932204674e+00 5.060788536134312565e+00 3.373820712792777177e-01
2.172066138190162476e+00 7.951134423381702732e+00 4.060424873900850606e+00 4.704024960802492550e-01
2.062454928752723404e+00 1.029353483706183603e+01 4.489890606700653208e+00 1.611373217344451991e-01
1.643399975582776840e+00 7.229627509546805442e+00 4.460517371609718396e+00 2.269919734051291382e-01
3.485423132829065462e+00 3.554514555744256565e+00 5.098060345837789775e+00 2.968627267093216227e-01
2.375646288845011167e+00 3.936149501877357793e+00 4.422503751763596114e+00 2.338042110769714410e-01
2.427691063427952045e+00 1.203337169113769178e+01 4.803757129046719143e+00 2.391750079378171523e-01
1.969272931571606877e+00 5.463237259594150075e+00 4.924025929563082826e+00 3.316354974875442840e-01
1.241588193268809981e+00 7.296709395133301967e+00 4.921620423986407644e+00 2.031374635532059159e-01
1.531856927561016546e+00 5.660658954481922578e+00 3.727158957308167153e+00 9.703038265618119107e-01
1.411575892207491467e+00 5.809430949843315872e+00 3.907659634711034169e+00 3.105811274700388536e-01
1.665961333850410897e+00 6.850461154336684011e+00 4.514850797987465469e+00 1.893955175502195776e-01
2.564279445472905206e+00 7.222130923271881997e+00 5.305998618749550033e+00 1.732062550520213906e-01
1.924110937486486428e+00 1.297983973395850654e+01 4.300469526299728784e+00 4.205658039823075289e-01
1.562503487713803763e+00 4.754246566024990628e+00 4.535990006675365116e+00 3.874978451529976775e-01
2.989740358438012446e+00 8.466224410547583901e+00 5.125505980448215482e+00 3.834740149063542991e-01
1.761562598626943421e+00 7.798131766474042159e+00 4.266030092305899579e+00 3.667146204455838387e-01
3.087943206647055572e+00 6.503942458167580654e+00 5.216689836004094971e+00 1.161350943452998663e-01
2.841260505516595813e+00 5.427217788171066815e+00 4.604658924411885401e+00 5.432688472473145014e-01
2.723526240579271729e+00 4.628668282555297608e+00 5.071916756614664124e+00 3.427479639619565033e-01
2.194742379297185852e+00 4.457926055626481698e+00 4.366308239139478076e+00 2.955481445888296643e-01
1.649875304586034153e+00 6.781860037324123347e+00 4.634939140806904945e+00 4.720343731246095520e-01
1.387869102730906246e+00 5.913383196731926361e+00 4.503041483920952714e+00 4.522094989812465160e-01
1.728734759298553136e+00 6.788039115776021148e+00 4.476759630083805064e+00 3.476235742070786783e-01
2.092938239116581833e+00 7.617066937484929134e+00 3.628790383309961953e+00 3.569499289304288170e-01
1.564850645863518519e+00 5.516558114155457382e+00 4.171745118122786700e+00 3.603149492683562771e-01
1.944411116825248254e+00 9.841179986545471436e+00 4.346831140959742434e+00 2.465871675591660428e-01
1.454197562643023689e+00 2.992360118359097321e+00 4.494147540752745584e+00 2.229370653601835950e-01
1.703495102161507235e+00 6.075034234165107350e+00 3.849407681752519128e+00 3.247658803464826827e-01
2.797110352555207680e+00 5.738766433691543156e+00 5.014614070656916667e+00 2.576779024565266640e-01
2.605479178478669056e+00 2.514876365542572323e+00 5.042201073105617937e+00 3.806822136497478581e-01
1.375415053297329493e+00 8.429299396166449299e+00 4.081149398581115584e+00 2.844623131381550651e-01
2.011131916009734510e+00 5.457181918431883716e+00 4.145259704042512539e+00 4.714314509428839672e-01
1.898000595339795815e+00 7.199334931107739699e+00 5.038300206552662530e+00 3.664507035122009926e-01
1.788996649115477178e+00 8.996990846925404739e+00 4.530840896437720033e+00 2.093702522766783813e-01
1.727644159659713186e+00 9.190820560923597782e+00 4.700648436847292722e+00 2.809569854268943456e-01
1.922120544708175505e+00 4.919669171114855466e+00 3.914244274183621197e+00 3.306817624691768542e-01
2.543888180353425010e+00 3.975499239975138099e+00 5.440703324527688345e+00 3.035885211904516545e-01
1.958313017548929835e+00 5.809483830829728745e+00 4.433486496708747282e+00 1.851004255435539370e-01
2.584758952200717719e+00 6.436822124932621847e+00 5.140148623764275726e+00 1.802154198973361376e-01
2.197416896580417944e+00 4.938283136701155485e+00 4.892861441461763938e+00 4.523112880977510075e-01
2.358902316078522077e+00 2.883214162045616646e+00 5.170105987135989345e+00 1.497430959299517472e-01
2.048277444839552874e+00 5.418740112649462759e+00 4.846479422436002160e+00 3.512303456974177340e-01
2.614993481688320465e+00 2.993341918426273729e+00 5.100982998528317935e+00 1.090701118228880051e-01
2.210342937035461919e+00 4.876185389471158871e+00 5.369715123863377571e+00 3.158565012177213527e-01
1.533973193003299151e+00 8.673214508562585578e+00 4.403895591295368561e+00 1.711583912159266030e-01
2.069139798361740112e+00 8.853106959053315350e+00 4.788018779690279558e+00 1.915761363694802044e-01
2.199953819391461618e+00 3.254641253050645666e+00 5.129812201599836641e+00 1.888957764353756397e-01
2.032780640718585996e+00 7.478827910504339371e+00 4.819805439211094722e+00 3.032179329406186619e-01
1.463738157714332466e+00 5.672345812452324942e+00 4.343431818303456815e+00 3.230620952884448172e-01
2.030228502463385709e+00 4.350074569139255054e+00 5.277042087326277553e+00 2.130125296900727550e-01
2.180101483555154651e+00 7.523026536237775730e+00 4.905080487288325131e+00 2.996812154370307457e-01
1.820749923267613868e+00 6.889666865623449432e+00 4.570549637350105776e+00 2.839248089401877895e-01
2.539244112209975590e+00 8.254873439658947376e+00 5.146509312095898458e+00 1.454882090758210234e-01
2.461146074876936929e+00 7.696257190550444882e+00 4.708638849498921530e+00 3.901508479871650392e-01
1.194076533652877137e+00 3.596749787157881961e+00 4.182572254059257588e+00 3.295125596197712170e-01
1.798572055546409310e+00 5.416232678367087772e+00 5.489456271986621338e+00 4.847423074561582612e-01
2.829090913527770201e+00 5.869256861882325538e+00 3.691313634477861871e+00 5.800151067235882474e-01
1.950187800866515886e+00 3.468746640679593707e+00 5.180886171615518343e+00 6.144122549263306837e-02
1.330607673428106486e+00 3.723401517338693179e+00 3.872370901093752149e+00 2.844985675118364421e-01
2.910886655265697787e+00 6.218202922289944645e+00 5.307870665140142385e+00 1.502116145856510765e-01
2.720102238713568266e+00 4.100639574337791693e+00 4.087393103623258916e+00 3.838715341174520623e-01
1.640113831284556234e+00 3.232940224472378166e+00 4.826477111511425555e+00 2.609155867202782031e-01
1.265084882468748173e+00 4.357988567378606959e+00 3.084078045553250380e+00 4.363994693688560966e-01
1.874958451572454443e+00 3.301993790028195264e+00 4.896548374988044294e+00 1.387422634149269030e-01
1.563137647009334996e+00 8.941316854297914674e+00 4.398653371671952250e+00 2.362634812223637359e-01
1.780862387348981501e+00 5.266255752624288355e+00 4.930445216868448277e+00 1.206941105650070900e-01
2.079205582781939121e+00 4.631618433516378808e+00 4.935463350308532782e+00 3.152051604606177504e-01
2.314370742892608579e+00 8.237699350382387209e+00 4.640414126817703711e+00 2.550412824274478352e-01
1.292706696787831344e+00 4.109426415346344008e+00 4.796126866120440368e+00 2.535375365216332444e-01
2.091080018958362263e+00 4.074164787030060353e+00 5.291105328657300433e+00 1.310488605577891097e-01
2.157859624369782292e+00 6.666838141861192391e+00 4.688818191584708472e+00 2.935205945686157891e-01
1.973011619513255432e+00 3.586162200825711466e+00 4.790737018132646519e+00 5.674283062875953298e-01
1.609806256340587716e+00 4.498337733440480157e+00 4.936900558153711316e+00 3.170465903435398802e-01
1.791235229221351144e+00 4.431701530536234834e+00 3.968164499421843239e+00 3.307446713200411503e-01
2.195529151846647320e+00 4.883242674031854413e+00 4.855978638664021574e+00 1.545630906928137649e-01
2.012886557287585809e+00 7.648776423343730535e+00 4.830164837068104511e+00 2.365775739227182761e-01
1.386152238997111708e+00 4.612393145597089905e+00 4.952321589692236792e+00 1.562497872671917420e-01
2.701431413591099062e+00 4.957461060847444756e+00 4.981113065527893902e+00 2.588473835800675360e-01
2.988566101132498432e+00 5.306117085035902292e+00 4.942775920905202902e+00 1.214638064546390978e-01
2.318491544817765426e+00 4.654666898976461908e+00 5.202171169870576151e+00 1.579426806711639597e-01
2.320923094348168902e+00 6.727154078302139517e+00 4.457606632202744557e+00 5.344592925149479479e-01
1.197397364885340210e+00 4.756141537299950706e+00 3.735701869832730004e+00 3.808994683056644570e-01
1.867757428822748089e+00 4.438191012059044205e+00 5.256009652258240905e+00 8.379487710465391426e-02
1.401590189833105793e+00 8.947679647588941521e+00 4.402696566143103674e+00 3.257944423085381014e-01
1.622435007741772850e+00 6.191309652844042333e+00 5.068331305232715245e+00 2.755101782519708276e-01
1.904307525709466375e+00 5.357878122143787891e+00 4.873001816721868273e+00 2.349888723249239919e-01
1.886146825704369645e+00 6.799431079954080026e+00 4.300052674066781044e+00 3.267258413552504015e-01
2.723714388102922435e+00 3.174285411112462096e+00 3.521676467172282443e+00 4.213643330264370546e-01
1.265399655224464848e+00 5.339245699826099312e+00 4.858610578918032274e+00 2.497431303968954963e-01
2.797909800190406582e+00 8.874010949972245044e+00 4.526501690666822952e+00 3.297726112913167418e-01
2.826434622863701396e+00 7.362060769997540000e+00 4.998283546214445039e+00 4.475485635959100539e-01
1.763503699077958453e+00 4.166416000027764355e+00 4.803972361720049378e+00 2.122667707244206836e-01
2.253639118479762615e+00 7.605419431959441035e+00 4.922354499461814470e+00 1.196241526522822674e-01
1.486990321908103097e+00 8.413766505174059773e+00 4.892532669185137628e+00 2.538488009924131372e-01
1.493392428536023830e+00 5.968533557375302223e+00 4.141567482584799897e+00 2.688171410931656236e-01
2.270374657708885024e+00 6.898825231869924579e+00 4.584364900443176793e+00 1.889318886285998589e-01
1.596863856144075777e+00 8.074624495211233821e+00 4.070608744819297797e+00 2.756454949600649629e-01
1.977820557171720006e+00 5.298887676522790358e+00 4.925747617284972790e+00 3.136257137242137172e-01
2.073826172169329851e+00 3.510595044654863273e+00 5.133253978789777960e+00 1.877710043984592292e-01
2.787261237049233564e+00 7.933733361082285995e+00 4.639039308075900259e+00 2.036354253095853106e-01
1.655328162423765681e+00 4.043896462771536804e+00 3.753215741185874865e+00 1.468744884119553284e-01
1.923560811383840274e+00 5.858503171128243814e+00 5.222807142998969532e+00 3.181672309229945927e-01
2.476631305448373510e+00 3.262079802025593889e+00 5.114085309367941257e+00 2.040007009961514461e-01
2.128120042122851441e+00 4.455730715778908113e+00 5.130476546240266167e+00 4.234248547145769703e-01
1.008857921783290035e+00 5.670556580530035085e+00 4.676783560055479683e+00 1.701945431773509987e-01
1.318216702327377865e+00 6.213029203990499738e+00 5.187572405544947252e+00 2.547420607227967038e-01
1.973689908453248432e+00 7.537836775058885053e+00 4.914236129605333403e+00 2.113568540243397631e-01
1.623590147576720488e+00 4.568232823235883977e+00 4.673283622673362281e+00 3.774074125668513968e-01
2.085681558375973577e+00 1.099336170025818227e+01 5.100473746623578108e+00 2.011036386884937355e-01
1.633432433501428083e+00 1.223104452635170425e+01 4.506121166777145248e+00 1.750883510422544809e-01
2.171663311431592192e+00 2.468910971116169417e+00 4.853078028864882931e+00 4.934972762503537225e-01
3.311994984727848923e+00 5.599644590650431297e+00 5.120702998526563299e+00 2.672779917679947159e-01
1.889268547695878819e+00 7.629508399418389430e+00 5.055170130271261719e+00 3.030083280831306625e-01
1.744300656935114491e+00 3.473861678396032104e+00 4.586696085045256055e+00 1.629713768559661324e-01
2.294793029539558216e+00 4.225946527230677319e+00 5.201309512460611906e+00 2.379630529655678284e-01
1.383465584444012908e+00 5.317932652287538531e+00 5.031994221633732778e+00 2.360185437867849401e-01
1.622553804979505410e+00 3.593132642180697722e+00 4.447730455921859338e+00 5.451278190975525906e-01
1.343790231255272305e+00 5.006726614174089818e+00 3.967912358045766918e+00 3.781948044167549039e-01
1.813851937463739850e+00 5.563881553025185944e+00 4.674631441134700083e+00 3.212105459517087258e-01
3.192178895077021572e+00 9.961370340831710024e+00 5.393485065764424213e+00 1.708640904843004849e-01
3.177706891741215234e+00 2.961125888622788249e+00 4.725209333432957237e+00 2.483382450836438271e-01
2.052578585121369592e+00 7.634856492244402659e+00 5.160957292553092657e+00 4.670363321462557282e-01
2.691448594065899869e+00 2.632481967792700939e+00 5.126128773799980110e+00 3.929578959338630439e-01
2.038360162719652813e+00 7.349802711734222171e+00 4.859852163538834091e+00 3.423708791653058414e-01
1.677934800138809246e+00 6.018028601754246587e+00 3.940781268697144846e+00 4.347142064538869755e-01
1.596063454765218159e+00 4.525565925427782688e+00 5.059033321144664086e+00 3.241495178456315074e-01
1.699238721897139426e+00 7.347498512814859772e+00 4.635659779896627697e+00 2.281965544217998687e-01
2.057122077615097133e+00 5.986904084181780661e+00 5.158432523358737143e+00 1.059538476806878848e-01
6.925151565122196207e-01 4.664838175545025223e+00 3.494342646492424542e+00 5.712385104996027252e-01
1.829336906054690459e+00 5.530354973004360630e+00 4.528714852042249106e+00 3.438058401078675219e-01
2.150021158737044136e+00 8.601328507864833384e+00 4.766946449104638717e+00 2.545339081754856014e-01
1.791160222422477855e+00 8.798171764768405012e+00 4.534640643758646839e+00 1.835780978976990496e-01
1.991931025522618137e+00 7.709328023103894978e+00 4.761634731479417404e+00 2.751372846840027808e-01
3.008939990209744231e+00 3.540616131798956623e+00 4.887454711391766793e+00 1.611413613793002408e-01
1.509843738599109475e+00 6.946292318010190314e+00 4.215291602961301010e+00 4.544447026337325446e-02
2.479161351056677454e+00 6.374929759330440149e+00 5.405010270414758011e+00 3.569097360003644637e-01
2.928225009938093315e+00 2.678954124343205567e+00 5.340836119760362877e+00 8.785764618856520269e-02
1.133633648342433631e+00 5.215426387607466907e+00 4.214036786938444301e+00 1.893428119120273700e-01
1.868079588559899751e+00 2.909675022455678661e+00 5.164352060120022792e+00 1.923145261382020743e-01
1.763898570821815337e+00 7.871955501923245890e+00 4.962853775547025670e+00 9.177249017784094853e-02
2.169229570809142249e+00 5.458898503451877993e+00 4.664961870887276874e+00 1.250532860845143257e-01
1.706086023676411934e+00 6.162431897931934799e+00 4.165835082925469557e+00 4.026853173498176619e-01
2.172605181753369141e+00 5.454453158543460134e+00 4.914425452722888110e+00 5.711167908167045365e-02
2.354583317371045759e+00 1.254482640511217717e+01 3.429168857236510437e+00 4.252840214882021574e-01
3.044865198891955949e+00 3.397939973673147929e+00 4.865981286520846716e+00 1.912749070260606754e-01
2.287484217990144231e+00 8.087840787890545613e+00 5.145898937648751392e+00 1.668068608871878800e-01
2.779337863098307881e+00 8.254598069894377943e+00 4.213195155257969837e+00 2.781907628746315142e-01
2.177801260479798717e+00 8.918433992265498489e+00 4.987513995648980902e+00 5.512299334978796317e-01
2.062967176771104860e+00 6.078362847384936707e+00 5.078140715754962287e+00 1.972446456385689162e-01
2.425104099993653062e+00 4.152273054715318601e+00 4.284306788623347906e+00 5.796763757595111421e-01
1.488050078679661770e+00 8.277547629607965973e+00 4.394794773098452900e+00 2.316936576875884557e-01
1.728879532271764718e+00 3.810764735706843709e+00 4.468714629665453408e+00 2.454521899602853940e-01
2.030577045416066984e+00 5.221025304315980442e+00 4.229647167155440535e+00 3.024852261804076847e-01
2.825449108492097405e+00 7.491341022813822192e+00 5.510290466477719917e+00 1.446296194904934107e-01
1.233201419073085781e+00 4.279819864888356307e+00 3.954406522598017837e+00 4.105749125500901542e-01
2.330255388315048304e+00 3.229982506419233346e+00 4.586940320133548354e+00 3.859070680221282079e-01
1.235181838725494030e+00 9.514557081101331804e+00 4.818384045535488269e+00 2.369040153513298774e-01
2.317977316326383708e+00 4.652553617348885950e+00 4.306823655108118487e+00 5.211268792189160948e-01
1.523078423417675742e+00 8.663377002758418044e+00 4.271778580900418731e+00 5.897231018377131484e-01
1.911596158115175248e+00 1.072761639706703107e+01 4.324794297259304976e+00 2.859750025350646929e-01
1.586282721029806719e+00 7.406036686028907745e+00 4.918569021938877128e+00 2.113735792783824063e-01
1.187353891247380222e+00 6.816661123655647359e+00 4.912555196607627295e+00 3.212164682330408416e-01
1.905118138434889197e+00 4.633556574009815243e+00 4.308140941208638885e+00 3.100443744147162173e-01
1.725658762736350882e+00 8.799133237437553490e+00 4.147760445829991482e+00 1.575431639224814384e-01
2.263165685142802808e+00 7.435516500791947259e+00 4.565363796734479784e+00 3.493607920080327722e-01
1.377427562807479244e+00 3.216001877372847595e+00 4.906166506375916114e+00 2.802304613815534973e-01
3.852297249391575917e+00 5.524533634020814432e+00 5.006309575708965731e+00 1.412991854396893343e-01
1.804692600074690123e+00 6.793132051038758945e+00 4.990872210434055489e+00 2.255904770842792062e-01
1.278248752909148189e+00 4.376855467428626412e+00 4.079726005741045824e+00 2.641622783765963378e-01
1.375469627454801280e+00 7.273263213931897120e+00 4.821014694382199650e+00 2.375534021998469414e-01
1.906560020500459585e+00 6.945312609824431327e+00 3.811773509472894617e+00 2.186616890005262381e-01
1.800915923978236632e+00 4.761108083575500416e+00 4.213082271291768599e+00 4.643502085401040036e-01
1.878435856378053437e+00 6.102447233206841126e+00 4.553780000665398120e+00 3.707575006636309456e-01
1.901289778456081825e+00 5.572981355743434229e+00 4.583247033391613989e+00 5.402168623672773951e-01
4.250431407986017263e+00 4.458885398578341430e+00 4.950818756470291682e+00 3.477524664984467107e-01
1.250938590325444189e+00 4.942451054478280703e+00 4.387614931108607230e+00 2.456992769483411498e-01
1.977650334128189913e+00 6.708821566864365593e+00 4.105989900916974911e+00 2.487654478205608422e-01
2.180102942045125225e+00 5.720632518054250326e+00 4.449305539542688592e+00 2.727209377253592137e-01
1.730658145393835445e+00 6.560894953919503614e+00 3.888566622339214351e+00 3.283340447855296884e-01
2.132872482544203585e+00 6.949551827571730733e+00 4.435486867149358581e+00 1.566343035745722534e-01
1.388522086215172147e+00 3.571499428055490810e+00 4.574656770624584645e+00 1.812264140727596895e-01
2.754536526656116369e+00 6.052160033648038784e+00 4.727344810787450946e+00 3.934328576077488204e-01
2.556873042934943108e+00 6.069612284429664939e+00 4.385271356151477562e+00 2.462312458185340891e-01
2.104514238472555032e+00 7.883081091514260841e+00 4.218507941974803721e+00 3.660398741980094850e-01
1.571592487385211845e+00 5.331196999957632521e+00 4.432140238535687615e+00 3.426738864121452455e-01
1.117364738463535678e+00 4.174540216962313366e+00 4.118836788440821906e+00 3.343237289373688914e-01
2.092925491873073085e+00 1.029125412910605242e+01 4.799597592187919481e+00 3.097212976563175069e-01
2.029817798757730607e+00 6.555591993004169282e+00 4.871585380160003531e+00 4.315636794762638118e-02
1.387287702215171947e+00 1.005700529463458359e+01 3.415356344031200919e+00 5.557328492659106001e-01
1.807066121377637558e+00 3.102848243933846284e+00 4.985038267697357028e+00 2.566266813589171414e-01
2.583055941530553845e+00 5.438497225904607824e+00 5.111639813677134825e+00 3.524301523115211943e-01
1.785561098645835232e+00 5.587508515938808706e+00 4.990251557983055974e+00 3.070876007307371536e-01
2.191732752244471172e+00 3.332713452819647149e+00 4.889524600401150778e+00 1.718800718273514050e-01
2.420861480564231893e+00 4.441208636821233569e+00 4.802870731315740827e+00 8.884135532220158171e-02
2.398442742221154944e+00 3.708767342244621901e+00 4.636446255280000095e+00 2.022760939207744468e-01
1.617505473038677755e+00 5.488000230557447345e+00 3.980826146030158608e+00 3.826163343996795141e-01
1.692506442376406239e+00 6.252589974847612808e+00 4.321283157926728791e+00 4.143389134268607998e-01
3.200998134739990508e+00 2.511226488193505801e+00 5.260642119122853622e+00 3.536164564594153070e-01
1.996400798725520565e+00 7.708673887172809991e+00 4.057496024372253984e+00 3.436111643086988132e-01
1.374879726429616866e+00 3.031239312733188029e+00 4.407879236846277138e+00 3.577963676500081625e-01
1.741670424873901446e+00 6.227692198052565686e+00 4.968055958018272378e+00 1.328460658489627189e-01
9.187574519395176331e-01 3.875223973225898622e+00 3.058286019489822039e+00 3.772248489426797691e-01
1.443245989094453119e+00 3.070505788594816821e+00 3.529453833539119678e+00 2.332217045874638017e-01
2.205117509821737709e+00 3.710903822140489083e+00 4.241468592766884704e+00 4.534475843120088223e-01
2.113499045076209004e+00 5.544139671598260044e+00 5.021580225685005949e+00 7.826114054920858820e-02
1.768373025377264041e+00 4.716180834008164346e+00 4.783858638359870241e+00 1.400497065728972534e-01
1.839880951779622409e+00 5.224625545285415562e+00 4.555019523451610652e+00 1.472276393595721433e-01
2.561981836892779807e+00 4.217132004135718759e+00 4.940045825024535375e+00 2.361694793823269911e-01
1.111912821077049029e+00 7.283420965322350504e+00 4.043189942562051442e+00 2.558625322956598058e-01
1.859225364502232303e+00 3.945384101037777036e+00 4.713955421083919184e+00 3.067501356028482506e-01
2.641262922322590079e+00 3.926860273715245597e+00 5.292004329134008422e+00 3.415602165286656389e-01
2.496840993678233200e+00 6.960419899136446986e+00 4.894669687596648444e+00 3.569570550874975323e-01
1.920986001897945883e+00 4.830018882892495036e+00 4.093713501249867548e+00 3.022681552149296680e-01
2.795755602121917871e+00 5.531596551131823247e+00 5.221769709834808815e+00 1.412990236745956252e-01
1.991697151457173298e+00 7.406624458745789674e+00 3.280864759134961339e+00 5.148194925071202244e-01
1.505898145418997691e+00 3.451469266240319023e+00 5.026658890219134257e+00 2.273386329088397939e-01
2.470152014532041029e+00 2.835127293765664191e+00 4.746733360739321839e+00 1.859047615271416654e-01
2.212327956323955291e+00 4.098149195770949049e+00 4.379652966243999579e+00 3.326523543980207664e-01
1.351728971893910503e+00 3.061849178444711939e+00 4.684706696545891447e+00 1.521231851724405559e-01
1.943221975086282027e+00 4.894360309098690465e+00 4.937068161701143154e+00 1.107711963747729234e-01
2.361189753376527811e+00 5.347825270213050430e+00 4.032927290117806152e+00 7.150721598106599686e-01
1.131664332981178411e+00 4.478418348666278526e+00 4.898317667257061636e+00 1.149417418036017130e-01
2.516841972638367952e+00 5.445496277204986413e+00 4.501761597379556612e+00 3.105702694447070034e-01
2.097622215873531371e+00 1.415022842693761618e+01 4.958836600043118992e+00 1.671620543448880669e-01
2.653305475692063098e+00 4.205674459395326359e+00 5.223637526327332026e+00 9.126440675727409690e-02
1.785588644413102388e+00 6.589994977770354367e+00 4.719784900043072717e+00 2.283652924669813122e-01
1.803695191347425064e+00 1.081782848427659083e+01 4.765112250532613558e+00 1.863122394128219894e-01
2.013935202933724078e+00 3.111847927409260528e+00 4.360627355372455050e+00 3.190806978687810158e-01
1.823014596382043662e+00 4.576575592900901768e+00 4.662281652451568448e+00 2.932689559451417960e-01
1.742354924288074036e+00 3.848400009188595039e+00 4.380092919243502081e+00 3.042975228084567330e-01
1.695909128083257444e+00 6.433148956336011359e+00 3.780873972704842156e+00 4.755951163818559757e-01
1.753961318938822789e+00 3.740970699742966143e+00 4.868670226363659204e+00 2.326940988162628510e-01
1.936620288591476280e+00 6.293204251041327524e+00 4.491808133627732680e+00 2.015039468025911495e-01
2.812365445264472630e+00 4.992716615712530448e+00 3.999804493203485745e+00 3.043774370675232377e-01
2.815038627627429069e+00 7.854061877535738034e+00 4.856856146436379973e+00 2.724302851220275490e-01
2.010869395341232213e+00 5.517289642618372625e+00 5.305851954776266588e+00 2.986647626104739217e-01
2.042698548674931391e+00 8.525071639346466057e+00 4.863013635364637821e+00 3.202342825539800653e-01
1.671975149216002210e+00 3.298977099600629792e+00 4.679234735142611790e+00 3.154586629826822142e-01
2.269363050961574757e+00 9.004390178373904874e+00 5.038078212617683072e+00 1.724728672470267066e-01
1.481291582099086845e+00 9.639920218583100109e+00 3.983839162254680488e+00 3.478895610573988217e-01
2.136774886690613773e+00 6.112400246519622549e+00 4.943569805173924969e+00 2.342471563709503102e-01
2.210916098060513590e+00 8.605097587572318574e+00 4.524519863540892750e+00 2.513174760087527049e-01
3.675837812629775936e+00 3.675509967675570699e+00 4.754271833902699917e+00 2.196435563387437173e-01
1.310724481138760389e+00 6.527747226877454345e+00 4.604050618342397705e+00 2.925614239249951787e-01
2.165453276197783605e+00 1.000046059179748248e+01 4.705350643682473688e+00 4.528090944798813799e-01
2.146187836456642017e+00 5.375067210803834428e+00 4.842049700762665054e+00 2.163934133690539330e-01
2.868668410351260523e+00 8.605887752848037309e+00 4.153052874255624083e+00 4.505438271314167187e-01
1.371449009716223744e+00 8.856192670880048468e+00 4.166558371188630261e+00 2.397595792578425256e-01
2.608799835639429965e+00 4.215339496284409293e+00 4.692165793553019881e+00 1.809650911151118036e-01
1.309719171245274927e+00 2.883130555639275006e+00 4.002342401820246032e+00 6.014436707887497180e-01
3.301239583591622395e+00 8.863494224347327588e+00 5.139876317451562926e+00 1.895252698142894376e-01
2.108602231286974327e+00 7.134208894835949444e+00 4.203710411334270702e+00 3.993767801695692343e-01
2.518546805350510454e+00 7.600441286292348053e+00 5.229012249843513871e+00 3.473453217170776597e-01
1.586293505305530038e+00 4.963472541240103730e+00 5.160162352736774594e+00 3.341175035928921067e-01
1.911200659686522529e+00 3.933948988359055932e+00 4.936576939966688116e+00 1.696633779304168310e-01
2.476156577032075923e+00 4.347252354973996979e+00 4.365181973121374348e+00 2.541792899754530266e-01
3.307382960682411444e+00 2.704656212224332723e+00 5.201277157669324858e+00 1.912656234585341508e-01
1.600185902111609382e+00 3.880073086188965181e+00 3.860960359424833843e+00 3.854767785505668343e-01
2.849712523977971479e+00 6.088425465206258380e+00 4.834728247600025064e+00 3.276865849707081835e-01
1.722451977303020687e+00 3.714457626455406114e+00 5.031280419488116884e+00 3.763331362661477275e-01
2.638654282627924452e+00 4.812062272940679897e+00 3.716833007746649375e+00 4.650525034159893045e-01
2.299133507274315313e+00 6.544844163772653545e+00 5.057103930941418746e+00 1.019580152431363573e-01
1.183668298069104452e+00 5.229896085735661337e+00 5.338519692221638024e+00 2.315549784909136100e-01
2.029008189130172557e+00 5.132101506023320603e+00 4.248583876857553676e+00 2.155627853198315291e-01
1.825511811056811595e+00 1.043220349579917894e+01 4.423279437228559985e+00 4.220042718873228682e-01
1.682393399981386262e+00 7.130664879862891326e+00 4.010108521449764041e+00 3.268785225763582991e-01
1.749064972406471519e+00 8.524566937020827240e+00 4.818350046842598822e+00 1.974753396021258212e-01
2.522957277570691215e+00 6.247185832744755807e+00 5.023142883640418610e+00 3.807036609115759807e-01
2.476511354828241362e+00 5.584321768308256217e+00 4.890963421286841140e+00 2.247279324724886229e-01
2.199927703505526910e+00 3.276571237559630312e+00 4.738663785437494447e+00 2.086283015709091970e-01
2.006672153182894380e+00 4.944009085600965747e+00 4.581861598609850539e+00 2.507405651323990070e-01
1.875193177156181612e+00 6.991568883339293272e+00 4.617092605788845283e+00 4.895865501807687425e-01
2.271063906395387466e+00 8.515241975877279046e+00 4.895543459919146301e+00 2.031556908904872949e-01
2.779863698042877473e+00 2.817383781332580384e+00 5.113826784889583976e+00 1.196089831717645074e-01
1.559721965805376920e+00 6.389494036588317272e+00 4.420160355965698784e+00 5.217700227937274171e-01
2.913751124501577916e+00 5.990162107504636069e+00 4.824120714170746282e+00 3.324010973998789420e-01
1.412545481735739461e+00 5.969001527016832398e+00 4.561266111239636878e+00 2.080903569990858459e-01
3.440957078703027250e+00 6.929388239392793025e+00 4.847422896824378213e+00 2.450027959310054348e-01
3.469950938794712503e+00 8.905984090470502323e+00 4.645336862611586071e+00 4.067737726553481425e-01
2.491448616051043619e+00 2.529652704323181567e+00 4.753879938546870854e+00 3.088192364950765878e-01
9.405651785842388257e-01 5.088585945161721469e+00 4.146247508476690768e+00 3.306949705768963410e-01
3.047345653120665965e+00 3.329243238599601362e+00 4.616381530329767280e+00 3.840815000796035661e-01
2.325634757572371036e+00 2.619004322754832081e+00 4.658851348086558097e+00 3.101010451404135337e-01
1.942152515399113044e+00 8.820087632825789115e+00 5.075131331186283568e+00 2.197979130318301888e-01
1.680638505477176414e+00 6.635228128481757359e+00 4.626836217305174692e+00 3.283292719086192690e-01
2.783650972648070265e+00 7.811191355015496107e+00 5.211815006742006595e+00 5.239529812655926433e-01
2.830364800312479723e+00 4.263294558203983620e+00 5.708728561058991069e+00 3.785639221982535774e-01
1.484116774029434982e+00 6.840025376280040703e+00 4.625722508810054201e+00 8.665291557854361282e-02
1.679110428654604803e+00 5.995151663370013928e+00 4.565364432000517780e+00 1.777933460493185680e-01
1.782732184437305634e+00 5.292613617461360498e+00 3.950271168149719792e+00 3.600382301885086678e-01
2.964541554847847760e+00 3.565205496156934828e+00 4.922515614380007065e+00 3.263769496305911066e-01
1.469260452406438988e+00 5.919979596478127881e+00 4.609232488220361468e+00 3.505573437036485496e-01
1.253372206417982415e+00 9.110197433350911922e+00 4.883101166566587992e+00 3.803394123161306095e-01
1.506506620519080020e+00 5.988863664042481716e+00 4.725566757890252489e+00 3.510074406691604532e-01
1.233139101888885536e+00 4.073024065068426403e+00 4.932459899110952506e+00 1.912964219172396951e-01
2.368390942652899511e+00 5.788284943497211010e+00 5.275368124233461131e+00 5.443342559226541089e-02
2.134438569552915332e+00 2.911499967277339618e+00 5.119868061580932661e+00 2.057061193209106797e-01
1.678639369829946659e+00 4.623389059395165646e+00 2.514509082831568154e+00 4.510531299337263156e-01
1.449991411294425658e+00 5.425531404893274789e+00 4.512134712543215187e+00 3.404437553660655258e-01
2.453523396039507531e+00 6.090232694974736738e+00 5.242767998255612127e+00 1.776379479498610969e-01
2.210036681092825805e+00 5.325616501718406504e+00 5.119007918263942969e+00 1.268949760284558692e-01
2.676152206997314487e+00 1.106588745828263143e+01 4.201607805083360070e+00 5.000961314666665380e-01
2.978947653684816732e+00 7.699302195793941372e+00 5.116315908109833721e+00 3.340742260576838318e-01
1.850237252897852125e+00 5.855130099456581583e+00 4.518098707694393923e+00 1.838456861293986944e-01
1.628128883775840752e+00 5.733586085534736476e+00 4.230981345562486950e+00 2.028477605900802505e-01
2.283797801066880684e+00 3.413986575809693669e+00 4.542140872890803927e+00 2.154988075299387185e-01
2.509505187059388298e+00 4.986554476893899412e+00 5.047234837512958094e+00 2.558363092632678359e-01
3.103953256803408500e+00 2.659764187312471773e+00 4.989037816453723018e+00 2.139210106752559848e-01
3.558815070856838680e+00 2.985375684552303621e+00 5.396744219061992531e+00 1.838844544673199355e-01
2.270923724687666123e+00 4.642995097300340213e+00 4.687365369829851858e+00 2.399252681211118121e-01
2.182650240772352035e+00 8.550121440882415769e+00 4.750503039337898414e+00 2.547088210669939956e-01
2.307804027995998375e+00 4.007444728857592509e+00 4.429189431605557559e+00 2.799710885373908886e-01
2.255649617304784194e+00 3.507865717200676414e+00 5.013340343074035310e+00 1.495514552172234612e-01
1.380631686319706342e+00 2.789706289695422115e+00 4.577435747288519430e+00 2.892504529168398175e-01
1.925959236622845738e+00 4.317330685919616329e+00 4.327662270667143929e+00 3.391870400037378386e-01
1.175639332876520449e+00 7.811764763962061764e+00 4.303305299932933536e+00 2.428910069975763752e-01
2.596527623528491535e+00 8.076438424212966538e+00 5.158155278292115398e+00 4.911105139841232536e-01
2.025437688360815169e+00 7.405328963155065836e+00 5.060742778230622463e+00 3.193255773729706259e-01
2.021046923653620375e+00 5.360468885028702779e+00 4.491404879961057972e+00 1.567941071132955000e-01
2.161590768168619725e+00 5.185932762465812473e+00 4.924525396037498837e+00 1.959648377755640880e-01
2.187806454752091234e+00 6.430047233594451406e+00 5.130788601551962813e+00 5.964597332364922622e-01
2.494278099258474324e+00 5.954191050920900175e+00 4.813761769949237213e+00 1.264238479023228057e-01
1.713584589500197097e+00 7.723115415067708156e+00 5.423601900132509535e+00 2.515509978442952987e-01
1.692831268036299353e+00 3.729079264771714364e+00 4.291741985344328825e+00 5.278224499851446039e-01
2.679036401205749485e+00 5.061360849877509338e+00 4.832310532906610057e+00 3.444169582358231896e-01
1.826507202087490622e+00 6.695709751868424320e+00 5.200721585989979801e+00 2.630725521011314516e-01
2.281400904179536226e+00 4.242866563025241788e+00 5.153256852035389635e+00 1.667242474463397350e-01
1.582533786157345412e+00 5.868630659831843843e+00 4.961283042540037158e+00 1.131510565321591916e-01
2.253183160336223789e+00 7.739445807977134884e+00 5.421548675583840016e+00 3.214582500513120666e-01
2.429136770865473416e+00 5.535226834887922109e+00 4.747525527727712635e+00 2.596506397809263955e-01
1.479931639155995127e+00 5.834423993195419378e+00 3.954114549453106253e+00 3.208384742472102924e-01
1.663532891652036660e+00 6.020866615596798255e+00 4.178950497923470841e+00 3.246023416104167336e-01
1.714891715701152508e+00 4.943547279664731064e+00 5.226065273083220220e+00 2.866006766427857677e-01
1.512763678915274967e+00 4.782901877674869517e+00 3.891445576830936837e+00 2.761845885496076458e-01
2.393435538569854248e+00 6.177810113255919333e+00 5.251130844479090065e+00 8.617337034012803598e-02
1.839908325256578880e+00 8.333610123024719485e+00 4.539036437912395527e+00 2.619650209167821986e-01
2.233933993141040020e+00 4.502050147134033509e+00 4.485679885930435873e+00 3.525565669411596104e-01
1.904493907344329440e+00 1.181895155387458196e+01 3.438251553226383095e+00 5.579507775922049051e-01
3.013709552275927184e+00 7.468141382933901617e+00 4.936770866783497524e+00 3.106432793314056195e-01
1.815820662444884936e+00 5.777237037472534809e+00 4.959817496433750250e+00 1.318449953887012582e-01
1.734625014322200620e+00 5.669178867014823986e+00 4.756700134922368761e+00 8.114593184514413970e-02
1.278291987143323372e+00 5.487054359813288151e+00 3.574574594126017857e+00 5.743622051312755605e-01
1.950954429630231690e+00 5.478710287605765394e+00 4.758566572126422756e+00 1.625425771120217744e-01
3.052137719473447586e+00 8.332030351378591604e+00 5.619977056825497641e+00 7.633454534276659653e-02
1.666061577955952666e+00 4.459686322743438680e+00 4.604883609423209734e+00 3.358484665567008642e-01
1.843660185829498754e+00 5.393169395533413457e+00 4.989890010854326263e+00 5.995406679352937029e-01
1.465293175553583849e+00 8.777634062788804314e+00 3.930872219157298453e+00 1.989637904155835968e-01
2.983853251609684065e+00 4.573270031502726596e+00 5.072895868467147018e+00 5.856396555689055705e-02
2.707281933592823986e+00 4.856293370550716304e+00 5.076907791725575159e+00 4.124984092790641710e-01
2.735542894135301051e+00 5.738723037452576392e+00 4.364073557202432063e+00 3.660001170656139724e-01
2.274790848660033227e+00 6.961360473848438701e+00 4.810855797206952111e+00 3.588187689335269881e-01
1.401627909212037615e+00 4.334819508224020623e+00 4.387984591314637584e+00 4.253399047074015171e-01
2.125135744361943857e+00 9.120365662721729549e+00 4.552602667059754360e+00 3.244546612968977062e-01
1.336040799689580894e+00 6.493129288218177031e+00 4.659178949210075693e+00 3.485888154396392102e-01
1.701878025657726168e+00 7.782574806774626985e+00 5.108376914663313784e+00 1.057380270372625664e-01
1.892089319297333150e+00 6.680158811414663056e+00 5.172901264562695722e+00 3.090227452119662654e-01
1.511835220383140888e+00 6.228443405959082746e+00 4.729770674443203760e+00 2.555033661932382683e-01
1.514910536437490629e+00 5.351841379493128770e+00 4.890788818728166731e+00 1.434435402274198967e-01
1.872819990380459210e+00 7.461194775400574741e+00 4.611037070023898288e+00 4.241442519316715454e-01
1.601136278608541019e+00 7.569968193607008011e+00 4.756280786165571151e+00 2.390410833999531692e-01
2.417179619987070982e+00 5.220376403072120475e+00 5.093748094358482525e+00 1.431754183535937086e-01
2.027989931174351224e+00 5.002944512395314014e+00 4.918060034578640050e+00 1.935609938833781629e-01
1.657779690491645086e+00 7.290674117350985917e+00 3.813442743332609020e+00 3.240484447415928337e-01
2.080467183770366102e+00 5.786340490819581461e+00 4.496154325998107382e+00 2.563087630214282986e-01
2.000072149581434644e+00 4.701294327129712514e+00 5.123844072698224394e+00 1.572598553531897037e-01
1.759439859004380491e+00 5.551639163241964603e+00 4.858938624146092344e+00 1.725716808569456306e-01
2.036253905448746071e+00 7.725926810611624340e+00 4.483093794864601911e+00 1.869913690058542521e-01
1.947186787234149286e+00 5.242753009824189903e+00 4.898068877091604101e+00 8.963074164295779800e-02
1.270572745103724976e+00 4.988978739473151514e+00 4.431496225688775326e+00 3.082371439057006723e-01
1.677664744178057443e+00 8.760432121068470579e+00 4.595312539704750954e+00 3.355830549649571615e-01
2.085816646977326716e+00 4.595897291814733165e+00 4.482484171183597432e+00 1.557913307944970571e-01
3.137361422277789913e+00 5.057251593540997625e+00 5.256146749433209919e+00 1.716240587713768750e-01
1.829568703148593878e+00 9.975220697895183619e+00 4.563650872595705899e+00 2.942037153556913420e-01
2.176012430525565033e+00 4.269411018030041305e+00 4.776293489162189765e+00 3.386280383297340379e-01
2.216879801134931771e+00 5.019276267010100767e+00 4.952473665798139635e+00 2.726827644214531166e-01
1.935238250930204629e+00 8.094134368714161809e+00 4.866246925901206666e+00 2.106685489727908867e-01
2.364993257681129446e+00 3.413406905229336985e+00 4.694850628853038721e+00 4.324357979323609213e-01
1.680829766493523225e+00 4.163734156924186358e+00 5.167850957214897178e+00 3.964976186689619930e-01
1.983718887690715915e+00 4.123270822742327368e+00 5.205043362782748595e+00 3.125824997118481496e-01
2.428942168540943580e+00 5.682230012241327621e+00 5.039905920088853186e+00 1.376898501381997875e-01
1.683086433066649290e+00 3.754643998372961367e+00 3.956376107806330200e+00 4.427187176497219268e-01
2.015742320929457154e+00 4.732436679896147247e+00 4.883973149105152345e+00 2.153933268749177454e-01
2.061980898151340558e+00 4.275449121714311573e+00 4.316250585223273539e+00 2.933267495344224485e-01
1.855223797823237319e+00 6.688825394086833853e+00 4.265946649005547542e+00 7.033915064616457213e-01
1.798943127890463289e+00 5.558004730035189134e+00 5.185162018893113789e+00 3.018188685471834831e-01
3.006411306079498580e+00 5.683959835835032948e+00 5.322215122176795710e+00 3.967753277639828879e-01
2.283518010030233913e+00 1.271922437109606641e+01 5.082970113530292267e+00 1.921792752826286255e-01
1.153172488330293177e+00 9.320608754852505839e+00 4.374398292446754155e+00 6.397911506763590550e-01
1.476505206194877795e+00 6.091868054128882548e+00 4.562827455913450514e+00 2.403202362432266259e-01
1.907840528522532386e+00 6.147932450191648357e+00 4.536119197897662048e+00 3.745057767329124099e-01
1.431961166195748314e+00 5.217729606440805412e+00 4.266221078603178896e+00 2.273835145883964792e-01
1.494808063409515553e+00 6.686624164475436061e+00 4.948721732195489054e+00 2.599118352685719779e-01
2.255780044832866871e+00 4.491760800175318202e+00 5.395804280219112847e+00 3.796923510941158098e-01
2.031967916685723630e+00 4.007569043957041721e+00 5.183684551742223867e+00 1.116408034235211455e-01
1.172127075969735310e+00 9.390584154233300396e+00 4.210395702631306136e+00 2.684831295606289192e-01
4.240989323687638368e+00 5.752137303266709800e+00 5.390232322240492202e+00 1.243586644784047124e-01
1.666246139064012199e+00 9.646982500106451752e+00 4.616871542337233514e+00 2.446321392497362579e-01
2.632304291240091132e+00 5.908185195131863132e+00 5.356936258449380261e+00 2.537953536700576773e-01
2.109424291997172851e+00 3.573531464665121060e+00 4.617517073234846947e+00 3.907574932720207506e-01
1.875858735188762338e+00 4.211899012534835229e+00 4.761937931718524197e+00 1.849930867514703592e-01
2.070802123693564756e+00 6.085088833403575315e+00 4.648211288556733933e+00 2.162364692765250118e-01
2.247065671050232805e+00 6.362727564935706681e+00 5.007283125211902330e+00 2.964816595815839007e-01
1.239372891431195223e+00 3.634305912974918673e+00 4.234709427608561505e+00 2.981700935904032512e-01
2.125122892685044729e+00 5.644699390683848073e+00 5.085478217440734028e+00 2.124208275212941810e-01
2.183838492535449483e+00 4.362417745138868597e+00 4.518447089185708698e+00 3.317773527699533487e-01
2.052223562097280851e+00 5.120444060879248305e+00 4.628651004424042981e+00 1.523728351472912190e-01
2.061502311371226082e+00 7.686734182062020082e+00 4.202658314846326348e+00 4.207963580593618858e-01
1.907119672849284076e+00 4.419941773510920768e+00 5.198540637022343702e+00 1.918720866703070849e-01
2.736112459971915101e+00 7.578601059807449580e+00 5.269066786843830563e+00 7.138899800424347575e-01
1.471544063878625908e+00 6.109670454157531516e+00 4.046580137685396927e+00 4.002321301605167303e-01
1.418950558397918726e+00 3.237327120159898097e+00 4.954171791613847908e+00 3.536873279017604399e-01
2.723677713689406144e+00 4.552065117123309079e+00 5.250486802376882700e+00 1.565340669600962520e-01
1.914474597225902075e+00 4.938599726954466362e+00 4.174080935628130540e+00 3.164652321315062911e-01
2.403934473154723861e+00 2.986533297183237234e+00 5.037357770474679697e+00 1.923947221979714073e-01
3.101860305425227615e+00 4.439839669873735239e+00 5.175648243228889278e+00 2.028840056958294558e-01
9.900245304132584412e-01 5.412615959600112880e+00 3.493956822343670776e+00 6.024142808144510308e-01
2.125544617085555199e+00 3.817712762569851481e+00 4.790436819345697650e+00 1.315261272277459259e-01
1.727002501950716695e+00 5.815423688217892462e+00 3.789738684631494436e+00 2.531993241543380457e-01
3.782144952131535121e+00 3.339741571081741967e+00 5.580050493187397542e+00 1.470044392973949288e-01
3.325026739299545397e+00 8.699040119438485874e+00 4.809114003900076817e+00 1.996037903908143840e-01
2.642203766704250611e+00 8.132845078043819953e+00 4.510260577476937094e+00 2.444295698277204609e-01
1.454254632281934523e+00 4.709039463514086421e+00 3.646815103033158589e+00 5.190135925480646728e-01
1.257698116687372192e+00 6.814587351973531604e+00 4.681420040773047297e+00 1.186669204568115421e-01
1.823522078771038668e+00 7.289762859181502463e+00 4.161604544090716118e+00 3.161791549939184098e-01
2.086712024029416579e+00 4.271253597874768992e+00 4.754818859568544553e+00 1.745073933259783661e-01
3.358230980994497905e+00 3.826449385300054740e+00 5.052863252432541863e+00 2.450566547413081664e-01
2.390876436575488206e+00 7.415720476440283093e+00 4.842837687527669743e+00 5.367986247109809428e-01
1.883277776741774101e+00 4.589606684076874998e+00 4.925893541846109613e+00 1.352461000232254573e-01
2.494507979505082407e+00 6.506229068392147319e+00 5.259017431441572299e+00 2.201761838797916537e-01
1.465382360945157059e+00 3.916787898409258784e+00 4.316945392815971339e+00 3.731924877363623216e-01
2.526131886667335014e+00 5.469115830717862003e+00 3.522614575021288275e+00 3.791405499469912010e-01
2.752236319680726240e+00 6.557022267920892489e+00 4.351351283366794220e+00 3.776434681239154711e-01
2.014834108811957680e+00 1.013969527978834684e+01 5.216392714338534020e+00 2.915399107320151839e-01
1.540876344278069077e+00 5.291952794931892079e+00 4.945173640246396829e+00 2.133912437735670242e-01
3.042639113620782432e+00 5.867615423126197882e+00 5.360663709220047757e+00 2.335554249629679946e-01
2.953394827364412389e+00 4.522652255188700288e+00 4.048731592528472589e+00 7.236002262761618287e-01
2.021381265166469099e+00 4.085949110427193887e+00 5.229294038853859128e+00 3.780247048730102644e-01
1.946647832987011384e+00 2.789861888066980100e+00 4.112799366779307242e+00 3.633774331041972339e-01
2.563284543079024314e+00 4.642480610217255332e+00 5.083040871460900334e+00 2.380475624864344664e-01
2.830643623721836644e+00 6.638211727696799791e+00 4.675090918252691630e+00 4.302669934813390662e-01
2.649144214069645731e+00 5.712473298463911497e+00 5.065015909735810951e+00 1.884098071498544469e-01
1.821504966048004936e+00 7.615729804916265167e+00 4.992198957190860931e+00 2.772568601906947872e-01
4.109513311715175199e+00 8.662454767794789845e+00 5.219112668750873318e+00 3.103756408525578103e-01
1.537024197118257440e+00 5.206351502933579845e+00 4.162810221771628960e+00 8.889648754412626808e-02
1.550466836729258668e+00 3.274470517051440321e+00 4.807679549825812693e+00 8.491350335686537187e-02
1.840359657936877280e+00 2.929032257595312050e+00 4.993427093112350335e+00 2.393387352469693585e-01
2.009400380667933472e+00 5.605274892654346530e+00 3.946281217857135371e+00 4.766768290687246057e-01
1.985725788466760733e+00 3.104136427786845065e+00 4.577193553520813474e+00 8.608420806672507919e-02
1.709075448703549327e+00 4.192955929203622922e+00 3.927368526498006496e+00 4.891747021855867850e-01
2.120023033950181546e+00 5.264027670397854131e+00 4.627654786757849692e+00 1.475346346824382149e-01
2.102405143150325895e+00 9.431582047655949097e+00 4.954246720416160876e+00 1.645871463214960695e-01
8.445021999959468895e-01 5.967065375554817308e+00 3.638192290469465018e+00 3.831951658072105804e-01
1.556560158931560967e+00 3.673439970663644250e+00 4.585154978167198969e+00 2.044842185154485403e-01
2.232472481643659634e+00 9.794896617276902973e+00 4.803820775265164933e+00 2.352750107690230741e-01
2.364432985862016778e+00 6.316305251982273106e+00 5.137111111661492480e+00 3.536757243863882239e-01
2.104696112875875436e+00 7.070069432662630327e+00 4.353618732848580919e+00 3.697642053440201027e-01
2.159795161766721705e+00 3.393474236083183548e+00 5.515742563531198073e+00 1.772807291249919315e-01
1.672815701371178854e+00 8.768006161541267218e+00 4.682353548409707855e+00 2.474877372542543530e-01
2.225395881133788389e+00 2.682367942157739993e+00 4.036922939480917627e+00 3.850593639533730905e-01
1.310682498701673637e+00 7.432280898828832250e+00 3.764373268693296026e+00 4.768792939177681767e-01
1.717373386080145448e+00 3.468110505980689595e+00 3.747846845802215832e+00 5.253941951654154119e-01
2.714195202409569685e+00 8.435992408773779871e+00 4.841195218807260225e+00 3.067006134367595838e-01
1.640297263721875121e+00 4.930555344657435946e+00 4.693229356193838520e+00 3.242297298083821611e-01
1.567739741853981128e+00 4.745738846585776827e+00 4.901722023360036040e+00 3.864584705440289869e-01
2.123786278418013929e+00 4.038307214955143110e+00 5.084415623479513258e+00 1.125943672085217145e-01
