# 500 (alpha,mu) samples from hierarchical MCMC for Toremifene + Kv4.3
2.259662084730670095e+00 4.869267302483674342e+00
1.668726377783613657e+00 4.737714362951217950e+00
2.290992274673286921e+00 4.483598844002220751e+00
2.033076013014649241e+00 4.695564376843130105e+00
1.974458518574396138e+00 5.259364427698964839e+00
2.790074467982282869e+00 5.400398383665409696e+00
3.009168181809215525e+00 4.630444450207801488e+00
1.161262452562370040e+00 3.921325614778982338e+00
2.073094561807166780e+00 4.686940853623742242e+00
2.847512883233177750e+00 5.116259836736030131e+00
2.568599114438256947e+00 4.944852512700833813e+00
1.332496100690491847e+00 4.080026013114878225e+00
1.392762379176828436e+00 4.213482052676940093e+00
1.381778275249665455e+00 4.205693644442645152e+00
2.088615130831282585e+00 4.749570612124855096e+00
1.907260932374756468e+00 4.858723051674837201e+00
2.130242537324844587e+00 4.711579904370404748e+00
2.051204877754530198e+00 4.003551417873979723e+00
1.865601096910977308e+00 4.781396337201146096e+00
2.065010428384589591e+00 4.427923234911694372e+00
1.834912838466352225e+00 4.809666262061067954e+00
1.888328876624870922e+00 3.807642443918985542e+00
2.856275935526790377e+00 5.314995916691970912e+00
2.338448085187970538e+00 5.222385572272030707e+00
1.770844753359257950e+00 3.568670124732836957e+00
2.602389308348961539e+00 4.971889301849491183e+00
1.814367273556563465e+00 1.856039625751462419e+00
9.265052146734006344e-01 3.768349179855772224e+00
1.784703287691024931e+00 4.670645891831581409e+00
1.884696002820099858e+00 4.636500801197081856e+00
1.813107392222029990e+00 5.091993754880014933e+00
1.775798191268248338e+00 4.058778444317379552e+00
2.211183723852407468e+00 5.075649861255539186e+00
3.415717842265122428e+00 5.021362342828197711e+00
1.230073433844780295e+00 4.392962533500425870e+00
2.340448322244458090e+00 5.392809038864569082e+00
2.224235476996159200e+00 4.477819398921679905e+00
1.605719179437596678e+00 3.369495878086802954e+00
1.294728045427269603e+00 4.515358816838400458e+00
2.183778590595044200e+00 4.883263246612099096e+00
2.085111569207799054e+00 5.095136348657345771e+00
1.913342323407448697e+00 4.851782733141302373e+00
1.261250612444056785e+00 4.287715406164059218e+00
2.467813292117406299e+00 3.779856797765648313e+00
1.443351269702729534e+00 4.863101849090663009e+00
2.190158343875454161e+00 3.445607181112072759e+00
1.484491517001064187e+00 3.629585121493501987e+00
2.389182792165101432e+00 4.833702142775961441e+00
2.379661378311734410e+00 4.951601832075447795e+00
2.557459676614744826e+00 4.657577554338204529e+00
1.913263544761025337e+00 4.746182992918055454e+00
2.336076723488970774e+00 4.332283572354644896e+00
1.639551673453692793e+00 4.839707175797105521e+00
1.877398586906978473e+00 4.763144386437133448e+00
1.875469674527675323e+00 5.171627529409751567e+00
2.914028652915834794e+00 4.662926341821424181e+00
1.484406930067653896e+00 4.475524697574419619e+00
3.370239397841582552e+00 5.253399240143209248e+00
1.825031261865219578e+00 4.495253711149842957e+00
1.787362998689911331e+00 4.100007923022048750e+00
2.630350285063365767e+00 4.898851318601020743e+00
2.032458712964622549e+00 5.455609141357689040e+00
1.751456515381119239e+00 4.251508798255769328e+00
1.861459343153339718e+00 4.537505093272137913e+00
2.024104472946917532e+00 4.606113665619970376e+00
2.745957032335850201e+00 4.878634208520115756e+00
1.543318540665822525e+00 4.641259095245745314e+00
1.706881886872349430e+00 4.701419150361269672e+00
1.255415728069152026e+00 4.395257081290225187e+00
1.727353004332258024e+00 4.432338187813389396e+00
2.424521808443759419e+00 5.167932959517026248e+00
1.831214971866191199e+00 4.663144093345299446e+00
1.678987971001086210e+00 4.221722685852062895e+00
2.390851496294861267e+00 4.882064012517962404e+00
2.627148578389621569e+00 4.039389572939266593e+00
1.769523096367580317e+00 4.682079280499651830e+00
2.649700997143467518e+00 5.026160244138170974e+00
1.084560087145136187e+00 4.186598462011314581e+00
1.729997384877450362e+00 4.059925552850641495e+00
1.319022400393385475e+00 4.388287827643877925e+00
1.420778272547635890e+00 4.595978469328261262e+00
2.202610155421335314e+00 4.898072175348930912e+00
1.919922493697825194e+00 4.715209748971853188e+00
2.612411930933105086e+00 4.700141036154137808e+00
1.870308979367582891e+00 4.835445915811833473e+00
2.012063141659666599e+00 5.001841953683734410e+00
1.486930718622797798e+00 4.189334514336373161e+00
1.913474385468202366e+00 4.205128602994041565e+00
1.929939436689625865e+00 4.924892681111434634e+00
1.176557041389156844e+00 4.152463731371861755e+00
1.505814831593420555e+00 4.692879386977932832e+00
3.200180871176259156e+00 5.156981834193592462e+00
1.750581875564654721e+00 3.665613304569020681e+00
1.791303017669963138e+00 4.946955725079827282e+00
1.944561981600914535e+00 4.677873727941837423e+00
1.685916164726826594e+00 4.524529447756452605e+00
2.555487129475287222e+00 4.677967520077606522e+00
2.161853442900945943e+00 4.480587537201847326e+00
1.569477249074347158e+00 4.447775170985007520e+00
2.108053229593637390e+00 5.227730326134370387e+00
1.888559858047829554e+00 4.404050245337048253e+00
1.534414583365178109e+00 5.012204732836360144e+00
1.752842178072703261e+00 3.324351878329094401e+00
1.725284062463050105e+00 3.784271949834454585e+00
2.762622885043330978e+00 5.147562161072025688e+00
1.909238318409139490e+00 4.951292359184105152e+00
1.870541187773445468e+00 4.869090120246608144e+00
2.967298393879146623e+00 4.966565186117662734e+00
1.884821982170508559e+00 4.897645596031190429e+00
1.644548266989245722e+00 4.380802676839434362e+00
1.598709456441451016e+00 4.624347126221184823e+00
1.523160267739543494e+00 3.945594406812794830e+00
1.693302932021177654e+00 4.342835555948493464e+00
1.888889043552504310e+00 5.467244386357710262e+00
2.212791735875941246e+00 4.940898230856033635e+00
1.786167751265723691e+00 4.451324360276280423e+00
1.349372897859785203e+00 4.503184608222454699e+00
2.532133330253686143e+00 4.193198122579988585e+00
2.855534767141651997e+00 5.306024313220181199e+00
1.624038058082717617e+00 4.743054492961245927e+00
1.963211555008805176e+00 4.544750145804581365e+00
1.600824095039778294e+00 4.252482386766220479e+00
1.823079147435680669e+00 5.036675194047145254e+00
1.033643764495667305e+00 4.290390089068003121e+00
1.265522504561082506e+00 4.268663228116100328e+00
1.905342830418056188e+00 5.223651973885719002e+00
2.432917623631758453e+00 3.826593239159270965e+00
2.047162427402627660e+00 4.666017709373049271e+00
1.116402007935741292e+00 3.470879728948249365e+00
1.837649208223424147e+00 5.581507408672289117e+00
1.515251091668877725e+00 4.680809926103321139e+00
2.299888230106324816e+00 5.074286695218821919e+00
2.047637489916765752e+00 5.154529575354307447e+00
2.016400771743158682e+00 5.078528220154471029e+00
1.806629826466436217e+00 4.596417993080409659e+00
1.683902476181103669e+00 4.064499190453476629e+00
2.060765929987790290e+00 4.899320513938457466e+00
2.621269268653267037e+00 4.590818688565533101e+00
1.800052032188591555e+00 4.537309330213181724e+00
1.557035668881483481e+00 4.652639472050205782e+00
2.482227211275700451e+00 5.009593942263137478e+00
1.397534377000969386e+00 4.030777578175485765e+00
1.878932817174664649e+00 4.566834047443715683e+00
1.144329471826524447e+00 4.770511598174778101e+00
2.238683978126858598e+00 4.933237287416893047e+00
2.100416746397893775e+00 4.595027145905896226e+00
1.699152104371741911e+00 5.065238631097742861e+00
1.915329429741110978e+00 4.294813681341963729e+00
3.572071329681989926e+00 5.314825693389164663e+00
2.778882178016398363e+00 5.061121873812044036e+00
2.368292192177742894e+00 4.528619116780375542e+00
1.950310606028576643e+00 4.601463852849539293e+00
1.445481402791642722e+00 4.788220734240117515e+00
1.404883464565923168e+00 4.468011952922167573e+00
1.787404599540610484e+00 4.963597056630977278e+00
1.277297441837109693e+00 4.692514351152675900e+00
2.020893586151485177e+00 4.465194293306153916e+00
2.606580319750066543e+00 5.297686855457277133e+00
1.804061543566750192e+00 4.918977104371242248e+00
1.164536746180522941e+00 3.948452816929391318e+00
1.960313412450542359e+00 4.773862819422348025e+00
2.148428695187102999e+00 5.668202473280604003e+00
1.478128682088312384e+00 4.904617033131786208e+00
1.484683304429070594e+00 4.801726074259183186e+00
1.142747242190621737e+00 4.929259615771872660e+00
2.535981686073928376e+00 4.842932830638098096e+00
1.964715212202392092e+00 5.003914561900458580e+00
2.769909285056847636e+00 4.324371148284714472e+00
1.882706263841301908e+00 4.394489700238225716e+00
3.207929236414777563e+00 4.384054544900372719e+00
1.474878131627086919e+00 4.430747767503196322e+00
2.643995627335329779e+00 4.897914885704374832e+00
3.571145722612631968e+00 5.463434038375238444e+00
1.280439659095990113e+00 4.488148021622814454e+00
2.596796495359102064e+00 4.622952126932596606e+00
2.863303485339554477e+00 5.228970832653683232e+00
2.075242525080478018e+00 5.189978427509549519e+00
1.270253716509934794e+00 3.918575204582417371e+00
1.431858441054882913e+00 4.433892514218076286e+00
1.788521830172819849e+00 4.586950662496513509e+00
1.795441455434413358e+00 4.537036798731585385e+00
1.009629141272093023e+00 3.936018651858439910e+00
2.799143151261167528e+00 5.322549535708684942e+00
1.314571582478713418e+00 3.782178804303614861e+00
2.359103540227400320e+00 5.038483121734514292e+00
2.907295071868769121e+00 4.815866007807945159e+00
1.244801457850110094e+00 3.902825055616522931e+00
1.555135189837255183e+00 4.286337841451037356e+00
1.174028895633752789e+00 4.073891780912005878e+00
2.060900003351632037e+00 4.637181801620570809e+00
1.736765568864276688e+00 4.810833301324617395e+00
2.985136639170367978e+00 5.275844336142175628e+00
1.912796974840010655e+00 4.992143251259496317e+00
2.192245297676048921e+00 4.812304754541188778e+00
8.763102471804540272e-01 4.064286316435520519e+00
2.319143305395118482e+00 5.248795926443388993e+00
1.827208630270425793e+00 4.528432687850520111e+00
2.267479439528187868e+00 4.982277492441613553e+00
1.056176906541530069e+00 3.788512643025630400e+00
3.447648856926665228e+00 5.375541449866498844e+00
1.607498150073941146e+00 4.262919134661122378e+00
1.354525686672839457e+00 4.778710270750455180e+00
2.124906172722250020e+00 5.048043855158550919e+00
1.977000937001027747e+00 4.234626624746646861e+00
2.069637156039066728e+00 4.723117637772407562e+00
1.576055293545463476e+00 4.424995756221816734e+00
1.466772259048032323e+00 4.308311981087005194e+00
1.058199568811619917e+00 4.482423653115662709e+00
2.329127588840768315e+00 5.160772836189334356e+00
1.828404136349501163e+00 5.018210052376105956e+00
1.821355406691996137e+00 4.665091722220811477e+00
1.644323077507416908e+00 4.480002276496223068e+00
1.381778275249665455e+00 4.205693644442645152e+00
1.433737164818184029e+00 4.083143218004283703e+00
2.167927400005157601e+00 5.285850331220227183e+00
2.293188460780868798e+00 4.971805035047854204e+00
2.067914879779432891e+00 5.201101353885751344e+00
1.509225596373899858e+00 4.262111048967506477e+00
2.464464809631408571e+00 4.060931064088035392e+00
2.668637574274193014e+00 4.335632308014053748e+00
2.955301135064154039e+00 5.201588489972622575e+00
1.787404599540610484e+00 4.963597056630977278e+00
1.406648225252559836e+00 4.667829226194657899e+00
2.713498730776140899e+00 4.895357508292573101e+00
2.374305261274322731e+00 4.034197608616735486e+00
1.210756808346702407e+00 4.058837271482536480e+00
2.674428016104223094e+00 4.433145025836100039e+00
2.227518749424985955e+00 4.812629847673069783e+00
1.616156209875871275e+00 4.489635095636126394e+00
2.687743704021562596e+00 5.099829087238145320e+00
1.996053054533656779e+00 4.815789496062479635e+00
1.615607433719607355e+00 5.230363038916066465e+00
2.787550229518536593e+00 5.130525042567887439e+00
1.783618096414945953e+00 4.854264099888971451e+00
2.661599481867857442e+00 5.100802763248417193e+00
2.468969769185096030e+00 4.761575214235134190e+00
1.654005391088139820e+00 5.039695010506857642e+00
1.910265284967419985e+00 4.827770797088144050e+00
2.199052429536859865e+00 5.007893583751293676e+00
2.219319743683955792e+00 4.754736969176548200e+00
1.896804121330761372e+00 4.980994118573217833e+00
2.292347845666828920e+00 5.174832029001446010e+00
2.281088826224141997e+00 4.534078649664261995e+00
2.769195745915028706e+00 5.033755766655372277e+00
2.946263971670632920e+00 4.489576359760094171e+00
2.184177859263342736e+00 4.453411682903851698e+00
1.876647041674396554e+00 5.059347768296054149e+00
2.046023056637040760e+00 5.103791469482388266e+00
1.593198931527796347e+00 5.161938097905828471e+00
2.267654943281852020e+00 5.000906344753849098e+00
2.005997606355079288e+00 3.797513655803290700e+00
2.171412135723003178e+00 4.645720231723941218e+00
1.987312658459054138e+00 4.860812306050301679e+00
1.797804685388636692e+00 4.651332814938614391e+00
2.565303114252804662e+00 5.212627783451647900e+00
1.342828035943518294e+00 4.016956807510942973e+00
1.909668835079902260e+00 4.168890948743043445e+00
1.757328024314812609e+00 3.450056069009653115e+00
2.839464233485433198e+00 4.895879567032807245e+00
3.093155174509703009e+00 5.037527516847560172e+00
2.862829796073615984e+00 4.107598946874130519e+00
2.249080896406657537e+00 4.792931869009072088e+00
1.960108497269172689e+00 4.566909795690298424e+00
2.197748776955910532e+00 4.609491908775597224e+00
2.515241304656885557e+00 5.089936700966996241e+00
1.787404599540610484e+00 4.963597056630977278e+00
1.218600549351327000e+00 4.653991807500010403e+00
2.125704633313242553e+00 5.010657638670038772e+00
2.525426249325155581e+00 4.723550381248599273e+00
1.981885479649889481e+00 5.171211800486958055e+00
1.385323478447978207e+00 4.808396733560496017e+00
2.541371367825104866e+00 4.701074273982966290e+00
2.165945448079657609e+00 4.136442781738008279e+00
1.275023619452752444e+00 3.775507107348632374e+00
1.568975504421059153e+00 4.804608892699580025e+00
2.018192175245126396e+00 4.195176875842178355e+00
3.068106980559402786e+00 5.259032528936514517e+00
1.923315723849562175e+00 4.281781359131839437e+00
1.805207239829359489e+00 4.619753357318230336e+00
2.035189619865348742e+00 3.652487124807284324e+00
1.657430179369726586e+00 4.274443252856270803e+00
2.198555853365857349e+00 5.329821291386106275e+00
3.253157285853183645e+00 5.138846668153036035e+00
1.748602398320076468e+00 4.717852350859727650e+00
2.024224461828272315e+00 4.588028676015039053e+00
1.846324369581491931e+00 4.387003878756541297e+00
1.832107213454206907e+00 4.292848876730297469e+00
1.878217592674618075e+00 5.001122794915840331e+00
1.386636079256234888e+00 4.822500222973729933e+00
1.295966188885190551e+00 4.013552817466283784e+00
1.908712848576313625e+00 4.428320176451067347e+00
1.835611141565667292e+00 4.639342097180572999e+00
1.738308284470895693e+00 4.508329035780477057e+00
1.566586751431338964e+00 4.453089235901368959e+00
3.074209171381835581e+00 5.522258499986529401e+00
1.807642414484195603e+00 4.502140745594543247e+00
1.769273056039440073e+00 4.716173208746205603e+00
1.821938679633143821e+00 5.032956092253797920e+00
1.849076914199395238e+00 5.008289817661049526e+00
2.882855537670088175e+00 4.684001349658301727e+00
1.293210993549841037e+00 4.334796019934134215e+00
1.355492645422827547e+00 3.874160812676882504e+00
2.219264427395753803e+00 5.018270049919811626e+00
1.908590289247368066e+00 4.907511500002063265e+00
1.912051754275613247e+00 5.215441258254608137e+00
1.796227546068741576e+00 4.793344838747014336e+00
1.589164917276722377e+00 4.053616774576195958e+00
2.334138218762935146e+00 5.232797019352736001e+00
2.179529412597824400e+00 5.004703800244906020e+00
1.629274893489391252e+00 4.866153648338310767e+00
2.310898630373804608e+00 4.489774945055371447e+00
1.921592996436420453e+00 4.833564732924430452e+00
1.548871716919406394e+00 4.174806902449510027e+00
2.400006118998736948e+00 5.003001614220764282e+00
1.882627672228327498e+00 4.291703499765719521e+00
2.482866687689238905e+00 4.681618942834577801e+00
1.708375936664262351e+00 4.340486244333454202e+00
1.624044594762458438e+00 4.343181683173963137e+00
1.571727919537043272e+00 3.674463507597896861e+00
2.235399357732309245e+00 5.486300530705547018e+00
1.845749679029984991e+00 5.244389455937950473e+00
1.764486687169712242e+00 4.623230512938475201e+00
2.221869423688096479e+00 4.293599176384426563e+00
1.591283534825640000e+00 4.498801532914221468e+00
1.709389053674756465e+00 4.254555600778168412e+00
1.934036523079383230e+00 4.273446886264397726e+00
1.530838710566128302e+00 4.351831455670955862e+00
1.829999476398406433e+00 4.679147512693198507e+00
2.461868016797484238e+00 4.984657763747780024e+00
2.337707404082129514e+00 4.947786546573898825e+00
1.892237211689883569e+00 4.584605062263626962e+00
2.451402363864608969e+00 5.212086718315837253e+00
2.054899939531437791e+00 3.884130834253167741e+00
1.549159166163653678e+00 5.256837491645518057e+00
1.720299015724531255e+00 4.507755650531446001e+00
1.211956710796773251e+00 4.047073529814707804e+00
2.778882178016398363e+00 5.061121873812044036e+00
2.083367908871585072e+00 5.220597218212424728e+00
1.988606970776801930e+00 5.064761783099601899e+00
1.970923555507695824e+00 4.949960655695389455e+00
2.223127795667798612e+00 4.765549745587613906e+00
1.787404599540610484e+00 4.963597056630977278e+00
2.322520775878716748e+00 4.913750800206758917e+00
1.888424574218682928e+00 4.259334849102068610e+00
2.072002733360602811e+00 4.922843118596549772e+00
1.873540444411559536e+00 3.696686727890422741e+00
2.275708773515913386e+00 4.514142129822600324e+00
1.758359788331017803e+00 4.570839547953611692e+00
1.978124967049664784e+00 4.553195514951257294e+00
2.090406886519052598e+00 3.131650405242170532e+00
2.209993970577901923e+00 3.129392847764195018e+00
2.280102035986727671e+00 4.676710369517286914e+00
1.306489696687721302e+00 4.202602068684349490e+00
1.821938679633143821e+00 5.032956092253797920e+00
1.832474137368752309e+00 4.591737023986055988e+00
1.926348709849316165e+00 4.583691246383908791e+00
3.029922687498320943e+00 4.852185744823906965e+00
1.667653733125066040e+00 4.387339155221540388e+00
2.043037390508295026e+00 5.292681490735327898e+00
1.846219867829190786e+00 5.146557501551464853e+00
2.067843666642506406e+00 4.355588532758072340e+00
2.108682471383811041e+00 4.935684894998825456e+00
1.421301241591858888e+00 4.201404670384202511e+00
2.441730082304379046e+00 5.274621859648156885e+00
2.627820349248641385e+00 5.279037738219138021e+00
2.928138039252070168e+00 5.082677314552886294e+00
1.729881539063106821e+00 4.426306467535246369e+00
1.697368613378722468e+00 4.784922577951397749e+00
1.977507934394997280e+00 5.026598195476886133e+00
1.824945224483345063e+00 4.788045214949952388e+00
1.816103089524380820e+00 4.753443859841943286e+00
2.089044178304319210e+00 4.616460975618156937e+00
2.046181153237663697e+00 4.515159158670563500e+00
2.124298154184048215e+00 4.813312490340727834e+00
2.077747835192874426e+00 4.453850313069105837e+00
2.509196761770347450e+00 5.090996737700279162e+00
2.242687356121206843e+00 4.430516751847441981e+00
2.476077157450839117e+00 4.447758082705139948e+00
2.470484917421809534e+00 4.610197366597421187e+00
1.865954902946203475e+00 3.791384739766470169e+00
2.512178294279031388e+00 5.037155562747663851e+00
1.658131430650305882e+00 4.897871421839171902e+00
2.381406117309881942e+00 5.234729291568908316e+00
2.957992337723037046e+00 5.321371990210103320e+00
2.246175606155405902e+00 5.437412004720994396e+00
2.395827441233065347e+00 4.950626876683243083e+00
2.197959289495193147e+00 4.575744403216990719e+00
2.445712713095787638e+00 4.634039763984446836e+00
1.326214244560497857e+00 4.410014681458100050e+00
3.158319316854076853e+00 5.528457269154730014e+00
1.401247056020675785e+00 5.049480086239581667e+00
2.633785910578814615e+00 5.295555486595497463e+00
2.725568232305630723e+00 4.882634032471710128e+00
1.809248667502482144e+00 4.816142878993354692e+00
1.244362704707217215e+00 3.825512959015567649e+00
2.476904447002292287e+00 5.042457491944785986e+00
2.118387560601477038e+00 4.081329035747564227e+00
1.323521850974341607e+00 4.675633883312217520e+00
1.394105605753008792e+00 4.157045398656044277e+00
1.919344959333692646e+00 4.324649908496927431e+00
1.315850119423968012e+00 4.634000064870685165e+00
1.480111986834174109e+00 4.331973973667666122e+00
2.807785309621034564e+00 5.054475554630835532e+00
2.309838919199713736e+00 4.586468607973886336e+00
1.329540106473131811e+00 4.669399667177613011e+00
2.184321377773078332e+00 4.490842024597720084e+00
1.568260089103049815e+00 5.181756529805075395e+00
1.759145331430454817e+00 4.343158051932372921e+00
2.111243856686854770e+00 4.530112458420707533e+00
2.578402102754040026e+00 4.187265806131780899e+00
2.091611871045446769e+00 4.091500462436148844e+00
1.876888648426509487e+00 4.210818521069763953e+00
1.216702943715833429e+00 3.901004165180139260e+00
1.785605935605038663e+00 4.719326620681633777e+00
2.105134661973813603e+00 3.992156086447254282e+00
3.160332052372641254e+00 5.367628289823291432e+00
1.866605490318298255e+00 5.170936583153640242e+00
2.168277816029506866e+00 4.688505297874346667e+00
1.847092148581505278e+00 5.003739361996616175e+00
1.426220507353749944e+00 4.540298565989082213e+00
1.181858472190707277e+00 4.303532841382880392e+00
1.498788116527291159e+00 4.123966182017635873e+00
1.903162493475930361e+00 4.808666746468217568e+00
2.432449386092239152e+00 4.857499357169290377e+00
1.809735151255399632e+00 4.295176284424187862e+00
2.332798811079543899e+00 5.112689091325316681e+00
2.193995263604726187e+00 4.476924233541611287e+00
1.522363307091135542e+00 4.077331210585193766e+00
3.122896414707958535e+00 5.283631712046911844e+00
2.855052399382108419e+00 4.864736327573470298e+00
2.104600003353551241e+00 4.728681928534342660e+00
2.344444443599436489e+00 5.150034950509196463e+00
2.572855576796142518e+00 4.726154263404782618e+00
1.954848948964786004e+00 4.521872823639644601e+00
1.793582194315402889e+00 4.899727627138939390e+00
1.773798848409089857e+00 5.124169619786900221e+00
2.029382715715597918e+00 4.498815285947658005e+00
2.274176635339936858e+00 5.142210961791774615e+00
1.617630846119401333e+00 4.661822777909373272e+00
2.442491930565131586e+00 5.394538961203307892e+00
2.082387586839663740e+00 4.375783880070803100e+00
1.935150778435350327e+00 4.282072764816073907e+00
1.843634618169250450e+00 4.928821522589228010e+00
1.431344491433293786e+00 4.087737988423502777e+00
2.202065283658520389e+00 5.041632491152075346e+00
2.297923838047976286e+00 5.127240447418502711e+00
1.742740232335781014e+00 4.790995890639324628e+00
1.890679524864166794e+00 5.088289093830866250e+00
2.110872276648494861e+00 5.232301881535282639e+00
1.802653154604472618e+00 5.042850839623902459e+00
1.634451673557697493e+00 4.679361566356977420e+00
1.098441305120909428e+00 4.325250416596529313e+00
1.538328764703707607e+00 4.506254751617350784e+00
1.648576864792968832e+00 3.955426032763703859e+00
1.648682601750764753e+00 4.768272652145832069e+00
2.290309459340736709e+00 4.566723184758270548e+00
1.846719613231731394e+00 4.486468695142840524e+00
2.610552050226540022e+00 4.973065857269312495e+00
2.613011537069135581e+00 4.544868925002170101e+00
1.557863703376151543e+00 4.807002744578050546e+00
2.647634740804934328e+00 5.327285034417868381e+00
1.804293065920498096e+00 3.990716051488818028e+00
1.413050050125825630e+00 2.962337340172857214e+00
1.716815233141914421e+00 4.728092032541685974e+00
1.280439659095990113e+00 4.488148021622814454e+00
1.839229227813969914e+00 4.635821263463638431e+00
2.220115809635092585e+00 5.174120823952342185e+00
3.700264586719884008e+00 5.159156017317016563e+00
1.643391108602903827e+00 4.232376157432974573e+00
1.267379058863758789e+00 4.280364115832878902e+00
1.864419868589632934e+00 5.155342168234571254e+00
1.347542937471636559e+00 4.851930172279651288e+00
1.712058995303452624e+00 4.881923835265324918e+00
1.885472014154153442e+00 4.552465503687279202e+00
2.081164801915149187e+00 4.653639976792590893e+00
2.267479439528187868e+00 4.982277492441613553e+00
2.717700717633192209e+00 4.357287990324546278e+00
1.629198442216344134e+00 3.839455666052246308e+00
1.856806624615140233e+00 4.814505761028447850e+00
2.119727179269100592e+00 4.873372650404493633e+00
1.372442698849156484e+00 4.908493170321149179e+00
2.451748969692367552e+00 4.812743676969079232e+00
1.906995475273817409e+00 4.530944712008751374e+00
1.970724046206637103e+00 5.257814705431759883e+00
2.802753490363195432e+00 4.594023917075573671e+00
2.110421362532523659e+00 4.739514746036895154e+00
2.527371087041746289e+00 4.879465332311101911e+00
1.431440191709635545e+00 3.867008172791069676e+00
2.196114473406254763e+00 5.086494729768229917e+00
2.193502807144343425e+00 4.965905260672334620e+00
2.252491661861890648e+00 5.153978040709474406e+00
2.184506825165796862e+00 4.903204426348258593e+00
1.553886186040400963e+00 4.821669036298477096e+00
1.787127176680514573e+00 4.192121548050712576e+00
1.560291803841532099e+00 5.107899632605746199e+00
1.954388438645783710e+00 4.433300804536743911e+00
2.674806666827013402e+00 5.259908504907424565e+00
1.939922577361281597e+00 4.683152842148652795e+00
1.540716182622619002e+00 4.098005410205466603e+00
1.405665632494758954e+00 4.432617929992092698e+00
