# Hierarchical MCMC downsampled to get 500 samples: alpha, mu
1.677893413245092002e+00 -1.169121054498927226e+00
1.782142021653431385e+00 -1.290427910890867280e-01
2.171907495850756931e+00 3.698427425620224085e+00
1.716472554948870188e+00 4.038685013994656181e+00
1.285236172634215857e+00 2.446301343013579821e+00
8.081324053255382056e-01 1.023720925189002262e+00
1.798567343199861890e+00 4.800265670188228917e+00
2.118498144284072016e+00 4.351619856682868104e+00
1.163259356321389548e+00 2.057945064310003236e+00
2.063141880878673895e+00 1.035295975469222363e+00
1.023316484627514900e+00 1.052665114819564929e+00
1.219270358171323343e+00 3.270005981234731074e+00
2.093475481084606571e+00 2.976766081204316183e+00
2.973413965703642248e+00 3.977679383368228905e+00
9.871889422739112963e-01 3.653129130619259701e+00
9.409544647149268304e-01 2.216121663794920593e+00
1.934039756355806716e+00 2.427492117247942005e+00
1.454373764827252113e+00 1.773643103418681477e+00
2.046807523396012130e+00 4.287792242512272978e+00
1.449412463971370801e+00 3.417350357157343588e+00
1.786958092647334073e+00 3.324377883410597700e+00
3.669894622593170563e+00 2.693421905484001400e+00
1.524424242358902948e+00 3.546012970530656450e+00
2.454681994394187328e+00 3.314555363554955392e+00
1.517202013788240045e+00 3.516329373680126658e+00
7.711323871234561089e-01 3.163515144367766041e+00
2.410231682800149766e+00 3.123890420070661200e+00
2.184693899256553440e+00 4.663672800673428043e+00
1.047017465189944430e+00 2.243455493352556562e+00
2.492118619246737499e+00 3.399027442447894565e+00
9.380206763450622542e-01 3.667261508827391658e+00
1.624312122069018871e+00 4.010115465241759658e+00
1.945129791359314630e+00 3.863825758020388967e+00
1.009345102559058738e+00 3.396339805098339326e+00
1.575067727125054162e+00 2.413220710421904780e+00
1.119575061141995675e+00 8.334395489312909078e-01
9.854838479537176843e-01 2.679674151613220090e+00
2.047970340384333454e+00 4.262641762288283509e+00
2.074811554912419975e+00 9.977274914182110432e-01
1.717053101063627407e+00 4.955354328540281017e+00
2.737367220538907908e+00 4.319252294046922458e+00
1.233700010081811183e+00 3.405680632697144716e+00
2.248352079602314646e+00 1.228132880063553145e+00
1.846556947677977512e+00 3.510524539394772159e+00
1.541341380792839555e+00 1.113634218327579140e+00
1.610670639163133577e+00 4.375372931260304910e+00
2.395935520835923871e+00 9.569299767503236520e-01
3.454555383143754099e+00 4.422046448649268768e+00
1.401046993996102774e+00 2.196370668087999967e+00
1.340005912382805198e+00 2.228880114817050284e+00
2.807662385157311036e+00 2.272087095476903240e+00
1.280532827392546480e+00 1.060694600711210134e+00
1.891122114410681565e+00 1.906385861688997929e+00
1.695901188142286520e+00 3.627271175472805531e+00
1.055671728580939384e+00 1.176224123066686555e+00
9.683676404446056596e-01 5.024034725457143802e-01
1.616455432963498806e+00 3.705361361816524202e+00
2.321143547894175985e+00 3.847302889406654547e+00
1.491907582559893974e+00 3.959794210871364850e+00
1.243371929423758182e+00 3.028831895782601702e+00
3.317877930978985201e+00 2.023153244285266439e+00
1.689867762912962368e+00 2.649802165990427394e+00
1.956032823884616301e+00 2.674508867942168244e+00
2.280261179475998379e+00 3.596010741682746037e+00
1.320442435803806491e+00 3.754757080485594756e+00
2.011841203533920819e+00 2.339910569720166755e+00
1.830533104237030750e+00 4.521648357231012660e+00
1.797838994704092030e+00 4.269323604935611804e+00
1.886721283092057888e+00 8.054907142580609580e-01
1.589898091844523131e+00 3.042136653691891901e+00
1.881698820567374586e+00 2.564296322201248479e+00
2.624265635292486465e+00 4.107667245303975534e+00
1.088865606594185964e+00 3.373582080328006771e+00
1.101421625144531902e+00 2.441072178644042356e+00
8.302935213644104806e-01 3.284280020220389673e+00
2.078927574713019144e+00 2.447406622265947629e+00
1.288778135039164274e+00 2.199755341490203353e+00
1.366033172666528017e+00 2.551834862972226059e+00
1.339759866920986919e+00 3.479335491246849266e+00
1.755115213511960981e+00 3.045690371873794433e+00
2.115745239086655349e+00 4.450967586345090155e+00
1.578011337008909054e+00 4.371886104258239314e+00
7.301932738410675805e-01 1.755703356409171967e+00
3.699658631196767189e+00 4.355128916557617025e+00
1.139588627536940235e+00 2.254992048355910494e-01
1.172938873487461953e+00 1.480461730198317838e+00
1.449790127495629521e+00 4.097926801163611188e+00
8.101437587921369587e-01 3.177222182152763530e+00
1.428322116328678115e+00 3.451170436110577722e+00
1.222769715292332471e+00 6.308082029016010006e-01
9.549288794735318886e-01 3.207151286564367432e+00
2.620802378919288245e+00 2.392297163055672637e+00
1.692509688910969423e+00 2.882132756624652625e+00
6.599470433633763955e-01 1.769544991237630871e+00
2.137502645232673970e+00 4.218992850213108881e+00
8.655266320030421401e-01 1.331741814533274226e+00
9.505154260970952729e-01 4.471350511239498560e-01
2.047483071896030626e+00 2.093797870183669030e+00
9.502827565509138763e-01 1.229110021479323578e+00
1.849553049704515839e+00 4.390641397241650701e+00
9.241589021379187363e-01 4.204485320471463616e+00
1.196840949765894280e+00 2.346783267891800584e+00
1.510646749895112162e+00 1.818442120346210000e+00
2.101439661108397861e+00 2.968194728279826222e+00
1.134341686643951075e+00 3.501858495220513401e+00
1.057266076805692512e+00 1.307019688429321924e+00
1.128633108687721265e+00 3.643736266524958411e-01
1.859921971493458948e+00 4.588560089042041490e+00
2.312215561973928413e+00 2.805215919889024967e+00
4.048635879508240443e+00 2.142812393909726332e+00
2.292861897424174344e+00 3.569744931644581509e+00
2.943013456788433846e+00 1.869830815340858932e+00
3.117876460858570731e+00 3.393181330683159302e+00
1.451102438465750044e+00 3.855132488837643034e+00
2.398293554251848203e+00 2.591544752044705913e+00
1.145436042218729744e+00 3.002834231021324740e+00
2.129401321415296255e+00 5.061215003345182595e+00
1.003465011591428979e+00 3.426240321837373148e+00
1.337797738385073432e+00 2.700001823802107737e+00
7.117522040259582905e-01 1.853042299886621391e+00
1.307176535874799539e+00 2.453776798521085212e+00
2.107921388947409547e+00 3.464816015491575030e+00
1.650716084777868575e+00 2.246838313768449780e+00
1.797838994704092030e+00 4.269323604935611804e+00
1.735812532504526162e+00 4.197776538578184002e+00
9.396098681686749776e-01 1.015325843966509822e+00
1.111565491316274690e+00 2.770676134418146752e+00
7.685478554117741723e-01 2.117974727026380677e+00
2.424779289978741481e+00 4.554970754005358557e+00
1.252043666368777952e+00 1.634341184206938191e+00
1.803128044047192624e+00 1.995926760426337321e+00
1.238535255140320368e+00 3.476589770502631183e+00
1.362159816670501344e+00 3.990854091425000139e+00
1.794358206410285206e+00 4.855617938439883652e+00
1.652295798946223471e+00 2.840992798883927861e+00
2.872822403011497716e+00 4.569758916080503219e+00
4.572807444923669529e+00 4.812532826581732870e+00
1.692585146316022637e+00 1.481175754779226139e+00
1.826907663497834733e+00 3.453911431660159348e+00
2.053535852566192421e+00 3.538123482265717268e+00
1.658381095883055600e+00 2.190338654023017639e+00
1.400122525545632879e+00 2.740317649017566914e+00
2.133498192910007418e+00 2.778438587082818323e+00
6.479431100063699489e-01 3.648864910447059406e-01
1.934296310693271348e+00 3.991129762781500112e+00
1.089949985323411141e+00 3.598405524376003140e+00
1.349034020641848963e+00 3.729628935920158206e+00
1.634412417828465802e+00 4.379790796732975444e+00
2.588453233149182076e+00 4.708871990173542521e+00
2.564933943127637672e+00 4.276019481710565451e+00
1.611979137892196157e+00 1.156416087690641525e+00
1.206784869718875441e+00 1.723691103057358731e+00
1.233634616060837796e+00 3.265122343924449222e+00
1.288789770706221693e+00 3.774256907010725026e+00
1.965253268225448213e+00 3.638047249551441542e+00
2.437997928565941219e+00 2.518422638813254011e+00
2.599669266405154389e+00 2.808792100644726730e+00
1.906136717942604752e+00 1.694618544740329247e+00
1.183883601594474477e+00 2.059824994739391180e+00
1.081266746360272313e+00 3.292110769327818431e+00
1.647033855898550891e+00 1.930848044356777926e+00
8.506089968047370053e-01 3.075118550275721230e+00
1.460079420155019791e+00 3.575740459755985423e+00
1.798149596875445067e+00 2.866382244179278782e+00
1.846225859588842999e+00 3.437130795164524244e+00
1.657965237727751839e+00 2.668959189362345441e+00
8.996588967101906142e-01 2.200491993708269423e+00
1.628106887476625797e+00 -1.070777622406551055e+00
1.931394662128551376e+00 3.730721293962107499e+00
1.703377741870054640e+00 3.175474461973005980e+00
2.062278405244564627e+00 3.711720135626712214e+00
1.893164677505737581e+00 2.225164417007375661e+00
2.108271897305692644e+00 3.734905386254969262e+00
6.968079171954133511e-01 1.510310294938188358e+00
2.314862283949035593e+00 2.123792107808907481e+00
1.951097842859771170e+00 3.466033773301841148e+00
1.976502122027189667e+00 4.842558681187925984e+00
9.787358985955908475e-01 2.280563687784118887e+00
1.353196672856343152e+00 2.670363593037551109e+00
1.539715645266756638e+00 3.886532248672177836e+00
1.295849517095738257e+00 3.231203102836503138e+00
1.337030519677312679e+00 1.878643215898282204e+00
1.550825100694966707e+00 3.814263546097258040e+00
7.052998022709848769e-01 2.098409340007794555e+00
8.481501604394399152e-01 2.004098250374153789e+00
1.814596555491836405e+00 3.801843513644893147e+00
1.221080058818587721e+00 3.321167422036928496e+00
9.970455092793983898e-01 1.206735285123569312e+00
4.630416489866547303e-01 3.505654051323456866e-01
1.493381471227108959e+00 3.468265704152072360e+00
3.288994836412058920e+00 3.034440361095286143e+00
9.313424086565974536e-01 2.844532033278842409e+00
1.818851270489384664e+00 3.506485972449961075e+00
1.402189476625838482e+00 1.661837388887048128e+00
1.573526153778283643e+00 2.208797501994101076e+00
1.146602994941125164e+00 1.136524650127682001e+00
1.451159555548661162e+00 3.868397118486242459e+00
2.418483852552074431e+00 3.795657236958325687e+00
1.140542751226291784e+00 3.297605207991270770e+00
2.301100200812383534e+00 -3.246793880656552167e-01
9.634300034344727148e-01 1.224593908446505619e+00
2.078814835248715021e+00 3.495609594724183200e+00
9.081327588316440158e-01 4.789081110195106961e-01
2.790031613426309676e+00 2.021941840780692168e+00
1.409224255193437969e+00 3.703693809954196503e+00
1.917865311525915439e+00 3.552208221939275212e+00
1.521410586537867315e+00 3.242917440011264585e+00
1.474867409288416642e+00 2.862323919393446658e+00
2.867704469227672970e+00 1.565464623756662288e+00
2.080368965631081313e+00 4.591149734801841298e+00
1.626912909707332044e+00 -3.012312143001389941e-01
1.358855596963077783e+00 3.538321649386009238e+00
1.233273610132283649e+00 2.627519357740302208e+00
1.116453505284551007e+00 3.559413129928903352e+00
8.912038561317664476e-01 2.719858800663905729e+00
9.110684195668510288e-01 3.982644498094004337e+00
1.065175990810437234e+00 3.013258764746313823e+00
2.533555909246772320e+00 -1.547630982519901388e-01
1.002978352188750089e+00 2.977466576835975598e+00
8.766878807485898317e-01 1.572322829971581903e+00
2.267222785854500433e+00 9.487931846296850935e-01
1.873721966871763511e+00 2.988720357766205815e+00
1.385406868079715359e+00 2.433333798109379664e+00
1.451251742212203766e+00 2.131298788242418141e+00
1.227142377853479349e+00 3.098084979452921051e+00
1.369934021400984969e+00 1.687771384105578143e+00
1.722037882051395297e+00 2.933581284458652405e+00
2.489495186108194424e+00 3.747091005520682749e+00
2.059211884328457920e+00 2.593355123717421495e+00
1.539716732698092283e+00 9.615651302024522673e-01
1.690773031805972826e+00 4.436121286466793379e+00
1.523995564280119730e+00 1.671130850394755063e+00
1.623441632181590988e+00 2.992788239620608248e+00
1.609063928306131208e+00 3.964833975837692703e-01
2.692947548989579332e+00 4.143201164256519187e-01
1.304713872373307382e+00 1.298662100024234656e+00
1.041075621984933974e+00 2.690122680673681543e+00
2.188303843365839274e+00 3.840085604480938830e+00
1.310405439984905218e+00 1.999780270763815038e+00
1.989966224924627269e+00 3.156935382218168051e+00
2.642338407677607748e+00 3.270527393590153320e+00
1.770575885582412745e+00 4.735872497671036463e+00
1.352674057391884954e+00 1.899703947253003733e+00
7.837391274189677848e-01 1.053501508642561202e+00
1.648684898363301343e+00 2.449836264372316830e+00
7.921503147875847972e-01 2.221395815698273157e+00
1.739842273708421594e+00 4.041200423466261071e+00
9.582443907104325476e-01 4.160905477166556565e-01
1.584875614480081962e+00 2.929144516778806384e+00
1.348485254279649714e+00 4.005771165210106233e+00
1.069757786921535336e+00 1.088134887529918604e+00
9.685787225393395206e-01 3.292663232879583290e+00
1.917675764498975033e+00 2.967874445492879154e+00
1.128641783323530268e+00 1.052742627906450235e+00
1.923503891512627684e+00 4.072905220016999728e+00
2.085488695340657728e+00 4.990141527540247424e+00
1.733013874790922282e+00 2.982691335584342518e+00
1.183193254827556329e+00 4.258417022525491369e+00
1.060042549026981362e+00 3.940189633265165359e+00
3.038376462591620530e+00 3.564227955776259726e+00
2.558157688360611193e+00 3.446985812858438969e+00
1.150852943696390129e+00 9.480928416351939170e-01
1.640463691688200942e+00 1.631509334047882120e+00
1.692595673106032539e+00 4.074883765536527314e+00
2.271205199428507182e+00 2.946585105245051128e+00
1.500490368400435148e+00 1.139172623633753600e+00
9.490733655078287256e-01 3.643746061976318451e-01
2.225450420374202043e+00 6.918543057983521649e-01
2.447255920692822162e+00 2.467138337987965890e+00
2.155616469165964943e+00 4.903210716301142469e+00
7.601591379986984975e-01 1.544540906657432711e+00
6.103510526328885799e-01 8.445435161257659473e-01
1.025189995075552085e+00 3.213039228252727586e+00
1.473585340252403508e+00 4.485578810922635107e+00
2.019548606674257840e+00 4.674542096233728294e+00
1.402211674086655036e+00 2.959508448220963039e+00
1.324892375148771340e+00 3.530080983732425626e+00
2.307574817606409923e+00 2.615290767408471773e+00
1.542770729946620678e+00 4.048995508375591967e+00
1.112699256035653672e+00 3.695044188512828232e+00
1.346634988070753325e+00 2.009906115373773172e+00
1.092257268730974173e+00 1.242084699405818782e+00
1.853608593287926265e+00 4.380472239137306545e+00
1.946010741602461458e+00 2.476819548659512371e+00
2.192150059552949948e+00 2.037689968415955732e+00
1.405239302591075656e+00 2.444897809273373745e+00
1.402213642239389157e+00 2.043793449917644001e+00
1.889185048226160957e+00 3.478977517771728145e+00
1.370485494666692450e+00 1.283324330697258597e+00
1.570523772281611219e+00 2.444070238261629058e+00
1.190409572930471338e+00 2.123782876573060197e+00
1.292644203793946289e+00 3.974901666801264000e+00
1.060533798277957018e+00 3.187446863011533793e+00
2.017502143938363357e+00 3.376036247838190896e+00
1.371909389992676864e+00 2.756052211633386317e+00
2.267828099606051140e+00 4.239895322167408054e+00
1.317563009304026700e+00 3.368228454552488316e+00
1.852162997987760296e+00 4.515720461609596725e+00
1.301393746693199960e+00 1.614001260926830827e+00
1.244284228746103116e+00 2.448344204123689138e+00
2.331520257683509456e+00 1.591049759702614308e+00
1.377399616719026776e+00 2.630786550566218907e+00
1.082343017023596365e+00 2.943850795590064351e+00
2.056286617737656641e+00 4.170264857169300399e+00
9.286197416966661677e-01 1.320334132289221252e+00
1.865792565846507767e+00 2.144914994881352399e+00
3.407421911518075941e+00 4.502957850884783397e+00
1.672189954870300754e+00 4.352941676749245481e+00
2.044252464821515236e+00 3.545545368145314846e+00
3.934147789537557394e+00 3.898203452851911610e+00
2.737904795121481882e+00 2.582463408432130958e+00
2.417721360231364969e+00 3.758802302367239889e+00
1.678729588649088500e+00 3.963541087151910336e+00
2.137816628466744806e+00 5.019816259222241506e+00
1.753945323003454515e+00 1.694494188415663682e+00
2.744491149522309659e+00 2.034223136597601567e+00
1.384391024218520228e+00 3.053048206048305513e+00
1.239218266211364661e+00 3.544674263296754724e+00
1.556187373554351216e+00 3.685702368275544760e+00
3.038376462591620530e+00 3.564227955776259726e+00
1.192851832624067798e+00 2.649607460907406953e+00
1.047658625316438386e+00 3.683921191583660271e+00
1.765431430247323963e+00 3.911399178207234595e+00
2.068875207663409377e+00 4.496746299753496601e+00
1.695994363406030603e+00 2.717417791440583930e+00
2.054206378925040433e+00 4.619665486032633162e+00
1.950402448815080625e+00 1.638793872999861234e+00
1.987671180906849022e+00 4.245240423742998814e+00
1.563471681158464355e+00 3.274151515211362717e+00
1.126129746445139856e+00 3.969838343448755857e+00
1.564011631944510539e+00 3.605657093436656524e+00
1.682875699628636035e+00 1.771437979161829102e+00
1.436785683017362647e+00 1.679505028838378600e+00
1.942083922409203023e+00 3.286309675648270368e+00
9.313677545654809320e-01 3.568961364083904630e+00
1.734891581537545635e+00 3.348142753118540593e+00
2.075706499730299637e+00 3.408246131683506430e+00
1.683567777257094722e+00 2.565128688838017812e+00
1.728475705661448369e+00 3.898658745979784790e+00
1.803105064668809154e+00 4.015497555952905806e+00
1.750529622296754351e+00 9.681248755779510162e-01
1.586905142841901872e+00 2.987049339887978494e+00
2.709452456604974468e+00 4.128222969731613290e+00
1.262588331801945962e+00 1.906659930124700253e+00
2.223574130211180222e+00 3.743364329736811325e+00
1.114434269861451110e+00 2.846765787693223526e+00
1.491062308138324521e+00 1.765484043588013696e+00
1.150269703088302231e+00 1.640041258436089056e+00
2.260652807864712788e+00 3.786375623029033299e+00
1.456170144450335879e+00 3.483095297992757633e+00
1.455571589377066655e+00 8.419753003382097756e-01
8.269493599043722387e-01 1.680357990901771625e+00
1.411429365114877932e+00 2.808886701965963795e+00
1.926762113576359514e+00 2.961289700160238070e+00
1.189177564508454576e+00 1.959079007295812414e+00
2.415305822515803946e+00 2.023074418471714431e+00
2.016442130735404792e+00 2.391826837963336061e+00
1.125918246188058358e+00 2.953605280104193209e+00
1.349511681588597689e+00 4.255955720648195495e+00
1.047658625316438386e+00 3.683921191583660271e+00
2.952129734677720663e+00 4.322241982809110539e+00
1.392935112140877951e+00 8.089708629649060567e-01
9.712717396056348429e-01 2.332125758870180476e-01
7.685478554117741723e-01 2.117974727026380677e+00
1.614542698418960587e+00 3.902861392309518340e+00
1.980828140474602872e+00 1.539526985256422842e+00
1.920006836066023626e+00 4.150835254352596593e+00
1.209698956696261263e+00 3.336953726553877342e+00
1.631743714414853441e+00 4.435819842054088191e+00
2.595967518685501574e+00 2.939031671321892247e+00
1.128633108687721265e+00 3.643736266524958411e-01
1.823530663092097104e+00 4.166274552670851783e+00
8.250304086214685917e-01 3.198882590424801720e+00
1.392862375184532819e+00 2.938547669713058141e+00
1.798628476434034340e+00 2.917984138450247844e+00
2.285413823187187443e+00 -1.623807728524594152e-01
1.720646963656983441e+00 4.561644331466899516e+00
2.317854248089853186e+00 1.125304875514660408e+00
8.091154697858167211e-01 1.896123823843782974e+00
1.881923992554426883e+00 2.966449933569011321e+00
1.460273781159898476e+00 3.114011811966085563e+00
1.303691678011991595e+00 1.592006768862919808e+00
1.862089098122195807e+00 3.041506136453228759e+00
1.069301846520178900e+00 2.035990124003566937e+00
1.241987241938955489e+00 2.834416111231767843e+00
1.330486445246986449e+00 7.232729152030477060e-01
8.967509292027631140e-01 3.320999433260523936e+00
2.140421364009196026e+00 1.918742607855829396e+00
1.054688648117398486e+00 1.691913421432231779e+00
2.825291983126928308e+00 2.620301151181296362e+00
1.775465457579983752e+00 1.323515166338863569e+00
1.477409087288081846e+00 4.440565525754871956e+00
1.005943979910874031e+00 1.410167236401620450e+00
1.305525947429460487e+00 2.442293393784258804e+00
1.740134233875262559e+00 2.964758321828338872e+00
2.449250638669370872e+00 4.786218843628223141e+00
2.122110429743776283e+00 2.805804599731632987e+00
1.543316256163671740e+00 3.703034655522290386e+00
1.796534100287355162e+00 1.069531268031792326e+00
1.756669762489843967e+00 2.152535377775186554e+00
1.426479815945941532e+00 1.497616638630474561e+00
1.639800074254876172e+00 4.317310871216695212e+00
8.204801386922107032e-01 -1.754139812740155291e-01
1.741165293496127031e+00 2.971199237497080148e+00
1.500370169458415504e+00 2.236972079579596429e+00
3.086390322552576393e+00 4.750290452003914865e+00
1.599932208416703805e+00 2.895858633389103876e+00
2.110595777930464045e+00 3.494765139066388748e+00
2.473725777532424619e+00 2.320943557391533130e+00
1.272090101050060484e+00 3.980810590409719296e+00
1.900693212814240196e+00 2.557091953236631188e+00
8.756098680613693119e-01 7.959839028688769913e-01
9.120598729650034597e-01 2.044985303900789919e+00
1.403781008982809553e+00 2.064072398251641793e+00
1.702448421445077464e+00 3.538839951861056488e+00
1.001023128266056883e+00 5.210533256202607433e-01
8.326510649817399079e-01 5.720334369992754464e-01
1.048657053738260903e+00 1.386287668038351795e+00
9.092035572312450187e-01 3.071426551674560468e+00
7.450807946401372117e-01 2.116433675948589777e+00
8.884321602260911721e-01 1.690303018170569160e+00
1.357601983694164183e+00 2.928803999780908107e+00
1.345474991704449508e+00 2.483370274247974852e+00
1.617719118611638418e+00 2.753308982749770983e+00
1.892003620519435270e+00 3.979276487705426746e+00
1.076226788373589649e+00 2.793120906232506861e+00
8.904175363794106790e-01 -4.821471176316826646e-01
1.263237515332551464e+00 3.094541784013524754e+00
2.476328452330217811e+00 4.719165627740421698e+00
2.011796600770678900e+00 3.094894987347315496e+00
1.309222768274781679e+00 2.340016319485536567e+00
1.124788048170054289e+00 3.162659099788984296e+00
2.109382245414626489e+00 1.924743126635158452e+00
9.682178046168118390e-01 9.484860120487570434e-01
8.819114450360634461e-01 2.607770028649666116e+00
9.308830296397193615e-01 5.129748892816431427e-01
8.033335616390960832e-01 2.831854251637721642e+00
1.691923022121487596e+00 4.529536095505314108e+00
2.423170700766811070e+00 4.309545652865744980e-01
1.825621378606359979e+00 3.906930769295873684e+00
1.531969364559219393e+00 2.995984980735397762e+00
1.870812911208741491e+00 4.295906229705337864e+00
1.098953040811620152e+00 1.782213825090062542e+00
2.629607855461098875e+00 1.281008832253434981e+00
6.487296141901526259e-01 -1.016144177814566341e-01
1.327281846232960971e+00 8.918921015272887054e-01
1.222195243929985464e+00 9.726182756296004595e-01
1.376996950421595978e+00 2.226196172923777361e+00
1.215362815665909313e+00 9.865864186004158487e-03
2.645252828359332842e+00 1.258312597481736184e+00
1.526256725565687145e+00 3.785724487252846160e+00
2.316405084092529876e+00 3.246191039021814273e+00
1.766145149967058181e+00 1.541971406761686092e+00
1.145130840918646031e+00 1.975855490135181691e+00
2.447403508849442577e+00 4.617018346278726426e+00
1.343694978874945267e+00 2.517633757269472028e+00
1.253153610045309563e+00 4.532706876416536801e-01
1.579631986036741820e+00 2.178802833955690410e+00
1.027779204176582972e+00 3.137651469020743988e+00
1.873219881786656993e+00 2.418831321660296574e+00
1.162211376919359385e+00 1.760421046511016385e+00
1.204400131314124600e+00 3.582937413065778287e+00
1.803105064668809154e+00 4.015497555952905806e+00
2.663290852110641094e+00 3.581104542654214740e+00
9.913375245236195621e-01 1.563650160757165564e+00
2.707334400585644563e+00 5.060116129513385630e+00
8.751614094444105652e-01 2.763615217172659566e+00
8.354023005717721162e-01 2.159796048942638880e+00
1.642910937031795360e+00 3.293345924953393400e+00
1.854355120783117705e+00 2.322282871170872731e+00
2.061313591300506509e+00 3.464174769090688777e+00
1.872492017843598422e+00 7.049219712849114083e-01
1.751278957404098779e+00 2.681368570780573446e-01
2.024792193331047763e+00 1.991095694493736135e+00
1.155631798522299691e+00 1.108499114204389402e+00
2.030068112666169267e+00 3.824758564192687338e+00
1.061792921483855290e+00 3.701339338730055939e+00
1.001246079185339699e+00 3.773919421411977115e+00
1.574594013084497313e+00 2.194695694806681363e+00
1.018090741579914527e+00 2.566397336877801472e+00
1.777625972161328782e+00 3.927046433553833538e+00
1.015775464211574608e+00 1.516775323646552653e+00
1.323455530064865160e+00 2.739212477678646618e+00
1.602066761412517693e+00 2.342207272042516664e+00
1.905818009445646943e+00 3.628644032759483995e+00
3.312212249637876305e+00 4.446709148960577451e+00
2.788080525146206856e+00 3.435882879541683810e+00
1.817403206857312270e+00 4.110251196319531175e+00
2.095577678478973915e+00 4.621993731717034315e+00
1.837907791877856578e+00 3.267365380740225866e+00
1.560971056970833271e+00 3.607790724755721268e+00
1.778291159183916781e+00 4.168637018936279581e+00
1.787616919701845886e+00 4.089508439772635562e+00
1.168276476935282027e+00 2.906213189734570435e+00
1.295094118133266248e+00 2.379341264377655474e+00
2.370400134765742628e+00 4.292830175257515535e+00
9.024870003318328227e-01 3.163688387913831335e+00
1.806885226213629903e+00 4.494117984083048967e+00
1.985275531170124008e+00 9.171772192243119459e-01
1.711420933810225753e+00 3.801689721587500959e+00
