# Hierarchical MCMC downsampled to get 500 samples
# alpha, beta, mu, s
1.858084095318666584e+00 1.085122990043254454e+01 -9.229763944190899627e-01 8.910852414106562591e-02
2.969504519213055360e+00 3.222660935179149089e+00 2.874173264195087008e+00 1.806227485821530754e-01
5.567601589113841953e-01 3.229763250727537116e+00 -1.513126837984549500e+00 2.169928242433129539e-01
9.149935970966035503e-01 3.383378721135274603e+00 -4.179684623377482033e-01 2.099635867904958431e-01
1.080619797808473059e+00 7.287721393274635417e+00 3.857458797522378635e+00 7.634592345210328146e-02
2.360753633490205505e+00 3.419599968707121906e+00 -9.042531450233990409e-01 2.156978267897886881e-01
9.998392915249799673e-01 9.916845897129331178e+00 -1.408546139328967772e-01 1.340395874452750546e-01
1.805464920828270703e+00 4.512336831726510233e+00 2.503878552931631418e+00 1.551975263846051556e-01
1.579779650448108752e+00 9.911930944074006433e+00 2.442829857340402810e-01 4.317451311203417963e-01
1.510470892177087965e+00 7.902969475315357428e+00 1.527647972960380240e+00 1.539795522296307506e-01
4.137678802307963588e-01 5.037009899983376116e+00 7.381933750433486985e-01 7.159660547535029451e-02
3.367030748573891952e+00 8.927946783575753997e+00 1.818255213283680893e+00 7.167842698549109492e-02
1.463737291887078129e+00 5.103460019068034370e+00 -1.175081352269157664e+00 2.478122764979606707e-01
1.240893304130917141e+00 4.434647638422164029e+00 2.743841457065983480e+00 2.218322112436598159e-01
1.176299194069736487e+00 4.010070476290886532e+00 -8.874188422945719079e-01 1.267706279427097682e-01
5.905178633396470644e-01 4.519334487205827422e+00 1.818474873483564735e+00 2.417884976082100568e-01
6.607370173078136455e-01 3.793915232236619417e+00 2.072242592421254415e+00 2.176779389412821231e-01
1.220668887099834787e+00 4.850947646238567224e+00 3.406956399676451142e+00 1.182407608742908206e-01
2.057415567404993872e+00 4.815415989425018140e+00 4.538368930864447925e+00 5.945434486550604108e-02
7.755243103521700654e-01 7.867751224687730804e+00 1.567812021444778825e+00 1.523681758965695909e-01
1.300738677708765056e+00 5.397070574092809991e+00 4.438049982741420152e+00 1.789233169422821679e-01
1.018050657424732997e+00 6.078158260496506315e+00 4.875114107506965055e+00 6.069111586254272855e-02
9.830108977494169675e-01 4.154838400421922984e+00 4.278754949291835530e+00 1.484069671942835900e-01
1.741586828365864870e+00 1.080920160768237359e+01 -1.243425461000882803e+00 1.714114258890719611e-01
1.364870719813070288e+00 4.894707379996426688e+00 1.354603658253958232e+00 3.423398315769332623e-02
1.818394199946568479e+00 5.107248673012393603e+00 8.480002021621015906e-01 1.098454202624650350e-01
1.487087038316873278e+00 5.418553891220759589e+00 -4.956426734205783280e-01 2.439367316696581522e-01
2.399359922362894970e+00 4.343918071656336366e+00 -1.676412056848703536e+00 5.550916274428394082e-02
1.778540034690266225e+00 1.040634916308408542e+01 -1.110577335619746142e+00 1.738195514220322868e-01
1.383411337027038446e+00 3.811856234395110565e+00 4.349767716115653826e+00 3.119094319964896278e-01
1.950019690565666819e+00 5.504431764894471613e+00 3.122558501463511327e+00 3.589811016094067719e-01
7.988456357823987553e-01 4.122170228761032007e+00 3.407194241697484749e+00 1.263458890351101815e-01
1.180607304103213684e+00 9.118476948770201318e+00 2.252987227015212035e+00 8.387899055857911401e-02
1.444418984011551776e+00 4.394813778776386570e+00 3.221982452595859137e+00 5.344194724779002259e-01
1.743949190043571296e+00 3.603556601761001676e+00 2.723145633132042054e+00 5.051292168512930975e-02
9.434355118649040417e-01 2.394841819295383534e+00 3.289990522419727892e-02 1.137456860819563154e-01
1.543791702717686398e+00 7.433558936247711024e+00 1.461419295809635477e+00 2.890684974366948268e-01
1.350513696638435457e+00 7.764335099052698475e+00 3.758916635582865151e+00 3.087834845196265610e-01
1.401176578250878269e+00 4.408616708882372670e+00 -7.370911489487310675e-01 2.569765063642049929e-01
7.760671797760321233e-01 7.119152617209329570e+00 1.824393169942028159e+00 2.764975655958217815e-01
2.220237532167263161e+00 3.841093009490400334e+00 4.696980381549249017e+00 8.035776205929728855e-02
1.847499985595130623e+00 5.903954285769869692e+00 2.677836044423012929e+00 2.202596358357889195e-01
1.118191475907042820e+00 1.031412800195325019e+01 -2.213911022769656789e-01 1.844525338264577374e-01
2.125660924647298167e+00 4.914863159513082280e+00 2.501035733814517492e+00 7.593261633482877027e-02
4.187912999755793453e-01 3.266812049407407326e+00 -3.128823468439813071e-01 1.297059917878388147e-01
1.945588404165255136e+00 8.843263326314675155e+00 4.706397614752260594e+00 1.456383793113968372e-01
1.032004018359593989e+00 3.676110591419068374e+00 1.999934401929087224e+00 1.164674776329527872e-01
2.034873107137341819e+00 9.242974077370474717e+00 -4.615907848139963465e-01 1.629015343237808222e-01
2.091509622100040211e+00 4.998580571165978981e+00 -3.537595905645470884e-01 2.055545199715186067e-01
1.415628430840206065e+00 3.018208038381022362e+00 9.229525231979591737e-01 8.436054131111629661e-02
1.470449419466355101e+00 3.636145557369185877e+00 2.517571466454243900e+00 1.206014238606247513e-01
1.787183914973237808e+00 5.305245479394415042e+00 3.373461811642967323e+00 1.736050730237446715e-01
1.528527502089382706e+00 4.699232925223173041e+00 1.776575062459145316e-01 4.724197995408778716e-01
9.621214852853612332e-01 4.690339842723092012e+00 -5.205017263128897120e-02 1.209362077388587836e-01
2.581871085468931071e+00 5.041001005039021265e+00 4.855212035742339616e+00 1.950885878339967405e-01
1.232081899586908502e+00 2.719665815752760452e+00 3.662773859719016034e+00 2.154570449171178403e-01
1.436010457949061125e+00 5.348335380464066979e+00 3.030181129353394454e+00 1.472115110729537990e-01
1.633321735618009418e+00 6.671254651812562386e+00 1.368198225682780045e+00 1.818549939965308782e-01
2.168576239238810377e+00 3.669784216928339227e+00 1.738644101362410987e+00 5.500368309519572396e-02
7.627070899974843776e-01 3.572109535713464457e+00 -6.818418591627306569e-02 2.178229590385730441e-01
1.543682479002988828e+00 6.886097269575216728e+00 6.090814476914836462e-01 3.779300332801192597e-01
2.531585443579674077e+00 5.893413277887045609e+00 -1.521589485432389477e+00 1.725222029899883269e-01
5.838631925923459809e-01 5.196686710037922374e+00 -8.699098711942989670e-01 1.969685276092144610e-01
2.853370083318591544e+00 7.785045503489461893e+00 2.302506500754673890e+00 3.651855802331892276e-02
1.462685075138828505e+00 3.302124679541468932e+00 4.737115826357562121e+00 1.699791207458942188e-01
9.238200783198002863e-01 5.920562411560169380e+00 2.322617312957056868e+00 1.638421605710910500e-01
9.322384511828174514e-01 3.788621513618093850e+00 3.638634681106998503e+00 2.407336556823550244e-01
9.647919597366665379e-01 5.111425033831223708e+00 1.332644580732381234e+00 5.266801164101671262e-02
1.233695579431428602e+00 4.576302102608937439e+00 1.972474083865243699e+00 4.039193648349302668e-02
1.718782637955508896e+00 4.187136109948895957e+00 5.419520985705258420e-01 2.987611099601351072e-01
1.141856001642115315e+00 6.421858364465284019e+00 4.029418874641207182e+00 1.534700269516293125e-01
7.151227223303797675e-01 4.701770635563903511e+00 3.342039378318936160e-01 1.290180513093356907e-01
1.221914656992473480e+00 6.044268616389407711e+00 -1.438524349403704772e+00 4.822959149633442022e-02
1.651598672360366393e+00 3.988484419025607686e+00 1.471181786206066100e+00 2.400081743411176805e-01
2.758807929144492466e+00 5.662543711420147119e+00 4.093924926512529261e+00 2.684460169396095108e-01
2.081912690928146237e+00 5.421993337271985958e+00 9.276986356660670285e-01 1.440820262153486853e-01
2.201754975743516418e+00 4.953335898259011216e+00 3.076624312358317681e+00 1.150312461706979594e-01
1.308826883256211771e+00 7.073825737561550753e+00 -1.490335061883699019e+00 1.029532368575499235e-01
7.249459977067082006e-01 4.712456163317622071e+00 9.916639608277070250e-01 2.606533127887759593e-01
1.869295895992420853e+00 6.982057165803174037e+00 1.056366674652675641e-01 8.253598864113523281e-02
2.790212791359205635e-01 4.694822481769227451e+00 -1.012283239656561529e+00 1.983326506197176375e-01
9.475554618217749692e-01 4.452886669072697146e+00 5.534177493353046318e-01 1.082890753941274237e-01
1.755147914041753632e+00 1.026363993480834047e+01 3.476204077973416684e+00 2.156633232260130040e-01
1.764395467905426340e+00 6.820178013070416156e+00 3.274120544397042032e+00 2.802014674202769062e-01
6.973689686173997204e-01 8.898123640818324631e+00 2.594402545374306257e+00 2.072119095230023633e-01
8.870569914228088049e-01 3.849243729055401353e+00 -7.675809111476542546e-01 1.427154614724576720e-01
6.596449577902860906e-01 3.105361901730714358e+00 7.830225196327325055e-01 3.180240771738640504e-01
1.191076658998802440e+00 7.254974654982398796e+00 1.720440335488236938e-01 1.725243993520070296e-01
1.058096786006460288e+00 6.824984525966539373e+00 2.947555527184700708e+00 1.912684904625904236e-01
6.442219613324201566e-01 4.490421616024497631e+00 2.363826982821547684e+00 1.430860707238740259e-01
1.115121817296089057e+00 8.511725634545513230e+00 -6.765138603807973050e-01 3.694422578889547948e-01
1.094523550687301006e+00 5.043569953552887952e+00 2.958022703871571846e+00 6.167333293534350835e-02
1.206486738986993323e+00 4.256399479868659519e+00 1.085790235820662808e+00 6.996757811358922385e-02
9.345920062243403548e-01 6.036370111940235539e+00 3.780637523574877701e+00 1.029938243737021919e-01
2.163480243951928728e+00 4.944958194465587376e+00 2.664948242636491660e+00 9.259532133296718981e-02
1.318528588010315250e+00 7.745864502990506217e+00 1.853781221331831208e+00 1.468379820717159723e-01
1.165552027645043287e+00 9.789448851974263732e+00 -1.298810256648670780e+00 7.580707502230420169e-02
1.012061556844131793e+00 4.744807323767833651e+00 3.357905509289285995e+00 1.814962939250831797e-01
1.906386352876153101e+00 6.052872982345806285e+00 -2.967472741372280121e-01 2.218283753034486494e-01
1.177715826425483892e+00 4.763484306493837472e+00 -3.834625873130064200e-01 1.495134825239592680e-01
8.611666701756125475e-01 2.784512881449400901e+00 5.536766429317350191e-01 3.462299272434297692e-01
1.151429768593388747e+00 6.518580904986803759e+00 4.258379264503556527e+00 5.959531472540710584e-02
1.869456545398675562e+00 7.491140712090540887e+00 5.548556271044076560e+00 1.382768098405224300e-01
1.270916231617784664e+00 1.211712674665756317e+01 4.370616999359020483e-01 4.903166524627025624e-01
1.221858886766137520e+00 5.312212863764704807e+00 3.751226984104170104e+00 1.005768434438133047e-01
1.395238750069993650e+00 3.623797100847921726e+00 3.173540927248516663e+00 8.299128867354184369e-02
1.511900976633612226e+00 4.468670800693196554e+00 2.823204689493015618e+00 2.802465051346664238e-01
9.079905475577134677e-01 3.336841619146674986e+00 -6.441175266190144466e-01 2.089293154827625287e-01
9.676830641482240258e-01 4.196529577608780315e+00 2.343871254655228054e+00 1.245104713028968579e-01
2.338132344388334616e+00 5.533899521477485983e+00 3.334679801849027569e+00 1.080948533032447811e-01
9.715992388307822525e-01 7.883330884346794853e+00 -1.208072675381498540e+00 3.905353083103349499e-02
1.363977528561459707e+00 8.674812084202706330e+00 -1.548668690213423904e+00 2.480603122271233529e-01
2.038796192000007057e+00 3.908257385134484174e+00 4.548804190011574100e+00 2.475973247101346253e-01
8.830485591475396578e-01 3.357130553739672507e+00 1.116530090196335090e+00 3.130354250690552398e-01
2.061612564964312000e+00 4.824703292185368753e+00 3.457133541326244952e+00 1.788756026800422949e-01
1.399372563180846241e+00 1.021535997139530316e+01 4.165451945875869866e-01 1.161233065937244263e-01
1.701098842562862590e+00 6.120047819851642146e+00 2.458769416897413240e+00 4.355186699556490293e-01
1.763509083127772215e+00 6.788239509981760733e+00 3.629797754673621757e+00 3.630710299097115179e-01
1.226716550858583110e+00 1.255158392407161116e+01 8.826253453272391303e-01 2.605775031340283321e-01
1.060448783928783945e+00 4.858022417815996974e+00 4.112422466618809835e+00 2.084192295064636880e-01
1.705381550485746800e+00 4.284946781981624930e+00 4.470294383625472712e+00 8.193707763516169806e-02
1.979176149078853086e+00 4.881806893433268790e+00 1.172790858631497901e+00 6.585335950321076492e-02
1.429203655717942834e+00 5.543329759504982412e+00 4.103880156519353228e+00 2.437119337628772808e-01
2.037602490625929796e+00 3.619179776355420763e+00 3.359359904373125261e+00 2.157246918863971741e-01
1.490232904574348760e+00 9.364341510986202266e+00 2.325531901016081093e+00 6.838326060692034858e-02
5.729537461273844778e-01 8.461847464659530971e+00 -1.175307044786616739e+00 1.690535254156985967e-01
3.737406728315828985e+00 8.689671358310665283e+00 -9.761887991915991769e-01 1.327808145213341395e-01
2.985964575932366749e+00 6.104226140177322790e+00 2.517002562023026524e+00 1.929536784103789426e-01
1.277410576003692011e+00 6.974745103630120902e+00 1.129392456060412275e+00 1.009981761602441880e-01
9.601110854652337157e-01 4.590996794025325123e+00 1.672670211661395179e+00 1.476423057929665272e-01
7.278708262547320951e-01 3.600552978949139948e+00 -1.912311102860354328e+00 1.658786130441273210e-01
1.577471728968903752e+00 5.608599503950396858e+00 3.651114472039856285e+00 1.357255387552226134e-01
1.180763432433300508e+00 5.763084906565077326e+00 3.091068152596117447e+00 1.498756258312345380e-01
1.156268350631934894e+00 6.361297612405626190e+00 3.439385224377084604e+00 8.347216299373395876e-02
1.489999526378947170e+00 7.370489570247326760e+00 1.331240235576198749e+00 1.891621286594075413e-01
1.156367252191156769e+00 4.099070166196448817e+00 1.348160868071522911e-01 1.297200848968524944e-01
1.055516180639262114e+00 5.123262895917389592e+00 2.888582984311170776e+00 7.302007831896711876e-02
1.653751217379402227e+00 4.729588465456237678e+00 -1.003599417793570869e-01 1.874200279387994994e-01
8.932135507852383416e-01 7.187039235581763386e+00 5.834953990028998172e-01 1.245817059596067422e-01
1.602472277177863447e+00 5.752978048918364173e+00 -9.929379688090681499e-01 1.940155928560271525e-01
9.509184812448235880e-01 4.089383973830677199e+00 -1.524212149924729864e+00 1.367420240868214565e-01
1.890707072421682122e+00 5.225323672797223651e+00 3.056777483608665413e+00 2.623916068814465333e-02
2.186086907585393035e+00 6.530250018323410011e+00 3.048092752791303539e+00 7.331426286460598907e-02
1.007051193004363299e+00 4.211690447171267060e+00 3.363037172727931789e+00 1.818666650838370036e-01
1.290764598963662912e+00 5.294494344563929644e+00 3.974639736122960620e+00 2.109397914310109923e-01
1.452330181541119369e+00 4.556784345254637714e+00 5.237085967170942435e-01 1.853458332909390660e-01
1.157166126686929086e+00 5.096508367658266536e+00 3.966090526303950092e+00 9.799712020660650280e-02
9.351506283019576093e-01 2.857313659298772901e+00 2.549578303056645012e+00 8.006267113227859278e-02
1.641850240300644748e+00 4.761810700895343196e+00 2.579164954483398553e+00 2.352171142399052395e-01
2.415803279299828965e+00 1.146564183064599263e+01 4.899787286590641777e+00 2.708847477507016488e-01
2.064967434799820811e+00 7.653693649809274469e+00 -1.222169234524468351e+00 1.050512796199233601e-01
1.713528766897390421e+00 7.482207070604609989e+00 4.934866686236013322e+00 2.824115609211820810e-01
6.425300251159652420e-01 5.471152527526376375e+00 1.610689119047751250e+00 1.406270829229203656e-01
1.030833259845265859e+00 9.241534880780164940e+00 -2.853244878778088411e-02 1.621409788238890870e-01
4.756316831761682185e-01 6.194485100630097385e+00 3.449118525903410948e+00 1.353544560394530916e-01
1.143086968435619077e+00 4.377876002251494647e+00 -4.977419061882459861e-01 3.042642436221274505e-01
1.055308306913216088e+00 5.766490290696356880e+00 3.096662606094105374e+00 2.030708935908253909e-01
1.182998264437937763e+00 3.503841725592187650e+00 4.613744607908185635e-01 1.197990908703409491e-01
1.398499588415049733e+00 4.692276076451518563e+00 3.362227320245587681e-01 1.284831571237726178e-01
1.280072231714211028e+00 4.777834608895425106e+00 6.228570186504789330e-01 3.766172895652348251e-01
7.643673451957355702e-01 4.474751222923746496e+00 3.588875741756859750e+00 1.022316724638596269e-01
1.293919812357469779e+00 8.026513282247954351e+00 -5.632185881680633610e-01 3.108260619376781650e-02
2.174646716876688757e+00 6.119823906945777381e+00 2.004960753446369814e+00 1.331141554472747013e-01
1.690387033605017297e+00 9.043326126287363209e+00 7.284814115650593003e-01 1.716396561342189431e-01
2.393114670629769680e+00 3.058511454451184441e+00 -1.431820080219588842e+00 4.526173906544304626e-01
1.262437844508587315e+00 6.792250330950304615e+00 -2.244458854639604373e-01 1.571254300929951220e-01
1.352629245728365515e+00 5.401016873444215882e+00 4.093246267878366318e+00 3.931695936864985086e-01
5.419051362305770114e-01 8.254135244759694956e+00 1.113436943915505406e+00 9.263428705194427792e-02
1.802684448780290660e+00 3.371522105504817013e+00 5.839687364720487217e-01 3.278725577126812563e-01
1.281381990738203802e+00 2.574007902791247915e+00 1.566549029280923211e+00 3.664528041887112897e-01
9.107855639709216966e-01 5.143936529181145190e+00 3.427817134678547983e+00 2.294917868999931665e-01
2.280930267391501953e+00 8.106446576661801018e+00 -1.206828937545972202e+00 1.396539997811406253e-01
1.530475093214866522e+00 7.132420280992727513e+00 2.617615286962030385e+00 1.625203109070573193e-01
1.360108302745472120e+00 6.199402175026662576e+00 9.633949022376573357e-01 2.496664633526892718e-01
1.460481674401965080e+00 5.900722148458515726e+00 -1.470385643139857867e+00 1.075258746516940533e-01
1.175502216028510905e+00 7.433582665239209852e+00 -1.141858959047354238e+00 3.920151971117992185e-01
1.084225060945283703e+00 9.051859846362400930e+00 -4.118733482423958536e-01 3.363256665582229354e-01
1.254915942373893589e+00 7.137509060582152287e+00 2.952637033744726303e+00 2.363073562003235040e-01
1.012005061092376534e+00 3.531164953908755955e+00 7.446409221391044886e-01 1.488444289486372807e-01
2.008304827287057392e+00 5.889758091483138003e+00 6.234376139217265855e-01 9.915032603325700522e-02
9.186468396933087366e-01 5.456588885659193089e+00 2.614635948622599404e+00 1.968515014896045634e-01
1.083763793379120655e+00 6.458966843923783507e+00 5.808835415535507085e-01 1.825212077886800288e-01
1.269160324880766133e+00 3.227186226003055047e+00 3.763818207263888382e+00 1.088658578576997132e-01
1.656649916943141232e+00 1.002791825448849039e+01 1.644671175886676773e+00 4.083471233735476158e-01
1.042960456685419590e+00 4.946690585780132210e+00 3.918832600834005309e+00 3.496840344412793233e-01
3.521957419938835376e-01 3.771464526022874075e+00 -4.130192179643312755e-01 1.700967703337940562e-01
8.780733921188347280e-01 4.009926951921363170e+00 1.783955804214734542e+00 3.500188388505895976e-01
2.282195129401797029e+00 3.883900753818128049e+00 -1.190939270707370046e+00 2.057520781988930736e-01
9.777384106215655235e-01 5.183985784125284546e+00 8.850928705388041440e-01 1.198609312681045147e-01
9.421437176678165715e-01 4.705133597117137079e+00 6.478324558950564471e-01 1.634940300398478319e-01
1.839017636364629116e+00 5.953685930766874357e+00 2.830005967017425128e+00 2.366469435471956761e-01
2.143977805960955330e+00 6.353359875241983978e+00 -1.448097353667152198e+00 1.129348744419530065e-01
1.075462593665867495e+00 6.108057827839640019e+00 2.050619676537922764e+00 1.952913039599126210e-01
1.841565220715384088e+00 5.235143733429990398e+00 4.684299092995904523e+00 1.265210230745104081e-01
7.508251467657477418e-01 8.036397959300709104e+00 2.435733657489422388e+00 1.886586137978196742e-01
1.354921634925349005e+00 1.094626955222718756e+01 3.042063948824301978e+00 3.142466376827289798e-01
2.135637229564959494e+00 5.711665936559718659e+00 8.300976628387700673e-01 2.581526052006538063e-01
1.261389524827510655e+00 8.189672028913438595e+00 3.642596191620524948e+00 8.323079225134204229e-02
2.247882729787549216e+00 5.676866931090647661e+00 1.134468289184141776e+00 1.337549793468760240e-01
1.636731210025194949e+00 6.978635779996218425e+00 4.820253755018944375e+00 1.724036122425352258e-01
1.331132735960377511e+00 4.028625824931761912e+00 3.027162695166833561e+00 3.530767867857858011e-01
3.121881864696792075e+00 6.720920135958409425e+00 4.900358889420720843e+00 8.301595359172128652e-02
1.776736052833336910e+00 2.840269790476426692e+00 2.391412505691000945e+00 2.863988646360638435e-01
8.267885905473366659e-01 4.355155624691295024e+00 2.967649061834534585e+00 2.309814284324739619e-01
2.675558391164010619e+00 3.965620956068331093e+00 1.359361751284152930e+00 1.044147610218793681e-01
7.524735728949730751e-01 4.139811521510632808e+00 2.393736375129068783e+00 2.844151832860420392e-01
1.641596645256848230e+00 9.161308962631078856e+00 2.195955432124867546e+00 5.052922051422544802e-01
1.309825584731486359e+00 4.599491702238595714e+00 3.082909313759909509e+00 8.088804390252915533e-02
1.397204905786531892e+00 3.495557105999260283e+00 1.000128902353721649e+00 1.690910454558013087e-01
3.048307778947555668e+00 8.011196638740404552e+00 4.842961191886407946e+00 1.172474179123345756e-01
1.961272997462058187e+00 8.133608942979272172e+00 1.411761126142190292e+00 2.459186378618349322e-01
1.445087594907359163e+00 8.754441402367360681e+00 4.939356825670350837e+00 1.288483489545216298e-01
1.493438522661676426e+00 1.317868348723692584e+01 -6.999815390646014768e-01 1.179376622592601120e-01
1.124718387116628193e+00 4.037324731732293337e+00 1.581159982899600802e+00 9.529493424836245341e-02
9.789202467253317330e-01 6.218171028606619188e+00 4.595022766032728079e+00 1.532832539138446748e-01
1.861222544064745854e+00 3.354034510945467229e+00 -7.494731028456479427e-01 1.418000955542313979e-01
1.830175648478337358e+00 6.168761855362359547e+00 3.632692645244771090e-01 1.933177244442191856e-01
1.416438947194607278e+00 3.477654266923001281e+00 4.441028157304236501e+00 1.719356169094542475e-01
5.616244589749465055e-01 5.674242929670993085e+00 2.504146481682389513e+00 1.391508962059315457e-01
1.245014852098067060e+00 4.816966513328259758e+00 3.503628654320638969e+00 2.559465816597781412e-02
1.746868963926661023e+00 4.391992325661187024e+00 5.144177269232188543e+00 8.013768076209087932e-02
2.084506747550866290e+00 5.762319405895029334e+00 -5.686040618562482329e-01 1.792049357957048727e-01
1.604799930778322947e+00 3.582024670809393907e+00 4.155172918608923127e-01 7.164188860415361682e-02
1.395916565772194140e+00 7.608253076675241644e+00 2.827359173244992974e+00 1.419646316258479091e-01
1.216962869085123078e+00 4.512335619692370514e+00 -1.066834268491781534e+00 1.762474903537832316e-01
1.073116449797879124e+00 3.495927789069213532e+00 2.557325188748830858e+00 1.899835070257857306e-01
1.626799559598548717e+00 5.234375755395405783e+00 -4.100764239244681919e-01 7.606355708974951724e-02
1.385744741692747306e+00 4.735303750101985898e+00 2.212370552189208528e+00 2.199148732325305888e-01
2.365762391941202747e+00 6.881283893316929579e+00 5.088126060626891878e+00 1.377044357203872083e-01
1.294746315059048358e+00 4.415444989615554761e+00 3.633671304133184954e+00 9.969152235485316538e-02
9.673949886244977980e-01 7.045907224686774661e+00 4.159777653356870886e+00 3.279806021899495660e-01
2.110154270185189418e+00 5.764621807633538708e+00 2.682446065714093386e+00 2.789667230398593101e-01
2.459561369713380685e+00 4.932116633813014239e+00 -1.291581156534759245e+00 1.426650572015386587e-01
1.848805606533434176e+00 4.615752332717936390e+00 4.447941011513606435e-03 2.430153824251553574e-01
1.153736992741186240e+00 6.833768246282327041e+00 3.765641854657125087e+00 2.097488901010106654e-01
9.309860412027111121e-01 4.431174102732637010e+00 3.116526742945546768e+00 6.564905933731894627e-02
1.398458261717482776e+00 9.960993587573366170e+00 3.573178028749826485e+00 2.805357638068775028e-01
9.395034307402837515e-01 1.245313305357091771e+01 -1.036182383690699815e+00 1.438293951383888269e-01
7.790117184174418785e-01 5.549739807484451504e+00 2.769497187373070601e-01 1.885390981256500065e-01
1.171712387994319871e+00 6.889473061975825097e+00 3.018104223065658065e+00 9.009863526881578544e-02
2.265340176108747272e+00 4.961123936436705684e+00 3.526782301076879289e+00 1.530630801139203634e-01
1.753443912573649177e+00 5.839775860580443734e+00 -2.025332980934711480e-01 1.532078203618860157e-01
1.699092338949155678e+00 4.338116589132909873e+00 3.938226913571277521e+00 2.154639660647319210e-01
5.218902801632994137e-01 6.459056394556027314e+00 -1.373737449142330425e+00 3.206336443394227076e-01
1.843252668389267157e+00 6.142063785537888343e+00 2.992653533690424972e+00 2.980664862456675057e-01
8.764176180924969639e-01 7.342838316242850993e+00 4.597911842465536303e+00 2.635367749546348448e-01
1.728730695901735226e+00 7.716488885494499961e+00 1.018895689911766267e+00 7.731562389437168781e-02
2.187082919355790356e+00 5.875951502554947581e+00 -1.019327059772574540e+00 2.668746302296102768e-01
1.018398151876310775e+00 4.967790892919251355e+00 3.242317604891046035e+00 2.520297783281751358e-01
1.169364236176476446e+00 1.099190773889808348e+01 9.893678600025541670e-01 7.106205821812784651e-02
1.235679726942507717e+00 4.606313449152336759e+00 -8.067191192485361206e-01 1.460106502938655904e-01
8.281758085717692008e-01 4.703844363954798879e+00 2.697601269182555050e+00 4.068873829559799260e-01
1.222996663977525156e+00 3.159044724435935869e+00 -1.251065847241923379e+00 2.437005259694941806e-01
9.741177742635533932e-01 3.623012537674754618e+00 3.751571096246570924e+00 1.389697682651138966e-01
1.808447773340250198e+00 6.547616968412811822e+00 1.142507370011068168e+00 1.662023444529050209e-01
1.539908879966409794e+00 4.143495293425549342e+00 9.499956588380963352e-01 1.302418743304377402e-01
2.372695036484501863e+00 5.916421431683184018e+00 -4.834415527818187730e-01 1.730118047379491236e-02
8.785176802516816430e-01 3.665417643604402365e+00 -9.643965304947941242e-01 3.080771869605971047e-01
1.906383872050188000e+00 3.805217406663014224e+00 -7.647668461510224169e-01 2.576097666188357782e-01
6.695665748971270093e-01 1.024702573653419435e+01 3.235659238318341346e-01 3.142929181437933428e-01
1.324337468350540226e+00 3.789621629576397588e+00 3.555806679972186579e+00 1.508386875468870902e-01
1.478691684411742369e+00 9.514879770648358104e+00 2.996604259140148718e-01 1.895233064064850426e-01
2.466292220178585737e+00 9.790347320701645373e+00 1.663439112653831931e+00 9.381132113409748619e-02
2.141552053678370093e+00 7.514377840748823090e+00 2.489526226065272851e+00 1.518091832077607117e-01
9.738808835280196030e-01 7.133510479887728017e+00 2.107904297621031375e+00 1.433620083101526110e-01
1.411759330333088425e+00 6.196276600049095862e+00 6.404010008053766523e-01 3.013531849403128793e-01
1.038836793055678331e+00 9.812249792556409389e+00 3.315856053792475500e+00 1.587370754315954313e-01
2.575348040935748539e+00 8.217208564152400641e+00 -1.064489879012920692e+00 1.447341578191517764e-01
1.282769728523362351e+00 4.373681120489708363e+00 2.710926557809187898e+00 2.346052087387691110e-01
1.878077458905463848e+00 7.032174012592960821e+00 4.541344601161982020e+00 3.454247660600744396e-01
1.592300779094201868e+00 4.347940964897578198e+00 2.523367987331381457e+00 1.648393618068304534e-01
1.459664362997318054e+00 8.486266326976821261e+00 7.205141745665661901e-01 1.791182786735628085e-01
1.492807021680651047e+00 8.247769273562509440e+00 4.704465443070330544e+00 3.457377488279297917e-01
1.056675861324635424e+00 3.519097409375202989e+00 -7.160537726861513352e-01 1.961747665883031289e-01
8.954242188411141168e-01 3.446680007103761767e+00 1.303990021858424386e+00 1.171017480905413854e-01
1.469793010729598448e+00 7.188708823432715889e+00 4.530024829936648345e+00 4.620701266549329805e-02
2.305319841683116877e+00 5.634445350207991865e+00 -6.158812315934603099e-01 1.055121610114233277e-01
9.186217635845841389e-01 3.513389584089829931e+00 2.567210434399349150e+00 4.357480178567025436e-02
1.767483372815987774e+00 3.576899054409487633e+00 -1.161813060722494573e+00 1.972361872191039367e-01
1.824690092505795169e+00 9.304885183879962440e+00 3.505810381244547358e+00 1.577022567690085919e-01
1.692391674201200402e+00 3.612427133925656175e+00 3.827675310977502576e+00 1.058573415966672648e-01
1.037882197725912281e+00 4.236819077178888726e+00 1.497801392634064088e+00 2.019591026123380151e-01
1.440208457279728238e+00 1.324587368589951630e+01 -4.761219224936585892e-01 2.583401341464308665e-01
1.558181638559835713e+00 4.410455663173936003e+00 4.929005289765787445e+00 1.701570727355157242e-01
6.938757256560661446e-01 9.518132655710186185e+00 -1.998428089429229726e-01 2.954718791693857760e-01
1.617854083028973600e+00 3.998293467706136362e+00 4.769925288292131249e+00 3.328916461926744730e-01
8.741689771982399382e-01 3.579292422540566676e+00 1.545926662449926159e+00 1.803751780458427711e-01
1.890953288289320078e+00 6.613374881814500839e+00 4.893311239623910680e+00 2.202802370297648471e-01
1.805871657355445636e+00 4.899708943652330895e+00 2.066635707323636328e+00 1.183582986859984809e-01
1.136072182387620311e+00 6.102006198152302829e+00 3.335972362141766956e-01 3.656766203842595209e-01
1.602000687862272121e+00 6.080884241228230458e+00 -1.565540004142166097e+00 2.144974895220148059e-01
1.294297583055279421e+00 7.372806053149496108e+00 1.545780266998759256e+00 7.482634234590661293e-02
1.455753065270319890e+00 5.737841991327354840e+00 3.332135723988332909e+00 2.702669197732446849e-01
8.637888648359531851e-01 1.173886423302699811e+01 1.871904046977614922e+00 2.124624866552390912e-01
1.624169265855875288e+00 4.770597234635700623e+00 1.901999443581929850e+00 1.123585101095040673e-01
6.895455748207188762e-01 2.947056673171917662e+00 3.904082094084839305e+00 1.691387841165664652e-01
1.680410985116747469e+00 4.884469139822723349e+00 2.232707105371824152e+00 3.365791265664957455e-01
9.549136490088777629e-01 5.147447851600505331e+00 4.208432693891818843e+00 1.741127381844244648e-01
8.731264951349245740e-01 2.954136554008059967e+00 3.481731559800512077e+00 2.885264371001559636e-01
2.134731396909613999e+00 3.889358984084361204e+00 -1.674528612185569809e+00 9.865420091999804741e-02
1.065776236568662050e+00 4.443705121974623751e+00 3.724744858631105160e+00 3.222535205226747523e-01
1.559776140125133104e+00 9.095481411369334523e+00 2.079052192329700510e+00 1.759260024760693764e-01
1.921612786908315273e+00 7.207939688278786505e+00 4.915094476503780285e+00 1.091108612852745158e-01
2.307071156009496082e+00 4.728338133042299773e+00 3.789738622251290323e+00 1.924224322476986992e-01
1.055716000744165273e+00 6.682122265655261018e+00 2.373657458781763818e+00 2.325710995896480282e-01
1.057391894682025990e+00 6.734831613416460527e+00 4.726743449759787108e-01 4.067539645116650948e-02
9.242064029481225074e-01 3.645964475396632931e+00 4.372963640150145714e+00 1.665028443342985165e-01
6.961130563033557372e-01 9.440903173095065881e+00 -6.098624937955514635e-01 5.066502515564126341e-01
1.824040416620453131e+00 4.938372861173903061e+00 2.738953107403437226e+00 1.022185338847468455e-01
1.340391291870361101e+00 4.429452482207586250e+00 3.424883930827484324e+00 2.473986714351904259e-01
1.797003825030086377e+00 7.200478940326066279e+00 3.097114101037590217e+00 3.410691516185380689e-01
1.804352285613926465e+00 4.254263661461678225e+00 4.799244956690259301e+00 1.204483916927607257e-01
1.293887901462477341e+00 5.378738623462237634e+00 6.528555540023217585e-01 4.311589975715959255e-01
1.201309185634168220e+00 6.253336899006455063e+00 -1.474700450238649596e-01 1.372936843677295404e-01
9.092779826637616969e-01 5.314322886860634476e+00 1.644429600725223040e+00 1.952311957179475588e-01
1.365287335557259896e+00 7.686240201343036205e+00 -8.744761413493378210e-01 8.180589844845793934e-02
1.164764233326152310e+00 7.918111893780254817e+00 1.711815639491074403e-01 5.266301291917582783e-02
5.883568935964532676e-01 9.371887326584378286e+00 8.025965983505538581e-01 2.043887506455637215e-01
1.802511994031353426e+00 7.581218601681667835e+00 -1.120326830212635238e+00 1.059818201463337273e-01
1.288049501304385114e+00 5.806256816610246396e+00 1.763941939256019165e+00 1.121007563463135570e-01
2.200025751502213911e+00 7.836922477195153114e+00 1.818134204083496019e+00 6.898687228665811855e-02
1.916010008562598621e+00 3.820603087394438546e+00 2.545836341369249745e-01 7.962868664539415886e-02
9.014798016011356108e-01 6.740249355739007520e+00 3.612740071606476810e+00 1.186067910695537686e-01
1.785596376851117162e+00 5.577331209493552322e+00 3.022017536324644205e+00 2.897772003714029210e-01
3.274039210999549976e+00 4.027503899946988319e+00 3.198774218008443526e+00 2.055661537698524610e-01
1.083761200092715704e+00 5.589788322931056541e+00 7.566904288207632057e-02 6.334370524637450428e-02
8.452437327825433888e-01 6.863742815837929889e+00 9.045889081432445522e-01 9.398091058387431085e-02
1.909732771785370931e+00 5.360086437127030479e+00 -1.792352455145998835e+00 1.148134367053411237e-01
2.536019852664220142e+00 6.332629505522685776e+00 3.059539534079781742e+00 2.509476562221996665e-01
2.489687863004631296e+00 9.043968096634523945e+00 1.156953010278714666e+00 1.844160451348363788e-02
1.479888867411773168e+00 3.505166640018821944e+00 3.067591810111431894e+00 1.492212003105881646e-01
2.992848325087065664e+00 2.481960607987073075e+00 3.528031454603808292e+00 8.424034414436334939e-02
1.065119710197681702e+00 6.700566201124842358e+00 2.489989290772334080e-02 1.097561319183109896e-01
2.440363801841909375e+00 1.211553174288955326e+01 1.752198687722679837e+00 3.508518251508603303e-01
2.872895182671212133e+00 5.654021047432190805e+00 -1.545209792386320058e-01 2.857846801132740144e-01
1.530536869639992359e+00 4.612089089444403989e+00 1.141354686995300405e+00 1.285130166591318124e-01
1.597188131142053713e+00 2.769746018095477158e+00 4.932587832475983980e+00 2.615723189557511014e-02
1.974636571917634420e+00 7.982060767776983923e+00 5.448132141063832812e+00 8.173895330845021290e-02
1.926586927829991636e+00 5.097228272903015167e+00 5.117711489425353477e+00 1.907598927375198372e-01
1.120756113216046401e+00 5.222536323763788069e+00 2.761489723464999102e+00 1.217251287176244479e-01
2.460415119600852130e+00 4.792776869717255472e+00 -8.957200969450351824e-01 1.463785058212850876e-01
1.217525133191746045e+00 7.548138608091576884e+00 1.056474038227584566e+00 1.858546237505827314e-01
1.801901385809168143e+00 6.704431213796049782e+00 -1.121945773004225488e+00 1.036410242932627596e-01
6.958862113053959630e-01 2.610423184027779175e+00 1.768045391212519357e+00 1.102177474200132512e-01
9.645050312695725436e-01 4.799358587573093970e+00 4.485062934676713020e+00 2.295808212317780039e-01
1.541903089487610012e+00 7.982035914322581860e+00 4.450240167660758139e+00 2.149843439793054090e-01
9.153410567153860145e-01 5.008402154119071525e+00 1.625081077509210825e+00 6.592130227658121733e-02
1.218134344313571926e+00 8.526415702320388590e+00 1.188531317613000127e+00 3.038354285189024534e-02
1.566033598873870503e+00 4.091899058194595540e+00 4.372404158098339266e+00 2.760639113496168306e-01
7.374532430565484686e-01 5.539879375135690509e+00 3.164304080741704439e+00 2.324958911758514268e-01
2.117799063826512285e+00 4.213890631509103812e+00 2.483275337803268368e+00 2.163960924921544682e-01
1.073062733166453286e+00 3.768966355781210087e+00 1.187139582940438531e-01 1.172350712300571918e-01
1.350315860954533820e+00 6.596801462518486758e+00 -1.040727626936941874e+00 1.789410602835762587e-01
1.412117593813363436e+00 1.406691548298748629e+01 1.056231428152742735e+00 2.258203763342366555e-01
1.674961107090779944e+00 4.929843479778184268e+00 4.486211086713245422e+00 1.048959200930597579e-01
1.749420447108242183e+00 5.761213629022084781e+00 -1.130893803153525168e+00 9.076541060919747494e-02
1.956702213836794213e+00 1.003738889561072689e+01 9.115437334213278842e-01 1.458542180035906077e-01
1.450020842530897136e+00 4.059531787765401134e+00 3.005211483432203234e+00 1.284457031379033498e-01
7.623617510248489326e-01 6.838859249729637213e+00 2.994223617985848573e+00 3.992318887807430050e-01
1.733481127325694482e+00 7.575092283979146579e+00 3.331054099099055588e+00 2.271125397115287270e-01
7.359887453183653339e-01 6.122983218119781412e+00 -2.381153898643761924e-01 2.103849756885049216e-01
1.292688205901693754e+00 3.157259460622114933e+00 1.143485700070605127e+00 2.355674287436413383e-01
1.468034083899203424e+00 8.335190619101908283e+00 3.965411213174093508e+00 2.087885595536553840e-01
1.036541229502331962e+00 6.613103539723717006e+00 2.293365539035865375e+00 2.614612717670958819e-01
8.849092692165467788e-01 6.009222527306020467e+00 -6.380742108169586979e-01 4.019955540843548891e-01
2.236691292483215854e+00 6.069134030806684343e+00 -1.241480511614966753e+00 1.108033937347440157e-01
4.302143893218022264e-01 2.980290558973218040e+00 -1.325511065385696963e+00 1.025660697662809651e-01
1.148411681881861490e+00 6.411283641043945103e+00 3.316757120670281278e+00 4.198920049684465861e-01
1.124719880989779597e+00 7.585614858571501529e+00 8.198476079141939765e-01 1.820198197238291904e-01
1.803755474355942301e+00 7.305462624659904591e+00 2.991416514905468116e+00 8.880305181273689952e-02
1.459983041540620752e+00 6.761227233405857184e+00 1.563550816798527920e+00 1.683919978252882976e-01
2.173649056244129518e+00 9.261662262018724334e+00 5.082849700979846119e+00 1.110923977484130215e-01
1.767167125391534199e+00 6.055885897797051776e+00 -6.198907061629893578e-01 1.105279008688619391e-01
5.802740720730448221e-01 1.132389491505723633e+01 3.022342460982120893e-01 4.174698633329778641e-01
3.949042788861210074e-01 6.372192270028500083e+00 -2.371617022107656014e-01 5.125491869608359563e-01
8.978825338737821404e-01 3.539040051317495994e+00 4.274771801853728403e-01 2.420418436667857165e-01
1.965483679945506212e+00 7.372876379913282818e+00 5.161415917332488945e+00 1.750122023133527105e-01
1.207954004506941681e+00 8.368117919445621666e+00 -7.170175996070302649e-01 1.209728480104862308e-01
1.165112621887511635e+00 4.463810203049976444e+00 3.801738547476682495e+00 1.299235342063789767e-01
8.321689171462198775e-01 8.750517156342343839e+00 -8.758596114244301400e-01 3.956462140909565439e-02
6.968581019729713777e-01 5.810962406240143707e+00 -5.394352160239623828e-02 1.671972296065397934e-01
1.082238084994171512e+00 5.769635773747101126e+00 2.042734183128440684e+00 5.736918557588328860e-02
1.345200583647012227e+00 4.291984566408264534e+00 1.755251877597395316e+00 1.882339886331885481e-01
6.518553450567222685e-01 3.425549038203323349e+00 1.642738546667444899e-01 3.522743732948131479e-01
1.302598754188522889e+00 8.281316350108280488e+00 4.036300117093791329e+00 1.793834108221222245e-01
1.343005827380630013e+00 3.590817257128097850e+00 1.250456052049942146e+00 1.464478001723681921e-01
6.260405111291870162e-01 7.650390283210085407e+00 -1.137349803071823207e+00 3.108297541227849070e-01
3.557505142593013203e-01 2.574408589189403518e+00 2.014481731225203909e-01 1.126719504759595425e-01
1.380825901874755735e+00 9.985991471998071134e+00 7.868622416502881745e-01 6.002072711452536291e-01
2.924968487335835476e+00 4.224575288142964347e+00 -5.282618814519886019e-01 1.832733825826000640e-01
1.784092819746135428e+00 5.445528820162060413e+00 2.926904662670731572e+00 1.166847655053012134e-01
5.672303852333095975e-01 3.488295553076362854e+00 -1.140826601635896775e+00 2.651193292392339806e-01
8.352155492737697307e-01 6.124668850785185192e+00 2.490020867608793598e+00 2.650572644579755055e-01
3.721040825995467483e-01 4.535120288099749430e+00 2.325563728698114563e+00 2.185769883062317342e-01
9.828432354772171919e-01 5.763455798912812789e+00 -8.627534204944353746e-02 8.221955447634886338e-02
7.062256637123889291e-01 4.402507691690560776e+00 1.318119942625510355e+00 2.056637237744499691e-01
1.111717656070615012e+00 9.649335993404452694e+00 5.007240012891697178e-01 1.166875592942754475e-01
1.651606222366738708e+00 5.164949150162428282e+00 -1.605839032346066952e+00 7.629465532364282376e-02
2.215541518426209944e+00 2.233477731690165058e+00 2.663076509621008725e+00 1.363016967297438764e-01
1.316603000074790142e+00 4.132598770484668727e+00 1.115774642348990930e+00 2.099258388779819684e-01
1.774209580100993833e+00 3.812444240017246244e+00 5.130215465214315707e+00 3.094412396514724106e-01
1.890488911717481457e+00 2.693264773320084071e+00 4.727787373042557917e+00 3.552777744221808920e-01
2.044590396341617655e+00 3.421996970901501456e+00 2.840267383821655223e+00 1.485695384400163577e-01
1.326424684973954715e+00 5.191496557184214211e+00 4.729211502817436852e+00 2.448634154765451654e-01
7.952592409508059124e-01 3.332962233419468845e+00 2.103433536123081815e+00 8.939104425237501261e-02
1.861127465476854814e+00 3.232856778908109074e+00 4.186700833054461945e+00 3.363082376007734409e-01
1.416017783800291419e+00 5.159721531785077531e+00 4.904506264575479335e+00 1.363256920520607984e-01
1.543353371158550091e+00 8.118360028789101790e+00 5.551930384019737597e-01 1.824693129570857386e-01
9.246539945465482857e-01 3.857849477762407275e+00 3.166051793368976242e+00 1.399609530557737735e-01
1.207190164676223754e+00 2.761801954705811912e+00 -1.011324187032688560e+00 4.105806111843948725e-01
1.933102036169907390e+00 3.293777537174418679e+00 4.995365180868433619e+00 1.018900057757589073e-01
1.697145636034299354e+00 5.949064666720410344e+00 4.136539654272621824e+00 3.155736112022764495e-01
4.084468839148070463e-01 5.518056367982124399e+00 1.109878077845352973e+00 1.353152537398106259e-01
8.195911381649532146e-01 2.820202467712372041e+00 2.614360864285105168e-01 9.878714085122888844e-02
1.183234058100411934e+00 5.915689054159407156e+00 3.191410338371558630e+00 2.937834009741575603e-01
1.055311424722976010e+00 5.412105348679951078e+00 1.201453908711229701e+00 1.093596980507293426e-01
6.941637685243120526e-01 5.550548310778051331e+00 7.165145035475236623e-01 1.242795911925654861e-01
2.473808373537264238e+00 8.591619911876618332e+00 3.704527398121205906e+00 2.481789920445075515e-01
1.751680929800333519e+00 5.288756704825568811e+00 4.066996015065051928e+00 8.602187133036877376e-02
1.597424469269027147e+00 2.484076142637639872e+00 3.506161150608622545e+00 1.410783619653539489e-01
7.322089438043773990e-01 8.112858574090244801e+00 8.309990568168450498e-01 1.824871367708535419e-01
6.827479428966841679e-01 4.514810244393176575e+00 -8.808181353447275264e-01 1.284737077803026206e-01
1.639604307820277773e+00 6.234297496973149499e+00 4.535422884426091095e+00 1.127566359717216138e-01
9.642334680445290296e-01 5.198112514201548073e+00 5.354024272728720169e-01 3.537376599578287983e-01
8.245335517877814269e-01 4.904670633077319764e+00 2.463523987677068483e+00 6.598555463418993849e-02
1.594908309679962999e+00 5.135455276487707721e+00 4.015850724066797994e+00 9.868923164893431133e-02
1.493768418107147333e+00 3.327368921345783548e+00 3.139421625008817607e+00 7.063849012627423929e-02
1.075941852986867842e+00 5.108983212703090970e+00 3.884696220396882005e+00 1.116416430891313538e-01
1.504788817998051087e+00 5.638878583227429964e+00 2.175317647309634950e+00 1.228783299981972554e-01
1.012512698079597984e+00 8.436376918170147121e+00 -9.301576769170818437e-01 1.660495710168775063e-01
1.056471028652320898e+00 4.762997725946385152e+00 1.117133532486451530e+00 1.149793657823678650e-01
1.112221569268697419e+00 3.950515484563239088e+00 3.944527931005322507e+00 1.603425144951197701e-01
9.243614675160225502e-01 5.544405081968144522e+00 2.070951672546254230e+00 1.376919507336077098e-01
4.951587684477412044e-01 4.698348216147409495e+00 1.597644020092959583e+00 1.346728108566325188e-01
2.610246865941657557e+00 3.530092602814978164e+00 4.027429629611256168e+00 1.291372017122722204e-01
1.409162554918606869e+00 4.655464316311592299e+00 2.547926085924734352e+00 4.817679856808205763e-01
1.002154639895812327e+00 4.938418333659102544e+00 3.580247777056754899e+00 1.733799387063168496e-01
8.169607993133786161e-01 4.137579102837225520e+00 -3.658028257506052983e-01 1.085105855277108816e-01
1.584251233969387940e+00 7.192818209423664122e+00 2.404463458750373039e+00 4.383760812816971386e-01
3.612034532248283636e+00 8.157066649686802506e+00 2.448508196443712315e+00 1.946561172016258168e-01
1.230158001072229501e+00 6.330427402030474049e+00 2.907751950580585110e+00 4.106477530897238992e-01
2.394869399234942797e+00 3.317928448391054275e+00 4.877338572382248216e-01 2.635835483867305373e-01
1.325313206810071032e+00 5.897675043718724197e+00 2.047331190658467026e+00 1.063218774221793561e-01
9.942868356277473341e-01 9.870531294295334490e+00 -1.604761013119974100e+00 1.442351612541860617e-01
1.273745615406407294e+00 3.289839398729534459e+00 2.618243096087095712e+00 3.068778541585215347e-01
7.491090934220692166e-01 4.428886999174306283e+00 2.923710605224821180e+00 1.626663153498962011e-01
1.589486868675896281e+00 4.183805146426181842e+00 3.359322535194122938e+00 6.506198336632998402e-02
6.711337189929580394e-01 8.049734110611765914e+00 1.170679788672807753e+00 1.915565366648391554e-01
2.514908415780927609e+00 7.977146187399275945e+00 7.062923807235026441e-01 1.905789794508341295e-01
2.241214566858848567e+00 1.125872806575359775e+01 2.652289934024272711e+00 2.860237679963827384e-01
2.618301221964882242e+00 1.193863712983486103e+01 2.424307296907008080e+00 1.777151532211845852e-01
1.640237693849498690e+00 3.221591619622879321e+00 -4.040026895862114387e-01 1.527992407542291819e-01
1.466336261702037014e+00 8.704157510419697985e+00 1.123851938915826576e+00 2.273167189326702753e-01
1.605607233133989675e+00 5.805447035217780716e+00 -1.388149661946401769e-01 1.220633752342161066e-01
1.733964099624078603e+00 4.511458550089110453e+00 2.141966189935823994e+00 1.663598526666917321e-01
1.507904883681173702e+00 6.014226791936596150e+00 -6.524651510814802879e-01 6.973146498398020976e-02
1.744915498096750062e+00 4.454221187004333338e+00 -4.817010885328366077e-01 2.143895881019348693e-01
4.777888242222946280e-01 4.416328677314181661e+00 2.227236814666549325e+00 1.697400611606564858e-01
2.541276855752006014e+00 3.906708675666086705e+00 1.379945155372313881e+00 2.506541699788925603e-01
1.901930229934745364e+00 2.585993576649057157e+00 -4.086517984741536713e-01 1.343294524547370417e-01
1.054895990847407372e+00 6.072259827068897664e+00 1.174740924452398749e+00 3.796419363862483243e-01
1.915750231970645867e+00 6.310703595943857103e+00 5.118544367840560660e+00 1.224109848509565140e-01
1.389116062523161776e+00 4.004266730016721176e+00 3.968649780935018967e+00 3.984754856794411326e-01
7.382046873442308366e-01 1.007710337580681959e+01 2.805818099470410054e+00 1.786355271081866702e-01
1.162074330744127693e+00 2.832872912009895217e+00 3.591599476809871128e+00 1.368852588704361772e-01
1.456227949051882797e+00 3.447402762427894007e+00 2.759586577764370663e+00 1.483501780684718663e-01
1.229866927050973002e+00 6.593807917347001002e+00 9.524448451241274149e-01 1.810749485293165206e-01
1.381752273012792021e+00 2.250509477190260732e+00 -1.702494078721414450e+00 9.524569192095348746e-02
1.442865686718062479e+00 6.116295019296837054e+00 1.210474741224268902e+00 1.061204723688066454e-01
1.408954873188853707e+00 4.034385575013172520e+00 3.840257484698189394e+00 1.460949141811103136e-01
1.160166122894642049e+00 5.654677529484805731e+00 4.017039360735130238e+00 2.233367565690971002e-01
2.737504366159950742e+00 1.177104741159392098e+01 -3.736249703976097791e-01 2.309383514085360800e-01
1.029605827813785845e+00 3.661051939641707609e+00 -4.470920454265639443e-01 1.126272205405735166e-01
9.529628906253272413e-01 6.003179954801771245e+00 2.969594455925409271e+00 3.502567662374171942e-01
7.718995905680298142e-01 5.901936238103521859e+00 -1.150404064094517231e+00 1.225603852571020697e-01
2.562796384125974658e+00 5.797220077732780474e+00 -2.072876020174824196e-01 1.182131650539412493e-01
1.123994652506956848e+00 4.341527489526463057e+00 2.211061237045297112e+00 3.681574234088903774e-02
1.567167005859439577e+00 3.289717140774810034e+00 4.376480661159003915e+00 1.490469398030420389e-01
1.439216354514593288e+00 2.465667649257505367e+00 3.262589628598775437e+00 7.199479355309540418e-02
1.612555515166623543e+00 4.145556476456462747e+00 -4.363142797848921228e-01 2.955227420085041468e-01
1.818161416883119941e+00 4.597572175358441982e+00 4.491965357053359753e+00 1.451576474085123636e-01
1.980850268558330907e+00 6.618231240062733889e+00 2.869719499468983415e+00 2.226043862095855030e-01
8.329500041464246163e-01 1.157136027605121598e+01 2.282982748297627484e+00 8.051665658402781811e-02
1.254742003072700784e+00 2.930197281232083117e+00 2.982262156358608252e+00 2.868745457108817232e-01
1.024023308936249155e+00 6.061886151341679962e+00 -9.147055889826949393e-02 1.373253649946572785e-01
1.445522290241277652e+00 4.574094265966230921e+00 4.156473221625544667e+00 3.103021364374644042e-01
2.544707306909181010e+00 3.258825520866647008e+00 1.452875646051772884e+00 2.283565388632321502e-01
1.449356105862244837e+00 4.008326049230899635e+00 4.277849149256930161e+00 1.486963228939795489e-01
2.340968854523244769e+00 5.507547295228321538e+00 4.220779360155488824e+00 3.098466161635965443e-01
2.314619016883964875e+00 1.068664782993303142e+01 4.263337839889461023e+00 1.147013890244297091e-01
1.777682892683820404e+00 3.638958314418957229e+00 -6.598368761794876081e-02 1.505891678186977445e-01
1.287601885590457407e+00 4.131297249516564740e+00 9.694325439341568984e-01 4.169719069731375738e-01
5.637287428081053653e-01 8.456900340415614892e+00 -1.142444447135916530e+00 5.922596214137833270e-02
1.316610198229595241e+00 8.939973745379386827e+00 2.589779819771782066e+00 2.598752267274369032e-01
1.320010114279270397e+00 6.188998130041180268e+00 1.549502875683105074e+00 2.140494910018340968e-01
2.572382728930783014e+00 9.338581791852979208e+00 3.843722137743641465e+00 8.524661418524219492e-02
1.379023073740049288e+00 3.688249076487421174e+00 2.708710267808327909e+00 5.489369403790855112e-02
1.243799932817488241e+00 3.790861912051023630e+00 4.879223262582915055e+00 1.580783151278052079e-01
1.195162123435858259e+00 4.432919178956589157e+00 -1.251659974404962794e+00 1.858548974343636195e-01
7.583795188217770100e-01 4.189461281334816434e+00 2.458266213950525803e+00 1.748113696703861852e-01
