# Hierarchical MCMC downsampled to get 500 samples
# alpha, beta, mu, s
1.312217298790945064e+00 9.543959031994702968e+00 6.399317625872848581e+00 3.255691685154354920e-02
1.358562340825435255e+00 5.723624447933723935e+00 6.258977073719546702e+00 6.811355548614154987e-02
1.052542399906638559e+00 4.313127598708305754e+00 6.372454599192042934e+00 7.288962202594768958e-02
1.100679335864722663e+00 7.015064141590369395e+00 6.187869793046960609e+00 1.607082091268433599e-01
1.103682601208265446e+00 5.276968780662175007e+00 6.336136281259667768e+00 6.554103862187087015e-02
1.102455435147871921e+00 7.890195984750895342e+00 6.505367910757229311e+00 7.528229509889095006e-02
1.363572084339668145e+00 7.879479920653267300e+00 6.211668313818024423e+00 1.170185946279848899e-01
8.845293055986480635e-01 4.433625355716369398e+00 6.447422869686972646e+00 8.838950483235527567e-02
1.298394107452934820e+00 5.890372392854687611e+00 6.384766795296786590e+00 2.512166853972848668e-01
1.182587945947860764e+00 7.427080163058182194e+00 6.351991694663150945e+00 6.896962707034284823e-02
1.086798766452492959e+00 1.025275961802638136e+01 6.386675965382709208e+00 1.397423437515563638e-01
1.711252959849733912e+00 3.864822405526898486e+00 5.924667042087724766e+00 4.243639088779899149e-01
1.081050525751011238e+00 8.568151963260728365e+00 6.338111924659875385e+00 7.044247185937488331e-02
1.412481562238850463e+00 5.879260096534896007e+00 6.252181085220193779e+00 1.704348340710271636e-01
9.518161001157408041e-01 5.599907267470159766e+00 6.439027816452319364e+00 4.197997708800513955e-02
8.305261097390643776e-01 6.884665686453799616e+00 6.179043357573066331e+00 1.253471301606067234e-01
1.163261091231849953e+00 2.875487746960393665e+00 6.237767964420322109e+00 4.216408973776747393e-02
1.401139846248916410e+00 8.153358709330360554e+00 6.237846569551951603e+00 1.201763896292999817e-01
1.342453165778749069e+00 5.166902418346965398e+00 6.384675971069156297e+00 9.149351945280323473e-02
1.427130915730585814e+00 5.639962836066396257e+00 6.133419180004980653e+00 9.435975174601329840e-02
1.379171897654577261e+00 4.463948359325748960e+00 6.372939051805024846e+00 2.070743808977446726e-02
1.282842731042291184e+00 3.067024502423460142e+00 6.515837258739225035e+00 1.928142013128094634e-01
1.409937075196969314e+00 3.987482017291238190e+00 6.302720867241401237e+00 1.134021139519137272e-01
1.237053858579227228e+00 5.702419190606931032e+00 6.363186151707627580e+00 4.464832078524042652e-02
1.138260325516429194e+00 5.240719583091006939e+00 6.217027758055326814e+00 1.700402647327117767e-01
1.199531166518561287e+00 5.356765594901908401e+00 6.236971034166058026e+00 6.292233011443026935e-02
8.987700266706077912e-01 4.862697128607631036e+00 6.240808393796656084e+00 6.049383822972429631e-02
1.261379641732705004e+00 7.718072955759286202e+00 5.814680658123624113e+00 1.711476379493871158e-01
1.356741543372726122e+00 5.736514429582629582e+00 6.242657529714850995e+00 5.595700047147127154e-02
1.237381195424197777e+00 4.100377306707652991e+00 6.526895796408317629e+00 2.331100685466342692e-01
1.187549279014305181e+00 6.273688442582288971e+00 6.396118211571167222e+00 1.151864926115999666e-01
1.777626053053819044e+00 3.942274703550790349e+00 6.384185616274992370e+00 1.088786098648560630e-01
1.020173479084356405e+00 8.286269618990738550e+00 6.259835827493044569e+00 1.301703489716469764e-01
1.685069009549858166e+00 5.625509023015994536e+00 6.299333553248732898e+00 8.716252110926886454e-02
1.148531920263414552e+00 6.589135394315216665e+00 6.326088393728540815e+00 4.784472962805937785e-02
1.559150027426603469e+00 8.659692329938788902e+00 6.428782675227727950e+00 1.013994870187887587e-01
1.655793595870472812e+00 5.719372855216969143e+00 6.160524790835092190e+00 9.136256979176092530e-02
1.620576976263488733e+00 3.691049289393980359e+00 6.184270153078121446e+00 2.400902884856975228e-01
1.196080559414966826e+00 6.997532008541680781e+00 6.401563816059093526e+00 1.193506020450380428e-01
1.046791088989562413e+00 5.088979069963799340e+00 6.335554631402419368e+00 1.448962151530888143e-01
1.139190887035452571e+00 4.756126960902263612e+00 6.323766918078649546e+00 5.314692970274869505e-02
9.982438338516215204e-01 4.018922505134542078e+00 6.309030243573850782e+00 1.912782763241146211e-01
8.250666234999033399e-01 4.612454393351709037e+00 6.293771640780386534e+00 2.406011553817171897e-02
1.222654244476534258e+00 6.512506288208918193e+00 6.208036942702922723e+00 6.904178611457217896e-02
1.106867639067979470e+00 4.642467394715024120e+00 6.338409060332232059e+00 4.282873331249919396e-02
1.250054328031662498e+00 5.052133771074672097e+00 6.278556571209869652e+00 5.621689016845642789e-02
1.279781633812048902e+00 4.706594000192853677e+00 6.373856628763166832e+00 5.462600011878578077e-02
1.494497732907707155e+00 4.270400413732847511e+00 6.277963195622134229e+00 4.897589192083500603e-02
1.314459003035243878e+00 7.010425360867705180e+00 6.136470224663549189e+00 7.651817776730221454e-02
1.135309085567253629e+00 6.867186804860564209e+00 6.096836748256158067e+00 2.857517007331810688e-01
1.310682606488056789e+00 3.386173179339371231e+00 6.233626634250255982e+00 7.358422453583969569e-02
1.225677960582945536e+00 6.536470885899015038e+00 6.232998890872742059e+00 8.388864238507609539e-02
1.030848925119595139e+00 8.321156775598353761e+00 6.217319982542532486e+00 1.006287031525129605e-01
1.142198900167238795e+00 4.518716531190810848e+00 6.523322072703495955e+00 2.280457620451530332e-01
1.166150213277127978e+00 1.341037720234998076e+01 6.408201766777780861e+00 1.814607335435445834e-01
1.495350437547933842e+00 6.664905399144181786e+00 5.911508793785938742e+00 2.486254526541711862e-01
1.252577682995963615e+00 9.769456328740874440e+00 6.272301088650547030e+00 1.990042083611689161e-01
9.905797434516125932e-01 5.101002597309033604e+00 6.199058702336012416e+00 7.425022656241329899e-02
1.394477218906602811e+00 6.156456845790922117e+00 6.388965001683516221e+00 1.231485145806133219e-01
1.296066327626408388e+00 6.037155250102076209e+00 6.173994781184896752e+00 1.370756976756497547e-01
1.119711927066170398e+00 3.590939510978700344e+00 6.358805136113168999e+00 4.833839539333151247e-02
1.069787861570660414e+00 9.051897025068516456e+00 6.828764728148030372e+00 4.233666053437884491e-01
1.125309797826743008e+00 5.942210882623109924e+00 6.349608876431782178e+00 6.757364741483598558e-02
1.692121479053194211e+00 3.424552748990809192e+00 6.223782674791541680e+00 1.299592711119204047e-01
1.074472814154018074e+00 3.799891586026876045e+00 6.330281271175975277e+00 5.364995921558042558e-02
1.076033130070186195e+00 1.342627032564079848e+01 6.310627673723342212e+00 2.913404287376127055e-02
1.184160269210482230e+00 6.013539915847773365e+00 6.184259987392380253e+00 1.154911145936711181e-01
7.184763900279522719e-01 3.792430417741372572e+00 6.415929318706895756e+00 8.760126189683135889e-02
1.965360875106728633e+00 3.732037069100785587e+00 6.154859015256927357e+00 1.590647646554970152e-01
1.179747115643723587e+00 3.930896325916636069e+00 6.267141690945822852e+00 6.608120266251461816e-02
1.742643772675062319e+00 5.310187799573060197e+00 6.317963618331313924e+00 2.283412052499125128e-02
1.347826246139685713e+00 6.460816412143517873e+00 6.340938154616665656e+00 6.545400941316741050e-02
1.221563073801122501e+00 7.694789894742203096e+00 6.424401286884256379e+00 1.420676370514239173e-01
1.348430222068227158e+00 5.614092330666855091e+00 6.372972795885339714e+00 5.568548914126479621e-02
1.084687831385481305e+00 8.429258316907395354e+00 6.353346849087897041e+00 1.050372577602667057e-01
1.292300085320052805e+00 6.349813071614017979e+00 6.338134896686226760e+00 1.841933479156449005e-01
1.285253419672953923e+00 7.095859814953024092e+00 6.527224216691695169e+00 1.939873114989748848e-01
1.574851213518598136e+00 4.433973369134386999e+00 6.248105486111928286e+00 5.146011829306203905e-02
1.086087721658519634e+00 7.177611783166351955e+00 6.274327093719256787e+00 4.879394268678439311e-02
8.861009258077732209e-01 4.634103627902868894e+00 6.345780861670443862e+00 5.236195821160462283e-02
1.254086819971138578e+00 7.880866461982805937e+00 6.386861183263617292e+00 5.511523122411095266e-02
1.172365336263627489e+00 4.307345408807728759e+00 6.326650812812841806e+00 4.654400116885543115e-02
1.097915445325243766e+00 6.021685844841343282e+00 6.419497228688137547e+00 1.054677324558257051e-01
1.406552504829760242e+00 6.134109759049284349e+00 6.274470620570645529e+00 3.695578384641864250e-02
1.652297495320242948e+00 4.386637236697987774e+00 6.427099721577551605e+00 8.872490480541925240e-02
1.138499086677448258e+00 3.895834197851016256e+00 6.343985695355769394e+00 1.303369563223049921e-01
8.710419206222816957e-01 4.940923169229876954e+00 6.164431701506814854e+00 2.419664557269238792e-01
1.205916158491211476e+00 9.362689736750377634e+00 6.373346610217818231e+00 6.660796594912772595e-02
1.250399038487744363e+00 6.847526074978138588e+00 6.348796309088970524e+00 1.109720952218272161e-01
1.805651257056773318e+00 2.801257294472161874e+00 6.288211526630047565e+00 6.184212953131314888e-02
1.937695706570957466e+00 9.864833300275607897e+00 6.333112328760859278e+00 1.900341095191212804e-01
9.507260292614133634e-01 3.223472013054444751e+00 6.435144156519848835e+00 8.597789294674262894e-02
1.783649709753443835e+00 9.628213457221818317e+00 6.315598006179071078e+00 7.689482552112315850e-02
1.273960927471253779e+00 7.405696060621624888e+00 6.178706699800669000e+00 1.430658124265122844e-01
9.822467125880096628e-01 8.814501475964148014e+00 6.247581635721378035e+00 7.470534561519641403e-02
1.145602371873646774e+00 3.859011217935615967e+00 6.258506669400389910e+00 8.374527585843311028e-02
1.080176837963354286e+00 6.566258438388514307e+00 6.322029237949966962e+00 7.930393828678547474e-02
1.087527635332442344e+00 9.126865591932437738e+00 6.345519195160817638e+00 1.677274356968954938e-01
1.505836157110677087e+00 9.943723090867166547e+00 6.384488018810193566e+00 6.329183127862912650e-02
1.257123688853385435e+00 5.838945020977183376e+00 6.484408850841671956e+00 2.531569240840342294e-01
1.170219781166046635e+00 5.699474205909060842e+00 6.546029314714441938e+00 1.921325037041513029e-01
1.178373731299252158e+00 8.390170906332119927e+00 6.218776384038549487e+00 4.613147556340194827e-02
1.571497646454744102e+00 6.087632736110657028e+00 6.242164160015045482e+00 9.700356608632557109e-02
1.447778676781366070e+00 6.229360640621950829e+00 6.254655339370324363e+00 1.067421165016712858e-01
7.587061945941473429e-01 5.522158057663149044e+00 6.467062808239676386e+00 3.141395412947213250e-01
1.105574365906786705e+00 7.169492763425380666e+00 6.384127987820357397e+00 6.301838231524184430e-02
1.039558130061553287e+00 5.787041462831059135e+00 6.291503495326881357e+00 5.689829105776918194e-02
1.355935442106803279e+00 4.296789954241045706e+00 6.314873921462461404e+00 3.049899226934550678e-02
7.896762580153726674e-01 3.778819318236802616e+00 6.066826692214854155e+00 1.685470871320530750e-01
1.268012247242869872e+00 3.079371605302545944e+00 6.264145904524199615e+00 7.653631136354886733e-02
8.237075705743404086e-01 2.841531685646149885e+00 6.293400180977163139e+00 1.322975966812845738e-01
1.250630996015372087e+00 4.896708161225559408e+00 6.267891612042835625e+00 4.279506962465456921e-02
1.318119406524710158e+00 8.509909905644319039e+00 6.031240503742117731e+00 2.915265353153050909e-01
7.980875038025165846e-01 4.951579634204766656e+00 6.281616065958721684e+00 3.218866320385926211e-02
1.041668006542608493e+00 5.145705923535699888e+00 6.185541703951884962e+00 8.342324567142095360e-02
1.182445294076167830e+00 4.751421842487699720e+00 6.180931289484576041e+00 1.167676009188776121e-01
1.259958752796171311e+00 6.708413679502025495e+00 6.270569160222660976e+00 5.347444344489642176e-02
8.768422741563424161e-01 3.475432812985256970e+00 6.253337147439548716e+00 9.226764646534596492e-02
1.025989582254059673e+00 4.420145661883914556e+00 6.226851484306853202e+00 1.054634579731417443e-01
1.185537307835816900e+00 1.134815439793143632e+01 6.189844685755891973e+00 1.277188646329611710e-01
1.744501664481176162e+00 5.240882481250782376e+00 6.254444310164410936e+00 5.557410737785696553e-02
1.176837206126389868e+00 6.318798310602678825e+00 6.485225390218926300e+00 1.530288997732658363e-01
1.479211156497530100e+00 3.979253680012101668e+00 6.463645814998272066e+00 2.574777496336849714e-01
1.130885996070332133e+00 5.522825167689505932e+00 6.261794260750360053e+00 1.645508142374262073e-02
1.514183316747709895e+00 5.032091983201558705e+00 6.247140834765321671e+00 1.512764243529597930e-01
1.125039241586006211e+00 9.833041058151998470e+00 6.228316904839746648e+00 8.949335448192069498e-02
6.867518283061105899e-01 3.715606589607876931e+00 6.370191207242004161e+00 2.277744929751999714e-01
1.002277653537056779e+00 8.049651495432033954e+00 6.324188070026116826e+00 6.801014655830063538e-02
2.014738729287990360e+00 4.976299441148857028e+00 6.414566483644642325e+00 9.226105432184802946e-02
1.375383095502348052e+00 7.002082432892327013e+00 6.379246640735397378e+00 1.170636593957848637e-01
1.388355113835030519e+00 6.017479869830704153e+00 6.244539081813937464e+00 3.119376358174749328e-02
1.345181943411291936e+00 5.984884486675190907e+00 6.421338068972588964e+00 1.864530951389479774e-01
9.980626323927902499e-01 5.719986833066442955e+00 6.156169206963993723e+00 2.077356576413419975e-01
1.397646976063296131e+00 3.353363479345372600e+00 6.266921833092498062e+00 7.933301581039316208e-02
1.022057316331597576e+00 6.648698515589989810e+00 6.272494886156967375e+00 1.067891277835536223e-01
1.589914144186860057e+00 5.716884780467603733e+00 6.088060692432356369e+00 1.646326917634457487e-01
1.432986334124579875e+00 7.970707695074281673e+00 6.426237307236135621e+00 7.178981727093668164e-02
1.157599290697774341e+00 7.296328650201947319e+00 6.285212401766233192e+00 6.333253134991503885e-02
1.148998079043152432e+00 5.537933798767504356e+00 6.131151433173238630e+00 1.221288089012988881e-01
9.200045490810524473e-01 6.092362204405181281e+00 6.065174303639977893e+00 1.649036405173598951e-01
9.839659964032368977e-01 5.106402184571241065e+00 6.437558224902867110e+00 1.270137485061110239e-01
1.461960139097948197e+00 1.201256223455732908e+01 6.267827017332566086e+00 3.145174352617814695e-02
9.559892170061985439e-01 4.056416598340742752e+00 6.105498344768659713e+00 1.454028500853888906e-01
1.431848962300259931e+00 6.443007353153273442e+00 6.554041434545102796e+00 1.343777880677938519e-01
1.249419898530103934e+00 1.269618917036456907e+01 6.272826886724291562e+00 6.035866310368284693e-02
1.017301854870787947e+00 6.681751055946641316e+00 6.232017905815156134e+00 1.953292732555408917e-01
1.505249640795192745e+00 2.882706453741056496e+00 6.231434803536654243e+00 2.757700253246057193e-02
1.102331830158629122e+00 6.353219900325692393e+00 6.270759400358398850e+00 9.466720296613087560e-02
1.132257319432252052e+00 4.527403437060931068e+00 6.215426241986538258e+00 4.160532358621298749e-02
1.838164294759596862e+00 6.090099826706749653e+00 6.271840064024692296e+00 1.357590336647403473e-01
1.154985057647123670e+00 8.200568247566492275e+00 6.420508560552827149e+00 1.703616798557291701e-01
1.177209601693104180e+00 7.568303432434789535e+00 6.118735952459761762e+00 1.274586224281728242e-01
1.511780923120593645e+00 5.492397851071851633e+00 6.534358455084917416e+00 2.659216484269869007e-01
1.233498510215793376e+00 8.340212714620857781e+00 6.324158550181290472e+00 5.605239987730374629e-02
1.352294172374912007e+00 2.918566741359980732e+00 6.322914511516882108e+00 4.457510366905337307e-02
1.246102104813798794e+00 1.001524894566732016e+01 6.495972161065173722e+00 2.836753065455462353e-01
1.152351482558091167e+00 7.171641705463740024e+00 6.236498023451566119e+00 1.989240701716148835e-02
7.681601872779417750e-01 4.341752220846514021e+00 6.234233178923925145e+00 8.641089417601205414e-02
1.275532369505995245e+00 8.684701001119348618e+00 6.278086434626763968e+00 2.143973918363147324e-01
1.309636827144306626e+00 6.081303742991721606e+00 6.354465699160730452e+00 1.515775279063183989e-01
8.415238896538286273e-01 5.883528803554400888e+00 6.233993190084307301e+00 3.392773145810379365e-02
1.967238193359785781e+00 5.870371293137337076e+00 6.244396360189095496e+00 5.485989516989957238e-02
1.315432379926950057e+00 5.179084535272609813e+00 6.196921985930957888e+00 3.701071870035797101e-02
1.098169332842158008e+00 7.803268119028961003e+00 6.303298955980953799e+00 1.383133671235153850e-01
9.125377802726533094e-01 9.314655989161002125e+00 6.353148710618805595e+00 1.832103494448303338e-01
9.430941452144023796e-01 5.068808319293372833e+00 6.248002383084479305e+00 3.483888175650243224e-02
1.320522448872891719e+00 6.009695607474007772e+00 6.164080790493271067e+00 2.475375967525189069e-01
1.259486989707641280e+00 4.067687319519285083e+00 6.420347589497024998e+00 1.168935381583310062e-01
1.495003172907530598e+00 6.062080447776043712e+00 6.206829823433603899e+00 1.202003998693314951e-01
7.976933736611120374e-01 6.350477313392386414e+00 6.885916203481031950e+00 2.921388664101087218e-01
1.077559393640135754e+00 8.618912601107897586e+00 6.267625278483762941e+00 8.372782710434847897e-02
1.078021597484439820e+00 4.163534596613499339e+00 6.260583644644014178e+00 1.444176824717272878e-01
1.440446877613252852e+00 8.303997509867022231e+00 6.134827749485016746e+00 1.221993535023785937e-01
1.257553561789372942e+00 6.709878969702564255e+00 6.448917602740405819e+00 4.922387461712551815e-02
1.016213159071575500e+00 5.027526314397869456e+00 6.311591758230665761e+00 5.849635192155163560e-02
1.282930253996990233e+00 6.213800367895450982e+00 6.278037956630241112e+00 1.781891386183647452e-01
9.697012593156671967e-01 7.934038136726837109e+00 6.416765202724100448e+00 4.289692230241395204e-02
1.736505773370454087e+00 2.796852949361873453e+00 6.287059921509944971e+00 6.683086831202422751e-02
1.548090513966592585e+00 7.199841851411375337e+00 6.348740432908837050e+00 8.755483551478468462e-02
1.396719453279454015e+00 4.767935344293109168e+00 6.207847240143636647e+00 6.193605708159385936e-02
9.923904464762622890e-01 5.773583992618917193e+00 6.273542597595018755e+00 5.862137120446441613e-02
1.623610711513970406e+00 4.253305799608625648e+00 6.186264473978525302e+00 2.262021027398471440e-01
1.675994463374955723e+00 6.877181140639711643e+00 6.294660847212294463e+00 8.683912508354016402e-02
1.098503080894819739e+00 5.357749194325061026e+00 6.177913443657746306e+00 1.447755473969357665e-01
1.623658129603281264e+00 6.839386867542950554e+00 6.427026877771481850e+00 9.690807602303982971e-02
1.397762586098414639e+00 5.110458559650653321e+00 6.343402081279585047e+00 7.483704608222614685e-02
1.279795185214342101e+00 6.935700853237267260e+00 6.360191406874820430e+00 9.153801962118612856e-02
1.564474617060088946e+00 8.397597515724559258e+00 6.281764538924029750e+00 1.778365730408408285e-01
1.106347999458772824e+00 8.548193590426922839e+00 6.094391174914195020e+00 9.956768108365462999e-02
1.301737199129977096e+00 5.131461202769438401e+00 6.185046227747780456e+00 1.597952179515011728e-01
1.216585758852473331e+00 6.556536625968409027e+00 6.294462418209167964e+00 1.812185501041634755e-02
1.697156701391417277e+00 5.159623283720463860e+00 6.236095601248617726e+00 7.877607902111558036e-02
2.026530686750020571e+00 6.168248238538022399e+00 6.248386890309739705e+00 6.312805118074649169e-02
1.359942363360061135e+00 7.749001070400911573e+00 6.311614098863643108e+00 5.961169185591744246e-02
9.126562130015309915e-01 4.393800377482279806e+00 6.660235622481821771e+00 3.275283533336759145e-01
1.080006978424771447e+00 3.929836293536857816e+00 6.233099779448672884e+00 1.281594465666877347e-01
1.010731095515647437e+00 6.446971478664901056e+00 6.349334363940817738e+00 7.971639175563098589e-02
9.631119423465146490e-01 7.117905972012385618e+00 6.341133709087563908e+00 7.750748764427478621e-02
1.406420162970167365e+00 5.517978101583015160e+00 6.332600891454550407e+00 1.249082927710709195e-01
1.124100569114804049e+00 8.316199193461214278e+00 6.257866672643954686e+00 2.327184123330704180e-02
8.923127975927528377e-01 6.258240122956113538e+00 6.447191296884942524e+00 1.257055351375684360e-01
1.309421168894484566e+00 7.090623733610662782e+00 6.232354797832149629e+00 3.244629094784297063e-01
9.630237251296723811e-01 9.412030057717629461e+00 6.248908884165921940e+00 5.627244523481332583e-02
1.378358662773592869e+00 3.760250157888433087e+00 6.947350324338162686e+00 2.572995265575494517e-01
1.487468537140308689e+00 3.213226091618484048e+00 5.997213733724144902e+00 1.354231735657279723e-01
1.395699137712935523e+00 5.340168681819376317e+00 6.356567434686090756e+00 8.406962320705255176e-02
1.310250789782230640e+00 6.477429906018440597e+00 6.287545174832627204e+00 8.035526243125322432e-02
8.965100656256314027e-01 3.706249851890459635e+00 6.267628953362537558e+00 1.307989010331585267e-01
1.466418842154949775e+00 4.950427388755948677e+00 6.183580440733378758e+00 1.116314994656567028e-01
7.373969197101249984e-01 4.098767762882845389e+00 6.591530141040620627e+00 1.452935000689291045e-01
7.882346966302909985e-01 4.833995252551131827e+00 6.378015189804691509e+00 9.862301286692945479e-02
1.037861126645993171e+00 4.814011080937888210e+00 6.420342994539010917e+00 4.696271808197650943e-02
1.258061470664262771e+00 6.643318234346903495e+00 6.257119396970476366e+00 3.423014334528928088e-02
1.124587624721250290e+00 5.096342122374836414e+00 6.251214162097076255e+00 6.424335272513097272e-02
1.030626084938846887e+00 6.784719225534835196e+00 6.308276574840365747e+00 2.782892970723513937e-01
1.309839926936452459e+00 6.340232161256604826e+00 6.304340478230307632e+00 4.228951902139070629e-02
1.599117138240372382e+00 3.439318500360020181e+00 6.252874218774296722e+00 2.715916406201868138e-01
1.116447870989247582e+00 7.471791527294811885e+00 6.374178423413475514e+00 2.616369972312116432e-01
1.408127910571243202e+00 5.719862622962185839e+00 6.167997412365446408e+00 6.054580408392212787e-02
1.093003510254798361e+00 4.918862487015121410e+00 6.375058511927634619e+00 1.219563296895049415e-01
1.199582658563127513e+00 6.886118798523833462e+00 6.349729597059864616e+00 5.057986267096822863e-02
1.236886565172432562e+00 6.141867092167291098e+00 6.257453512307556309e+00 2.405791766951791491e-02
1.166704215625440133e+00 7.218236709576767218e+00 6.248133178537873533e+00 7.734758044156667123e-02
1.048643706846540624e+00 1.326499446890501055e+01 6.340199503217610832e+00 1.097910119797396028e-01
1.441672785777009747e+00 7.698877479787647360e+00 6.210810046065665446e+00 7.947698615084343443e-02
1.565987796674366272e+00 5.881613862422617522e+00 6.165605104919182899e+00 9.412105265563276701e-02
1.050133411045994558e+00 9.325277948992869881e+00 6.412515140553558091e+00 1.824888963216242110e-01
1.204796113428426407e+00 5.241705374118285299e+00 6.606008844755706377e+00 9.332938765833717620e-02
1.284827352960782543e+00 4.637448094074249738e+00 6.493531911951763824e+00 1.279327294618759769e-01
9.103848676765322612e-01 6.039022090498765039e+00 6.488480798920503112e+00 9.314935134634777514e-02
1.324109072867349468e+00 5.181931734987571758e+00 6.379123976142581753e+00 4.306333048803451247e-02
1.027120140176034147e+00 8.086938123027803016e+00 6.351193021743570810e+00 1.069601404115981536e-01
1.242326575057418614e+00 4.514865101026618532e+00 6.188091762524386752e+00 4.855995504566959498e-02
1.603947842049455952e+00 5.992620494811490062e+00 6.354677250411858047e+00 6.562620692285843493e-02
1.089835566596059735e+00 6.198687658564249858e+00 6.310954377170524765e+00 5.455382841572478658e-02
2.039480694057541843e+00 2.872938443383298068e+00 6.196628224023743137e+00 3.651579435856502909e-02
7.247667560819389676e-01 4.761013028512522283e+00 6.574500968420604607e+00 9.673323103124950584e-02
1.096465380414187729e+00 3.334753580874739054e+00 6.344044098411799837e+00 1.591226104740766645e-01
1.227173394726871036e+00 7.796846827375196298e+00 6.287215300522570161e+00 5.441025615120247128e-02
1.319198314280273676e+00 9.305079342255007546e+00 6.334090300315657451e+00 4.552346641729836108e-02
1.110266538264824243e+00 7.838946724610531547e+00 6.298756090684038966e+00 6.033009644575028363e-02
8.845878653271069814e-01 7.279713354130216807e+00 6.312581993306591421e+00 2.746652246633536354e-01
1.040795290205593027e+00 2.803766055622809894e+00 6.216621222228880583e+00 1.136304068737553769e-01
1.381837625269762615e+00 8.031997200333814035e+00 6.015910869858864807e+00 2.489847672451764582e-01
1.059070256320393977e+00 3.708137412159564050e+00 6.284513043337060623e+00 1.004367427508920108e-01
1.135827676441360401e+00 5.179147182603314192e+00 6.319654547565561664e+00 3.348190267873341064e-02
1.541028058385833788e+00 5.141347176216276793e+00 6.310396724059141427e+00 1.205973891460138808e-01
1.134061502519007059e+00 6.898443370219053961e+00 6.445218497721691087e+00 6.992726949832042682e-02
1.146430255068355386e+00 5.222606320030704907e+00 6.157533798547492943e+00 5.650155687709436381e-02
1.040417750998484880e+00 7.111223075970986685e+00 6.304519428729578046e+00 4.984431885092530101e-02
1.489047078179493555e+00 5.395518475167728312e+00 5.901294283552995346e+00 2.043686148540753145e-01
1.142744374261440266e+00 5.574914568965828821e+00 6.189988612197971918e+00 1.008145112588321735e-01
9.477144920290168084e-01 5.152960784525921767e+00 6.258947865280057421e+00 7.902420598783728434e-02
1.051983796959565121e+00 7.681435823710550004e+00 6.546390337972537665e+00 2.960937818064086069e-01
1.415262586257622246e+00 6.203003328481336176e+00 6.383309139375255015e+00 9.608229518770132482e-02
1.226555880096358742e+00 1.028666747281440941e+01 6.043988768334989992e+00 1.113450277394851529e-01
1.128170347181663979e+00 4.783990447006749136e+00 6.530225077658889710e+00 1.719246987383874492e-01
9.640415897252549993e-01 1.281312781954369129e+01 6.339944932403713374e+00 9.939896437745963931e-02
1.218487248888826979e+00 5.725100223687874745e+00 6.213619612879341503e+00 1.121091911121152584e-01
1.339414604901791428e+00 1.056563507012988623e+01 6.303740631722521748e+00 9.412981906451892145e-02
1.119531282005263861e+00 5.942151438149670284e+00 6.254018627144368736e+00 3.339609416553190879e-02
1.494247922000388362e+00 7.231659481194497197e+00 6.469251320775688541e+00 1.096198167396559009e-01
1.246972209374808127e+00 2.480134837283223259e+00 6.394870867608182685e+00 4.060130840371602157e-02
9.968768843793817114e-01 6.293754660011736668e+00 6.323300476819942340e+00 2.583319343291520451e-02
1.276121558845451975e+00 7.543995425226706075e+00 6.253099733252779124e+00 1.397623401202267024e-01
8.919586358920785774e-01 5.666841609005389913e+00 6.220491728397798958e+00 1.496357332838168241e-01
1.212353925138636601e+00 5.286813104633252713e+00 6.014197071274762330e+00 1.699059128050361411e-01
8.646958216894333749e-01 6.894509296498482875e+00 6.250233927453245464e+00 2.854449674345041835e-02
1.025394101181291706e+00 7.477680912783981171e+00 6.385059317393857903e+00 1.254700855347088972e-01
1.122011590620525467e+00 9.524715538036286233e+00 6.296220423421734047e+00 6.516131951314432791e-02
1.111208023674342460e+00 7.560618037400418601e+00 6.353548949169044668e+00 1.535700868291779986e-01
1.218949308784796903e+00 1.249034083432190378e+01 6.336788984608207720e+00 5.086402507040672927e-02
1.245365036132570991e+00 1.305493279362573311e+01 6.403280797379293787e+00 9.670899350700232211e-02
1.211290699479974364e+00 3.514250107799209655e+00 6.072190494878903166e+00 1.452529731039363114e-01
1.042961002753178157e+00 7.259890059427842601e+00 6.273702942158162266e+00 1.517936206744280037e-01
1.240743170384222438e+00 1.039952087022646587e+01 6.379422371423437710e+00 5.696062253264111419e-02
1.699987161344680864e+00 4.130134395280775195e+00 6.308562146582657348e+00 9.172407384025570154e-02
1.155314510168184317e+00 4.449390112147260545e+00 6.460324575407646819e+00 4.458002335894434287e-02
1.252078165871703064e+00 6.926253069104042481e+00 6.286576260396147475e+00 1.607019777462188603e-01
1.429143264252035861e+00 4.058149586054994984e+00 6.132706237205360011e+00 7.272222507364889399e-02
1.379433649649258520e+00 3.208286018690754915e+00 6.265178143075185169e+00 1.454131421806951485e-01
1.033414174678299879e+00 4.899497200770086991e+00 6.251172337253843914e+00 4.843146484808900226e-02
9.133296603808600533e-01 9.404091368606451340e+00 6.412990950855313343e+00 6.140390370177411378e-02
8.162957835165038922e-01 6.175966641048958650e+00 6.312756636356373185e+00 2.965859545890939253e-02
1.307890809376720531e+00 9.354375778884415737e+00 6.379208940189710297e+00 7.012211418055111500e-02
1.091424278712290308e+00 6.755628358337452788e+00 6.048684257234143935e+00 3.678823325995758675e-01
1.313906177430350430e+00 5.435878998405707208e+00 6.453185221664549331e+00 1.548670735722391667e-01
1.846083177218451166e+00 7.675090473262639712e+00 6.360098053701363163e+00 5.856972420205933810e-02
1.018381886816951409e+00 6.391751875317162046e+00 6.406813576590300485e+00 1.325015376372837006e-01
1.393111621492864050e+00 7.028886248718182905e+00 6.393862625823746093e+00 8.452861769043255868e-02
8.602963556827277758e-01 4.407937622542001499e+00 6.234804589007282516e+00 3.166797381351465490e-01
1.393845127661994976e+00 4.748538725840951713e+00 6.278149977052576602e+00 4.339947520794838753e-02
1.493011988564696635e+00 6.748014568726190099e+00 6.253258922520199548e+00 6.333281030288831492e-02
1.428576037900005646e+00 3.061243010477512350e+00 6.393181672287542305e+00 1.358701440090750723e-01
1.053754204157517416e+00 1.038971598692424436e+01 6.301757580877628939e+00 7.810125333290102168e-02
1.222944883226270374e+00 5.462701525500465394e+00 6.330792577784698949e+00 5.909074828403017288e-02
1.038393243131305876e+00 3.444306999717285045e+00 6.391669585805801468e+00 4.315509305896876591e-02
1.018912269143419813e+00 3.427335162547731962e+00 6.341911901134067442e+00 6.184210511235620211e-02
1.801966261435849592e+00 5.954247004535611509e+00 6.344409895380620057e+00 2.047352920836155443e-01
1.190878079878172180e+00 4.953069826406336418e+00 6.293322943186029583e+00 2.293224408942178341e-02
1.229365371347176827e+00 7.060229951137664273e+00 6.301222227987993030e+00 5.185256131282892783e-02
1.419909477575777679e+00 5.412298599363415619e+00 6.180293312782459303e+00 2.094601034733799549e-01
1.188468016307546948e+00 1.572799383524314010e+01 6.180796947994538826e+00 8.156806611971029186e-02
9.332937162109088414e-01 5.260368924191053175e+00 6.335635401911702047e+00 4.760023596714567373e-02
8.818534048684764093e-01 3.113995328607040314e+00 6.157862759329989721e+00 1.360849492760586033e-01
1.612256633631770963e+00 4.744365236363227822e+00 6.488033155874319391e+00 1.611721804892722321e-01
1.223752337606264229e+00 5.878781290740261234e+00 6.157407527952498683e+00 3.681976315322728066e-01
1.094000549846956050e+00 1.234800144985950254e+01 6.255798860943663442e+00 4.441076871049671332e-02
1.107756709123273620e+00 5.906245711728876024e+00 6.204353655729539341e+00 5.168829879874613231e-02
7.923988200125637871e-01 6.341584439402850215e+00 6.166223043040790053e+00 2.008714543137664899e-01
1.059162191854061685e+00 4.919957695414387544e+00 5.998229568695250258e+00 3.162764613838332517e-01
1.393714106202729397e+00 4.399746089851836572e+00 6.320102591799672709e+00 3.759313316132055494e-02
8.884746201235487195e-01 5.879975686313890115e+00 6.266477706730808173e+00 2.506521831350033147e-01
1.431917857275290640e+00 7.091313343463712116e+00 6.341985095536181838e+00 1.777543785087888351e-01
8.062812152982696823e-01 3.216200407225099589e+00 6.333727798901684025e+00 8.929161919877970366e-02
1.250532417002124141e+00 5.035492892753124394e+00 6.203106251592418019e+00 6.811295953872328890e-02
1.503228730916073008e+00 5.555429055787820758e+00 6.297278728988326968e+00 2.484026980664713613e-02
1.486539196190137968e+00 7.881414565758981361e+00 6.247553357776376437e+00 8.372457206953755338e-02
1.057209125173449227e+00 7.313966904152971793e+00 6.295585687445276690e+00 1.163291657537011969e-01
1.128274880331316510e+00 4.145992238037216282e+00 6.237521762923890378e+00 4.570361353840166063e-02
1.144288848674100301e+00 5.931922904045164202e+00 6.338820721369209821e+00 4.599367932171030682e-02
1.250377963418781935e+00 6.278034073539913607e+00 5.932556950493259151e+00 2.152568302719679028e-01
8.428062111900892495e-01 5.712405282509299909e+00 6.393045161998810677e+00 1.123460707651573465e-01
1.359901547947742539e+00 8.118983113988255340e+00 6.331885267353318802e+00 7.640781228189300056e-02
8.511275045132931094e-01 7.105069714522596058e+00 6.446498060829960686e+00 5.818202986370753921e-02
1.099384900555383737e+00 7.603655909008567804e+00 6.404992417146151418e+00 5.760480902696003130e-02
1.013519979130450555e+00 8.704866545699102787e+00 6.296443240551271359e+00 4.907010560723414072e-02
1.168832830102587872e+00 4.618001306435624898e+00 6.416152267843856727e+00 1.805401647754192040e-01
1.124080829904730683e+00 3.077431097188303877e+00 6.227044798093638533e+00 1.409996518138733890e-01
1.363518155863626680e+00 1.178376427467668286e+01 6.265107569390985454e+00 1.835337358847656530e-01
9.735854320058947575e-01 2.845777520946078720e+00 6.156889941898787022e+00 1.989515903672960107e-01
1.106931272083014672e+00 1.072859520328135119e+01 6.302735242191754850e+00 5.415081630915094535e-02
1.455726088929181650e+00 4.716689020726592574e+00 6.320374795317952099e+00 6.003830428591612478e-02
1.065287090420691030e+00 2.704490445692427691e+00 6.165918994756637517e+00 9.825278508814869194e-02
1.440992304397032964e+00 1.059057643635380863e+01 6.237532848013944253e+00 6.693525839085598395e-02
9.657320329599506925e-01 3.035674707726188082e+00 6.396578006261084859e+00 1.094558435365643179e-01
1.116699081591755682e+00 5.869432035025425876e+00 6.447507492242502636e+00 2.862339147563951469e-01
1.104704207499005886e+00 3.673041340928306919e+00 6.414932788432013311e+00 9.761990917419734182e-02
1.146568417391467420e+00 7.131188627826204218e+00 6.402001590032153189e+00 7.681744828957208504e-02
1.421763681704135474e+00 4.545623135697790751e+00 6.317988759271734978e+00 5.498396205439350093e-02
1.306453991752760668e+00 1.008158867676423753e+01 6.220792009711589188e+00 8.681700851668160135e-02
1.228003680205368875e+00 8.553508406177707357e+00 6.437308115682866649e+00 8.813336965494406039e-02
1.049573222022471164e+00 5.983794272670772685e+00 6.353432535658282809e+00 1.892633501201737567e-01
1.363405316647444021e+00 4.398365202149134845e+00 6.327876454061978961e+00 7.219805706201454232e-02
1.166347379526358585e+00 9.883985375851615629e+00 6.378333186187725268e+00 5.755934340509263891e-02
1.202311868190298894e+00 6.924884796591123326e+00 6.382141798248036402e+00 2.593071901516410538e-01
1.349448871538405426e+00 6.063513513741122907e+00 6.326382821362238396e+00 3.380312124288233772e-02
1.487705230331583639e+00 1.036002695140079055e+01 6.301058305587112329e+00 1.055301823919841120e-01
1.144932411581108589e+00 7.899591182645028020e+00 6.355116991979440577e+00 1.430185440644724526e-01
1.309207627050923639e+00 3.048508032158648184e+00 6.429915356590443665e+00 1.138572170780625392e-01
2.497313422429329410e+00 2.876536993610948389e+00 5.754125277282912343e+00 2.150916836773988927e-01
1.101937801299157860e+00 4.250252527775194800e+00 6.333532556873473496e+00 3.568755407108529371e-02
1.226046079109212705e+00 5.391991079530977338e+00 6.306717556282482207e+00 6.121483741003254375e-02
1.036358481028411882e+00 4.916263541911618518e+00 6.358867511698843344e+00 1.306477047619770959e-01
1.238331593482545401e+00 7.999803547230358802e+00 6.034517704205246247e+00 1.565371548066502860e-01
1.725454019740902734e+00 4.919424780584258805e+00 6.244418999958639915e+00 4.944994503485274084e-02
1.351344090361955352e+00 7.113205885806619833e+00 6.325149754868043317e+00 3.229898217001383326e-02
1.034259013930067583e+00 4.208591137433373319e+00 6.285319313373687322e+00 3.069733235885732311e-02
1.104087550049675404e+00 4.718299847368133015e+00 6.299985976001810428e+00 1.391479323012506930e-01
1.408957892903535569e+00 3.147602592951533218e+00 6.267979153728012953e+00 2.639034963821819749e-02
1.276924010593775582e+00 5.630371644695344457e+00 6.253973402514365176e+00 8.856702070378240366e-02
1.234081470926215562e+00 7.533074961265149305e+00 6.333323256776758114e+00 1.784738825552952546e-01
9.994775914166605935e-01 5.571390176944101214e+00 6.261479208871316260e+00 5.041331514202324060e-02
1.148176380925151285e+00 8.436616403455248658e+00 6.369067033675439582e+00 1.607373858560248725e-02
1.218001965407288889e+00 3.562528549176203096e+00 6.196500185310400255e+00 4.840488916911994677e-02
1.031068097017115770e+00 7.018205342960581739e+00 6.227071641683681769e+00 1.577981877356359475e-01
1.034406033035196515e+00 4.511929757100064720e+00 6.326149184581052687e+00 1.034965936887017879e-01
1.009713693581731242e+00 3.777429946550638462e+00 6.274306706506253661e+00 1.685737160999588313e-01
9.756838672059583439e-01 9.633007193789453027e+00 6.262070308181795220e+00 5.822004829571351264e-02
1.459113102471055967e+00 9.175969498488822040e+00 6.312706998439979955e+00 3.092997589284220833e-02
1.404978400782178172e+00 7.826259153833394322e+00 6.229336182281803858e+00 2.209101009174391922e-02
1.260200322821682928e+00 7.077930225835648237e+00 6.214122719360832825e+00 7.230783070510321542e-02
1.287063842940607161e+00 3.693216439884944524e+00 6.198103176390318936e+00 1.029222894887210221e-01
1.777040343483486051e+00 7.775558138329927260e+00 6.398280967079485571e+00 3.981940749535699264e-02
1.234435775233510224e+00 9.946620774419377753e+00 6.280722015762712829e+00 3.729401510708089951e-02
1.012697232372350209e+00 6.044566917342153012e+00 6.318531845178759987e+00 8.809257300646235189e-02
9.829367646285767091e-01 2.442402848279186856e+00 6.370331681051299988e+00 1.100533165975896011e-01
1.221382222115123817e+00 6.241471664594815394e+00 6.287680556573222113e+00 1.256027462728900312e-01
1.116574162969792505e+00 6.078683480402851558e+00 6.290836041624348951e+00 6.048571964660235528e-02
9.841181769224356390e-01 6.048955985283289039e+00 6.302559296194647942e+00 8.425814260089020680e-02
9.576917847221739777e-01 7.596746552581579159e+00 6.064991904229371400e+00 1.031722332673539327e-01
1.201809129135962273e+00 7.341225371094556529e+00 6.301736519002700376e+00 6.340732563237096164e-02
1.391637227308352376e+00 8.059975375753385407e+00 6.330647709034315618e+00 5.338541449365228481e-02
1.125892715284815049e+00 4.075753733578900473e+00 6.131130937194035013e+00 2.162436836868230350e-01
1.132951642627518130e+00 9.962219932317447402e+00 6.287906265050665411e+00 1.013942981288798728e-01
8.693474375176037938e-01 4.227750363219808349e+00 6.186800190913253950e+00 7.868307672153773691e-02
1.041134184586627098e+00 7.394858396603698480e+00 6.259990591599949639e+00 1.069826877250891900e-01
1.640397541101738632e+00 8.669708827307594845e+00 6.586441054433195497e+00 2.856671506765525725e-01
1.140315392093280478e+00 1.154679683532458156e+01 6.559083903861934850e+00 1.102156810516306817e-01
1.122530925072011021e+00 1.018315004038849203e+01 6.294265984869405806e+00 1.214607993864350172e-01
1.361901101886243914e+00 8.718870648222349473e+00 6.364595596643597197e+00 1.075086182151548664e-01
1.086496805462547899e+00 8.966512988474452328e+00 6.367375574449670950e+00 6.978730283658553246e-02
1.668808265006369140e+00 3.795374072149315658e+00 6.112882000020743334e+00 1.874954168125870790e-01
1.087288048435873122e+00 4.811449913130439349e+00 6.316776749180728956e+00 1.104203451720174728e-01
1.501132556794085637e+00 4.082753007563431069e+00 6.328318702542285124e+00 1.621563527466390597e-01
9.157365984363998734e-01 6.088520971410952498e+00 6.282789881353449069e+00 8.532085574472317302e-02
1.355739481589655737e+00 7.427307269050180238e+00 6.324113157491760617e+00 1.309648094571996824e-01
1.098593259973475789e+00 8.665932556960047606e+00 6.355407931703444646e+00 4.394181054031331968e-02
7.741604110403523809e-01 3.645924477615360537e+00 6.236610548442004465e+00 4.136312412325961196e-02
8.657419179137770815e-01 6.678246414581458623e+00 6.265869821460166023e+00 7.144368135547485288e-02
7.747902463654049443e-01 5.605666797284358793e+00 6.319486680424563296e+00 2.773555092415310591e-02
1.386157825958740819e+00 7.882247328258834784e+00 6.345299836425312812e+00 4.225930532623446700e-02
8.350398417732605161e-01 4.118683778382058236e+00 6.245242560979470170e+00 2.151730511785618083e-01
9.540317464097702871e-01 8.210940734691941856e+00 6.111216498510770201e+00 2.800131696426333971e-01
1.481742510777491084e+00 4.816869607341313753e+00 6.360594165838474368e+00 7.495347987762146502e-02
1.506415672862086108e+00 6.635993550522321982e+00 6.355302125984737316e+00 1.515959806997537462e-01
1.138076877352459437e+00 1.705429076519216380e+01 6.266851626166803690e+00 5.959015495622632663e-02
1.357169485171622725e+00 1.096957798470685219e+01 6.256028472754181280e+00 9.297053909788668968e-02
1.386836934379125363e+00 4.320158550129924002e+00 6.285789349297323803e+00 5.654644904728142046e-02
1.339575843220351947e+00 5.312236221359928123e+00 6.569923334591667441e+00 1.262319833061890384e-01
1.314152874878703692e+00 6.919243858090926125e+00 6.351796885417472893e+00 4.461517287119529801e-02
1.046896493788491922e+00 4.093743198595996446e+00 6.350032563231311933e+00 1.009383157866309139e-01
1.082298221876732747e+00 7.020765179633688291e+00 6.238765068674438474e+00 9.056088198451082982e-02
9.433672793240183152e-01 7.027115567849976152e+00 6.437403555154066481e+00 6.298179728347792772e-02
9.296415853877610935e-01 2.936063697743575673e+00 6.243331567292600859e+00 3.462249074175157565e-02
1.175602680844134218e+00 1.432535831406065263e+01 6.358235583792537504e+00 1.230779433031153058e-01
8.454370042599306245e-01 6.119872297909354941e+00 6.342417836134687015e+00 1.505520862240552343e-02
1.062613127172049587e+00 4.399293196438522457e+00 6.239874545083353929e+00 6.288917551417932961e-02
1.259655661884964584e+00 7.975450850775890999e+00 6.250759745890113628e+00 1.760933904811819439e-01
1.083447917232532198e+00 1.065278159441059280e+01 6.347723842294933583e+00 1.448237466298772924e-01
1.361748013226434795e+00 7.183970221647110854e+00 6.552428170714751587e+00 1.615827795767517394e-01
1.149081470584153664e+00 4.797011085056400503e+00 6.344677460927232282e+00 5.354847734045622976e-02
1.882045965522167741e+00 3.716426066760313507e+00 6.170045140456562827e+00 7.787282806374712374e-02
1.792935729379753873e+00 8.805110356835410101e+00 6.180738306659773862e+00 1.124100775282468878e-01
1.066466372225749248e+00 9.615439268430900910e+00 6.345099223661599730e+00 1.260291126519216820e-01
1.000766948336086593e+00 8.573920373592851973e+00 6.343898477288908211e+00 1.190583825397644735e-01
9.379993339484368198e-01 9.338268731377389997e+00 6.287028009542706464e+00 1.274150527955610068e-01
1.316652782782487208e+00 5.669129764509180269e+00 6.409233827235639502e+00 1.126601070637863744e-01
1.325474434012319236e+00 1.289052009326448278e+01 6.384300033814525044e+00 1.145910237103522772e-01
1.033432364555580296e+00 9.714502446672886649e+00 6.217047353712070290e+00 7.134078106574895384e-02
1.113310859475141745e+00 4.616654849991727261e+00 6.150951554918706599e+00 9.640730676617428885e-02
1.088834018099724910e+00 5.916547055221602847e+00 6.229084294002618982e+00 4.375150089708736839e-02
1.306272610890919728e+00 8.474740356190583412e+00 6.214571151588924813e+00 2.004867469679897929e-01
1.045553353116177364e+00 7.853947381277781581e+00 6.314900273546180998e+00 9.127608042585858006e-02
1.153257432472040600e+00 5.682855433913552190e+00 6.277143115762179981e+00 4.081671058875344094e-02
1.669669413489006882e+00 4.562424566373520562e+00 6.267694597557381009e+00 7.076819371757574195e-02
1.113840337220536991e+00 6.240073963269127333e+00 6.345555368235127780e+00 3.862904112995603489e-02
7.544017032185481586e-01 7.992118257313120644e+00 6.786439643815451284e+00 4.510559055113732563e-01
9.714930237336110164e-01 5.961887184757750369e+00 6.083560005144039273e+00 2.380659732433442199e-01
1.125231460188630184e+00 6.439182182372945817e+00 6.222942657738934180e+00 5.160501632265587779e-02
1.163058841935885157e+00 6.481660342196572167e+00 6.247193013026961950e+00 9.622239564519857735e-02
1.007071152851529039e+00 6.705361290118113438e+00 6.037143705822068718e+00 2.544988146421915953e-01
1.364386659077036379e+00 6.773995335970719012e+00 6.310507041304909137e+00 2.368625616136614265e-01
8.956324252385639006e-01 5.843399774489557608e+00 6.244256230503271610e+00 1.039024401101514006e-01
9.466619872190535911e-01 5.707756248946881605e+00 6.341461991947177523e+00 1.894924665645261394e-02
1.519118407704427964e+00 5.839094167274410552e+00 5.983784453465976760e+00 2.326713073045341973e-01
9.251150652770625538e-01 4.062826799377206477e+00 6.173173644301730434e+00 5.281229355544816290e-02
2.126251139402818957e+00 6.324047079996519827e+00 6.564841038000171380e+00 2.060679640660443845e-01
1.912417462936529811e+00 3.405512531255841857e+00 6.225981366329612854e+00 3.080788833640540347e-01
1.264310128140784251e+00 3.951704858734264914e+00 6.392873365780095796e+00 3.356382873761731833e-02
1.461286339924913857e+00 1.042404439911053338e+01 6.258101845512292982e+00 3.534222346586415181e-02
1.546663283554242874e+00 4.242256059989212957e+00 6.334856027594879535e+00 9.355976947626913620e-02
1.266064546371896249e+00 5.290220492753064718e+00 6.199510049629316732e+00 1.145316695629414183e-01
1.308526306291113883e+00 4.485565644917126171e+00 6.242164966089269740e+00 5.380668238137843729e-02
1.069793587630202714e+00 5.726629250750358224e+00 6.299124265817154011e+00 6.871456319374286137e-02
1.216679847999150077e+00 1.209377902430308538e+01 6.343493877514133850e+00 1.164506880248686455e-01
1.282153118806366177e+00 5.363277133493358662e+00 6.273594519123300017e+00 6.601197989823875956e-02
1.111975450249373720e+00 3.630973202523761323e+00 6.011488413549668230e+00 1.771628866378119060e-01
9.826490531363473169e-01 8.302792939332270805e+00 6.360572131888928560e+00 1.059762085284550320e-01
8.888822333246995111e-01 5.722693110332556898e+00 6.185384400968598761e+00 1.457488899212196487e-01
1.408067949317557854e+00 4.223311620264878385e+00 6.377646305758299938e+00 1.087696891310977187e-01
1.189056822034795680e+00 4.776528993131529788e+00 6.242130073269832380e+00 5.241226251528681435e-02
1.009456763420864878e+00 5.249635560273242518e+00 6.285759044370816007e+00 6.140158428946046465e-02
1.257068525157309269e+00 5.122693059535145643e+00 6.284875122631944144e+00 1.279885897768858749e-01
6.495700184259255439e-01 3.566062593239033074e+00 6.342304617394917798e+00 1.285902911487719624e-01
1.295064985284871906e+00 5.036253673845717316e+00 6.245355027240138135e+00 1.199298122089104135e-01
1.093695884377164251e+00 8.493075286731286866e+00 6.258105185708606299e+00 5.823171000709508743e-02
1.440275192303905882e+00 5.723538173485393621e+00 6.191305125532373665e+00 1.931168087099746078e-01
1.092477015369606175e+00 6.937585922462575994e+00 6.207255681506483214e+00 5.443492248330038946e-02
1.221645464732932229e+00 4.066745464602368187e+00 6.241661198238988462e+00 4.942019803784234583e-02
1.070310115179367694e+00 1.395827249829137529e+01 6.380842612486505416e+00 4.651692694426001751e-02
1.182682602925137161e+00 3.238893256937041887e+00 6.306343335026476815e+00 2.871897663099267500e-02
1.341070816004990895e+00 6.210148233181715938e+00 6.395538302648509088e+00 1.137341399906386802e-01
1.039962412393931723e+00 7.479746874118166744e+00 6.311925483419640770e+00 2.587357700366162139e-02
8.407745627858094206e-01 2.789441820131306482e+00 6.225133255204644556e+00 4.573545262157922842e-02
1.439393199623295594e+00 6.011435285184837163e+00 6.251758684418393663e+00 3.170049860081382981e-02
1.429214150500504044e+00 4.556168545232520017e+00 6.392810733026230707e+00 1.047748583883703066e-01
1.621151300654186667e+00 6.354589724704505116e+00 6.354173023863422642e+00 9.180276064094539112e-02
9.138715078174929340e-01 8.749044559157711731e+00 6.275211262808705115e+00 8.498649491091703201e-02
1.328900001938743580e+00 5.810484967253524147e+00 6.328287939396191497e+00 5.352445067352663843e-02
1.694941081325377352e+00 5.096062663632626943e+00 6.269040895595568763e+00 2.705890187830852639e-02
1.347585474009515227e+00 5.332743310083488453e+00 6.383824703109477028e+00 1.921081703386340878e-01
1.019782573721141672e+00 5.818383936150068436e+00 6.172181502100840156e+00 1.939188899553045964e-01
1.420301893646032543e+00 8.497274595203917258e+00 6.182259193571544742e+00 5.534889342122101263e-02
1.357744590896748260e+00 5.637597843843361822e+00 6.181723039844870371e+00 1.033248234670406940e-01
1.200281768103297564e+00 8.987538452334781880e+00 6.240741608652280448e+00 6.691272442767809414e-02
1.502716608026964273e+00 6.372575855850931781e+00 6.263812457878382034e+00 7.468164810810845600e-02
1.098894099762677268e+00 7.121411701163855135e+00 6.495479717356673177e+00 1.099885547875770753e-01
9.789747096861773912e-01 4.054946762248715864e+00 6.230473738683725671e+00 3.824229280010298104e-02
1.155800437322266561e+00 5.917266103317234460e+00 6.282487107918998781e+00 7.266864933176322983e-02
9.460018093992530464e-01 6.252588143887400918e+00 6.372524201910214181e+00 6.714025188874420125e-02
8.167744981430312690e-01 3.768122383678789600e+00 6.489007534749584138e+00 4.818915099631463500e-02
9.954150261629994834e-01 5.321544112972854457e+00 6.226290988353904154e+00 1.022900061679885564e-01
1.304781065669792461e+00 6.370184517925070899e+00 6.224931070292878843e+00 5.865661361676197810e-02
1.255331877828528730e+00 3.031613695657308316e+00 6.392791516836614285e+00 1.708479576813228540e-01
1.308797483004210838e+00 7.249157469667232512e+00 6.397778522144697888e+00 8.099682428219723285e-02
1.381484782907236530e+00 4.063945833989354384e+00 6.382848284379629256e+00 5.328312606459498918e-02
1.400748844535287363e+00 6.504916693362921443e+00 6.343223815326020976e+00 7.346242550913759106e-02
1.019540219404891479e+00 7.212516492200418128e+00 6.291298001032823883e+00 7.373530331722205622e-02
1.264567770442734496e+00 8.266682792187973305e+00 6.285623694000586958e+00 7.341028475228349170e-02
